Demand
7500.0
7500.0
7500.0
7500.0
7500.0
7500.0
7500.0
7500.0
7500.0
7500.0
7500.0
7500.0
-7500.0
-7500.0
-7500.0
-7500.0
-7500.0
-7500.0
-7500.0
7500.0
7500.0
7500.0
7500.0
7500.0
7500.0
7500.0
7500.0
7500.0
-4927.163200857896
-4839.836029310594
-3993.769855370405
-4582.44128058296
-4454.194857961775
2996.807575678371
7500.0
7500.0
1897.9148941531625
7500.0
7500.0
-4884.178321678324
-5230.958618800367
-5126.013623995328
-5178.344190682099
-5082.522364229817
-2717.918507691226
7500.0
7500.0
7500.0
7500.0
7500.0
7500.0
7500.0
-7115.124915597571
-6822.800527638588
-7216.05275959684
-7500.0
-7500.0
7500.0
7500.0
7500.0
7500.0
7500.0
7500.0
7500.0
-7500.0
-7500.0
-7500.0
-7273.338545693514
-7500.0
-7500.0
-7500.0
-7500.0
7500.0
7500.0
7500.0
7500.0
7500.0
7500.0
7500.0
7500.0
-7500.0
-7500.0
-6862.357922743686
-7500.0
7500.0
7500.0
7500.0
7500.0
7500.0
7500.0
-6775.270184361094
-6554.120614159505
7500.0
7500.0
7500.0
-7500.0
-7500.0
-7500.0
-7500.0
-3428.571428571433
6503.626670232032
7500.0
7500.0
6168.961861752607
5466.426824749083
4510.943570967446
2990.4159355609504
-2500.0000000000005
4262.971698113208
4478.713497008492
-2878.787878787879
3003.978779840847
-3106.0606060606065
-176.31103074141083
-1024.0716644980494
-1661.9604572850076
-1519.716250027741
366.32762486355205
7500.0
-5681.818181818183
-3811.613774476706
-3312.526674885161
-3463.1470978455036
-3774.450609722553
-3665.032946618063
-2799.2038331028343
-3203.4521748672832
-2918.2640494265374
-2565.463060219872
-886.6211564252549
7500.0
7500.0
7500.0
2690.5664850449266
7500.0
7500.0
-7292.72727272727
-7500.0
-7500.0
7500.0
7500.0
7500.0
7500.0
7500.0
7500.0
-7500.0
-7500.0
-7293.2362297003165
-5815.1353350159425
-6057.880787892254
-2921.137473483528
1480.569658733678
3403.1909849931785
6268.5328400500875
7500.0
5973.649470919601
5815.553649920768
3860.1450134013066
7500.0
-1630.4552537912605
7500.0
-6324.840307980821
-6740.514549846659
-7041.1378553302675
-7500.0
-7500.0
7500.0
7500.0
7500.0
7500.0
7500.0
7500.0
-7500.0
-7500.0
-7500.0
-7500.0
-7500.0
7500.0
7500.0
7500.0
7500.0
7500.0
7500.0
7500.0
-7500.0
-7500.0
-7500.0
-7500.0
-7500.0
-7500.0
-7500.0
7500.0
7500.0
7500.0
7500.0
7500.0
7500.0
7500.0
-6812.90808638875
-7115.816418969078
-7500.0
-7500.0
-7500.0
-7500.0
7500.0
7500.0
7500.0
7500.0
7500.0
7500.0
7500.0
-7500.0
7500.0
7500.0
-7500.0
-7500.0
7500.0
7500.0
7500.0
7500.0
7500.0
-7500.0
-7500.0
-7500.0
-7500.0
-7251.958224543081
-7500.0
-7500.0
-7500.0
7500.0
7500.0
7500.0
7500.0
7500.0
7500.0
7500.0
7500.0
-7101.292898772852
-6535.188773557116
-5256.592941278115
-4442.392657806704
5515.486022100909
7500.0
7500.0
7500.0
7500.0
7500.0
-5378.787878787879
-3307.8750848608292
-2471.3034361095683
152.59346467176238
1814.5618806299235
2582.652695162811
2338.891055581336
440.0150896260807
1297.5620186943984
2655.1289760245727
3260.6426945536837
-3560.606060606061
2299.426934097417
4698.930940384073
-1287.878787878788
6402.439024390236
0.0
7500.0
7500.0
-3636.3636363636365
4030.2491103202865
-3636.3636363636365
151.16279069767552
-602.1312351997558
-868.0570007996394
-58.73301560443542
1273.3136284302777
2794.619341744516
2036.4363134721507
-2954.545454545455
4728.260869565207
2638.4060347654886
245.84633924560603
-502.3105420447155
-666.7722073097639
7500.0
-1227.2727272727248
1946.5648854962033
7500.0
-832.2022395656372
7500.0
-6359.348198970842
-6957.593157163326
-6654.658805641371
-5641.4030524756035
-4483.704516871767
-2263.1969756814265
7500.0
7500.0
7500.0
7500.0
7500.0
7500.0
-7500.0
-7500.0
-7500.0
-7500.0
-7500.0
-7500.0
-7500.0
-7500.0
7500.0
7500.0
7500.0
7500.0
7500.0
7500.0
7500.0
7500.0
7500.0
-6282.1813908770455
-6148.472168017437
-6810.870696870979
7500.0
7500.0
7500.0
7500.0
7500.0
7500.0
-7500.0
-7500.0
7500.0
7500.0
7500.0
7500.0
-7500.0
-7500.0
-7500.0
-7500.0
-7500.0
-7500.0
-7500.0
7500.0
7500.0
7500.0
7500.0
7500.0
7500.0
7500.0
7500.0
-7500.0
-7500.0
-7500.0
-7500.0
-7500.0
-7500.0
-7500.0
-7500.0
7500.0
7500.0
7500.0
7500.0
7500.0
7500.0
7500.0
7500.0
7500.0
-7500.0
-7500.0
-7315.036693125656
-7500.0
-7500.0
-7500.0
-7500.0
-7500.0
7500.0
7500.0
7500.0
7500.0
7500.0
7500.0
7500.0
7500.0
-7500.0
-7500.0
-7500.0
-7500.0
-7500.0
-4761.078139560139
7500.0
7500.0
7500.0
7500.0
7500.0
7500.0
7500.0
-7500.0
-7500.0
-7500.0
-7500.0
7500.0
7500.0
7500.0
7500.0
7500.0
7500.0
-7500.0
-7500.0
-7500.0
-7500.0
-7500.0
7500.0
7500.0
7500.0
7500.0
7500.0
-7500.0
-7500.0
-7500.0
-7500.0
-7500.0
7500.0
7500.0
7500.0
7500.0
7500.0
7500.0
7500.0
7500.0
-7500.0
-7500.0
-7500.0
-7500.0
-7500.0
-7500.0
-7500.0
-7500.0
7500.0
7500.0
7500.0
7500.0
7500.0
7500.0
7500.0
7500.0
7500.0
-7500.0
-7500.0
-7500.0
7500.0
7500.0
7500.0
7500.0
7500.0
7500.0
7500.0
-7500.0
-7500.0
-7500.0
-7500.0
-7500.0
7500.0
7500.0
7500.0
7500.0
7500.0
7500.0
-3688.4498480243165
-2280.5396046751116
-1904.7891711975094
-753.9590677495657
805.4172717173265
2412.068053144927
4522.871063250657
4371.353876499843
3621.5106245847123
4294.216121108715
-2121.2121212121215
7500.0
1943.0259485778738
-2954.545454545455
-275.22935779816817
-970.7732241801041
-504.25287148701136
-132.45030466450407
-165.6118985047542
229.48576498363582
6253.27823514084
-4621.212121212122
41.34509371554395
254.66318311422128
1126.6474198927158
2805.6867852770433
3720.609662027252
4078.0557592379937
6617.452412354489
7500.0
-2045.4545454545457
3000.0000000000064
-3484.8484848484854
5235.849056603758
-4015.151515151515
2625.0000000000077
2009.7677847401505
2234.257191105577
7500.0
4341.611996251169
4921.011987293119
4543.631060182146
3250.937106727492
-1515.1515151515152
6488.764044943824
-1590.909090909091
7500.0
7500.0
7500.0
-3636.3636363636365
1109.2585327579459
2151.973516940837
4551.21150908658
390.1866564869606
-84.97323609219075
-642.9608260545183
-2091.8083085979874
-1824.6200549252135
-1007.6444234254595
3139.1445818019683
7500.0
-5303.030303030304
828.4628872004614
3744.9919121971925
7500.0
-790.1496009816492
7500.0
-4308.300395256918
-3372.0294322362515
-2732.174571733764
-905.3964471426966
3378.6535342846432
7500.0
2408.579326858603
7500.0
7500.0
-6672.233517281444
-6787.1912300669155
-7108.945758271855
-7278.706258190739
-7500.0
-7500.0
-7500.0
-7500.0
7500.0
7500.0
7500.0
7500.0
7500.0
7500.0
7500.0
7500.0
7500.0
-7177.357920130413
-7500.0
-7500.0
-7500.0
-7500.0
-7500.0
-7500.0
-7500.0
7500.0
7500.0
7500.0
7500.0
7500.0
7500.0
7500.0
7500.0
-5388.162637413841
-5565.016620018432
-5735.265148756222
-5893.945943696543
-4542.934695643218
7500.0
7500.0
7500.0
7500.0
5810.788460372541
6000.413575280455
3460.318270916043
7500.0
-4434.789992075175
-4702.979200357962
-4947.522537358764
-5385.260845420873
-6524.489573921466
-7500.0
7500.0
7500.0
7500.0
7500.0
7500.0
-7500.0
-7500.0
-7500.0
-7500.0
-7500.0
7500.0
7500.0
7500.0
7500.0
7500.0
-7500.0
-7500.0
-7500.0
-7500.0
7500.0
7500.0
7500.0
7500.0
7500.0
-7500.0
-7500.0
-7500.0
7500.0
7500.0
7500.0
-7500.0
7500.0
7500.0
7500.0
7500.0
-7500.0
-7288.841964881089
-6975.886617831651
-7500.0
-7500.0
7500.0
7500.0
7500.0
7500.0
7500.0
7500.0
7500.0
-7500.0
-7500.0
-7500.0
-7500.0
-7500.0
7500.0
7500.0
7500.0
7500.0
7500.0
7500.0
7500.0
-7164.50853443202
-6930.423053640088
-6374.2090980891935
-5771.054980326468
-5323.9333817797215
-2498.9633622208153
7500.0
7500.0
7500.0
7500.0
7500.0
7500.0
-7298.529619680476
-5465.211525711984
7500.0
7500.0
7500.0
-6060.606060606061
-3877.81629116118
-2853.7179548893587
-1581.1116186481518
107.35009239290002
1751.3506410038067
3406.0806593510197
5251.192426446762
3384.7906205495688
4508.9681721983
-1212.1212121212122
3555.3633217993083
-1969.69696969697
2716.216216216213
-1363.6363636363637
7333.333333333322
-2121.2121212121215
7500.0
2616.347860382566
1546.8215110782894
-685.7473143692887
-1712.9694732449389
-2491.8669752770097
-3023.796436559666
-2194.184145562407
-2180.8462803194966
-726.8870432602762
6063.828245581949
2068.1602978336214
7500.0
7500.0
-7044.270062185371
-7500.0
-7500.0
-7500.0
-7500.0
7500.0
7500.0
7500.0
7500.0
7500.0
-7500.0
-7500.0
7500.0
7500.0
7500.0
-7500.0
-7500.0
-7500.0
-7500.0
-7500.0
-7500.0
7500.0
7500.0
7500.0
7500.0
7500.0
7500.0
7500.0
7500.0
-7305.77892871746
-6870.8106900453695
-7500.0
7500.0
7500.0
7500.0
-7500.0
7500.0
7500.0
-7500.0
-7500.0
-7500.0
7500.0
7500.0
7500.0
7500.0