Demand
7500.0
7500.0
7500.0
7500.0
7500.0
7500.0
7500.0
7500.0
7500.0
7500.0
7500.0
7500.0
7500.0
7500.0
7500.0
7500.0
7500.0
7500.0
7500.0
7500.0
7500.0
-7500.0
-6316.218922242097
-4205.606091509493
2996.80675415063
7500.0
-942.721790599031
7500.0
7500.0
7500.0
7500.0
-5764.233172268101
-6133.000269677512
-5399.862193522964
-5964.37483159088
-5306.490412677344
-5154.584534021358
1361.0053116442546
7500.0
7500.0
7500.0
7109.999976282652
299.3585765068974
7500.0
-6236.141906873616
-6195.967561937359
7500.0
7500.0
7500.0
-7500.0
-7500.0
-7500.0
-6980.258958694267
-6450.97045196145
-6905.70022067311
-7500.0
7500.0
7500.0
7500.0
7500.0
7500.0
7500.0
7500.0
-7500.0
-7500.0
-7500.0
-7500.0
7500.0
7500.0
7500.0
7500.0
7500.0
7500.0
-7500.0
-7500.0
-7500.0
-7500.0
7500.0
7500.0
7500.0
7500.0
7500.0
7500.0
-7500.0
-7500.0
-6286.053304125597
-4985.007657549337
-3999.240081963224
7500.0
7500.0
7500.0
7500.0
7500.0
-7500.0
-7500.0
-7500.0
-7500.0
-7500.0
7500.0
7500.0
7500.0
7500.0
7500.0
7500.0
7500.0
7500.0
7500.0
-2500.0000000000005
4334.495031884919
4597.962171484602
1793.1833695789828
-2500.0000000000005
1669.9604743083
-572.2891566265052
-1400.8418827808614
-2096.0480235869327
-2248.4430999121887
-1726.5235537093577
2517.2203683729854
7500.0
-5757.575757575758
-2946.5084572451124
-3098.7755506430844
-3426.969691683131
-3294.8167682253934
-2334.4524702658273
-2786.2946288835446
-2502.4259531196117
-2228.45261888911
-971.4575083017517
7500.0
3889.2582844996705
7500.0
7500.0
7500.0
7500.0
7500.0
-7500.0
-7500.0
7500.0
7500.0
7500.0
-7500.0
-7500.0
-7500.0
7500.0
7500.0
7500.0
7500.0
7500.0
-5653.015301530155
-4728.739177312751
-4731.104151190584
-4516.633422692843
-3818.4836880694616
-3164.27046935197
-2534.4631035220723
-2501.3738713854295
-3334.778057430433
-2548.975573162683
7500.0
7500.0
7500.0
7500.0
7500.0
7500.0
-7500.0
-7500.0
-7500.0
7500.0
7500.0
7500.0
7500.0
-7500.0
-7500.0
-7500.0
-7500.0
7500.0
7500.0
7500.0
7500.0
7500.0
-7500.0
-7500.0
-7500.0
-7500.0
-7500.0
7500.0
7500.0
7500.0
7500.0
7500.0
7500.0
-7500.0
-7500.0
-7020.884520884523
-5764.570485538088
-5655.319808903505
-5306.8714349869915
-4917.0358984926115
7500.0
7500.0
7500.0
7500.0
7500.0
7500.0
7500.0
7500.0
7500.0
-7500.0
-7500.0
7500.0
7500.0
7500.0
7500.0
7500.0
-7500.0
-7500.0
-7500.0
7500.0
7500.0
7500.0
7500.0
7500.0
7500.0
-7335.497835497836
-7500.0
-7500.0
-7500.0
7500.0
7500.0
7500.0
7500.0
7500.0
-7340.489325977453
-7500.0
-7500.0
-5691.918748077618
7500.0
7500.0
7500.0
7500.0
-5423.494944739579
-4091.2634393757867
-2959.655611500779
-2084.118890189755
-1306.2292994047984
-1306.2658420604962
-1184.8687006485893
802.3375287469803
6108.1504307680225
7080.218466097069
5529.387011181692
3326.441062278167
242.54014682876777
1315.0172901029182
-2803.030303030303
4364.849917039568
1033.8702277273965
1792.9471528272807
4646.044004521638
-1287.878787878788
4304.73372781065
0.0
0.0
-227.27272727272728
306.1224489795941
-2045.4545454545457
3125.0000000000255
-3939.39393939394
101.93064905372967
-349.9762942549778
173.988904764602
1070.2703226645017
2281.980037483365
2924.8615168604856
3580.9297750386577
3099.866090851995
1965.9757483769931
53.049551362772036
-830.7134945298235
-2203.6674300745235
-2187.61781154456
724.7774921135938
7500.0
7500.0
-5288.248337028826
-5833.769042469759
-6248.240794353027
-6910.799285755089
-6602.969100816614
-5626.486475251682
-4792.535591014026
-4136.503792065794
-2788.789464124151
7500.0
7500.0
7500.0
7500.0
7500.0
7500.0
7500.0
7500.0
-7500.0
-7500.0
-7500.0
-7500.0
-7500.0
-4566.895368782165
7500.0
7500.0
7500.0
7500.0
7500.0
7500.0
-7500.0
-7500.0
-5101.010101010104
6620.561519405432
-1274.0129131181657
7500.0
7500.0
7500.0
7500.0
-7500.0
-7500.0
7500.0
7500.0
7500.0
-7500.0
-7500.0
7500.0
7500.0
7500.0
7500.0
7500.0
-7500.0
-7500.0
-7500.0
-6562.5
-6921.26838678563
-6676.86504779686
-7500.0
7500.0
7500.0
7500.0
7500.0
7500.0
7500.0
7500.0
7500.0
-7500.0
-7500.0
-7500.0
7500.0
7500.0
7500.0
-7500.0
-7500.0
-7500.0
-7500.0
-7500.0
7500.0
7500.0
7500.0
7500.0
7500.0
7500.0
-7500.0
-7500.0
-7500.0
7500.0
7500.0
7500.0
7500.0
-7500.0
-7500.0
-7500.0
-7500.0
7500.0
7500.0
7500.0
7500.0
7500.0
7500.0
7500.0
-7500.0
-7297.297297297297
-7015.093268096634
-7183.897340331147
-7500.0
-7500.0
7500.0
7500.0
7500.0
7500.0
7500.0
7500.0
7500.0
-7500.0
-7500.0
-7500.0
7500.0
7500.0
7500.0
7500.0
-7500.0
7500.0
-7500.0
-7500.0
-7500.0
-7500.0
-6136.363636363643
7500.0
7500.0
7500.0
7500.0
7500.0
7500.0
-7500.0
-7500.0
-7500.0
-7500.0
7500.0
7500.0
7500.0
7500.0
7500.0
7500.0
-7500.0
-7500.0
-7500.0
7500.0
7500.0
7500.0
7500.0
-7500.0
-7500.0
-7500.0
-7500.0
-7500.0
-7500.0
-7500.0
7500.0
7500.0
7500.0
7500.0
7500.0
7500.0
7500.0
7500.0
-7500.0
-7500.0
-7500.0
-7500.0
-7500.0
7500.0
7500.0
7500.0
7500.0
7500.0
7500.0
7500.0
7500.0
-3877.1186440677975
-2600.0910628333572
-2311.9547508173414
-1345.9109696335013
-43.535578645973146
1331.236691391246
3330.118353100097
3730.8095414390864
3528.158105361764
4697.656649912415
3826.6366454908643
-2500.0000000000005
7500.0
2437.733499377335
-194.03165158762113
-951.6379891523361
-652.4873338900888
-514.040108183488
-876.814973737863
-1355.2167979036863
-1166.4783761237231
404.0150539193546
906.4725374653235
1547.9809741637832
3138.7107929858907
4929.410108330343
2204.2978911729174
-3181.818181818182
7500.0
-454.54545454545456
7500.0
7500.0
3755.588673621425
-4090.9090909090914
152.2472274466577
57.35212397293162
-173.9395051956335
-334.91007631125467
882.4086356422704
3048.2627099634237
3349.048227764476
-2272.727272727273
7500.0
-1515.1515151515152
6075.676944748789
4318.320183792925
-1439.3939393939395
3056.274256144891
-3030.3030303030305
785.1985559566806
397.033497277087
1380.3861290061577
3331.197810611596
-3787.878787878788
6581.63265306121
-4318.181818181819
-1572.323327818482
-1663.2891774736167
-1684.8547631492347
-918.8961824425114
293.47190177206676
592.2435485262308
604.649359272184
2333.95859452608
6847.4382746262545
1472.9161433855952
7500.0
7500.0
-4258.994480281974
-4104.853655116596
-3587.1044279305356
-2955.4700057656883
-2214.4886237173214
3575.6084397206723
7500.0
2165.4382175280825
7500.0
7500.0
-7149.877149877151
-7308.928392389269
-7500.0
-7500.0
-7500.0
-7500.0
-7500.0
7500.0
7500.0
7500.0
7500.0
7500.0
7500.0
7500.0
7500.0
7500.0
7500.0
-7500.0
-7500.0
-7500.0
-7500.0
7500.0
7500.0
7500.0
7500.0
7500.0
-5839.160839160841
-258.36794527237726
7500.0
7500.0
7500.0
7500.0
-5789.619915536787
-5739.1765970211145
-5068.858702082838
7500.0
7500.0
7500.0
7500.0
-2800.2114164904856
-2928.224808231658
-2043.1854881309014
-1047.7403156842952
-1503.430917190275
-2837.44515739274
-2734.691648124404
-2119.4548553953614
-39.233772783566565
7500.0
7500.0
7500.0
7500.0
7500.0
-7500.0
-7500.0
-7500.0
7500.0
7500.0
7500.0
-7500.0
-7500.0
-7500.0
-7500.0
7500.0
7500.0
7500.0
7500.0
7500.0
7500.0
-7500.0
-7500.0
-7500.0
7500.0
7500.0
7500.0
7500.0
7500.0
-7500.0
7500.0
7500.0
7500.0
-7500.0
-7500.0
-7500.0
-7500.0
7500.0
7500.0
7500.0
7500.0
7500.0
7500.0
-7500.0
7500.0
-7500.0
-7500.0
-7500.0
-7500.0
-7500.0
-7500.0
7500.0
7500.0
7500.0
7500.0
7500.0
7500.0
7500.0
-7500.0
-7500.0
-7500.0
-3745.0592885375586
7500.0
7500.0
7500.0
7500.0
7500.0
-7185.6004914394725
-7500.0
-7111.128799789987
-7500.0
-7500.0
-7500.0
-5799.40587560389
7500.0
7500.0
7500.0
7500.0
7500.0
7500.0
7500.0
-1178.0030207253585
780.587860683961
2642.5727723694763
4311.1032408643805
5804.525530554656
3139.6461272393326
3780.8846747572284
-1212.1212121212122
4203.296703296705
-1969.69696969697
7500.0
7500.0
7500.0
4179.653679653676
-1590.909090909091
2669.491525423727
-3333.3333333333335
7500.0
-2146.8820435762595
-2967.962356752414
-3618.0810631598706
-3250.028569176227
-3721.086691491906
-3792.9815406031885
-3579.0297801407105
-4205.395003000569
-4537.526192961674
-4689.16570705149
7500.0
7500.0
7500.0
7500.0
7500.0
7500.0
-7500.0
-7244.107744107745
-7500.0
7500.0
7500.0
7500.0
-7500.0
-7500.0
-7500.0
7500.0
7500.0
7500.0
7500.0
7500.0
-7500.0
-7500.0
-7500.0
7500.0
7500.0
7500.0
-7500.0
-7291.055718475074
-7500.0
-7194.4564525383375
-6633.084271158017
-7500.0
7500.0
7500.0
7500.0
7500.0
7500.0
7500.0
7500.0
7500.0
7500.0
-7500.0
-7500.0
-7500.0
-7230.736930505987