Demand
7500.0
7500.0
7500.0
7500.0
7500.0
7500.0
7500.0
7500.0
7500.0
7500.0
7500.0
7500.0
7500.0
7500.0
7500.0
7500.0
7500.0
7500.0
7500.0
-7500.0
7500.0
7500.0
7500.0
7500.0
-6122.77257626095
-6687.985328172281
-7227.23191723343
-1413.7373380609715
7500.0
7500.0
7500.0
1723.1156852821537
7500.0
-5688.010899182564
-6259.948079642485
-5933.2994315615815
-6165.425547018382
-4828.231452480586
-3436.725504205717
-894.3684565142489
547.5028936594522
7500.0
4094.2432784503726
7500.0
7500.0
5747.312073287988
7500.0
7500.0
-7500.0
-7500.0
-7500.0
-7500.0
-6884.582163679554
-6139.100097459337
-6479.254004212471
7500.0
7500.0
7500.0
7500.0
7500.0
7500.0
7500.0
7500.0
-7500.0
-7500.0
-7500.0
7500.0
7500.0
7500.0
7500.0
7500.0
-7500.0
-7500.0
7500.0
7500.0
7500.0
7500.0
-7500.0
-7500.0
-7500.0
-7500.0
-7500.0
-6358.001502629606
-7500.0
7500.0
7500.0
7500.0
7500.0
7500.0
7500.0
7500.0
-6875.473674794437
-7251.179592628907
-7500.0
-7500.0
-7500.0
7500.0
7500.0
7500.0
7500.0
7500.0
7500.0
7500.0
-560.8794515283516
653.1637052438437
1983.784963174202
3613.6924489370654
4331.020854709383
3653.5685319773165
-1818.1818181818182
3017.2413793103483
-2500.0000000000005
7500.0
948.6166007905117
-122.60052416593771
-1085.0936076640319
-1553.017180449648
-1709.5388810454765
-705.5331047927975
-508.31134368364656
987.9814036459466
5291.007520091386
4246.522204927086
5784.541026070918
5154.731620081437
7500.0
-4791.17745722912
-4900.930126125644
-5160.182450894417
-5392.122123087684
-5558.5468953966665
-3954.549838617435
7500.0
7500.0
7500.0
7500.0
7500.0
-7500.0
-7500.0
7500.0
7500.0
7500.0
-7500.0
-7500.0
-7500.0
-7500.0
-7500.0
7500.0
7500.0
7500.0
7500.0
7500.0
7500.0
7500.0
-4627.659574468085
-4238.812874324391
-3932.359444578633
-4120.048087289446
-4967.8708028931305
-5340.819535575472
-3777.7342202111304
7500.0
7500.0
7500.0
7500.0
7500.0
-7500.0
-7500.0
-7500.0
7500.0
7500.0
7500.0
7500.0
-7500.0
-7500.0
-7500.0
-7500.0
-7500.0
-7500.0
-7500.0
7500.0
7500.0
7500.0
7500.0
7500.0
7500.0
7500.0
7500.0
7500.0
-7500.0
-7500.0
-7500.0
-7500.0
-7500.0
-7500.0
7500.0
7500.0
7500.0
7500.0
7500.0
7500.0
-7500.0
-7500.0
7500.0
7500.0
-7500.0
-7500.0
-7500.0
-7500.0
-7500.0
-7500.0
7500.0
7500.0
7500.0
7500.0
7500.0
7500.0
7500.0
7500.0
-7500.0
-7500.0
-7500.0
-7500.0
-7500.0
-7500.0
-2318.181818181831
7500.0
7500.0
7500.0
7500.0
7500.0
7500.0
7500.0
7500.0
7500.0
7500.0
-7500.0
-7126.198868759737
-6564.560486167849
-5107.606517957771
-2856.717689983368
7500.0
7500.0
7500.0
7500.0
7500.0
-2921.5924537628216
-3079.6136126076053
-3212.2335919778902
-2262.0787078753815
634.0892321573428
2443.2487897210103
3130.482546436382
2631.924033388975
483.24178439518164
1374.6641240681552
2555.177827782481
-2272.727272727273
3804.347826086938
-3181.818181818182
6384.615384615381
6591.20197628543
4684.3201914707315
7500.0
0.0
-227.27272727272728
256.6539923954374
-2045.4545454545457
595.2380952380968
-92.31462023416316
-791.4240763395305
-907.0093356267203
424.2738949537652
3418.8522755884896
-3636.3636363636365
2505.319148936172
3219.577090391499
2880.1162281993916
1878.9561797733295
42.40481040815257
-869.3473951317269
-2336.9472393093197
-2730.2058432331273
-2152.406573502987
77.5991633272015
7191.2317504315215
-156.52327897733994
7500.0
-6258.727964051159
-6878.989754014463
-6422.79495939642
-4443.483883640483
4880.570091101322
7500.0
7500.0
5462.1734322215
7500.0
7500.0
-7500.0
7500.0
7500.0
-7500.0
7500.0
7500.0
7500.0
7500.0
-7500.0
-7500.0
472.0279720280014
7500.0
7500.0
7500.0
7500.0
-7500.0
-7500.0
-7500.0
-7500.0
-5475.8522727272775
-4143.753696523632
7500.0
7500.0
7500.0
7500.0
7500.0
7500.0
7500.0
-7500.0
-7500.0
7500.0
7500.0
7500.0
-7500.0
-7500.0
7500.0
7500.0
7500.0
-7500.0
-7500.0
-7500.0
-5776.3182763182795
-5465.634391049258
7500.0
7500.0
7500.0
7500.0
7500.0
7500.0
7500.0
-7500.0
-7500.0
-7500.0
-7500.0
-7500.0
7500.0
7500.0
7500.0
7500.0
7500.0
7500.0
7500.0
-7500.0
-7500.0
-7500.0
-7500.0
-7500.0
-7500.0
7500.0
7500.0
7500.0
7500.0
7500.0
7500.0
-7500.0
-7500.0
-7500.0
7500.0
7500.0
7500.0
7500.0
7500.0
7500.0
7500.0
7500.0
-7500.0
-7500.0
7500.0
7500.0
7500.0
-7154.353428672497
-7305.444913116484
-7500.0
-7500.0
-7500.0
-7500.0
7500.0
7500.0
7500.0
7500.0
7500.0
7500.0
7500.0
-7500.0
-7500.0
-7500.0
7500.0
7500.0
7500.0
7500.0
-7500.0
-7500.0
-7500.0
-7500.0
7500.0
7500.0
7500.0
7500.0
7500.0
7500.0
7500.0
-7500.0
-7500.0
-7500.0
-7500.0
7500.0
7500.0
7500.0
7500.0
7500.0
7500.0
-7500.0
-7500.0
-7500.0
7500.0
7500.0
7500.0
7500.0
-7500.0
-7500.0
-7500.0
-7500.0
-7500.0
7500.0
7500.0
7500.0
7500.0
7500.0
7500.0
7500.0
7500.0
-7500.0
7500.0
-7500.0
-7500.0
-7500.0
-7500.0
-7500.0
7500.0
7500.0
7500.0
7500.0
7500.0
7500.0
7500.0
7500.0
-1095.5056179775388
7500.0
7500.0
-433.8842975206617
3827.6209157074118
5729.793878240737
-4015.151515151515
7500.0
7500.0
7500.0
-2121.2121212121215
3311.587538797562
2228.0655148345977
1604.6162420111946
-4090.9090909090914
-833.3333333333358
-348.8372093023245
36.87210545066091
3.8815924293148782
411.06733944714915
6499.111652603078
-4621.212121212122
236.26687620544362
504.26648998119526
1468.8630477887637
3247.334078471639
4054.7198682628696
4137.70023061935
6247.906554608511
-454.54545454545456
3749.99999999999
-2727.2727272727275
7500.0
280.13692694340807
513.7268878336863
386.20051964493086
102.80317439474402
-139.71464265726445
952.1857096410772
3050.8329482163404
3898.310792502689
3957.1683198522805
-2196.969696969697
5415.531335149863
-1212.1212121212122
5357.1428571428605
-1439.3939393939395
7500.0
3147.2184531886014
1490.01340408326
1088.9932626238983
2130.993579240824
4549.58234641186
446.38517508388395
-33.94487245628625
-608.2787459847559
-2095.2936851929667
-1961.0072667592012
-1528.2749304595636
547.9787696776648
5712.885805357956
1795.6806744403107
7500.0
663.1382316313716
7500.0
7500.0
-5192.307692307693
-4440.470696815879
-3704.7641469917908
-3408.6603771378414
-2577.4856056968297
-1402.6166958474569
370.3109967183532
7500.0
5095.138997728134
7500.0
2424.9526802316655
7500.0
7500.0
7500.0
-7500.0
-7500.0
7500.0
7500.0
7500.0
7500.0
-7500.0
-7500.0
-7264.156519683176
-7140.4654681544325
-7500.0
7500.0
7500.0
7500.0
7500.0
7500.0
-7500.0
-7500.0
-7500.0
-7500.0
-7500.0
-7500.0
7500.0
7500.0
7500.0
7500.0
7500.0
7500.0
7500.0
7500.0
-6818.181818181819
7500.0
7500.0
-6496.020614521496
-4992.130762784011
-2906.280330789846
-1589.7416468521628
2635.2170387014503
3563.313473994782
7500.0
3621.875789124364
4989.3036889131545
7500.0
-4679.962894248614
7500.0
-5960.846084608462
-6949.287654809128
-7500.0
-7500.0
-7500.0
-7500.0
-7500.0
-7500.0
7500.0
7500.0
7500.0
7500.0
7500.0
7500.0
7500.0
7500.0
7500.0
-7500.0
-7500.0
-7500.0
-7500.0
-7500.0
7500.0
7500.0
7500.0
7500.0
7500.0
-7500.0
-7500.0
-7500.0
-7500.0
-7500.0
-7500.0
7500.0
7500.0
7500.0
7500.0
7500.0
7500.0
7500.0
7500.0
-7500.0
-7500.0
-7500.0
-7500.0
-7500.0
-7500.0
-7500.0
-7500.0
7500.0
7500.0
7500.0
7500.0
7500.0
7500.0
7500.0
7500.0
-7500.0
-7500.0
-7500.0
-7500.0
-7500.0
7500.0
7500.0
7500.0
7500.0
7500.0
7500.0
7500.0
7500.0
-7006.493506493509
-7500.0
7500.0
7500.0
7500.0
7500.0
7500.0
-5828.445747800588
-4795.257621017865
7500.0
7500.0
-5454.545454545455
-1428.340865074244
334.49465833303475
2040.911231853568
3720.8350628876515
5526.246821091943
3480.764661266794
4521.333215884413
-1212.1212121212122
3616.9102296450947
-1969.69696969697
2961.25461254612
-1363.6363636363637
7500.0
-2121.2121212121215
7500.0
4871.134020618566
2156.6912030891767
-717.320552121198
-708.1618401666565
7500.0
-3653.7019681349607
-3184.3198202354124
-3520.620824868294
-3315.3296513582486
-2422.36841338301
-1717.7987998973335
7500.0
3844.9172976650357
7500.0
7500.0
-7500.0
-7500.0
-7500.0
-7500.0
7500.0
7500.0
7500.0
7500.0
7500.0
7500.0
-7500.0
-7500.0
-7500.0
-7500.0
-7500.0
-7500.0
-7500.0
-7500.0
7500.0
7500.0
7500.0
7500.0
7500.0
7500.0
7500.0
7500.0
7500.0
-7320.904901550064
-7092.298990928093
-7500.0
-7500.0
-7500.0
-7500.0
7500.0
7500.0
7500.0
7500.0
7500.0
7500.0
7500.0
-7500.0
-7500.0
-7238.988905150318