Demand
-7500.0
-7500.0
-7500.0
-7500.0
7500.0
7500.0
7500.0
7500.0
7500.0
7500.0
-7500.0
-7500.0
-7500.0
-7500.0
-7500.0
7500.0
7500.0
7500.0
7500.0
7500.0
7500.0
7500.0
-6829.716572808695
-4854.859137937252
7500.0
7500.0
-7341.048522030118
-5479.841106767419
-4232.907715538273
-3649.21091963419
-834.669376242151
1926.0877052429496
7500.0
7500.0
7500.0
7500.0
-6313.324080499653
-5101.166166708832
-3726.5018441721404
-715.5148896866899
3176.425277465584
7500.0
7500.0
1410.0667399329814
7500.0
7500.0
-7500.0
7500.0
7500.0
-7500.0
-7500.0
-7500.0
-6823.129700488194
-5784.320703111207
-4454.437648860225
7500.0
7500.0
7500.0
7500.0
7500.0
7500.0
7500.0
-7500.0
-7500.0
-7500.0
-7500.0
-7500.0
-6861.370803940006
7500.0
7500.0
7500.0
7500.0
7500.0
7500.0
7500.0
-7500.0
-7500.0
-7500.0
-7500.0
-7500.0
-7500.0
7500.0
7500.0
7500.0
7500.0
7500.0
7500.0
-6828.226281673542
-5798.335981071241
-5970.386345420187
-6409.075940082412
-6271.422875674534
-6293.749664549177
7500.0
7500.0
7500.0
7500.0
7500.0
7500.0
-5580.136566428773
-2888.1927798703123
-1263.351702139329
75.94305447573288
1478.717813571122
3039.5431416689553
4434.767664098923
5719.972119739676
5460.183699707711
3805.4918195765986
-1818.1818181818182
4700.000000000011
-2500.0000000000005
4379.266978081207
1289.3836435888047
182.27415159674092
-740.3516298538489
-1036.8521079339484
-802.2267843786099
1423.0562299798785
3157.563012877814
7500.0
1019.567447863204
7500.0
-3942.687747035574
-3749.7318172066093
-2700.888643961913
-2789.5296982694745
-1547.195095611256
2850.245944051051
7500.0
7500.0
1661.0764583619389
7500.0
-6783.289324783103
-6875.595954780163
-6192.413364383918
-7122.466144634871
-7500.0
7500.0
7500.0
7500.0
7500.0
7500.0
7500.0
-7500.0
-7500.0
-7500.0
-7148.518833144011
-1521.3710293213371
7500.0
7500.0
7500.0
7500.0
7500.0
7500.0
-4387.164326188718
-4206.312132870673
-4532.015844266309
-5466.810899544691
-6094.5648699846715
-6328.437251784868
-4482.622528717384
-4006.3126859588374
7500.0
7500.0
7500.0
7500.0
7500.0
7500.0
7500.0
-7500.0
-7500.0
-7500.0
-7500.0
-7500.0
-7500.0
7500.0
7500.0
7500.0
7500.0
7500.0
7500.0
-7500.0
-7500.0
7500.0
7500.0
7500.0
7500.0
7500.0
-7500.0
-7500.0
-7500.0
-7500.0
-7500.0
-7500.0
-6658.7957497048465
-2727.8685421809537
7500.0
4594.1232765102595
7500.0
7500.0
7500.0
7500.0
7500.0
7500.0
7500.0
-7500.0
-7500.0
-7500.0
-7500.0
7500.0
7500.0
7500.0
7500.0
7500.0
-7500.0
-7500.0
-7500.0
-7500.0
-7500.0
7500.0
7500.0
7500.0
7500.0
7500.0
7500.0
7500.0
7500.0
-7500.0
-7500.0
-7500.0
-7500.0
-7500.0
7500.0
7500.0
7500.0
7500.0
7500.0
-6814.962657738864
-6184.024076393131
-6239.236672940015
-5789.5628704031715
-3598.7808491434644
141.36871215051315
4209.331889578298
6317.796678306488
6194.183220846931
4171.3856117252235
3971.472809769877
7500.0
7262.9615246537105
1713.7542861846919
-3106.0606060606065
2848.4974958263756
902.4311137382442
1789.3458171211782
3259.901104205823
4102.96224226738
830.0044447642445
1570.761393086916
4343.169027565315
-1287.878787878788
4354.419410745233
0.0
0.0
-227.27272727272728
346.1538461538503
-2045.4545454545457
7500.0
-89.8948921261308
-853.0213053131883
-1249.2744953851193
-798.0274753416556
-12.361284805903779
1071.705032891065
1693.706141721494
2349.8628918881336
2002.365177099482
1036.2376067889732
-4015.151515151515
-502.9154518950445
-1812.4731314868277
-946.1682199406841
7500.0
-5833.333333333333
-4879.4044754139595
-5080.473546617153
-5651.156838095045
-6081.449917845599
-6810.322798789455
-6389.03613734928
-4943.659798486022
-3118.432724787699
400.3925177626993
7500.0
7500.0
4396.252897745787
7500.0
7500.0
7500.0
7500.0
7500.0
-7500.0
-7500.0
-7500.0
7500.0
7500.0
7500.0
7500.0
7500.0
-7500.0
-7500.0
-7500.0
-7500.0
-7500.0
-7500.0
-7500.0
7500.0
7500.0
7500.0
7500.0
7500.0
7500.0
7500.0
7500.0
-7500.0
7500.0
7500.0
7500.0
7500.0
-7500.0
-7500.0
-7500.0
-7500.0
-7500.0
-7500.0
-7500.0
-7500.0
7500.0
7500.0
7500.0
7500.0
7500.0
7500.0
7500.0
7500.0
-7500.0
-7500.0
-7500.0
-7500.0
-7500.0
-7500.0
-7500.0
7500.0
7500.0
7500.0
7500.0
7500.0
7500.0
7500.0
7500.0
7500.0
-7500.0
-7500.0
-7500.0
-7500.0
7500.0
7500.0
7500.0
7500.0
7500.0
-7500.0
-7500.0
-7500.0
-7500.0
-7500.0
-7500.0
-7500.0
7500.0
7500.0
7500.0
7500.0
7500.0
7500.0
7500.0
7500.0
-7500.0
-7256.885205946868
-6740.838989380225
-5973.275526687412
7500.0
7500.0
7500.0
7500.0
7500.0
-7500.0
-7500.0
-7500.0
-7500.0
-7500.0
-7500.0
-7500.0
7500.0
7500.0
7500.0
7500.0
7500.0
7500.0
7500.0
7500.0
7500.0
-7500.0
-7310.207052131833
-7500.0
-7500.0
-7500.0
-7500.0
-7500.0
7500.0
7500.0
7500.0
7500.0
7500.0
7500.0
7500.0
7500.0
-7500.0
-7500.0
-7500.0
-7500.0
-7500.0
-7500.0
7500.0
7500.0
7500.0
7500.0
7500.0
7500.0
7500.0
-7500.0
-7500.0
-7500.0
-7500.0
-7500.0
-7500.0
-7500.0
7500.0
7500.0
7500.0
7500.0
7500.0
7500.0
7500.0
-7500.0
-7500.0
-7500.0
-7500.0
7500.0
7500.0
7500.0
7500.0
7500.0
-5853.772327379369
-5000.636051100852
-3195.2172301991486
-1517.7012609363592
-1016.7131711573838
404.51705053697833
2249.1326054689107
3909.248138585046
5756.624833596907
4892.791502259796
3815.47813617698
4368.947735567293
-2121.2121212121215
7500.0
2477.413890457369
1973.216968818318
-510.95854983164736
-1241.8367853963105
-974.6848052196879
-861.8810751039455
-1227.5593832245686
-1715.7443904747397
-1606.1392391040013
-267.60582477318803
114.34651694870308
604.384248049977
1938.3280956575381
4036.9015512697856
3735.763455788403
1811.2414023625438
-1893.939393939394
7500.0
5752.960172228202
3142.4892299890175
1024.2809965570727
-361.6939225229262
-58.03333161284809
-78.77005076831028
-164.37846877564243
64.03910683918821
3204.8358885720068
-3181.818181818182
4971.794871794869
5287.653364803598
4693.579311202202
5441.953229439176
-1212.1212121212122
4597.488921713442
-1439.3939393939395
3214.2857142857165
-3030.3030303030305
1429.9610894941684
810.931209714674
1813.6381166405213
-2196.969696969697
1889.287315105334
1255.4436843383241
546.9053935529282
-1187.753083551137
-912.9165333037181
-212.35283874822198
2637.9680529088964
6908.507959250062
166.88655742620358
7500.0
-3844.116006692695
-3616.222001623353
-4041.150991337139
-4648.835747159472
-3337.88353433098
-1516.9683452439713
594.2870468294936
6780.257351935836
4068.4232006745387
7500.0
1860.8361443756512
7500.0
-6335.546475995916
-6295.005334267173
-6080.399688156516
-5482.005670881475
7500.0
7500.0
7500.0
7500.0
7500.0
-7500.0
-7500.0
-7500.0
-7500.0
-6863.636363636366
7500.0
7500.0
7500.0
7500.0
7500.0
7500.0
7500.0
-7500.0
-7500.0
-7500.0
-7500.0
-7500.0
-7500.0
-3326.7236119585145
7500.0
7500.0
7500.0
7500.0
97.86965026962343
7500.0
7500.0
7500.0
-5349.443047071507
7500.0
7500.0
7500.0
-4174.057649667406
-3709.398643360295
-2099.445335421422
-1952.9639698440947
-267.9013447309826
1954.66791583445
1879.7825578258794
1177.998516509264
7500.0
5435.664024537589
7500.0
-6917.773237997959
-7500.0
-7500.0
-7500.0
7500.0
7500.0
7500.0
7500.0
7500.0
-7500.0
-7500.0
-7500.0
-7500.0
7500.0
7500.0
7500.0
7500.0
7500.0
-7500.0
-7500.0
-7500.0
7500.0
7500.0
7500.0
-7500.0
-7500.0
-7500.0
7500.0
7500.0
7500.0
7500.0
7500.0
7500.0
7500.0
-7500.0
-7500.0
-7500.0
-7500.0
7500.0
7500.0
-7500.0
7500.0
7500.0
7500.0
-7500.0
-7500.0
-7500.0
7500.0
7500.0
7500.0
7500.0
7500.0
-7500.0
-7500.0
-7500.0
-7500.0
-7500.0
-7500.0
-7500.0
-7500.0
7500.0
7500.0
7500.0
7500.0
7500.0
7500.0
7500.0
7500.0
7500.0
-7168.540414809073
-7500.0
-7500.0
-7500.0
-7097.963726050471
-1544.6598613043457
7500.0
7500.0
7500.0
7500.0
7500.0
7500.0
7500.0
517.1526586620912
2365.5707999753186
4004.4831294146825
5380.422117553775
2615.4608883505534
-1893.939393939394
6893.0635838150265
-2121.2121212121215
7500.0
7500.0
-1363.6363636363637
6988.766184310733
-2121.2121212121215
5217.39130434783
-2954.545454545455
2877.358490566025
-1070.1906412478347
7500.0
-2642.0454545454563
-3290.1510011959813
-2802.05483873951
-3219.0371539928074
-3121.6398460879172
-2533.3378955573985
-2784.106430095124
-1491.8287376878739
7500.0
7500.0
7500.0
7500.0
7500.0
-7500.0
-7500.0
-7500.0
-7223.5310421286085
-7500.0
7500.0
7500.0
7500.0
7500.0
7500.0
7500.0
-7500.0
-7500.0
-7500.0
-7500.0
-7500.0
-7500.0
-7500.0
7500.0
7500.0
7500.0
7500.0
7500.0
7500.0
7500.0
7500.0
7500.0
7500.0
-7500.0
-7500.0
-7500.0
-7500.0
7500.0
7500.0
7500.0
7500.0
-7500.0
-7500.0
-7500.0
-7500.0
7500.0