Demand
7500.0
7500.0
7500.0
7500.0
7500.0
7500.0
7500.0
7500.0
7500.0
7500.0
7500.0
7500.0
7500.0
7500.0
7500.0
7500.0
7500.0
7500.0
7500.0
7500.0
7500.0
7500.0
7500.0
7500.0
7500.0
7500.0
7500.0
7500.0
7500.0
7500.0
7500.0
7500.0
7500.0
7500.0
7500.0
-6277.479892761394
-6497.632304505298
-5606.871615836662
-4833.800687324159
-3603.777210751871
-3209.0590792281378
893.1064569299497
7500.0
7500.0
7500.0
7500.0
-7500.0
-7500.0
-7500.0
-7500.0
-7500.0
-7500.0
-6596.671949286851
-4989.39576202764
1888.2376208480769
7500.0
7500.0
7500.0
7500.0
7500.0
7500.0
7500.0
7500.0
7500.0
-7500.0
-7500.0
7500.0
7500.0
7500.0
7500.0
-7500.0
-7500.0
-7500.0
-7500.0
-7500.0
7500.0
7500.0
7500.0
7500.0
7500.0
7500.0
7500.0
-7142.633228840126
-7500.0
-7500.0
7500.0
7500.0
7500.0
7500.0
-6399.800619352651
-6818.960139910778
-6929.852618684134
-7278.670478086178
-7500.0
-7500.0
-7500.0
7500.0
7500.0
7500.0
7500.0
7500.0
7500.0
7500.0
-908.1638562714265
139.6909726258409
1326.6706606410562
2925.579857216231
4010.087092828036
4037.8789035638547
4041.221898394527
-2878.787878787879
3331.5098468271303
-3106.0606060606065
410.15624999999955
-296.1902929433836
818.7194672830683
7500.0
-3184.3331391962747
-2752.1597540438784
-2985.5218515580655
-2735.4814685033866
-1590.1496217408949
-1114.7315298834874
-373.0681682925742
3199.7294021263006
7500.0
2744.8357762027663
7500.0
7500.0
-6096.229857099424
-6450.523114318399
-6453.994020210608
-6083.642766340663
-5332.563680062471
7500.0
7500.0
7500.0
7500.0
7500.0
-7500.0
-7500.0
-7500.0
-7500.0
-7500.0
-7500.0
-7500.0
7500.0
7500.0
7500.0
7500.0
7500.0
7500.0
7500.0
7500.0
7500.0
-4406.539208591996
-4242.274876661857
-4583.5207379517615
-5522.5876489809725
-6159.2312993780215
-6424.886358757425
-4975.098585295482
-5209.931720605307
-2479.6362887017563
7500.0
7500.0
7500.0
7500.0
7500.0
7500.0
7500.0
-7500.0
-7500.0
-7500.0
-7500.0
-7500.0
-7500.0
-7500.0
7500.0
7500.0
7500.0
7500.0
7500.0
7500.0
7500.0
7500.0
-7500.0
-7500.0
-7500.0
-7500.0
7500.0
7500.0
7500.0
7500.0
7500.0
-7154.391850923645
-6363.446383642664
-6446.648749737822
-6529.023307065521
-6906.835728312955
-7500.0
-7500.0
7500.0
7500.0
7500.0
7500.0
7500.0
7500.0
7500.0
7500.0
7500.0
-7500.0
-7500.0
7500.0
7500.0
7500.0
-7500.0
-7500.0
-7500.0
-7500.0
-7500.0
7500.0
7500.0
7500.0
7500.0
7500.0
7500.0
7500.0
-7500.0
7500.0
7500.0
7500.0
7500.0
-7500.0
7500.0
7500.0
-7500.0
-6339.891451831758
7500.0
7500.0
7500.0
-6251.91628935078
-4878.656676553304
-2848.798211669757
-741.5840285247364
1273.4457995272514
3175.6681020794263
3223.5653858189576
3692.306843677856
7500.0
7311.506046749148
1676.77050040302
-3106.0606060606065
7500.0
2525.6504213997814
3262.550703760548
3727.3136228798385
-2272.727272727273
7500.0
2027.859237536661
-1742.4242424242427
6867.013568699776
4951.44266631002
7500.0
0.0
-227.27272727272728
253.37837837837878
-2045.4545454545457
540.5405405405422
-132.39655415901416
-845.8319117576084
-1057.668164513023
-127.70551080147197
1525.5370427885218
3318.4281100823387
-3333.3333333333335
7500.0
2693.7406855439767
-3257.575757575758
7500.0
-726.3814616755822
-2288.9944071766636
-2870.2740050198227
-2774.8870678922817
-2226.6147383433763
-2643.2551827157636
-78.72535159090876
7500.0
7500.0
-4077.667894564267
7500.0
-6178.952672207572
-5811.26426510662
-5793.944417097146
-6004.546629241497
-4994.278101158181
-5984.232841732586
7500.0
7500.0
7500.0
7500.0
7500.0
7500.0
7500.0
7500.0
-7500.0
-7500.0
-7500.0
-6837.080829618144
-7500.0
-7500.0
-7500.0
-7500.0
7500.0
7500.0
7500.0
7500.0
7500.0
7500.0
7500.0
7500.0
-7500.0
-7500.0
-7500.0
-7500.0
-7500.0
7500.0
7500.0
7500.0
7500.0
7500.0
7500.0
-7500.0
-7500.0
-7500.0
7500.0
7500.0
7500.0
-7500.0
-6682.356105433028
-7024.064898893605
-6901.978482560999
-7500.0
-7500.0
7500.0
7500.0
7500.0
7500.0
7500.0
7500.0
7500.0
7500.0
-7500.0
-7500.0
-7500.0
-7500.0
7500.0
7500.0
7500.0
7500.0
7500.0
-7500.0
-7500.0
-7500.0
-7500.0
-7500.0
-6724.941724941729
7500.0
7500.0
7500.0
7500.0
7500.0
7500.0
7500.0
-7500.0
-7500.0
-7500.0
7500.0
7500.0
7500.0
-7500.0
-7500.0
-7500.0
-7500.0
-7500.0
-7082.111436950148
-7500.0
7500.0
7500.0
7500.0
-7500.0
7500.0
7500.0
7500.0
7500.0
7500.0
7500.0
-7500.0
-7500.0
-7500.0
-7500.0
7500.0
7500.0
7500.0
7500.0
7500.0
7500.0
-7500.0
7500.0
7500.0
-7500.0
-7500.0
-7291.97080291971
-7500.0
-7500.0
-7500.0
-7500.0
7500.0
7500.0
7500.0
7500.0
7500.0
7500.0
7500.0
-7500.0
-7500.0
-7500.0
-7500.0
-7500.0
-7500.0
7500.0
7500.0
7500.0
7500.0
7500.0
7500.0
7500.0
7500.0
-7500.0
-7500.0
-7500.0
-7500.0
-7500.0
-7500.0
-7500.0
7500.0
7500.0
7500.0
7500.0
7500.0
7500.0
7500.0
7500.0
-7500.0
-7500.0
-7500.0
-7500.0
-7500.0
7500.0
7500.0
7500.0
7500.0
7500.0
7500.0
-3956.2410329985646
-2742.395088651349
-2500.8491553439417
-1629.8680846914158
-464.8920283848902
761.3275637539973
2614.2421013141557
3176.610771919901
3244.874295032363
4707.486009578934
4650.375049165066
-2500.0000000000005
6590.90909090909
-2954.545454545455
3385.5566558211867
1941.6230594619083
2566.6443026415095
2792.8233708001912
2233.907657749301
3213.394838695631
7500.0
-942.6087708675727
-797.1805179855533
-632.4070403096448
112.80474404063943
1600.982229287852
2531.456222282697
3060.9079303113763
5690.158228886982
7309.2929227445875
-2045.4545454545457
2743.9024390243953
-3484.8484848484854
1381.5789473684163
2185.9992611747116
-4090.9090909090914
298.5575903273693
77.28155808659676
1260.6413572481542
3438.866871615355
4056.1567247510666
3692.084756977213
-2196.969696969697
6523.668639053252
-1212.1212121212122
7500.0
7068.690095846647
3828.81010645937
1849.6929447774705
373.2501298615707
30.269456686197827
966.7192302050362
-2196.969696969697
510.89918256130704
34.29004968709478
-348.89305257052274
-887.6200152916203
7500.0
-3138.549826926582
-2526.987066079908
-1401.7270533532542
-540.0590051645295
1716.8378273551084
7500.0
-5757.575757575758
-4399.035284789219
-5071.604442157082
-4282.434147996268
-3520.9362892851186
-3242.6122811394366
-2464.6835187872803
-1498.7137066342307
-447.23015847996703
5720.379148289916
5632.033663956988
3046.205538603419
7500.0
7500.0
7500.0
-7260.839160839159
7500.0
7500.0
7500.0
-7500.0
-7500.0
-7500.0
-7500.0
-7500.0
-6678.937259923179
7500.0
7500.0
7500.0
7500.0
7500.0
7500.0
7500.0
7500.0
7500.0
-7500.0
-7500.0
-7500.0
7500.0
7500.0
7500.0
-5772.727272727276
7500.0
7500.0
7500.0
-5557.627503691645
-5602.968486579695
-5820.144577041621
-6049.902108415537
-6304.43125297693
-5727.7521805537
-2233.261875351118
4221.9397537499935
6155.4597512082755
7500.0
5545.661433248621
6745.899109581991
5419.712032652016
2560.2695042149658
7500.0
-6287.878787878788
-5006.2260214040525
-5530.36379801351
-6690.764615206315
-7500.0
-7500.0
7500.0
7500.0
7500.0
7500.0
7500.0
7500.0
-7500.0
-7500.0
-7500.0
-7500.0
-7500.0
-7500.0
7500.0
7500.0
7500.0
7500.0
7500.0
7500.0
7500.0
-7500.0
-7500.0
7500.0
7500.0
-7500.0
-7500.0
7500.0
7500.0
7500.0
-7500.0
-7500.0
-7500.0
7500.0
7500.0
7500.0
-7500.0
-7210.916698364399
-6549.434660781522
-7500.0
7500.0
7500.0
7500.0
7500.0
7500.0
7500.0
-7500.0
-7500.0
-7500.0
-7500.0
-7500.0
-7500.0
-7500.0
7500.0
7500.0
7500.0
7500.0
7500.0
7500.0
7500.0
7500.0
7500.0
-6583.950970625136
-6291.009777550022
-6366.477729152177
-6436.662314800433
-6830.831418409238
-7500.0
-4952.40476395903
7500.0
7500.0
7500.0
7500.0
7500.0
7500.0
7500.0
7500.0
7500.0
-4103.098927294397
-2628.9320021359604
-32.96183845321866
4869.4000566331415
3857.4873208322897
-3106.0606060606065
5025.225346428091
3438.113687664916
4749.991940095639
5529.857715361144
-2121.2121212121215
3919.4669756662806
-2727.2727272727275
5445.205479452057
-757.5757575757576
3479.3814432989657
-1590.909090909091
2282.608695652172
-3333.3333333333335
3954.54545454548
-4848.484848484849
-2197.1641216476332
-2396.428118095857
-75.35897646877038
4726.424370720522
7500.0
-6136.363636363637
-5140.5970149253735
-5747.53091887558
-6429.2762841650965
-6765.793612784308
-7500.0
-7500.0
-7500.0
-7500.0
7500.0
7500.0
7500.0
7500.0
7500.0
7500.0
7500.0
7500.0
7500.0
-7500.0
-7500.0
-7500.0
-7500.0
-7500.0
7500.0
7500.0
7500.0
7500.0
7500.0
7500.0
7500.0
-7500.0
-7312.930172554139
-7500.0
-7253.101590819353
-6882.373909908654
-7500.0
-7500.0
7500.0
7500.0
7500.0
7500.0
7500.0
7500.0
7500.0
7500.0
7500.0
-7500.0
-7500.0
7500.0