Demand
7500.0
7500.0
7500.0
7500.0
7500.0
7500.0
7500.0
7500.0
7500.0
7500.0
7500.0
7500.0
7500.0
7500.0
7500.0
7500.0
7500.0
7500.0
7500.0
7500.0
7500.0
7500.0
7500.0
7500.0
7500.0
7500.0
7500.0
7500.0
7500.0
-4033.296320406833
-2445.4028150959875
-2576.8651025193267
1313.5801001983546
7500.0
7500.0
7500.0
7500.0
7500.0
7500.0
7500.0
-5422.465208747517
-5366.454376235381
-5474.5613928859075
-5510.794918892167
-4187.891100533941
14.40792054598387
7500.0
7500.0
7500.0
7500.0
7500.0
7500.0
-7175.731027420641
-6946.29638568713
-7278.084815059419
-7500.0
-7500.0
7500.0
7500.0
7500.0
7500.0
7500.0
7500.0
-7500.0
7500.0
7500.0
7500.0
-7327.655714573675
-7500.0
-7500.0
7500.0
7500.0
7500.0
7500.0
-7500.0
-7500.0
-7500.0
-7500.0
-7500.0
-7500.0
7500.0
7500.0
7500.0
7500.0
7500.0
7500.0
7500.0
7500.0
-6016.0257646468945
-6260.714557671965
-6723.514354706831
-6838.863686060877
-7237.052876034935
-7500.0
-7500.0
-7500.0
7500.0
7500.0
7500.0
7500.0
7500.0
7500.0
7500.0
7500.0
7500.0
5870.04949561918
4633.42510242806
-2500.0000000000005
7500.0
4173.098627443842
-2878.787878787879
2804.2433947157715
1295.1635760021513
-4090.9090909090914
-1249.9999999999986
-2070.3839122486297
-2486.8255241150214
-2645.3275144530417
-1828.0821085450334
-1604.0792816048943
-45.45578087471222
5654.515243148898
3781.594571344214
7500.0
-6060.606060606061
-3971.9085838661413
-4468.060650883892
-4592.6019208599155
-4897.543722691129
-5198.892810448828
-5502.116142126455
-4718.5927942569015
7500.0
3421.8193663480006
7500.0
7500.0
7500.0
7500.0
7500.0
-7500.0
-7500.0
-7500.0
-7500.0
-7500.0
-7500.0
7500.0
7500.0
7500.0
7500.0
7500.0
7500.0
-4651.675485008822
-4588.747202634802
-4250.9802054665815
-3262.237639172312
-2073.5167509637427
-412.5339663814366
1270.2918578556232
3490.339146774955
7500.0
7500.0
7500.0
-7196.969696969698
-7167.286855641896
-7500.0
-7500.0
-7500.0
-7500.0
-7500.0
-7500.0
-7500.0
7500.0
7500.0
7500.0
7500.0
7500.0
7500.0
7500.0
7500.0
7500.0
-7500.0
-7500.0
-7500.0
-7500.0
-7500.0
-7500.0
7500.0
7500.0
7500.0
7500.0
7500.0
7500.0
7500.0
-7500.0
-7500.0
-7115.173775048428
-6183.768176293579
-6210.7328516577345
-6192.573291122804
-6529.387173520248
-7500.0
7500.0
7500.0
7500.0
7500.0
7500.0
7500.0
7500.0
7500.0
-7500.0
-7500.0
-7500.0
-7500.0
-7500.0
-7500.0
7500.0
7500.0
7500.0
7500.0
7500.0
7500.0
7500.0
-7500.0
-7500.0
-7500.0
-7283.434650455927
-7500.0
-7500.0
-7500.0
7500.0
7500.0
7500.0
7500.0
7500.0
7500.0
7500.0
7500.0
-7134.224598930483
-6665.654033619312
-5761.739424972995
-5611.87564743515
-4217.729539682257
5981.9635716601
7500.0
7500.0
7500.0
7500.0
2843.7704538279195
7500.0
-5227.272727272728
789.4335401200055
2579.5251894594708
3356.212746373352
3022.1795472820518
940.6029647332434
1837.3748906934002
3235.7187608828626
3788.888166035109
-3560.606060606061
2299.426934097417
4698.930940384073
-1287.878787878788
6402.439024390236
0.0
7500.0
7500.0
360.0612870275795
3552.831059382457
-3636.3636363636365
247.2527472527495
-504.10016107775755
-709.7077272305401
309.80571828524444
2052.05073496877
3520.200091142054
-3333.3333333333335
7500.0
7500.0
7500.0
2954.545454545455
1195.6521739130535
714.2857142857156
7500.0
-3427.728308138332
-3338.9958013173236
-4209.222005388525
-4211.608539930037
-4643.917004685392
-4671.5120408182775
-4778.0116173483475
7500.0
7500.0
7500.0
7500.0
7500.0
7500.0
-7180.134680134681
-7500.0
-7500.0
-7500.0
-7500.0
-7500.0
7500.0
7500.0
7500.0
7500.0
7500.0
7500.0
7500.0
-7500.0
-7500.0
-7500.0
-7500.0
7500.0
7500.0
7500.0
7500.0
7500.0
7500.0
-7339.073969508752
-7293.608683683549
-7500.0
7500.0
7500.0
7500.0
7500.0
-7500.0
-7500.0
-7500.0
-7500.0
-7500.0
-7500.0
-7500.0
7500.0
7500.0
7500.0
7500.0
7500.0
7500.0
7500.0
7500.0
-7144.519069321181
-7500.0
-7500.0
-7500.0
-7500.0
-7500.0
7500.0
7500.0
7500.0
7500.0
7500.0
7500.0
7500.0
7500.0
-7500.0
-7500.0
-7500.0
7500.0
7500.0
7500.0
7500.0
-7500.0
-7500.0
-7500.0
-7500.0
-7184.420329974533
-7500.0
-7500.0
7500.0
7500.0
7500.0
7500.0
7500.0
7500.0
7500.0
7500.0
-7500.0
-7500.0
7500.0
7500.0
7500.0
-7500.0
7500.0
7500.0
-7326.695044086349
-7500.0
-7198.703095646109
-6067.14087268308
7500.0
7500.0
7500.0
7500.0
7500.0
-7500.0
-7500.0
-7500.0
7500.0
7500.0
7500.0
7500.0
-7500.0
-7500.0
-7500.0
-7500.0
-7500.0
7500.0
7500.0
7500.0
7500.0
7500.0
7500.0
7500.0
-7500.0
-7500.0
-7500.0
-7500.0
-7500.0
-7500.0
7500.0
7500.0
7500.0
7500.0
7500.0
7500.0
7500.0
7500.0
7500.0
-7500.0
-7500.0
-7500.0
-7500.0
-7500.0
7500.0
7500.0
7500.0
7500.0
7500.0
-7500.0
-7500.0
-7500.0
-7500.0
-7500.0
7500.0
7500.0
7500.0
7500.0
7500.0
7500.0
7500.0
-7500.0
-7500.0
7500.0
7500.0
7500.0
-7500.0
-7500.0
-7500.0
-7500.0
7500.0
7500.0
7500.0
7500.0
7500.0
7500.0
-2318.18181818182
-2086.5798348645208
-1200.8062396377777
-42.57812799045769
1134.8723548019884
2935.3466098711137
3507.372856491902
3662.624591902027
5371.660327911344
6109.912913157355
3471.67917889172
-2803.030303030303
2884.6153846153848
-4090.9090909090914
5833.333333333321
-4393.939393939394
-982.4301711932035
-1363.908665166488
-1877.137916012698
-1835.9587769080558
-666.3749661515903
-407.1782701741513
-90.92493269925944
918.3428217313353
2743.258176856383
3516.356477112844
3365.072019395173
4731.6381992410925
-454.54545454545456
7500.0
2680.4951804951847
557.4884297407048
-4090.9090909090914
1018.5185185185164
1074.4530698659164
1380.967162052024
7500.0
3894.0552755084354
5901.726375514478
4802.761136124342
-2272.727272727273
7500.0
-1515.1515151515152
6560.828214781059
4431.20179518658
-1439.3939393939395
3143.4782608695677
-3030.3030303030305
1095.505617977531
622.723509933779
1632.1358041114563
-2196.969696969697
7500.0
-215.732786254649
-807.2077167897496
-2323.1144386648816
-2445.2578581361577
-2519.6035497632033
-1947.2541198249946
-1016.1067792413401
-800.831550989984
-804.2796558603022
597.9678052908757
5550.665575966056
3139.273704769839
7500.0
7500.0
-4351.133940686181
-4353.137974579833
-4140.296953027284
-4065.9774979370577
-4371.66669532261
-4147.793264468062
-4030.013013480053
-4889.027538839691
-2821.862963527832
7500.0
7500.0
7500.0
7500.0
7500.0
7500.0
7500.0
-7500.0
-7500.0
-7500.0
-7500.0
7500.0
7500.0
7500.0
7500.0
7500.0
-7112.332804352756
-7500.0
-7500.0
-7500.0
7500.0
7500.0
7500.0
7500.0
7500.0
7500.0
-5949.331217411018
-6343.802567793249
-5626.139475878626
-2528.8229204332797
4771.418401874351
7500.0
7500.0
7500.0
7500.0
7500.0
-6470.49969897652
-4991.0610458923875
-3090.677548046251
-2167.14107645216
718.9214228139713
1308.829580578767
4589.664933183169
6248.685393022957
2730.001690237015
2714.2609439372477
7500.0
7500.0
-6120.225927918236
-4669.3178701562865
7500.0
7500.0
7500.0
7500.0
7500.0
7500.0
7500.0
7500.0
-7500.0
-7500.0
-7500.0
-7500.0
-7500.0
7500.0
7500.0
7500.0
7500.0
7500.0
7500.0
7500.0
-7500.0
-7500.0
-7500.0
-7500.0
-7500.0
-7500.0
-7500.0
-7500.0
7500.0
7500.0
7500.0
7500.0
7500.0
7500.0
7500.0
7500.0
-7500.0
-7320.841392649905
-7096.767846186778
-7500.0
-7500.0
-7500.0
-7500.0
7500.0
7500.0
7500.0
7500.0
7500.0
7500.0
7500.0
7500.0
-7500.0
7500.0
7500.0
-7500.0
-7500.0
-7500.0
-7500.0
-7500.0
-7500.0
-3966.9421487603504
7500.0
7500.0
7500.0
7500.0
7500.0
7500.0
7500.0
7500.0
7500.0
-7500.0
-7500.0
-7295.247305885605
-6073.449813054622
-4359.32702026136
-3940.08607539139
-2007.1075225249988
7500.0
7500.0
7500.0
7500.0
7500.0
7500.0
4511.966658955964
-2196.969696969697
7500.0
5542.671614100187
6257.922917057821
3378.1028771604774
-1969.69696969697
2369.4516971279354
-1363.6363636363637
6406.249999999996
-2121.2121212121215
5217.39130434783
-2954.545454545455
2877.358490566025
-1070.1906412478347
7500.0
-1901.1651537732046
-2537.15994189742
-1734.7769162628888
-1966.2284847648898
-1247.9023907373266
1042.3631506038732
3215.008698477662
7500.0
1740.3207571265443
7500.0
7500.0
-7500.0
-7500.0
-7500.0
-7500.0
-7500.0
-2727.272727272715
7500.0
7500.0
7500.0
7500.0
7500.0
7500.0
7500.0
-7500.0
-7500.0
-7500.0
-7500.0
-7500.0
-7500.0
-7500.0
-7500.0
7500.0
7500.0
7500.0
7500.0
7500.0
7500.0
7500.0
7500.0
7500.0
-7500.0
-7500.0
-7500.0
-7500.0
7500.0
7500.0
7500.0
7500.0
7500.0
7500.0
-7500.0
-7500.0
-7302.953232258384