Demand
7500.0
7500.0
7500.0
7500.0
7500.0
7500.0
7500.0
7500.0
7500.0
7500.0
7500.0
7500.0
7500.0
7500.0
7500.0
7500.0
7500.0
7500.0
7500.0
7500.0
7500.0
7500.0
7500.0
-6200.567600260543
-5628.820746415908
-6081.45064136703
-5637.137961096727
7500.0
7500.0
7500.0
7500.0
-5630.181673905794
-5708.29294580733
-2208.7951114374955
7500.0
7500.0
7500.0
-5960.846084608462
-5288.989369328774
-3974.1291298303136
-1795.95421501567
7500.0
7500.0
7500.0
7500.0
7500.0
-7500.0
-7500.0
-7500.0
-7500.0
-7500.0
7500.0
7500.0
7500.0
7500.0
7500.0
-7500.0
-7500.0
-7500.0
7500.0
7500.0
7500.0
-7500.0
-7500.0
-7500.0
-7500.0
7500.0
7500.0
7500.0
7500.0
7500.0
7500.0
-7500.0
-7500.0
-7500.0
-7500.0
-7500.0
7500.0
7500.0
7500.0
7500.0
7500.0
7500.0
-7500.0
-7500.0
-5562.871707731527
-2147.029321678703
7500.0
7500.0
7500.0
7500.0
1530.5698180240797
7500.0
7500.0
-7500.0
-7500.0
-7500.0
-7500.0
-7500.0
-2243.8524590163975
7500.0
7500.0
7500.0
7500.0
7500.0
6826.790607065024
4498.254101467079
-2500.0000000000005
7500.0
7500.0
3590.90909090909
-2500.0000000000005
7500.0
-518.5084376701134
-1302.5843641046972
-1818.6736878360261
-1212.7886958492345
7500.0
-5454.545454545455
7500.0
7500.0
-3036.51333452658
-3175.5601813270882
-3483.0895026534417
-3326.868276354477
-2321.801872394577
-2705.484459568422
-2266.8262573148513
-1640.5548917051951
1082.1355825129976
7500.0
7500.0
7500.0
4914.2740532142525
7500.0
7500.0
-7336.592979550236
-7500.0
-7500.0
-7500.0
-7500.0
7500.0
7500.0
7500.0
7500.0
7500.0
-7500.0
-7259.3771299556975
-4891.7765374730825
-2690.5979237056213
7500.0
7500.0
7500.0
7500.0
7500.0
-4375.875710871178
-4193.134489027454
-4518.778466310476
-5456.400952147618
-6085.738633136898
-6318.491505406693
-4441.436749433031
-3910.6180743312107
7500.0
7500.0
7500.0
7500.0
7500.0
7500.0
7500.0
-7500.0
-7500.0
-7500.0
-7500.0
7500.0
7500.0
7500.0
7500.0
7500.0
7500.0
7500.0
-7500.0
-7500.0
-7500.0
-7500.0
-7500.0
-7500.0
-7500.0
-7500.0
7500.0
7500.0
7500.0
7500.0
7500.0
7500.0
7500.0
7500.0
-6605.760783165297
-6716.31306983457
-7058.923947420053
-7500.0
-7500.0
-7500.0
-7500.0
7500.0
7500.0
7500.0
7500.0
7500.0
7500.0
7500.0
7500.0
7500.0
-7500.0
-7500.0
-7500.0
7500.0
7500.0
7500.0
7500.0
7500.0
7500.0
-7500.0
-7500.0
-7500.0
-7219.901719901718
-7500.0
-7500.0
7500.0
7500.0
7500.0
7500.0
7500.0
7500.0
7500.0
7500.0
-7500.0
7500.0
7500.0
7500.0
-6504.408217582966
-6236.954029277656
-4898.245161776293
-3014.6962785300734
-1217.9841111898463
344.5248636988572
1792.421429755599
1920.8896007462058
2314.27605612401
5737.114129394992
7500.0
7500.0
4360.412540501784
-3106.0606060606065
7500.0
736.7375555036206
2080.1220796380208
-2272.727272727273
601.9830028328593
1333.135782957987
4073.0352919541597
-1287.878787878788
4304.73372781065
0.0
0.0
-227.27272727272728
306.1224489795941
-2045.4545454545457
3125.0000000000255
-3939.39393939394
-617.4533479692655
-998.1531334126321
-472.04195632685423
413.96897306061146
1594.735535739227
2189.682021944026
2709.719442735106
2035.7979816486713
-3257.575757575758
1403.2258064516031
551.2509739416414
7500.0
-3542.399555637847
-3671.6665376265755
-3589.245592090916
-4402.998992009332
-4390.785110597
-4761.1384536250425
-4656.063578654272
-3815.3352684014535
7500.0
7500.0
7500.0
7500.0
7500.0
-2485.337243401784
7500.0
7500.0
-7500.0
-7500.0
-7500.0
-7500.0
-7500.0
7500.0
7500.0
7500.0
7500.0
7500.0
-7017.766497461929
-7500.0
-7500.0
-7500.0
-7500.0
-7500.0
7500.0
7500.0
7500.0
7500.0
7500.0
7500.0
-7332.689588879095
-7500.0
-7500.0
-7500.0
7500.0
7500.0
7500.0
7500.0
-7500.0
-7500.0
-7500.0
-7500.0
-7500.0
-7500.0
-7500.0
-7500.0
7500.0
7500.0
7500.0
7500.0
7500.0
7500.0
7500.0
7500.0
7500.0
-7500.0
-7500.0
-7500.0
-7500.0
-7500.0
-7500.0
-7500.0
-7500.0
7500.0
7500.0
7500.0
7500.0
7500.0
7500.0
7500.0
7500.0
7500.0
-7500.0
-7500.0
-7500.0
-7500.0
7500.0
7500.0
7500.0
7500.0
7500.0
7500.0
-7500.0
-7500.0
7500.0
7500.0
7500.0
-7500.0
-7500.0
7500.0
7500.0
7500.0
7500.0
7500.0
7500.0
-7337.86551371032
-7500.0
-7274.138084089092
-6875.519373188319
-6885.760249894058
7500.0
7500.0
7500.0
7500.0
7500.0
7500.0
-7500.0
7500.0
7500.0
-7500.0
-7500.0
-7500.0
-7500.0
-7500.0
-7500.0
-7500.0
7500.0
7500.0
7500.0
7500.0
7500.0
7500.0
7500.0
7500.0
7500.0
-7500.0
-7500.0
-7500.0
-7500.0
7500.0
7500.0
7500.0
7500.0
7500.0
-7500.0
-7500.0
-7500.0
-7500.0
-7500.0
-7500.0
7500.0
7500.0
7500.0
7500.0
7500.0
7500.0
-7500.0
-7500.0
-7500.0
-7500.0
-7500.0
-7500.0
7500.0
7500.0
7500.0
7500.0
7500.0
7500.0
7500.0
7500.0
-7500.0
7500.0
7500.0
-7500.0
-7500.0
-7500.0
7500.0
7500.0
7500.0
7500.0
7500.0
7500.0
-5799.184404217229
-4883.226645785777
-2912.257104145589
-1003.660814227414
-345.24636188272143
1391.970464572743
3535.802744654069
5047.874889658278
6249.186442859691
4468.837961797521
3109.007498721525
3107.9612560485552
-2121.2121212121215
3689.767995240929
2646.7198204399124
2057.8339977503674
-497.6561326363899
-1209.181629814484
-882.0504472040752
-696.7910416736081
-980.6475263903994
-1320.390436230889
-815.7398982486484
1671.3345866887626
2909.806188015051
4151.302988235204
-4393.939393939394
130.20288642543255
942.4291533681017
1527.5018662552884
4070.7400613319505
-454.54545454545456
3469.5290858725743
-2727.2727272727275
868.4210526315783
-463.83162572521996
-207.6791870027846
-275.587459936959
-457.9227144969336
-529.5201692361179
883.0370949567309
3215.4066503092217
-2651.515151515152
7500.0
3995.501085944772
4960.986389251939
-1212.1212121212122
4512.320328542095
-1439.3939393939395
3056.274256144891
-3030.3030303030305
785.1985559566806
397.033497277087
1380.3861290061577
3331.197810611596
-3787.878787878788
6581.63265306121
-4318.181818181819
3169.1623771642485
3228.3147867178227
3811.1948787867623
6375.191039739999
2216.9827205991123
7500.0
1797.5206611570334
7500.0
44.73161033797669
7500.0
-5023.482434725038
-4274.01107256264
-3605.003856956922
-3473.326535551798
-2998.543798996426
-2607.498003944107
-2626.1871552909506
-1361.1938170533813
921.2330023031827
3232.687174682563
7500.0
7500.0
7500.0
7500.0
7500.0
7500.0
-7500.0
-7500.0
-7500.0
-7500.0
-7500.0
-7500.0
-7105.044345898006
-6778.086016670646
7500.0
7500.0
7500.0
7500.0
7500.0
7500.0
7500.0
7500.0
7500.0
7500.0
7500.0
-7500.0
-6302.660753880267
-5267.89764994102
-4508.037281611963
7500.0
7500.0
7500.0
7500.0
-5434.782608695654
-4778.95392278954
7500.0
7500.0
7500.0
-5402.751047209329
-3944.9039904267447
-3357.9910739876454
-1404.2082777985283
-1025.913817095939
1436.271616322103
4503.3982244842955
3028.507209719204
2610.4575603245935
7500.0
7500.0
7500.0
7500.0
-7500.0
-7500.0
-7500.0
-7500.0
-7500.0
-7500.0
7500.0
7500.0
7500.0
7500.0
7500.0
7500.0
7500.0
-7500.0
-7500.0
-7500.0
-7500.0
-7500.0
7500.0
7500.0
7500.0
7500.0
7500.0
7500.0
7500.0
-7500.0
7500.0
7500.0
7500.0
-7500.0
-7500.0
-7500.0
7500.0
7500.0
7500.0
7500.0
7500.0
-7325.331971399388
-7115.547800808054
-7500.0
-7500.0
-7500.0
-7500.0
-7500.0
7500.0
7500.0
7500.0
7500.0
7500.0
7500.0
7500.0
7500.0
7500.0
-7500.0
7500.0
7500.0
-7500.0
-7500.0
-7500.0
-7500.0
-6885.775862068969
-6204.554760904934
-3445.2346858388664
7500.0
7500.0
7500.0
-679.8638465096083
7500.0
7500.0
7500.0
7500.0
7500.0
-7346.084608460846
-6342.498888809658
-4296.855715006117
1441.1592141647761
7500.0
7500.0
7500.0
-2789.256198347108
-1222.4996099235473
947.1389385274651
2989.913767977081
4466.848004076181
5061.522228721891
-2651.515151515152
7500.0
-1212.1212121212122
6538.434855002082
5711.537497963405
2966.112848796029
5338.047767872818
-757.5757575757576
3479.3814432989657
-1590.909090909091
2282.608695652172
-3333.3333333333335
3954.54545454548
-4848.484848484849
-2199.884570988843
-2930.920357482772
-2450.167936609585
-2967.82382245104
-2994.79085871495
-2655.4726142698237
-3353.78552101692
-3642.9632135954744
-3550.2731983269114
7500.0
7500.0
7500.0
7500.0
7500.0
7500.0
7500.0
7500.0
7500.0
-7500.0
-7500.0
-7500.0
-7500.0
-7500.0
-7500.0
-7500.0
7500.0
7500.0
7500.0
7500.0
7500.0
7500.0
7500.0
7500.0
7500.0
-7500.0
-7500.0
-7182.375417927084
-7500.0
7500.0
7500.0
7500.0
7500.0
7500.0
7500.0
-7500.0
-7500.0
-7500.0
-7500.0
7500.0
7500.0
7500.0
7500.0
7500.0
7500.0