Demand
7500.0
7500.0
7500.0
7500.0
7500.0
7500.0
7500.0
7500.0
7500.0
7500.0
7500.0
7500.0
7500.0
7500.0
7500.0
7500.0
7500.0
7500.0
7500.0
7500.0
7500.0
7500.0
-6762.470943511695
-6075.617679568299
-5670.792056247197
-6439.575979313258
-7166.647323705296
-2025.030333029741
4029.19007911494
5440.353156117109
7500.0
2145.4467255936343
7500.0
7500.0
2356.378551826978
7500.0
7500.0
7500.0
-4192.456479690529
2445.727115228225
7500.0
7500.0
7500.0
-6412.905276541642
7500.0
-6968.346008844594
-7500.0
-7500.0
-7500.0
-7500.0
-7500.0
-7500.0
7500.0
7500.0
7500.0
7500.0
7500.0
7500.0
7500.0
7500.0
-7500.0
-7500.0
-7500.0
-7500.0
-7500.0
-7500.0
7500.0
7500.0
7500.0
7500.0
7500.0
7500.0
7500.0
7500.0
7500.0
-7500.0
-7500.0
-7500.0
-7500.0
7500.0
7500.0
7500.0
7500.0
7500.0
7500.0
7500.0
-6145.095566120117
-6506.508535719751
-3696.5940542112057
6652.150453235555
2237.174966683393
7500.0
7500.0
7500.0
-7500.0
-7500.0
-7500.0
-7500.0
7500.0
7500.0
7500.0
7500.0
7500.0
7500.0
323.67211440244955
1565.4497779115868
3185.3769400218625
4158.728579533768
3948.308115125992
-1818.1818181818182
2338.709677419356
-2500.0000000000005
3045.454545454544
-4090.9090909090914
7500.0
-2245.3906935908703
-2748.7094667421316
-3063.6445656855963
-2633.699688826744
-2894.7412798093196
-2682.3451641367483
-1618.771387448221
-1303.3978337968074
-919.245430499845
1275.1263298050476
7500.0
2035.9790027577747
7500.0
7500.0
-6818.181818181819
-6415.777237662474
-6484.511653100355
-6305.392838618163
-6288.124330292816
-6134.227149461967
-1221.2391490582354
7500.0
7500.0
7500.0
7500.0
7500.0
7500.0
7500.0
-7500.0
7500.0
7500.0
-7500.0
-7329.385102197895
-6181.2794708912825
-6446.75412974806
-4546.557787322086
-2513.586662210997
-1803.9517611406723
-11.64522255906195
4519.506593316219
7003.585708494898
5297.576219064404
4167.8717066684785
4251.4574672077315
7500.0
7500.0
7500.0
-6748.233631653326
-7014.310997251105
-7500.0
7500.0
7500.0
7500.0
7500.0
7500.0
-7500.0
-7500.0
-7500.0
-7500.0
-7500.0
-7500.0
7500.0
7500.0
7500.0
7500.0
7500.0
7500.0
-7500.0
-7500.0
-7500.0
-7500.0
-7500.0
-7500.0
-7500.0
7500.0
7500.0
7500.0
7500.0
7500.0
7500.0
7500.0
7500.0
7500.0
-6871.314639630085
-7157.463490003442
-7500.0
-7500.0
-7500.0
-7500.0
-7500.0
7500.0
7500.0
7500.0
7500.0
7500.0
7500.0
7500.0
-7500.0
7500.0
7500.0
7500.0
-7500.0
-7500.0
-7500.0
-7500.0
-7500.0
-7500.0
7500.0
7500.0
7500.0
7500.0
7500.0
7500.0
7500.0
7500.0
-7500.0
-7500.0
-7500.0
-7500.0
-5895.012067578447
7500.0
7500.0
7500.0
7500.0
7500.0
7500.0
7500.0
-5301.67955151284
-3814.771362950352
-2473.9438967074007
-1348.2148278407462
-266.13613286705095
-59.71877973998289
422.5870739201205
3642.1321331815852
7500.0
7500.0
4022.235659156232
-3106.0606060606065
7500.0
625.3362022592769
-2803.030303030303
4032.033426183845
-3560.606060606061
3824.503311258266
-1742.4242424242427
7500.0
7249.744637385087
7500.0
0.0
-227.27272727272728
286.2595419847353
-2045.4545454545457
1447.3684210526394
238.30155979203164
7500.0
-1487.7754137968332
-1078.8805234618812
-352.1766613018881
667.2763136691401
1278.2446553448517
1956.974212137609
1720.1499099272387
-3257.575757575758
-69.23076923077224
-955.5705959346246
-2368.550766429449
-2633.1529108748323
-1567.0724659575249
4551.541839394415
7500.0
-6439.39393939394
-5595.115681233936
-6019.090829464725
-6763.805525461594
-6260.57245036339
-4375.567184820948
-911.0015399933072
7500.0
5478.702071711958
7500.0
7500.0
-7500.0
7500.0
7500.0
7500.0
-7500.0
-7500.0
-7500.0
-7500.0
7500.0
7500.0
7500.0
7500.0
7500.0
7500.0
-7500.0
-7500.0
-7500.0
-7500.0
-7500.0
-7500.0
-3181.8181818181924
7500.0
-3828.502415458919
7500.0
7500.0
7500.0
7500.0
7500.0
7500.0
7500.0
7500.0
-7500.0
-7500.0
-7500.0
7500.0
7500.0
7500.0
-7500.0
7500.0
7500.0
7500.0
7500.0
-6852.272727272728
-7142.132479473987
-7088.394253873974
-7500.0
-7500.0
-7500.0
7500.0
7500.0
7500.0
7500.0
7500.0
7500.0
7500.0
-7500.0
7500.0
7500.0
7500.0
-7500.0
7500.0
-7500.0
-7500.0
-7500.0
7500.0
7500.0
7500.0
7500.0
-7500.0
-7285.085881860074
-7500.0
-7500.0
-7500.0
7500.0
7500.0
7500.0
7500.0
7500.0
7500.0
-7500.0
-7500.0
-7500.0
-7500.0
7500.0
7500.0
7500.0
7500.0
7500.0
-7322.530347922684
-7500.0
-7258.298622780569
-6865.886045378182
-6991.872674452414
-7500.0
7500.0
7500.0
7500.0
7500.0
7500.0
7500.0
7500.0
-7500.0
-7500.0
-7500.0
-7500.0
-7500.0
7500.0
7500.0
7500.0
7500.0
7500.0
7500.0
7500.0
7500.0
-7500.0
-7322.64170512887
-7500.0
-7500.0
-7500.0
-7500.0
-7500.0
7500.0
7500.0
7500.0
7500.0
7500.0
7500.0
7500.0
-7500.0
-7500.0
7500.0
7500.0
7500.0
-7500.0
-7500.0
-7500.0
-7500.0
-7500.0
7500.0
7500.0
7500.0
7500.0
7500.0
7500.0
-7500.0
-7500.0
-7500.0
-7500.0
7500.0
7500.0
7500.0
7500.0
7500.0
-7500.0
-7500.0
-7500.0
-7500.0
-7500.0
7500.0
7500.0
7500.0
7500.0
7500.0
-7500.0
-5977.357530529172
-4789.547230983553
-2259.515897411175
5553.554241811058
7500.0
5834.4188988022415
5912.936408373005
5142.250558708769
3764.613741295747
-4015.151515151515
1837.7738915749396
2178.217473506047
3959.973999861233
5307.470989732992
3601.3578950245956
2404.9122830571987
1712.04436201928
-4090.9090909090914
-697.2789115646269
-108.08241859324517
439.9496933875821
691.0340909514493
2845.201861090971
7500.0
-1563.8947615691814
-1449.4021998406224
-1318.57110127841
-667.5992620805764
660.2785628734055
1533.651798143001
2089.4656986853674
4605.374739372619
-454.54545454545456
3542.9447852760695
-2727.2727272727275
1637.9310344827622
-147.88732394365707
846.5813155863457
7500.0
4742.757242757236
2610.3900734507524
4581.063695165465
-3181.818181818182
3116.521155137676
3612.4592097125937
3331.3521681516627
-1515.1515151515152
5364.523536165329
-1590.909090909091
4999.999999999998
-2348.4848484848485
2036.637931034486
308.44066566208767
-74.633457176903
876.9154696853525
-2196.969696969697
7500.0
-374.74183847240784
-960.0412286992973
-2455.3736951632436
-2615.548387826051
-2747.029174190749
-2301.394471906003
-1583.8393942315506
-1576.3715769764294
-1887.063752828502
-1478.3643661556707
158.29321591436792
1382.968176414006
5737.891178861748
7500.0
4213.5361244590895
7500.0
-4475.59250088433
-4477.208257318376
-4831.191229842449
-4779.565041339194
-4899.960472182176
-5815.826764666792
-5617.7739188923515
-4911.88692350452
2210.35593171825
7500.0
7500.0
7500.0
7500.0
7500.0
7500.0
7500.0
-7500.0
7500.0
7500.0
-7336.6762177650435
-7500.0
-7500.0
-7500.0
-6547.269202365142
-7500.0
7500.0
7500.0
7500.0
7500.0
7500.0
7500.0
7500.0
7500.0
7500.0
-6709.124209124211
-6479.685410729382
-5829.178330241995
-6470.765442389307
-4630.526852897236
-4386.2001550562945
-4242.639073433176
-3646.7626041992935
-91.15428658649671
7500.0
7500.0
7500.0
7500.0
7500.0
7500.0
7500.0
-2794.563480683355
-3269.4837760618284
-4385.675337266537
-4675.6328220683845
-4952.939313165694
-5441.487624769505
-6609.724563684202
-7500.0
7500.0
7500.0
7500.0
7500.0
7500.0
7500.0
-7500.0
7500.0
-7500.0
-7500.0
-7500.0
-7500.0
-7500.0
7500.0
7500.0
7500.0
7500.0
7500.0
7500.0
7500.0
7500.0
7500.0
-7500.0
-7500.0
-7500.0
-7500.0
7500.0
7500.0
7500.0
7500.0
7500.0
7500.0
-7500.0
-7500.0
-7500.0
-7500.0
-7250.219106047329
-6856.051901204859
-7500.0
-7500.0
7500.0
7500.0
7500.0
7500.0
7500.0
7500.0
7500.0
7500.0
-7500.0
-7500.0
7500.0
7500.0
7500.0
-7500.0
7500.0
7500.0
7500.0
7500.0
-7500.0
-7145.384555564198
-6848.460626346981
-5969.755832346385
-3629.6961290738673
7500.0
7500.0
7500.0
7500.0
7500.0
-7500.0
-7500.0
7500.0
7500.0
7500.0
-4591.836734693876
7500.0
-4541.313559322034
5832.9951180675525
7500.0
2114.891040980121
7500.0
-785.254568440409
637.7534549499246
2134.5917883987822
3922.6482060872468
2501.4144188527025
3713.601307577739
-1212.1212121212122
3479.3814432989693
-1969.69696969697
2482.3943661971807
-1363.6363636363637
6626.984126984122
-2121.2121212121215
6264.705882352948
-2954.545454545455
7500.0
-340.9090909090892
-1161.971830985914
-1015.3010340664509
7500.0
-5606.060606060606
-4071.183042108278
-4198.893039718743
-4104.8670669063085
-4766.660844451824
-5250.711711934795
-5816.457748037319
-5515.657827466081
7500.0
7500.0
7500.0
7500.0
7500.0
7500.0
-7325.107390199
-7500.0
-7500.0
-7500.0
7500.0
7500.0
7500.0
7500.0
-7500.0
-7500.0
-7500.0
-7500.0
7500.0
7500.0
7500.0
7500.0
7500.0
7500.0
7500.0
-7500.0
-7317.826704545456
-7500.0
-7197.804610136467
-6326.951173915631
7500.0
7500.0
7500.0
7500.0
7500.0
7500.0
-7500.0
-7500.0
-7500.0
-7500.0
-7500.0
7500.0
7500.0
7500.0