Demand
-7500.0
-7500.0
7500.0
7500.0
7500.0
7500.0
7500.0
7500.0
7500.0
7500.0
-7500.0
-7500.0
-7500.0
-7500.0
-7500.0
-7500.0
-7500.0
7500.0
7500.0
7500.0
7500.0
7500.0
7500.0
7500.0
7500.0
-6778.9373814041755
-7293.625452352484
-4706.325346327689
-2640.8409107206503
-1286.3352887645524
4440.720327431556
2785.0840817406547
7500.0
7500.0
4182.0104263400335
7500.0
7500.0
-5551.948051948055
-4393.491124260359
-1170.8957505350136
7500.0
7500.0
-929.8340930780687
7500.0
-6537.433155080214
-6940.204892326992
-7500.0
-7500.0
7500.0
7500.0
7500.0
7500.0
7500.0
-6999.394980288069
-7318.492409462575
-7500.0
-7500.0
-7500.0
-7500.0
-7500.0
7500.0
7500.0
7500.0
7500.0
7500.0
7500.0
7500.0
7500.0
7500.0
-7500.0
7500.0
7500.0
-7500.0
-7500.0
-7500.0
-7500.0
-7500.0
-7500.0
7500.0
7500.0
7500.0
7500.0
7500.0
7500.0
7500.0
7500.0
-6412.25328050598
-6835.6036837047595
-5867.556748774119
-6097.85613357201
-6582.22717035397
-6656.113091687539
-7110.261514077001
-7500.0
7500.0
7500.0
7500.0
7500.0
7500.0
7500.0
7500.0
7500.0
-1707.086206209398
-844.7057658275085
200.4649127460507
1386.2789318014584
2995.258734625908
4114.569083591268
4200.0328595775445
4278.093293784645
-2878.787878787879
3183.453237410071
-3106.0606060606065
105.6338028169007
-681.6689466484295
-873.3314629088604
3691.62195541884
7500.0
-3336.0389610389625
-3110.057991610704
-988.3638640692147
7500.0
7500.0
-4348.590158755233
-4350.388217348851
-3793.791818821253
-4278.943455804285
-4354.687492827305
-4601.285108261629
-4794.124079370664
-4840.07682386438
-1415.6244481475128
7500.0
7500.0
7500.0
7500.0
7500.0
7500.0
-7500.0
-7500.0
-7500.0
-7500.0
-7500.0
-7500.0
7500.0
7500.0
7500.0
7500.0
7500.0
7500.0
7500.0
7500.0
-4925.1835121400345
-4765.400616597712
-4190.607526545298
-3698.6897624120884
-3289.585238554669
-3458.616294912512
-4421.629879678418
-4789.753242943534
-2373.7238885536794
7500.0
7500.0
7500.0
7500.0
7500.0
7500.0
7500.0
7500.0
7500.0
-7500.0
-7500.0
-7500.0
-7500.0
-7500.0
7500.0
7500.0
7500.0
7500.0
7500.0
7500.0
-7500.0
-7500.0
-7500.0
-7500.0
7500.0
7500.0
7500.0
7500.0
7500.0
7500.0
-7500.0
-7500.0
-7500.0
-7500.0
7500.0
7500.0
7500.0
7500.0
7500.0
7500.0
7500.0
-7500.0
7500.0
7500.0
-7500.0
-7500.0
-7500.0
-7500.0
-7500.0
7500.0
7500.0
7500.0
7500.0
7500.0
7500.0
7500.0
-7500.0
-7500.0
-7500.0
-7500.0
-7500.0
-7500.0
7500.0
7500.0
7500.0
7500.0
7500.0
7500.0
7500.0
-7500.0
-7500.0
7500.0
7500.0
7500.0
7500.0
-7500.0
-6880.1652892562015
-2900.696864111518
7500.0
7500.0
7500.0
7500.0
-4156.891495601174
-3096.3087176638965
-2311.4168041105477
-1648.2424881934417
-1739.7095217266747
-1765.3697536672917
-239.01859500688624
4088.58433817486
6053.663126845697
5833.385755696418
4272.692759550753
1310.068761541932
2227.086707831158
3092.9096807549035
-2272.727272727273
7500.0
1245.4689014104733
4032.509575342471
-1287.878787878788
4182.322801024764
0.0
0.0
-227.27272727272728
256.6539923954374
-2045.4545454545457
595.2380952380968
-92.31462023416316
-791.4240763395305
-907.0093356267203
424.2738949537652
3418.8522755884896
-3636.3636363636365
2091.5557595227183
2846.262090756354
2633.588671093548
1760.8839941158567
4.100330685789686
-929.2456750523143
-2461.8491206940075
-3069.054421015331
-3063.9627093130784
-2714.7421545063576
-3360.8559063390876
-2366.397096015764
575.5579359428125
7500.0
7500.0
7500.0
7500.0
-6190.90909090909
-6243.5819336872355
-6483.5535143220495
-6036.008265036389
-6859.327726332031
-7500.0
7500.0
7500.0
7500.0
7500.0
7500.0
7500.0
7500.0
-7500.0
-7500.0
-7500.0
-6366.477272727272
-7500.0
7500.0
7500.0
7500.0
7500.0
7500.0
7500.0
-7500.0
-6617.1200300489
-6648.501525621587
-7206.3505361427
-6832.52671313889
7500.0
7500.0
7500.0
7500.0
7500.0
-7500.0
-7500.0
-7500.0
-7500.0
-7500.0
-7500.0
-7500.0
7500.0
7500.0
7500.0
7500.0
7500.0
7500.0
7500.0
7500.0
7500.0
-7500.0
-7500.0
-7500.0
-7500.0
7500.0
7500.0
7500.0
7500.0
7500.0
-7500.0
-7500.0
-7500.0
-7500.0
-7500.0
-7500.0
-7500.0
7500.0
7500.0
7500.0
7500.0
7500.0
7500.0
7500.0
7500.0
-7345.425341065544
-7500.0
-7500.0
-7500.0
-7500.0
-7500.0
-7500.0
7500.0
7500.0
7500.0
7500.0
7500.0
7500.0
7500.0
-7500.0
-7500.0
-7500.0
-7500.0
-7500.0
-7061.217341638681
-7500.0
7500.0
7500.0
7500.0
7500.0
7500.0
7500.0
7500.0
7500.0
7500.0
7500.0
-7500.0
-7500.0
-7500.0
-7500.0
-7500.0
-7500.0
-7500.0
7500.0
7500.0
7500.0
7500.0
7500.0
7500.0
7500.0
7500.0
-7317.155321742475
-7500.0
-7500.0
-7500.0
-7500.0
7500.0
7500.0
7500.0
7500.0
7500.0
7500.0
-7500.0
-7500.0
-7500.0
7500.0
7500.0
7500.0
7500.0
7500.0
-7500.0
-7500.0
-7500.0
-7500.0
-7500.0
-7500.0
7500.0
7500.0
7500.0
7500.0
7500.0
7500.0
7500.0
7500.0
-7500.0
-7500.0
-7500.0
7500.0
7500.0
7500.0
7500.0
7500.0
-7500.0
-7500.0
-7500.0
-7500.0
7500.0
7500.0
7500.0
7500.0
-6099.508599508601
-5001.641541492081
-2563.746074547073
5978.977784930588
7500.0
4812.460895225598
6409.696470096051
2506.1318295702354
7500.0
-485.5537720706261
25.777155314804077
341.83230184719514
1842.7435243949699
-2121.2121212121215
2994.69964664311
-2803.030303030303
2527.855153203343
-597.3993296556155
-1065.0631619283554
876.101031779489
7500.0
-979.8314268512968
-1513.5661985409474
-1449.6891566496342
-171.46925582975837
115.98732981836474
459.75794341013443
1536.5798662304337
3421.561885826366
4030.604301328607
3652.5726228318345
4887.9963298426155
-454.54545454545456
7500.0
2142.1173762945905
-3484.8484848484854
16.70378619153371
380.7496391074037
402.5505015779254
435.5289656966229
1373.3021208363966
7500.0
1923.634706223584
2929.5285641759633
3430.478726249965
3169.2078097815593
-1515.1515151515152
5364.523536165329
-1590.909090909091
4999.999999999998
-2348.4848484848485
2036.637931034486
308.44066566208767
-74.633457176903
876.9154696853525
-2196.969696969697
7500.0
-270.1183557459808
-857.4588099806801
-2362.8147363541398
-2486.692662625784
-2563.899610331378
-2001.8764823613724
-1086.4400575570726
-878.616511411637
-888.1022539689561
483.4890622955786
5398.995047329541
3355.9965398134727
7500.0
7500.0
-4135.949471940363
-4058.664527729868
-3699.659604603792
-3420.9221788487503
-3485.384837567757
-2508.482193247872
-496.2055608212049
5069.117436939921
7500.0
7500.0
7500.0
-3461.648114757474
7500.0
-7500.0
-7500.0
7500.0
7500.0
7500.0
7500.0
7500.0
-7326.650446825435
-7306.281421955573
-7500.0
-7500.0
-7500.0
-5782.52513330667
7500.0
7500.0
7500.0
7500.0
7500.0
7500.0
7500.0
7500.0
-6369.7951090548595
-5768.063559763894
-6196.225668321989
-5363.10489098035
-1846.2084234554163
2779.9529488815488
7500.0
7500.0
7500.0
7500.0
7500.0
7500.0
-5301.18694362018
-3780.4567736175904
-3189.187326950525
-1227.6322575661557
-959.518534228022
1199.2256538792262
3758.4946693820475
2810.4027039619723
1479.1891211003172
7500.0
4884.509752844314
7500.0
-6972.140762463343
-7500.0
-7500.0
-7500.0
-7500.0
-7500.0
-7500.0
7500.0
7500.0
7500.0
7500.0
7500.0
7500.0
7500.0
7500.0
7500.0
7500.0
-7500.0
-7500.0
-7500.0
-7500.0
-7500.0
-7500.0
-7500.0
-7500.0
7500.0
7500.0
7500.0
7500.0
7500.0
7500.0
7500.0
7500.0
7500.0
-7500.0
-7500.0
-7500.0
-7500.0
-7162.971175166298
-6207.703537285357
7500.0
7500.0
7500.0
7500.0
7500.0
7500.0
7500.0
-7500.0
-7500.0
7500.0
7500.0
-7500.0
7500.0
7500.0
-7500.0
-7500.0
-7500.0
-7500.0
-7500.0
7500.0
7500.0
7500.0
7500.0
7500.0
7500.0
7500.0
-6783.365570599613
-7099.946938339715
-7500.0
-6910.795785561704
-7500.0
-7500.0
7500.0
7500.0
7500.0
7500.0
7500.0
7500.0
7500.0
7500.0
-795.091489979668
6304.582042762937
3494.7472329109255
-3787.878787878788
2388.0533242180795
4223.663938674693
2775.9508336669373
4032.9392794235846
-1212.1212121212122
3454.2857142857138
-1969.69696969697
2417.5412293853055
-1363.6363636363637
6493.710691823895
-2121.2121212121215
5548.327137546472
-2954.545454545455
6249.99999999996
-4318.181818181819
-106.41677255400373
-919.8572552554306
-1195.3998512850976
1285.9803862367394
3153.7120566594745
7500.0
1117.8069764157085
7500.0
-6100.654664484453
-6649.353056950627
-6917.191071275331
-7500.0
-7500.0
-7500.0
7500.0
7500.0
7500.0
7500.0
7500.0
7500.0
-7500.0
-7500.0
7500.0
7500.0
7500.0
-7500.0
-7500.0
-7500.0
-7500.0
-7500.0
-7500.0
-7500.0
7500.0
7500.0
7500.0
7500.0
7500.0
7500.0
7500.0
7500.0
7500.0
-7500.0
-7500.0
-7500.0
7500.0
7500.0
7500.0
7500.0
-7500.0
-7500.0
-7500.0
7500.0
7500.0
7500.0
7500.0