Demand
7500.0
7500.0
7500.0
7500.0
7500.0
7500.0
7500.0
7500.0
7500.0
7500.0
7500.0
-7500.0
-7500.0
-7500.0
-7500.0
-7500.0
7500.0
7500.0
7500.0
7500.0
7500.0
7500.0
7500.0
7500.0
-5923.781541652264
-6527.459710342644
-7135.178884659705
7500.0
7500.0
4273.085378595967
7500.0
7500.0
-6893.939393939394
-5387.03915885961
-5952.812804192394
-5283.977976204722
-5117.788825206717
1692.549987837716
7500.0
7500.0
7500.0
6619.621154189687
4966.200719888717
7500.0
-6236.141906873614
-4714.873078298175
7500.0
7500.0
-7500.0
-7500.0
-7500.0
-7500.0
-6926.164979265866
-6330.113816920761
-6831.998323020569
-7500.0
7500.0
7500.0
7500.0
7500.0
7500.0
7500.0
7500.0
7500.0
-7500.0
-7500.0
-7500.0
-7231.5825091468
-7500.0
-7500.0
-7500.0
7500.0
7500.0
7500.0
7500.0
7500.0
7500.0
7500.0
7500.0
7500.0
-7500.0
-7500.0
-6798.844785864048
-7500.0
7500.0
7500.0
7500.0
7500.0
7500.0
-6087.961941998721
-6542.968790917312
-6549.825398398558
-6957.140011655349
-7500.0
7500.0
7500.0
7500.0
7500.0
7500.0
7500.0
-3571.8446627558387
-2371.9731286035308
-1463.027828378872
-519.8432806045021
617.3032320330603
1884.4902696760423
3542.439663917621
4557.682526564587
4393.125992360436
4198.575835628593
-2878.787878787879
3561.4525139664765
-3106.0606060606065
1098.7261146496817
568.6110867082607
7500.0
-2806.643952299831
-3085.631693793748
-2599.1483120831617
-2782.0878927318295
-2412.7473968461914
-956.785731555467
-72.27889771179525
1571.3890688643023
7500.0
4160.970860743921
7500.0
-6363.636363636364
-5336.264709603951
-5665.9160431336495
-6026.60084324446
-5807.0786478999435
-4153.314174160743
7500.0
7500.0
7500.0
7500.0
7500.0
7500.0
-7500.0
-7500.0
-7500.0
7500.0
7500.0
7500.0
7500.0
7500.0
-7337.277168051767
-6174.617949845026
-6341.761611169484
-3508.327960260918
2679.3659327156606
7500.0
4184.326240485187
7500.0
7500.0
-6060.606060606061
-4532.629915403924
-5496.887624784009
-6153.2425843671135
-6438.400454475048
-5101.186904375272
-5510.176126527987
-5091.485366624247
7500.0
7500.0
7500.0
7500.0
7500.0
7500.0
7500.0
7500.0
-7500.0
-7500.0
-7500.0
-7500.0
-7500.0
-7500.0
-7500.0
7500.0
7500.0
7500.0
7500.0
7500.0
7500.0
7500.0
-7500.0
-7500.0
-7500.0
-7500.0
-7500.0
-7500.0
-7500.0
-7500.0
7500.0
7500.0
7500.0
7500.0
7500.0
7500.0
7500.0
7500.0
7500.0
7500.0
7500.0
-7500.0
7500.0
7500.0
-7500.0
-7500.0
7500.0
7500.0
7500.0
7500.0
-7500.0
-7500.0
-7500.0
7500.0
7500.0
7500.0
7500.0
-7500.0
-7500.0
-7500.0
-7500.0
-7113.297150610586
-7500.0
7500.0
7500.0
7500.0
7500.0
7500.0
7500.0
7500.0
7500.0
7500.0
-7500.0
-7127.653783342408
-6466.714508179333
-3536.8157615687524
7500.0
7500.0
7500.0
7500.0
-2621.7192848992
-1481.0339229972064
-335.7925917632274
-5.649774450929726
721.6480875858647
4686.495758275987
7500.0
6880.522050620601
-3106.0606060606065
7500.0
1076.8025078369865
1983.75740900425
3356.488658206584
3767.538448784006
-3560.606060606061
2759.9999999999927
4664.4116266165765
-1287.878787878788
7500.0
7500.0
0.0
-227.27272727272728
3299.665645026471
7287.581177681005
1527.687233720656
705.2816674548835
-86.29591451758552
-180.54505421364684
1388.0052400794866
4196.326666871057
-3636.3636363636365
1885.7166185836377
2580.8010229463152
2284.3484933130353
1353.6829701603997
-374.7902906590216
-1227.4313108311167
-2595.105467773699
-2891.2812611735862
-2003.6024126096104
2999.923099052416
7500.0
-6439.39393939394
-5617.835746969198
-6051.849224731886
-6792.9132893524
-6352.234884441015
-4822.665094352533
-2794.5659516859996
1471.1390660619272
7500.0
7500.0
3174.158161627169
7500.0
7500.0
7500.0
7500.0
7500.0
-7500.0
-7500.0
-7500.0
-7500.0
-7500.0
-7500.0
7500.0
-7500.0
7500.0
7500.0
7500.0
7500.0
7500.0
7500.0
7500.0
-6396.311356375258
-6333.9819925298
-6993.219578486065
7500.0
7500.0
7500.0
7500.0
7500.0
7500.0
-7500.0
-7500.0
-7500.0
-7500.0
-7500.0
7500.0
7500.0
7500.0
7500.0
7500.0
7500.0
7500.0
7500.0
-6815.062162037251
-7120.985068435226
-7063.972875816909
-7500.0
-7500.0
-7500.0
7500.0
7500.0
7500.0
7500.0
7500.0
7500.0
7500.0
7500.0
-7500.0
-7500.0
-7500.0
-7500.0
-7500.0
7500.0
7500.0
7500.0
7500.0
7500.0
7500.0
7500.0
-7500.0
-7281.664964249236
-7500.0
-7500.0
-7500.0
7500.0
7500.0
7500.0
7500.0
7500.0
7500.0
7500.0
7500.0
7500.0
7500.0
-7500.0
7500.0
7500.0
7500.0
7500.0
7500.0
-7500.0
-7248.803827751193
-6693.966533113367
-5414.0842587452935
7500.0
7500.0
7500.0
7500.0
7500.0
-7500.0
-7500.0
-7500.0
-7500.0
-7500.0
-7500.0
-7500.0
7500.0
7500.0
7500.0
7500.0
7500.0
7500.0
7500.0
7500.0
7500.0
7500.0
-7337.990292535747
-7500.0
-7500.0
-7500.0
-7500.0
-7500.0
-7500.0
7500.0
7500.0
7500.0
7500.0
7500.0
7500.0
7500.0
-7500.0
7500.0
7500.0
-7500.0
-7500.0
-7500.0
-7500.0
-7500.0
-7500.0
-7500.0
-7500.0
7500.0
7500.0
7500.0
7500.0
7500.0
7500.0
7500.0
7500.0
-7500.0
-7500.0
-7500.0
7500.0
7500.0
7500.0
7500.0
7500.0
7500.0
-7500.0
-7500.0
-7500.0
-7500.0
7500.0
7500.0
7500.0
7500.0
7500.0
-5125.652293326011
-3472.0519949344252
-1988.8450094820146
-1609.785379090085
-440.25786700409935
1106.7963196064434
2646.280787807129
4693.431295282871
4649.5490262384865
4053.5172628037035
5013.6283420974
3918.417711913363
-2500.0000000000005
7500.0
2277.0154373927962
-366.2261061823083
-1080.7313666034484
-714.9490988124676
-485.4010221865128
-724.5853016561341
-963.0874865275032
-88.38458147821893
3877.8698104771106
3381.520874717868
7500.0
368.68686868686746
2037.0148028226795
2936.891556784154
3166.5837036379753
5141.102095107975
-454.54545454545456
4112.903225806428
-2727.2727272727275
2369.784374124895
778.5723909825106
1025.1621824440417
882.4931215412544
578.4188288754581
328.2043806060824
1513.8490510492807
3721.0235274706347
4413.347417739333
4188.3776829877515
-2196.969696969697
5764.925373134327
-1212.1212121212122
6596.385542168682
-1439.3939393939395
4456.4025226213325
2230.4341679281733
637.6087974428365
271.3064296421371
1238.418172106712
3285.8099732403334
-3787.878787878788
1824.324324324321
1120.5621301775159
7500.0
-2008.6705202312155
-2086.9773624189115
-1470.9728963283578
-493.5804781882107
-342.475153480309
-510.3759201161465
479.8763943203362
3673.8058539658778
4212.751141302731
6686.46567147166
6015.64115512334
7500.0
-4580.250426863975
-4352.234150298513
-4227.514132417349
-4425.883846453182
-3991.695903360038
-3329.585764203684
-2734.865967993079
7500.0
7500.0
7500.0
7500.0
7500.0
-7500.0
-7500.0
-7500.0
-7500.0
-7500.0
-7500.0
-7500.0
7500.0
7500.0
7500.0
7500.0
7500.0
7500.0
7500.0
7500.0
-7500.0
-7500.0
-7500.0
-7500.0
-7500.0
7500.0
7500.0
7500.0
7500.0
7500.0
7500.0
7500.0
-5210.53688579462
-4570.912883097062
-1362.7182084751803
7500.0
7500.0
7500.0
-5512.872083668544
-4075.8043863606345
-3395.6059506444703
-1105.130621723894
-113.47109690960133
4783.747436519654
6438.843258803077
183.14947760226323
7500.0
-4713.139801375097
-5095.919308925564
-5700.7114157201195
-6832.318126581902
-7500.0
-7500.0
-7500.0
-7500.0
7500.0
7500.0
7500.0
7500.0
7500.0
7500.0
7500.0
7500.0
7500.0
-7500.0
-7500.0
-7500.0
-7500.0
-7500.0
-7500.0
-7500.0
7500.0
7500.0
7500.0
7500.0
7500.0
7500.0
7500.0
7500.0
7500.0
-7500.0
-7500.0
-7500.0
-7500.0
-7500.0
-7500.0
7500.0
7500.0
7500.0
7500.0
7500.0
7500.0
7500.0
-7500.0
-7500.0
-7500.0
-7500.0
-7500.0
-7500.0
-7500.0
-7500.0
7500.0
7500.0
7500.0
7500.0
7500.0
7500.0
7500.0
7500.0
7500.0
-7500.0
-7138.897687678176
-6896.827506740301
-6345.90777385205
-5841.896594349744
-5718.3354925664735
-5309.0874902159285
-4398.931909862889
7500.0
7500.0
7500.0
7500.0
7500.0
7500.0
7500.0
7500.0
-5960.846084608462
-5701.15724499564
-4161.872440695353
-3357.597356982231
-2017.912618882876
-294.86694178356083
1975.8255803419797
4002.3729012045023
5595.923951566532
6821.554352214394
3638.4181977210483
4185.193818201973
-1212.1212121212122
4203.296703296705
-1969.69696969697
7500.0
6584.807809640028
6853.753299000258
-2121.2121212121215
4701.622247972192
-2954.545454545455
1330.2752293577946
-898.067586405808
-1814.553234219571
-2363.5147030120243
-2321.501076706616
2004.3988375499225
7500.0
-6060.606060606061
-3853.473344103395
-4565.938897838361
-5095.665989624462
-5730.478163878006
-5584.318447325981
7500.0
7500.0
7500.0
7500.0
7500.0
7500.0
7500.0
-7500.0
-7500.0
-7500.0
7500.0
7500.0
7500.0
-7500.0
-7500.0
-7500.0
-7500.0
-7500.0
-7500.0
7500.0
7500.0
7500.0
7500.0
7500.0
7500.0
7500.0
7500.0
7500.0
-7320.574162679428
-7103.162762941967
-7500.0
-7500.0
-7500.0
-7500.0
-7500.0
7500.0
7500.0
7500.0
7500.0
7500.0
7500.0
7500.0
7500.0
7500.0