Demand
7500.0
7500.0
7500.0
7500.0
7500.0
7500.0
7500.0
7500.0
7500.0
7500.0
7500.0
7500.0
7500.0
-7500.0
-7500.0
-7500.0
7500.0
7500.0
7500.0
7500.0
7500.0
7500.0
7500.0
7500.0
-6154.245176507788
-6774.174706605871
-7298.7375547576885
-4940.3420261884185
-3438.1504775438316
-2983.33428185015
-885.6911926840985
-1385.3109698354692
1020.349422588768
7500.0
7500.0
7500.0
7500.0
7500.0
6286.639680919158
7500.0
-5144.628099173557
-4831.720247069696
-4379.513524474753
-1412.640378208458
7500.0
7500.0
7500.0
7500.0
7500.0
-7500.0
-7500.0
-7500.0
-6968.834127148481
-6365.524216552203
-6718.181432550173
7500.0
7500.0
7500.0
7500.0
7500.0
7500.0
7500.0
-7500.0
-7500.0
-7500.0
-7500.0
-7500.0
-7167.405764966741
-7500.0
-7500.0
7500.0
7500.0
7500.0
7500.0
7500.0
7500.0
7500.0
7500.0
-7500.0
-7500.0
-7500.0
-7500.0
-6640.47526613678
-7500.0
7500.0
7500.0
7500.0
7500.0
7500.0
7500.0
7500.0
7500.0
-7347.109313745719
-7500.0
-7500.0
-7500.0
-7500.0
-7500.0
-7500.0
7500.0
7500.0
7500.0
7500.0
7500.0
7500.0
7500.0
4928.034151086138
5321.568570821391
4254.403066155507
-1818.1818181818182
3017.2413793103483
-2500.0000000000005
7500.0
7500.0
7500.0
-2373.4177215189866
-2788.835575357724
-2971.5723461522994
-2270.071481948117
-2137.5674534684836
-879.7920836255194
3998.43377331919
5867.238884417017
2477.9516727007526
7500.0
-3735.666940829262
-4243.05688948852
-4345.216576797018
-4634.515817964
-4903.793359274698
-5133.606034298276
-3681.7296284071685
7500.0
7500.0
7500.0
7500.0
7500.0
7500.0
7500.0
-7500.0
-7500.0
-7500.0
-7500.0
-7500.0
-7500.0
7500.0
7500.0
7500.0
7500.0
7500.0
7500.0
7500.0
-4778.695046747565
-4460.380783807719
-3510.815469853722
-2293.5422876637076
-345.07519752682583
2540.9454972767385
7425.864871326782
-1329.3661358852692
7500.0
7500.0
-6793.709470901658
-7113.112249625972
-7500.0
-7500.0
-7500.0
-7500.0
-7500.0
7500.0
7500.0
7500.0
7500.0
7500.0
7500.0
7500.0
7500.0
7500.0
-7500.0
-7500.0
-7500.0
-7500.0
-7500.0
7500.0
7500.0
7500.0
7500.0
7500.0
7500.0
-7500.0
-7500.0
7500.0
7500.0
7500.0
-7500.0
-6985.493230174083
-5010.940156646322
-261.3128465819482
7500.0
7500.0
7500.0
7500.0
7500.0
-7500.0
-7500.0
-7500.0
7500.0
7500.0
7500.0
7500.0
-7500.0
-7500.0
-7500.0
-7500.0
-7500.0
-7500.0
-7500.0
-7500.0
7500.0
7500.0
7500.0
7500.0
7500.0
7500.0
7500.0
7500.0
7500.0
-7500.0
-7500.0
-7500.0
-7500.0
-7500.0
-7500.0
-7500.0
7500.0
7500.0
7500.0
7500.0
7500.0
7500.0
7500.0
7500.0
7500.0
7500.0
-3266.48841354724
-2482.7857498285284
-1796.989586044449
-1827.192132519578
-1756.446893491231
-18.39498280567932
4806.168598923539
6387.37187944664
5315.575616851913
3253.566671531677
214.6748700326075
1285.4080715373161
-2803.030303030303
7191.819200597687
1816.4091037243616
2453.6421010148406
4847.4217952272775
-1287.878787878788
6402.439024390236
0.0
7500.0
7500.0
365.2597402597403
3564.906052805578
-3636.3636363636365
151.16279069767552
-602.1312351997558
-868.0570007996394
-58.73301560443542
1273.3136284302777
2794.619341744516
2036.4363134721507
-2954.545454545455
2151.7469097476987
1271.5558607699895
-420.00239582505037
-1278.8584053396276
-2671.98738332746
-3087.8832045611457
-2661.392565237477
-946.9913881796151
4628.759437562436
7500.0
-6742.424242424243
-6023.194604375723
-6719.746597731493
-5965.405375649698
-933.7081043028302
7500.0
7500.0
7500.0
7500.0
7500.0
7500.0
-7500.0
-7500.0
-7500.0
-7500.0
-7500.0
-7500.0
7500.0
7500.0
7500.0
7500.0
7500.0
7500.0
7500.0
7500.0
-7500.0
-7500.0
-7500.0
-7500.0
7500.0
7500.0
7500.0
7500.0
7500.0
-7500.0
-7500.0
-7500.0
-7500.0
-7500.0
-7500.0
7500.0
7500.0
7500.0
7500.0
7500.0
7500.0
7500.0
-7500.0
-7500.0
-7500.0
-7500.0
-7500.0
-5787.002253944407
-5956.037628377495
7500.0
7500.0
7500.0
7500.0
7500.0
7500.0
7500.0
7500.0
7500.0
-7500.0
-7500.0
-7500.0
7500.0
7500.0
7500.0
7500.0
-7500.0
-7500.0
-7500.0
7500.0
7500.0
7500.0
7500.0
-7500.0
-7500.0
-7271.268057784915
-7500.0
-7500.0
-7500.0
7500.0
7500.0
7500.0
7500.0
7500.0
7500.0
7500.0
7500.0
7500.0
7500.0
7500.0
-7500.0
7500.0
-7500.0
-7500.0
-7257.35502790654
-7500.0
-6858.07823416813
7500.0
7500.0
7500.0
7500.0
7500.0
7500.0
7500.0
7500.0
7500.0
7500.0
-7500.0
-7500.0
-7500.0
-7500.0
-7500.0
-7500.0
-7500.0
7500.0
7500.0
7500.0
7500.0
7500.0
7500.0
7500.0
7500.0
-7500.0
-7500.0
-7500.0
-7500.0
7500.0
7500.0
7500.0
7500.0
7500.0
-7500.0
-7500.0
-7500.0
-7500.0
7500.0
7500.0
7500.0
7500.0
7500.0
7500.0
7500.0
-7500.0
-7500.0
-7500.0
-7500.0
7500.0
7500.0
7500.0
7500.0
7500.0
7500.0
-7500.0
-7500.0
-7500.0
-7500.0
-7500.0
-7500.0
-7500.0
-7500.0
7500.0
7500.0
7500.0
7500.0
7500.0
7500.0
7500.0
7500.0
7500.0
-7500.0
-6187.234257946951
-5404.8279295695975
-4146.216099717367
-1332.2852613025843
1533.163866511553
2391.2027200651155
4455.4980535031455
6073.359270184461
6216.900678729646
6559.848537629772
4490.6241401093575
3112.477367766666
3108.1274231948155
-2121.2121212121215
2993.3986239385113
1922.276116138591
-2954.545454545455
-202.70270270270703
-882.2214272938713
-321.2700826533346
205.53620755691463
463.6013494778522
2645.043861998454
7500.0
-1615.3605015673984
-1494.14042891785
-1353.936079807157
-691.5791157821077
649.2590781293616
1524.6748238273108
2062.837848341689
4519.7144854389335
-454.54545454545456
3576.9230769230708
-2727.2727272727275
2314.814814814821
-285.0356294536923
7500.0
5312.187812187806
2486.5676252904836
2262.4930910104194
7500.0
2444.9035812672155
3320.1722623688333
3473.893755254572
-2196.969696969697
5415.531335149863
-1212.1212121212122
5357.1428571428605
-1439.3939393939395
7500.0
2851.9392571311278
970.0167690153626
546.0389319472906
1545.890563740868
3268.6422320477595
-3787.878787878788
7500.0
5007.836990595601
1042.083844712878
3300.08995568612
7500.0
-5303.030303030304
-2403.864641415114
-2580.589465352187
-3087.793739349763
-3210.424825566521
-2893.0361204362616
-3348.8990785893125
-4021.639183024341
-2286.2589733161644
111.74002974508585
2343.829506583467
6488.383591558562
4766.203713396537
5884.548344678727
7500.0
-1091.0481435873298
7500.0
-6695.369847543763
-6809.810414088683
-7123.3521797759895
-7288.5197210052975
-7500.0
-7500.0
-7500.0
-7500.0
7500.0
7500.0
7500.0
7500.0
7500.0
7500.0
7500.0
7500.0
7500.0
-7162.4222682854615
-7500.0
-7500.0
-7500.0
7500.0
7500.0
7500.0
7500.0
7500.0
-6368.59865025804
-5736.4703286211625
-6129.156657071182
-5056.073619652239
1300.3557134001085
7500.0
7500.0
7500.0
7500.0
2787.632955173318
7500.0
-6388.02184939524
-4696.694001965718
-2339.266501859385
-921.2853085659845
3347.687014658821
3581.5369344869255
6800.714951861977
5387.302540880353
2579.832905045087
7500.0
-6287.878787878788
-5308.880784584298
-5847.925990077692
-6877.315623951499
-7500.0
-7500.0
-7500.0
7500.0
7500.0
7500.0
7500.0
7500.0
7500.0
7500.0
-7500.0
-7500.0
-7500.0
-7500.0
-7500.0
-7500.0
-7500.0
7500.0
7500.0
7500.0
7500.0
7500.0
7500.0
7500.0
7500.0
-7500.0
-7500.0
-7500.0
7500.0
7500.0
7500.0
7500.0
-7500.0
-7500.0
-7500.0
-7500.0
7500.0
7500.0
7500.0
7500.0
7500.0
7500.0
7500.0
-7500.0
-7500.0
-7500.0
-7500.0
-7500.0
-7500.0
-7500.0
-7500.0
7500.0
7500.0
7500.0
7500.0
7500.0
7500.0
7500.0
7500.0
-7500.0
-7053.291536050159
-6626.886661648776
-5175.373173367503
1726.38874114195
7500.0
7500.0
7500.0
7500.0
7500.0
7500.0
-7500.0
-7500.0
-7296.347757046451
-5960.166253992351
-3515.9878153220743
-1271.5277081521058
7500.0
7500.0
7500.0
7500.0
7500.0
-4393.939393939394
762.3358182463603
2279.7449375980527
4101.974384438926
2679.6464694967895
3932.1423734542373
-1212.1212121212122
3454.2857142857138
-1969.69696969697
2417.5412293853055
-1363.6363636363637
6493.710691823895
-2121.2121212121215
5548.327137546472
-2954.545454545455
6249.99999999996
-4318.181818181819
-1559.7801191021535
-2428.8793340193383
-3091.6587504424174
-2555.9480007742827
-2969.4269344334257
-2823.577842130197
-2119.6917969457804
-2283.79637935736
-406.30684574685165
7500.0
7500.0
7500.0
7500.0
7500.0
-7500.0
-7500.0
-7500.0
-6981.818181818184
7500.0
7500.0
7500.0
7500.0
7500.0
7500.0
7500.0
-7500.0
-7500.0
-7500.0
-7500.0
7500.0
7500.0
7500.0
7500.0
7500.0
-7500.0
-7500.0
-7500.0
-7074.097135740973
-7500.0
7500.0
7500.0
7500.0
7500.0
7500.0
-7500.0
-7500.0
-7500.0
-7500.0
-7500.0
7500.0
7500.0
7500.0
7500.0
7500.0
-7310.156267109205