Demand
7500.0
7500.0
7500.0
7500.0
7500.0
7500.0
7500.0
7500.0
7500.0
7500.0
7500.0
-7500.0
7500.0
7500.0
7500.0
7500.0
7500.0
7500.0
7500.0
-7500.0
-7500.0
-7500.0
-6699.005512917523
-5897.685751412944
-5334.337122707877
-6136.673170348382
-6980.960503065715
7500.0
7500.0
7500.0
7500.0
2072.551563136179
7500.0
7500.0
7500.0
7500.0
-6296.998358477293
-5056.980434302921
-3628.3574790525067
-443.1117059912385
3694.0486594199792
7500.0
7500.0
172.20308715370493
7500.0
7500.0
-7500.0
-7500.0
-7500.0
7500.0
7500.0
7500.0
7500.0
7500.0
7500.0
-7500.0
-7500.0
-7500.0
-7500.0
-7500.0
7500.0
7500.0
7500.0
7500.0
7500.0
7500.0
-7500.0
-6995.277449822906
7500.0
7500.0
7500.0
-7500.0
7500.0
7500.0
7500.0
-7500.0
-7500.0
-7500.0
-7500.0
7500.0
7500.0
7500.0
7500.0
7500.0
-7500.0
-6415.525114155253
-5680.406336561422
-6160.284151054057
-2651.619544860005
781.3711872408035
7500.0
7500.0
7500.0
-7500.0
7500.0
7500.0
7500.0
-7500.0
-7500.0
7500.0
7500.0
7500.0
7500.0
7500.0
2349.0468694374085
7500.0
1951.1149228130348
3100.0241513423343
3424.6800502287824
-1818.1818181818182
1950.7042253521126
-2500.0000000000005
1625.8741258741247
-581.0171496156136
-1422.4577929258844
-2158.423917861023
-2424.443912819944
-2256.6869810753847
-299.2978816103605
3445.1079979445412
7500.0
-5606.060606060606
-2455.536554082941
-2542.482140466891
-1825.171415938859
772.775510241469
1629.2589390681683
6977.119951089761
2271.095015003308
7500.0
7500.0
7500.0
-6706.633261751374
-6813.347717178674
-6929.784229417397
-6409.504444415097
-7238.188516653516
-7500.0
-7500.0
7500.0
7500.0
7500.0
7500.0
7500.0
7500.0
7500.0
7500.0
-7334.012813046011
-6184.612168693469
-6407.071586858416
-4182.283258236996
-1121.065515692113
1173.1714257844337
7042.793500173777
6621.344436548744
5677.8264238701795
6460.65651551711
1352.92259811246
7500.0
-5399.2628992629
7500.0
7500.0
7500.0
-7348.484848484849
-7500.0
-7500.0
-7500.0
-7500.0
-7500.0
-7500.0
-7500.0
7500.0
7500.0
7500.0
7500.0
7500.0
7500.0
7500.0
7500.0
7500.0
7500.0
7500.0
7500.0
-7500.0
-7500.0
-7500.0
7500.0
7500.0
7500.0
7500.0
-7500.0
-7500.0
-7500.0
-7500.0
7500.0
7500.0
7500.0
7500.0
7500.0
7500.0
-7500.0
7500.0
-7500.0
-7500.0
-7500.0
-7500.0
-7500.0
-7500.0
7500.0
7500.0
7500.0
7500.0
7500.0
7500.0
7500.0
-7500.0
7500.0
7500.0
7500.0
-7500.0
-7500.0
-7500.0
-7500.0
-7500.0
7500.0
7500.0
7500.0
7500.0
7500.0
7500.0
-7500.0
7500.0
-7500.0
-7500.0
7500.0
7500.0
7500.0
7500.0
-6847.3780627433025
-6264.360361324143
-6339.260017231236
-5973.281429290004
-4187.013793811006
-1417.0721158181163
1488.5377380549617
3846.4868739070466
5206.70951532913
4079.3341618901068
3805.9008506861137
7049.6641393684895
7500.0
6000.918787274809
1379.1918082545808
-3106.0606060606065
1272.5110885480658
2187.690963713341
3670.239929643236
4411.512294489896
918.2291360492927
1646.213460505644
4352.382206754939
-1287.878787878788
4531.662269129285
0.0
0.0
-227.27272727272728
7500.0
4784.272641751473
822.2140065026724
143.3277841113677
-636.8447694443166
-1016.8080699318725
-492.88536449371986
390.0610410602899
1567.7543024954853
2163.278398231589
2685.5169950002823
2017.4491181899757
-3257.575757575758
1403.2258064516031
551.2509739416414
7500.0
-2758.219086916013
-2192.5640962567836
-4.015724487353509
7037.653970530201
302.4162299870809
7500.0
-6086.776859504134
-6764.3133297741915
-6104.882075793446
-2313.3367919920515
7500.0
7500.0
7500.0
7500.0
7500.0
7500.0
-7500.0
-7500.0
-7500.0
-7500.0
-7500.0
7500.0
7500.0
7500.0
7500.0
7500.0
7500.0
-7500.0
-7500.0
-7500.0
-7500.0
7500.0
7500.0
7500.0
7500.0
7500.0
7500.0
7500.0
-7343.786704251821
-7500.0
-7500.0
-7500.0
7500.0
7500.0
7500.0
7500.0
-7500.0
-7500.0
-7500.0
-7500.0
7500.0
7500.0
7500.0
7500.0
7500.0
7500.0
-7500.0
-6689.189189189188
-7021.304122822152
-6879.3410043567455
-7500.0
-7500.0
7500.0
7500.0
7500.0
7500.0
7500.0
7500.0
7500.0
-7500.0
-7500.0
-7500.0
7500.0
7500.0
7500.0
7500.0
7500.0
7500.0
-7500.0
-7500.0
-7500.0
-7500.0
-7500.0
7500.0
7500.0
7500.0
7500.0
7500.0
7500.0
7500.0
-7500.0
-7500.0
-7500.0
-7500.0
-7500.0
-7500.0
-7500.0
7500.0
7500.0
7500.0
7500.0
7500.0
7500.0
7500.0
7500.0
-7340.722801788377
-7154.813634783424
-7309.438277415795
-7500.0
-7500.0
-7500.0
-7500.0
-7500.0
7500.0
7500.0
7500.0
7500.0
7500.0
7500.0
7500.0
7500.0
-7500.0
-7500.0
-7500.0
-7500.0
-7500.0
-7500.0
7500.0
7500.0
7500.0
7500.0
7500.0
7500.0
7500.0
7500.0
7500.0
-7500.0
-7500.0
-7500.0
7500.0
7500.0
7500.0
7500.0
7500.0
-7500.0
-7500.0
-7500.0
-7500.0
-7500.0
7500.0
7500.0
7500.0
7500.0
7500.0
7500.0
-7500.0
-7500.0
-7500.0
-7500.0
7500.0
7500.0
7500.0
7500.0
7500.0
-7500.0
-7500.0
-7500.0
7500.0
7500.0
7500.0
7500.0
7500.0
7500.0
-7500.0
-7500.0
-7500.0
-7500.0
-7500.0
-7500.0
7500.0
7500.0
7500.0
7500.0
7500.0
7500.0
7500.0
-4848.484848484849
7500.0
7500.0
102.06859009254276
423.69589345172335
1926.288030863528
-2121.2121212121215
3260.8695652173924
-2803.030303030303
3680.1242236024855
-4090.9090909090914
7500.0
-712.3148417078132
-516.3468510073453
-802.3094599714896
-1141.4255656156834
-600.239168057341
1997.714661839283
3113.2261460560035
4013.3535183605395
-4393.939393939394
2082.5161109554465
3024.262206013269
3518.433576472964
6174.251775952052
7500.0
-2045.4545454545457
2743.9024390243953
-3484.8484848484854
1381.5789473684163
2185.9992611747116
-4090.9090909090914
855.207090506216
624.669902823859
1928.0901460722293
4194.255100154411
4428.122589603023
3534.919067609173
-2196.969696969697
7500.0
-1212.1212121212122
5048.687552921252
-1439.3939393939395
3143.4782608695677
-3030.3030303030305
1095.505617977531
622.723509933779
1632.1358041114563
-2196.969696969697
7500.0
132.8703318639282
-441.7480119144402
-1927.834855999476
-1622.734316443155
-720.1483822624959
3749.2023851814683
7500.0
-5303.030303030304
7500.0
2937.8980891720366
7500.0
-4139.776605646914
-4699.366601255164
-3294.9661262601185
-1062.4083707508817
2469.32750871792
7500.0
4663.881771608214
7500.0
-6515.151515151516
-5520.208399115883
-6304.692144460581
-6339.039077504878
-6334.552312880642
-6645.071315419749
-6383.100254763323
7500.0
7500.0
7500.0
7500.0
7500.0
7500.0
7500.0
-7500.0
7500.0
7500.0
-7500.0
-7500.0
-7500.0
-7062.883435582824
-7500.0
-7500.0
-7500.0
7500.0
7500.0
7500.0
7500.0
7500.0
7500.0
7500.0
7500.0
7500.0
7500.0
-6581.237911025146
-3660.791057609629
7500.0
7500.0
7500.0
-6690.8006814310065
-6418.539266827867
-4793.68399334364
-2563.8247436004513
-1259.9740155229742
2721.5830508506738
3235.317587146388
6693.583378575243
5450.404249380219
2541.656603644742
7500.0
-6287.878787878788
-365.8536585365928
7500.0
7500.0
7500.0
-7500.0
-7500.0
-7500.0
-7500.0
-7500.0
-7500.0
7500.0
7500.0
7500.0
7500.0
7500.0
7500.0
7500.0
-7500.0
-7500.0
-7500.0
-7500.0
-7500.0
7500.0
7500.0
7500.0
7500.0
7500.0
7500.0
-7500.0
-7500.0
-7500.0
-7500.0
7500.0
7500.0
7500.0
7500.0
7500.0
-7500.0
-7500.0
-7500.0
-6359.348198970845
7500.0
7500.0
7500.0
7500.0
7500.0
7500.0
7500.0
-7500.0
-7500.0
-7500.0
-7500.0
-7500.0
-7500.0
-7500.0
-7500.0
7500.0
7500.0
7500.0
7500.0
7500.0
7500.0
7500.0
7500.0
-6928.008622612057
-6340.810243891126
-5618.8651632402925
-4717.674363030179
7500.0
7500.0
-7500.0
7500.0
7500.0
7500.0
-7500.0
-7284.234362429417
-5880.15177756097
-3418.7313780752047
-1643.9449015911505
7500.0
7500.0
7500.0
7500.0
7500.0
2994.608517202797
7500.0
3310.987573577501
5056.650790012143
3054.156273381397
4021.8764420302177
-1212.1212121212122
3710.5263157894747
-1969.69696969697
3488.3720930232485
-1363.6363636363637
7500.0
7500.0
-1590.909090909091
4038.461538461532
-3333.3333333333335
5007.836990595601
-4848.484848484849
-2280.784844384305
-2990.18136734887
-2495.9152838998866
-2984.2786599586802
-2968.4709892548713
-2548.3244223657607
-3143.736892252841
-3157.3240808926143
-1650.6090976341434
7500.0
7500.0
7500.0
7500.0
7500.0
7500.0
-7500.0
-7321.930646672916
-7500.0
-7500.0
-7500.0
-7500.0
7500.0
7500.0
7500.0
7500.0
7500.0
7500.0
7500.0
7500.0
7500.0
-7500.0
-7500.0
-7500.0
-7500.0
7500.0
7500.0
7500.0
7500.0
-7305.1948051948075
-7047.058823529414
-7500.0
-7500.0
-7500.0
7500.0
7500.0
7500.0
7500.0
7500.0
7500.0
7500.0
7500.0
-7500.0
7500.0
7500.0