Demand
-7500.0
-7500.0
7500.0
7500.0
7500.0
7500.0
7500.0
7500.0
7500.0
7500.0
7500.0
7500.0
7500.0
-7500.0
-7500.0
7500.0
7500.0
7500.0
-7500.0
7500.0
7500.0
7500.0
7500.0
-6251.369112814897
-5953.549274934379
-6648.3915217173
-7256.131111906834
-4226.347786483382
-2000.5043886453132
-1031.188883351857
2687.577797219121
1388.9518789501358
4883.33270088827
7500.0
7500.0
6917.400013937999
3045.7280212467685
7500.0
7500.0
7500.0
-5131.578947368422
-401.6189290162074
7500.0
7500.0
-6585.561497326204
-6976.256120511796
-7500.0
-7500.0
-7500.0
7500.0
7500.0
7500.0
7500.0
-6962.531383825568
-7294.542667869433
-7500.0
-7500.0
-7500.0
7500.0
7500.0
7500.0
7500.0
7500.0
7500.0
7500.0
-7500.0
7500.0
7500.0
7500.0
-7500.0
-7500.0
-7500.0
-7500.0
-7500.0
-7500.0
7500.0
7500.0
7500.0
7500.0
7500.0
7500.0
7500.0
-6881.275440976935
-7500.0
7500.0
7500.0
7500.0
-6751.581399292594
-5636.856672176995
-5876.948053970593
-6416.368460910304
-6470.329738760212
-6993.804286186585
-7500.0
7500.0
7500.0
7500.0
7500.0
7500.0
7500.0
7500.0
7500.0
7500.0
-892.312385600977
121.51889858037066
1279.5934091959334
2876.844748054076
4046.299969348381
4246.015204706357
4463.508475629378
-2878.787878787879
3003.978779840847
-3106.0606060606065
-176.31103074141083
-1024.0716644980494
-1661.9604572850076
-1519.716250027741
366.32762486355205
7500.0
-5681.818181818183
-3329.3363351605335
-2673.854809791226
-2745.113449088767
-2974.3677267226813
-2610.832065831126
-1057.7249839058327
-1083.8494077723713
686.9098850695682
4505.6680099543055
7500.0
118.63712231100453
7500.0
7500.0
7500.0
-7004.921829762594
-6582.591123000397
-7289.733874487338
-7500.0
-7500.0
-7500.0
7500.0
7500.0
7500.0
7500.0
7500.0
7500.0
7500.0
-7332.84457478006
-6212.898280566516
-6476.705244960096
-4651.158963879374
-2730.294263909232
-2094.382102715251
-465.4469249248441
3763.7747397909343
6933.257221503011
5338.373271210012
4141.7403075156235
4300.8427140809235
7500.0
7500.0
7500.0
-6866.138448707257
-7160.3500040454055
-7500.0
-7500.0
-7500.0
-7500.0
-7500.0
-7500.0
7500.0
7500.0
7500.0
7500.0
7500.0
7500.0
7500.0
7500.0
7500.0
-7500.0
-7500.0
-7500.0
-7500.0
-7500.0
-7500.0
-7500.0
-7500.0
7500.0
7500.0
7500.0
7500.0
7500.0
7500.0
7500.0
7500.0
7500.0
-6017.7158955466475
-5791.588389368077
-4769.707932589392
7500.0
7500.0
7500.0
7500.0
7500.0
7500.0
-7500.0
-7500.0
-7500.0
-7500.0
7500.0
7500.0
7500.0
7500.0
7500.0
7500.0
-7500.0
-7500.0
-7500.0
-7500.0
-7500.0
-7500.0
7500.0
7500.0
7500.0
7500.0
7500.0
7500.0
-7500.0
7500.0
7500.0
7500.0
-7500.0
-7500.0
-7500.0
-6178.107606679039
7500.0
7500.0
7500.0
7500.0
7500.0
-6531.002746590855
-6257.189211833844
-4892.176909378924
-2878.0844496158766
-791.3319872948664
1204.996290271366
3103.0784497050936
3181.3879497603657
3674.9464620284125
7500.0
7313.604865704698
1675.173617013741
-3106.0606060606065
2976.945016637616
954.5890925301997
1848.8723882594345
3289.2100941540175
3996.9242020097568
601.4668940973684
1300.9535326119676
-1742.4242424242427
5690.348525469175
-1742.4242424242427
7500.0
0.0
-227.27272727272728
375.91438634516453
3591.7630669001355
-3636.3636363636365
-50.432276657061266
-807.3722688072303
-1169.417181655292
-640.3778622378686
248.59859090439932
1428.7592364555167
2006.167640637299
2460.9800300664083
1655.7963120116647
-3257.575757575758
4821.428571428536
-4469.69696969697
-1808.943089430897
-2546.3456343403845
-2638.0499561495276
-2442.0913308266627
-3407.5957202949485
-3228.543857652925
-3511.3713334219524
-2773.469341582584
6070.986765295276
7500.0
7500.0
7500.0
7500.0
7500.0
-7045.454545454546
-7165.564326861533
-7500.0
-7500.0
-7500.0
-7500.0
-7500.0
7500.0
7500.0
7500.0
7500.0
7500.0
7500.0
-6992.276899122888
-7500.0
-7500.0
-7500.0
-7500.0
7500.0
7500.0
7500.0
7500.0
7500.0
7500.0
7500.0
-7337.677984665937
-7500.0
-7500.0
-7500.0
-7500.0
-7500.0
-7500.0
7500.0
7500.0
7500.0
7500.0
7500.0
7500.0
7500.0
-7500.0
-7500.0
-7500.0
-7500.0
-7500.0
7500.0
7500.0
7500.0
7500.0
7500.0
7500.0
7500.0
-7500.0
7500.0
7500.0
7500.0
7500.0
-7500.0
-7500.0
-7500.0
-7500.0
-7500.0
7500.0
7500.0
7500.0
7500.0
7500.0
-7500.0
-7500.0
-7500.0
-7500.0
-7500.0
7500.0
7500.0
7500.0
7500.0
7500.0
7500.0
7500.0
-7500.0
-7500.0
-7500.0
7500.0
7500.0
7500.0
7500.0
7500.0
7500.0
-7500.0
-7500.0
-7500.0
-7254.124878680041
-7500.0
-6555.595846673628
7500.0
7500.0
7500.0
7500.0
7500.0
7500.0
-7500.0
7500.0
7500.0
7500.0
-7500.0
-7500.0
-7500.0
7500.0
7500.0
7500.0
7500.0
7500.0
-7500.0
-7500.0
-7500.0
7500.0
7500.0
7500.0
7500.0
7500.0
-7500.0
-7500.0
-7500.0
-7500.0
-7500.0
7500.0
7500.0
7500.0
7500.0
7500.0
-7500.0
-7500.0
-7500.0
-7500.0
-7500.0
7500.0
7500.0
7500.0
7500.0
7500.0
7500.0
7500.0
7500.0
-7500.0
-7500.0
-7500.0
-7500.0
-7500.0
7500.0
7500.0
7500.0
7500.0
7500.0
7500.0
-7500.0
7500.0
7500.0
7500.0
7500.0
-7500.0
-7500.0
-7500.0
-7500.0
-7500.0
7500.0
7500.0
7500.0
7500.0
7500.0
7500.0
7500.0
-3207.3695535234006
-3026.584802326024
-2297.5931780147207
-1319.3996049578896
-278.58863668797494
1355.960428712497
1998.2906275024761
2265.8368109672933
3846.0033200595026
4145.801653855828
-2500.0000000000005
6590.90909090909
-2954.545454545455
7500.0
7500.0
-4393.939393939394
-182.32280102476489
-574.6830585159987
-1093.6910053978713
-933.3202697247925
614.2971677708306
1032.2235250841895
1534.4622554953094
2892.303853944977
4780.259828979688
3857.834584494678
1802.0836911771057
-1893.939393939394
7500.0
5094.476106970627
2473.4350871131196
-3484.8484848484854
214.28571428571195
655.1103106708688
758.091540406378
1159.713241694924
7500.0
189.14956011730192
2131.6088870042463
2962.668874831748
3047.5347047609243
-2196.969696969697
5764.925373134327
-1212.1212121212122
6596.385542168682
-1439.3939393939395
7500.0
7500.0
7500.0
1931.9870322842057
3020.493268305308
5490.308808661168
796.9421690819818
287.40591372521067
-282.2049400433034
-1746.2646145215167
-1121.4115160857637
1085.1877629986375
7500.0
-5151.515151515152
-2758.1755593803828
-3183.9252313062625
-3193.775586092786
-2667.8240990168433
-2822.2398809661568
-2920.9660375418225
3617.256283779215
7500.0
5834.3080239373585
7086.784349540835
-6212.121212121213
-3775.6689483509654
-2354.255613364907
3610.9642258410786
7500.0
7500.0
-60.919596630678825
7500.0
-7316.619174556485
-7500.0
-7500.0
7500.0
7500.0
7500.0
7500.0
7500.0
-7500.0
-7302.972692706533
-7261.448927378589
-7500.0
-7500.0
7500.0
7500.0
7500.0
7500.0
7500.0
7500.0
7500.0
-7500.0
-7500.0
-7500.0
-5477.827050997785
-2953.1999783207793
2122.9771460095826
7500.0
7500.0
7500.0
7500.0
7500.0
7500.0
-5866.093366093368
7500.0
7500.0
-5139.1248937977925
-3496.7073337011093
-2861.951189307463
-779.708091219065
-573.1133984851203
1503.7693645338154
3778.2107350158694
2714.270307581515
939.4173432773882
7351.263275207051
883.9596391087434
7500.0
7500.0
-7500.0
-7500.0
-7500.0
-7500.0
7500.0
7500.0
7500.0
7500.0
7500.0
-7500.0
-7500.0
-7500.0
7500.0
7500.0
7500.0
7500.0
7500.0
7500.0
-7500.0
-7500.0
-7500.0
-7500.0
-7500.0
7500.0
7500.0
7500.0
7500.0
7500.0
-7500.0
-7500.0
-7500.0
-7500.0
-7500.0
-7500.0
7500.0
7500.0
7500.0
7500.0
7500.0
7500.0
7500.0
7500.0
-7500.0
-7500.0
-7500.0
-7500.0
-7500.0
7500.0
7500.0
7500.0
7500.0
7500.0
7500.0
7500.0
-7500.0
-7500.0
-7500.0
7500.0
7500.0
7500.0
7500.0
7500.0
-6664.222873900295
-6412.935531074365
-6500.445074265088
-6589.331824728846
-6954.228894283722
-7500.0
-6249.150257012838
-7500.0
7500.0
7500.0
7500.0
7500.0
7500.0
7500.0
7500.0
7500.0
-3370.8998084740742
-1782.7596239268078
455.2965633784561
3468.585258836165
5444.04819773048
5550.466389409268
4551.026880475823
-2651.515151515152
7500.0
6741.420830824804
3957.7505928183614
3846.7445777572975
-2727.2727272727275
5192.307692307693
-757.5757575757576
3379.682179341655
-1590.909090909091
1874.9999999999995
-3333.3333333333335
-515.5210643015516
-1416.4841376386648
-1763.6740172717068
-657.0015753980733
7500.0
7500.0
7500.0
7500.0
7500.0
-5959.150981177416
-6555.748200581644
-6846.093473339988
-7500.0
-7500.0
-7500.0
7500.0
7500.0
7500.0
7500.0
7500.0
7500.0
7500.0
-7500.0
-7500.0
-7500.0
-7500.0
-7500.0
7500.0
7500.0
7500.0
7500.0
7500.0
7500.0
-7500.0
-7500.0
-7500.0
7500.0
7500.0
7500.0
7500.0
7500.0
7500.0
7500.0
7500.0
-7500.0
-7500.0
-7500.0
-7500.0
7500.0
7500.0
7500.0
7500.0
-7500.0
-7500.0
-7500.0
-7224.664283644093