Demand
7500.0
7500.0
7500.0
7500.0
7500.0
7500.0
7500.0
7500.0
7500.0
7500.0
7500.0
7500.0
7500.0
7500.0
7500.0
7500.0
7500.0
7500.0
7500.0
7500.0
7500.0
7500.0
-6412.365914343716
-4389.1355173216125
5663.822697035309
3745.4711078661458
7500.0
7500.0
7500.0
7500.0
-4679.962894248609
-5348.690107181537
-5656.23741449845
-4171.585593326805
-4234.8571580773605
7500.0
1961.9728353801584
7500.0
7500.0
7500.0
7500.0
-5941.089596324255
-6172.874042180316
-6422.067775276233
-6302.182921556867
-6811.975725739261
-7500.0
-7500.0
-7500.0
7500.0
7500.0
7500.0
7500.0
7500.0
7500.0
7500.0
7500.0
-7500.0
-7500.0
-7500.0
-7500.0
-7500.0
-7500.0
-7500.0
7500.0
7500.0
7500.0
7500.0
7500.0
7500.0
7500.0
7500.0
-7500.0
-7500.0
-7500.0
-7500.0
-7500.0
-7500.0
-7500.0
-7500.0
7500.0
7500.0
7500.0
7500.0
7500.0
7500.0
7500.0
7500.0
-5772.727272727274
-5712.749946248121
-5488.923478719289
7500.0
7500.0
7500.0
7500.0
-7500.0
-7500.0
-7500.0
-7500.0
-1960.043196544284
7500.0
7500.0
7500.0
7500.0
7500.0
7500.0
4652.530060219672
-2500.0000000000005
7500.0
4721.269296740993
-2878.787878787879
3183.453237410071
-3106.0606060606065
105.6338028169007
-681.6689466484295
-873.3314629088604
3691.62195541884
7500.0
-837.662337662332
614.1540130151893
7500.0
1384.6590327159388
7500.0
-3627.191194455769
-3413.995777107048
-2290.0289771713433
-2464.1641517267512
-1444.357028053319
1082.2954861534213
7500.0
5897.2768698034015
7500.0
7500.0
7500.0
-6979.737130339539
-6498.241116650952
-7254.620323233545
-7500.0
-7500.0
7500.0
7500.0
7500.0
7500.0
7500.0
7500.0
-7500.0
-7500.0
-7275.642975220617
-5556.982143582338
-5665.981701629
-87.00050647855278
7500.0
7500.0
5251.720921510039
7500.0
5770.697404872445
6201.6374425871045
2310.9425379606414
7500.0
-6442.486085343229
-6725.754861821906
-5962.763940321556
-6471.8736081344
-6844.284780120601
-7500.0
-7500.0
7500.0
7500.0
7500.0
7500.0
7500.0
7500.0
7500.0
7500.0
-7500.0
-7500.0
-7500.0
-7500.0
-7500.0
-7500.0
-7500.0
7500.0
7500.0
7500.0
7500.0
7500.0
7500.0
7500.0
7500.0
7500.0
-7500.0
-7500.0
-7500.0
-7500.0
7500.0
7500.0
7500.0
7500.0
7500.0
7500.0
7500.0
-7500.0
7500.0
7500.0
-7500.0
-7500.0
-7500.0
-7500.0
7500.0
7500.0
7500.0
7500.0
7500.0
7500.0
-7500.0
-7500.0
-7500.0
7500.0
7500.0
7500.0
7500.0
-7500.0
-7500.0
-7500.0
-7500.0
-6555.39772727273
7500.0
7500.0
7500.0
7500.0
7500.0
7500.0
7500.0
-7500.0
-7309.305022749577
-7500.0
-7500.0
-6888.183696573189
-5843.738859808254
-2777.7266292593013
1844.2266398749343
7500.0
7500.0
7500.0
7500.0
7500.0
7500.0
7500.0
7500.0
-5227.272727272728
-315.8120882268686
1273.5917702338843
1990.9923226562396
1718.7802613547506
-106.48586313293436
714.6720164178041
1933.867579501747
-2272.727272727273
1785.714285714279
1736.1111111110954
-1742.4242424242427
7500.0
7500.0
7500.0
7500.0
7492.9544387036185
-3636.3636363636365
4580.536912751681
-3636.3636363636365
993.9759036144619
224.35187236872162
1220.6797609358655
7500.0
1090.0870730073675
2310.741556398749
2939.2299467925864
3558.9362401573726
3016.912024871935
1835.7815321399853
-82.09217306607025
-924.785271692801
-2180.8494984794966
-1548.2195128489439
7500.0
-5833.333333333333
7500.0
7500.0
-5805.743552222426
-6208.10512247354
-6876.860422481475
-6507.591935485218
-5248.33695807862
-3681.562668920844
-420.1064158255649
7500.0
7500.0
7500.0
7500.0
7500.0
7500.0
7500.0
-7500.0
-7500.0
-7500.0
-7500.0
7500.0
7500.0
7500.0
7500.0
7500.0
7500.0
-7500.0
-7500.0
-7500.0
7500.0
7500.0
7500.0
-6578.22062994477
-6674.221327501131
-7259.055359721426
-7193.8682280700905
-7500.0
-7500.0
7500.0
7500.0
7500.0
7500.0
7500.0
7500.0
7500.0
7500.0
-7500.0
7500.0
7500.0
-7500.0
-7500.0
7500.0
7500.0
7500.0
7500.0
-7114.0933627766335
-7054.0312070623295
-7500.0
-7500.0
-7500.0
7500.0
7500.0
7500.0
7500.0
7500.0
7500.0
7500.0
7500.0
-7500.0
-7500.0
-7500.0
-7500.0
-7500.0
7500.0
7500.0
7500.0
7500.0
7500.0
7500.0
-7500.0
-7500.0
-7249.972584713236
-7500.0
-7500.0
7500.0
7500.0
7500.0
7500.0
7500.0
7500.0
-7500.0
-7500.0
-7500.0
-7500.0
-7500.0
7500.0
7500.0
7500.0
7500.0
7500.0
7500.0
7500.0
-7319.538670284939
-7097.135030970139
-7267.856993845899
-7500.0
-7500.0
-7500.0
7500.0
7500.0
7500.0
7500.0
7500.0
7500.0
7500.0
7500.0
7500.0
-7500.0
-7500.0
-7500.0
-7500.0
7500.0
7500.0
7500.0
7500.0
-7500.0
-7500.0
-7195.187165775402
-7500.0
7500.0
7500.0
7500.0
7500.0
7500.0
7500.0
-7500.0
-7500.0
-7500.0
-7500.0
-7500.0
-7500.0
7500.0
7500.0
7500.0
7500.0
7500.0
7500.0
-7500.0
-7500.0
-7500.0
-7500.0
-7500.0
-7500.0
-7500.0
7500.0
7500.0
7500.0
7500.0
7500.0
7500.0
7500.0
7500.0
7500.0
-7500.0
-7500.0
-7500.0
-7500.0
7500.0
7500.0
7500.0
7500.0
7500.0
-7500.0
-7500.0
-7500.0
-7500.0
-5359.442060085841
-3444.1297072267007
886.1423641530482
7500.0
7500.0
7500.0
7500.0
7500.0
5211.046903364659
5294.9919738442995
1833.500159915272
-3636.3636363636365
7500.0
7500.0
3557.2724219012434
2563.0109272749596
2004.8549285355912
-519.8157947200398
-1236.0623536745206
-930.6407003169566
-771.9187206895513
-1085.9734640233205
-1485.1312897791977
-1156.051095930156
764.5923345521692
1645.935670740711
2892.4853347759213
5083.003724564767
-3863.6363636363644
5179.071068830432
3359.280151948589
-1893.939393939394
7500.0
4778.9413118527045
2739.2491955964447
871.1353245298706
-447.88863230905463
-213.38879346604335
-304.13801970650366
-526.129522028501
-685.2401689242242
459.8254493115496
2544.1624275881263
2969.7108619258497
-2272.727272727273
7500.0
-1515.1515151515152
5746.16418411916
-1590.909090909091
4951.36186770428
-2348.4848484848485
1931.616341030197
314.1385478995776
-50.247148787561855
890.3793766639974
-2196.969696969697
2999.9999999999977
-4015.151515151515
887.2474600023352
-895.6322789789951
-373.36248785351745
976.5633675952322
6412.035075353771
2152.380312319676
7500.0
-1977.3557745543112
-1589.3399394728058
-7.6684355123597925
1193.385481420038
5656.006774443538
7500.0
4603.884209760176
7500.0
-4208.0213903743315
-4004.527054425869
-4095.2696666376087
-3301.857666488361
-1438.7337998552757
7500.0
4917.980405246502
7500.0
7500.0
7500.0
-7500.0
-7500.0
-7500.0
-7500.0
-7500.0
-7500.0
-7500.0
7500.0
7500.0
7500.0
7500.0
7500.0
7500.0
7500.0
7500.0
-7500.0
-7500.0
-7500.0
-7500.0
-7500.0
7500.0
7500.0
7500.0
7500.0
7500.0
7500.0
-6078.73739425954
-6656.999010949034
-5289.695690620038
-5274.915310009736
-5441.002834403005
-5592.309164335471
-5712.323855792474
-3956.387636889165
7500.0
7500.0
7500.0
7500.0
7500.0
7500.0
1449.505531705814
7500.0
-2090.409590409594
7500.0
-1301.5001930395279
7500.0
-6970.3422642093865
-7500.0
-7500.0
-7500.0
-7500.0
-7500.0
-7500.0
7500.0
7500.0
7500.0
7500.0
7500.0
7500.0
7500.0
7500.0
7500.0
7500.0
-7500.0
7500.0
7500.0
-7500.0
-7500.0
-7500.0
-7500.0
-7500.0
-7500.0
-7500.0
7500.0
7500.0
7500.0
7500.0
7500.0
7500.0
7500.0
-7500.0
-7500.0
-7500.0
-7500.0
7500.0
7500.0
7500.0
7500.0
7500.0
-7500.0
-7500.0
-7500.0
-7500.0
7500.0
7500.0
7500.0
7500.0
7500.0
7500.0
-7500.0
-7500.0
-7500.0
7500.0
7500.0
7500.0
-7500.0
-7500.0
-7105.945385413068
-6813.244431857935
-6089.816403328519
-5201.867304000776
-4253.166229725881
6663.530894863791
2171.0601526057544
7500.0
7500.0
7500.0
7500.0
7500.0
7500.0
-6372.775214238629
-5126.386042428536
-4945.476193283877
-3875.5575199474315
1820.8364663378998
6737.267960146344
7500.0
7500.0
6801.9305907129765
4771.5727582475665
2885.1076118370115
-2196.969696969697
2885.6665654418466
4222.842011140455
5121.274294084745
-2121.2121212121215
3852.497643732328
-2727.2727272727275
5289.4736842105285
-757.5757575757576
3415.0805270863793
-1590.909090909091
1993.6708860759481
-3333.3333333333335
-29.644268774700322
-664.4494763656976
1989.950592617426
7500.0
7500.0
7500.0
-4160.293573455041
-4143.39168534696
-4893.166047534476
-5497.166842497158
-6205.459148782509
-6513.97856567523
-7500.0
-7500.0
7500.0
7500.0
7500.0
7500.0
7500.0
7500.0
7500.0
7500.0
-7500.0
-7500.0
-7500.0
-7500.0
-7500.0
7500.0
7500.0
7500.0
7500.0
7500.0
7500.0
7500.0
7500.0
-7500.0
-7500.0
-7500.0
-7241.5552029018345
-7500.0
-7006.392473376034
-5097.881328847916
7500.0
7500.0
7500.0
7500.0
7500.0
7500.0
7500.0
7500.0
7500.0
7500.0
7500.0
-7500.0
7500.0
7500.0