Demand
-7500.0
-7500.0
-7500.0
-7500.0
-7500.0
-7500.0
7500.0
7500.0
7500.0
7500.0
7500.0
7500.0
7500.0
-7500.0
7500.0
7500.0
-7500.0
-7500.0
7500.0
7500.0
7500.0
-7500.0
-6626.353098955842
-5474.945484000158
-3743.816212953727
-566.0747896756384
7500.0
7500.0
7500.0
7500.0
7500.0
-5739.187996469549
-6003.70982351923
-4776.698496285788
-4518.923385584367
7500.0
7500.0
7500.0
7500.0
-5218.696397941681
-5028.999732310163
1085.917332325194
7500.0
7500.0
7500.0
7500.0
7500.0
-7500.0
-7500.0
-7500.0
-7500.0
-7500.0
-6851.462054841282
-6017.241994697741
-6233.001819300422
7500.0
7500.0
7500.0
7500.0
7500.0
7500.0
7500.0
7500.0
-7500.0
-7500.0
-7500.0
7500.0
7500.0
7500.0
7500.0
-7500.0
-7500.0
-7500.0
-7500.0
-7500.0
-7500.0
-7500.0
-7500.0
7500.0
7500.0
7500.0
7500.0
7500.0
7500.0
7500.0
7500.0
7500.0
-6773.6829530522045
-5713.220937544913
-5967.008954522731
-6501.466043138462
-6594.454804619158
-7097.834680850367
-7500.0
-7500.0
7500.0
7500.0
7500.0
7500.0
7500.0
7500.0
7500.0
7500.0
7500.0
-118.3494442780875
997.1157787087768
2552.316452386058
3726.9220355469242
3990.6158825476105
4283.210666685634
-2878.787878787879
2945.4865181711593
-3106.0606060606065
-253.06748466257704
-1114.2285519758475
-1822.7654723636729
-1938.9613185635694
-1286.4085482768442
3700.793384063192
7500.0
-5757.575757575758
-2774.5722244329518
-2780.8293637780644
-2904.4790502641267
-2316.95031131297
-97.66322465169105
723.916316252265
6221.327836288919
3585.371362512844
7500.0
7500.0
7500.0
-6651.07827951865
-6762.132837393687
-6884.311719268395
-6316.230622286614
-7214.487911555872
-7500.0
-7500.0
7500.0
7500.0
7500.0
7500.0
7500.0
7500.0
7500.0
7500.0
7500.0
-6303.791338037916
-6561.419867803286
-4939.493403273807
-3313.3795879413524
-2868.251374727291
-1672.7353057505716
1568.8573474851114
5642.2764456799305
5995.277465473329
3697.9266419336764
5160.7963828629
7500.0
5360.908947100155
7500.0
-6871.392861081498
-7161.845130095677
-7500.0
-7500.0
-7500.0
-7500.0
-7500.0
-7500.0
7500.0
7500.0
7500.0
7500.0
7500.0
7500.0
7500.0
7500.0
-7500.0
7500.0
7500.0
-7500.0
-7500.0
-7500.0
-7500.0
-7500.0
-7500.0
7500.0
7500.0
7500.0
7500.0
7500.0
7500.0
7500.0
-7500.0
-6977.369983526116
-4937.2677105127095
557.4684374247354
7500.0
7500.0
7500.0
7500.0
7500.0
-7500.0
-7500.0
-7500.0
-7500.0
-7500.0
-7500.0
7500.0
7500.0
7500.0
7500.0
7500.0
7500.0
7500.0
-7500.0
-7500.0
-7500.0
-7500.0
-7500.0
7500.0
7500.0
7500.0
7500.0
7500.0
7500.0
-7500.0
-7500.0
-7500.0
-7500.0
-7500.0
-7500.0
-7500.0
7500.0
7500.0
7500.0
7500.0
7500.0
7500.0
7500.0
7500.0
7500.0
-4166.8166074400615
-3071.0869438009886
-2229.1099335248414
-1484.665336567165
-1495.143416277026
-1391.3910239284883
507.35728134524334
5652.417506599915
6865.882169446157
5469.255601684418
3306.510931491651
234.99035238578335
1307.0219390490038
-2803.030303030303
7500.0
5482.917214191861
4503.3527006085915
5593.323348199018
-1287.878787878788
7500.0
7500.0
7500.0
-227.27272727272728
245.32710280373976
-2045.4545454545457
423.7288135593235
-221.40269830437137
-957.7227900844937
-1301.5606506510776
-761.3095766955212
144.41031616444798
1339.7387997199967
1891.2841339561983
2234.8305778656845
-2954.545454545455
6499.999999999959
-4015.151515151515
-996.0063196699725
-2532.728224479884
-3179.197937064942
-3260.204277493313
-3078.2762525508274
-3891.3200385665928
-3648.657438495631
-3662.4200855329163
-1477.8977366994827
7500.0
7500.0
7500.0
7500.0
7500.0
-6739.884172826338
-6519.609445059048
-7142.978666577856
-7500.0
-7500.0
-7500.0
-7500.0
-7500.0
7500.0
7500.0
7500.0
7500.0
7500.0
7500.0
7500.0
7500.0
7500.0
7500.0
-7500.0
-7500.0
-7500.0
-7500.0
7500.0
7500.0
7500.0
7500.0
7500.0
7500.0
-7500.0
-7500.0
-7500.0
7500.0
7500.0
7500.0
-7500.0
-7500.0
-7500.0
-7500.0
-7500.0
-7500.0
-7500.0
7500.0
7500.0
7500.0
7500.0
7500.0
7500.0
7500.0
7500.0
7500.0
-7500.0
-7500.0
-7500.0
-7500.0
-7500.0
-7500.0
-7500.0
-7500.0
7500.0
7500.0
7500.0
7500.0
7500.0
7500.0
7500.0
7500.0
7500.0
-7500.0
-7500.0
-7500.0
-7500.0
7500.0
7500.0
7500.0
7500.0
7500.0
7500.0
-7500.0
-7500.0
-7500.0
7500.0
7500.0
7500.0
7500.0
-7500.0
-7500.0
-7500.0
-7500.0
7500.0
7500.0
7500.0
7500.0
7500.0
-7345.103083445054
-7165.771035609796
-7316.563024759442
-7500.0
-7500.0
-7500.0
-7500.0
-7500.0
7500.0
7500.0
7500.0
7500.0
7500.0
7500.0
7500.0
7500.0
-7500.0
-7500.0
-7500.0
-7500.0
7500.0
7500.0
7500.0
7500.0
7500.0
-7332.84457478006
-7500.0
-7500.0
-7500.0
-7500.0
7500.0
7500.0
7500.0
7500.0
7500.0
7500.0
-7500.0
7500.0
7500.0
7500.0
7500.0
7500.0
-7500.0
-7500.0
-7500.0
-7500.0
-7500.0
-7500.0
-7500.0
7500.0
7500.0
7500.0
7500.0
7500.0
7500.0
7500.0
7500.0
-7500.0
-7500.0
-7500.0
-7500.0
7500.0
7500.0
7500.0
7500.0
7500.0
7500.0
-7500.0
-7500.0
-7500.0
-7500.0
-7500.0
-7500.0
-7500.0
6059.898045879372
7500.0
7500.0
7500.0
7500.0
7500.0
7500.0
4726.92541211776
-4545.454545454546
2185.999261174733
2795.149075784526
2987.9311187278845
4600.402853615957
5036.347191837078
-2500.0000000000005
3772.727272727272
-2954.545454545455
7500.0
-462.67336104366495
-164.77077159371856
-46.23623011419295
-470.2108495411121
-1035.3423450030655
-944.8273635315304
470.08180206582665
777.9321157583854
1133.9170533337688
2259.3585115381206
4153.421274687122
4511.45327493836
3884.896143342401
5001.469274176687
-454.54545454545456
7500.0
7500.0
7500.0
7500.0
333.5467349551873
207.09889275367686
-74.07516188184673
-320.8843807460653
723.2828564205338
2765.087585930365
3676.96593510012
3879.639696046419
3198.372154437511
-1515.1515151515152
5744.680851063831
-1590.909090909091
6059.322033898302
-2348.4848484848485
7500.0
454.6974764366064
111.37142666264344
1055.5755146309966
3179.1965242642223
-3787.878787878788
476.8786127167623
-38.338658146969465
-1257.6699136012653
4283.965490562639
7500.0
-2216.1488300728815
-1478.5038486977696
-1463.507765587001
-1770.753578950857
-1335.6438417841964
370.56703044230926
1615.4438184293176
5794.971423285736
7500.0
3955.002307928815
7500.0
-4317.837204493764
-4142.72760208535
-4261.7730507250235
-3582.9834254210577
-2086.661700328014
6422.511554981984
7500.0
2814.1021454795937
7500.0
7500.0
-7500.0
-7500.0
-7500.0
-7500.0
-7500.0
7500.0
7500.0
7500.0
7500.0
7500.0
7500.0
-7500.0
-7500.0
-7089.928057553958
-7500.0
-7500.0
-7500.0
-7500.0
7500.0
7500.0
7500.0
7500.0
7500.0
7500.0
7500.0
-6343.271918129212
-5124.099554013539
-4946.041210988009
7500.0
7500.0
7500.0
7500.0
-6610.671936758896
-6242.883170120702
-4011.9227184947376
19.56048527378607
3699.291917199004
7500.0
4935.8112588902095
7336.466888988432
1038.593787597234
7500.0
-4369.489810666284
-4730.671906880092
-5102.127928120401
-5694.744123651679
-6823.300412475057
-7500.0
-7500.0
-7500.0
-7500.0
7500.0
7500.0
7500.0
7500.0
7500.0
7500.0
7500.0
7500.0
-7500.0
-7500.0
-7500.0
-7500.0
-7500.0
-7500.0
7500.0
7500.0
7500.0
7500.0
7500.0
7500.0
7500.0
-7500.0
-7500.0
-7500.0
-7500.0
-7500.0
-7500.0
-7500.0
-7500.0
7500.0
7500.0
7500.0
7500.0
7500.0
7500.0
7500.0
7500.0
7500.0
-7500.0
7500.0
7500.0
7500.0
7500.0
-7500.0
-7500.0
-7500.0
7500.0
7500.0
7500.0
-7500.0
7500.0
7500.0
7500.0
-7500.0
-7500.0
-7500.0
-6883.116883116887
-6047.374169473014
108.5050390396218
7500.0
7500.0
7500.0
7500.0
7500.0
7500.0
7500.0
-7500.0
-7500.0
-7318.636363636362
-6284.148712121967
-4962.637900022717
-4820.694170054798
-3859.20715774259
958.1876130118021
4671.253266346226
7500.0
7500.0
7500.0
7500.0
7035.120432871981
4608.724908224267
-2651.515151515152
7500.0
5520.917135961385
-2121.2121212121215
3852.497643732328
-2727.2727272727275
5289.4736842105285
-757.5757575757576
3415.0805270863793
-1590.909090909091
1993.6708860759481
-3333.3333333333335
-29.644268774700322
-664.4494763656976
1989.950592617426
7500.0
-3701.0130631831526
-4199.301202205637
-4375.695609805198
-4366.980817320924
-5071.810447447166
-5638.4750106109495
-6298.664452908368
-6584.04778660519
-7500.0
-7500.0
7500.0
7500.0
7500.0
7500.0
7500.0
7500.0
7500.0
-7500.0
7500.0
7500.0
7500.0
-7500.0
-7500.0
-7500.0
7500.0
7500.0
7500.0
-7500.0
-7500.0
7500.0
7500.0
7500.0
7500.0
-7500.0
-7309.249940751979
-7500.0
-7118.018298167979
-3983.457853904223
7500.0
7500.0
7500.0
7500.0
7500.0
-7500.0
-7500.0
-7500.0
-7500.0
-7500.0
7500.0
7500.0
7500.0
7500.0