Demand
7500.0
7500.0
7500.0
7500.0
7500.0
7500.0
7500.0
7500.0
7500.0
7500.0
7500.0
7500.0
7500.0
7500.0
7500.0
7500.0
7500.0
7500.0
7500.0
7500.0
7500.0
7500.0
7500.0
7500.0
7500.0
7500.0
7500.0
2333.011316588483
7500.0
7500.0
7500.0
2494.3314590741234
7500.0
7500.0
7500.0
7500.0
-6433.55720796354
-5528.871141933234
-4828.660590241614
-3869.689327706441
-4033.4758041570567
-3154.395672651206
-1300.8792159617255
7500.0
7500.0
1811.2369992773438
7500.0
7500.0
7500.0
7500.0
-7500.0
-7500.0
-7050.523825616765
-6518.694280356605
-6667.562437160912
7500.0
7500.0
7500.0
7500.0
7500.0
-7500.0
-7500.0
-7500.0
-7500.0
-7500.0
-7500.0
-7500.0
-2185.3146853146955
7500.0
7500.0
7500.0
7500.0
7500.0
7500.0
7500.0
7500.0
-7500.0
-7500.0
-7500.0
-7500.0
-7500.0
7500.0
7500.0
7500.0
7500.0
7500.0
7500.0
-6363.3225954901045
7500.0
-6263.126368397503
-6735.077628560048
-6862.791230614881
-7255.974896483796
-7500.0
-7500.0
-7500.0
-7500.0
7500.0
7500.0
7500.0
7500.0
7500.0
7500.0
7500.0
7500.0
7500.0
3950.6291126787382
5091.216915830404
5103.639947022231
5133.183182593897
2003.7938004144908
-2500.0000000000005
1804.8128342245968
-553.0330548492584
-1334.3737802314722
-1851.6741083233592
-1261.994759080293
7500.0
-5454.545454545455
-3203.8174331774753
-2996.5796371986567
-1965.6757918227554
-1574.9770090881157
-966.217017736888
2175.6146800735282
7500.0
3227.7888500168997
7500.0
7500.0
-2927.807486631025
7500.0
7500.0
-5900.673400673402
7500.0
919.0371991248376
7500.0
7500.0
-7500.0
-7500.0
7500.0
7500.0
-7500.0
-7500.0
-7500.0
-7500.0
-7500.0
-7500.0
-3100.343053173312
7500.0
7500.0
7500.0
7500.0
7500.0
7500.0
7500.0
7500.0
7500.0
-5052.781068683738
-5896.786611052561
-6472.7650752631325
-6751.549659888229
-6024.646924257899
-6522.956837093629
-6888.260081796023
-7500.0
-7500.0
7500.0
7500.0
7500.0
7500.0
7500.0
7500.0
7500.0
7500.0
-7500.0
-7500.0
-7500.0
-7500.0
-7500.0
-7500.0
-7500.0
-7500.0
7500.0
7500.0
7500.0
7500.0
7500.0
7500.0
7500.0
7500.0
-7500.0
7500.0
-7500.0
-7500.0
-7500.0
6893.939393939132
7500.0
7500.0
7500.0
4891.304347843342
7500.0
-7500.0
-7500.0
-7500.0
-7500.0
-7500.0
-7500.0
7500.0
7500.0
7500.0
7500.0
7500.0
7500.0
7500.0
7500.0
-7500.0
-7500.0
-7500.0
-7500.0
-7500.0
-7500.0
-7500.0
7500.0
7500.0
7500.0
7500.0
7500.0
7500.0
7500.0
-7500.0
-7500.0
-7500.0
7500.0
7500.0
7500.0
7500.0
7500.0
-7033.1695331695355
-5646.4025575953365
7500.0
7500.0
7500.0
7500.0
-4149.686520376177
-3019.958764796727
-2128.3797906757354
-1314.8333821726178
-1259.710801701509
-1043.1746627549605
1208.595979928928
7037.959657886429
6896.108350643219
4758.029511438814
2345.6579823162674
-3863.6363636363644
7500.0
4398.989898989899
4898.819460290391
1009.1800011765445
1707.1032735734589
4257.14743600592
-1287.878787878788
5096.685082872924
0.0
0.0
7500.0
295.65567176186505
3479.5171309778098
-3636.3636363636365
-50.432276657061266
-807.3722688072303
-1169.417181655292
-640.3778622378686
248.59859090439932
1428.7592364555167
2006.167640637299
2460.9800300664083
1655.7963120116647
-3257.575757575758
4821.428571428536
-4469.69696969697
2657.410157410157
2430.4129276795215
7380.377602307148
-132.41153717797442
7500.0
7009.090909090994
-823.6506746629743
7500.0
-6959.81045981046
-6641.119972167706
-5525.279434502665
-3904.8690991090407
3057.72971687953
7500.0
7500.0
7500.0
7500.0
7500.0
-7500.0
-7500.0
-7500.0
-7500.0
-7500.0
7500.0
7500.0
7500.0
7500.0
7500.0
7500.0
7500.0
-7500.0
-7500.0
-7500.0
-7500.0
-7500.0
7500.0
7500.0
7500.0
7500.0
7500.0
7500.0
7500.0
7500.0
-7500.0
-7500.0
-7500.0
-7500.0
-7500.0
7500.0
7500.0
7500.0
7500.0
7500.0
7500.0
-7500.0
-7500.0
-7500.0
-7500.0
-5960.846084608464
-6113.990105088304
7500.0
7500.0
7500.0
7500.0
7500.0
7500.0
7500.0
7500.0
-7500.0
-7500.0
-7500.0
-7500.0
-7500.0
-7500.0
-7500.0
-7500.0
7500.0
7500.0
7500.0
7500.0
7500.0
7500.0
7500.0
7500.0
7500.0
-7325.056779817078
-7500.0
-7500.0
-7500.0
-7500.0
7500.0
7500.0
7500.0
7500.0
7500.0
7500.0
-7500.0
-7500.0
-7500.0
-7500.0
7500.0
7500.0
7500.0
7500.0
7500.0
7500.0
-7327.361259959927
-7114.480600052759
-7277.296078414673
-7500.0
-7500.0
-7500.0
7500.0
7500.0
7500.0
7500.0
7500.0
7500.0
7500.0
7500.0
-7500.0
-7500.0
-7500.0
-7500.0
-7500.0
-7500.0
-7500.0
7500.0
7500.0
7500.0
7500.0
7500.0
7500.0
7500.0
7500.0
-7500.0
7500.0
7500.0
7500.0
-7500.0
-7500.0
-7500.0
-7500.0
-7500.0
-7500.0
-7500.0
7500.0
7500.0
7500.0
7500.0
7500.0
7500.0
7500.0
7500.0
7500.0
-7500.0
-7500.0
-7500.0
-7500.0
-7500.0
7500.0
7500.0
7500.0
7500.0
7500.0
7500.0
-7500.0
-7500.0
7500.0
7500.0
7500.0
-7500.0
-7500.0
-7500.0
-7500.0
-7500.0
-7500.0
-7500.0
7500.0
7500.0
7500.0
7500.0
7500.0
7500.0
7500.0
7500.0
-2597.9513444302206
-1772.0239657433526
-916.7061758724485
464.23068590410776
1052.019126291052
1390.332562141009
3039.0361326437614
4142.400903330987
-2500.0000000000005
2747.9338842975208
-2954.545454545455
990.5660377358386
710.6893880712487
7500.0
-88.79492600422873
-499.24260584043714
-1044.5275185176524
-921.8260402971259
555.5193276349005
910.546534751848
1327.5473425665537
2550.753671833734
4469.2214432423625
4388.687364991352
3218.2110018697786
-1893.939393939394
7500.0
3697.2061551893494
-2727.2727272727275
912.6984126984121
-437.7224199288248
-163.0826997082122
-212.42458779400386
-359.3765143404162
-336.87692939114186
1453.919928833624
4005.205979241392
-2651.515151515152
5145.760096030179
4784.722319305454
5771.4020945694065
5628.882638999575
-1590.909090909091
4883.900928792569
-2348.4848484848485
1803.547963206308
308.32115026087695
-36.513613152727885
894.4740594155046
-2196.969696969697
727.6119402985069
226.5700079388207
127.56173367837846
7500.0
5674.114021571624
1999.2333145025327
7500.0
-1978.3904619970203
-2116.751479063545
-2605.2147443800877
-2636.356581305659
-2105.1120884797874
-2419.3035998540017
-2874.7778417126356
958.8568736371194
7500.0
3924.6526278196475
7500.0
3273.6245327979636
7500.0
7500.0
-5511.627906976748
-6298.596156422684
-6331.583724038721
-6324.342922637708
-6633.061619443641
-6336.950043093015
7500.0
7500.0
7500.0
7500.0
7500.0
7500.0
7500.0
-7500.0
-7109.802847754658
7500.0
7500.0
7500.0
7500.0
7500.0
-7500.0
-7500.0
-7500.0
-7500.0
-7500.0
7500.0
7500.0
7500.0
7500.0
7500.0
7500.0
-5894.6174307620095
-3269.602419016486
7500.0
7500.0
7500.0
258.30008657399185
7500.0
-6591.263374194008
-6206.861243891528
-3868.2728683705304
471.9025206753863
4340.134269309288
7500.0
4820.407812217189
7500.0
812.285135916542
7500.0
-2899.320305862362
-1933.6794790986369
4702.436559293504
7500.0
-3414.071109062445
7500.0
-7500.0
-7500.0
-7500.0
-7500.0
7500.0
7500.0
7500.0
7500.0
7500.0
7500.0
-7500.0
-7500.0
-7500.0
-7500.0
-7500.0
-7500.0
7500.0
7500.0
7500.0
7500.0
7500.0
7500.0
7500.0
-7500.0
-7500.0
-7500.0
7500.0
7500.0
7500.0
7500.0
7500.0
7500.0
7500.0
-7500.0
-7500.0
-7500.0
-6178.107606679039
7500.0
7500.0
7500.0
7500.0
7500.0
-7500.0
-7500.0
-7500.0
-7500.0
-7500.0
-7500.0
-7500.0
7500.0
7500.0
7500.0
7500.0
7500.0
7500.0
7500.0
7500.0
7500.0
7500.0
-7193.713057495972
-6990.641407587873
-6524.830803593866
-6080.049158029091
-5898.429097253518
-5115.00786692966
7500.0
7500.0
7500.0
7500.0
7500.0
7500.0
-7333.131660096024
-6406.791938100667
-5286.380974709313
-5250.621954970307
-4627.769129324213
-1459.643275184058
900.2917870504257
4660.199424988186
7500.0
7500.0
7500.0
7500.0
6258.003977678976
-2651.515151515152
7500.0
-1212.1212121212122
6443.419340019905
5507.180018371593
2721.4419515033846
4980.91058588877
-757.5757575757576
3536.2694300518087
-1590.909090909091
2669.491525423727
-3333.3333333333335
7500.0
-577.723802914642
-866.9633157168187
843.1296462519149
7500.0
7500.0
7500.0
7500.0
-5301.7667611576235
-5784.0394532155115
-6343.703460705654
-6504.787683892084
-7500.0
7500.0
7500.0
7500.0
7500.0
7500.0
-7338.826905518035
-7500.0
-7500.0
-7500.0
-7500.0
-7500.0
-7500.0
-7500.0
7500.0
7500.0
7500.0
7500.0
7500.0
7500.0
7500.0
7500.0
-7500.0
-7500.0
-7500.0
-7500.0
-6822.577857300714
7500.0
7500.0
7500.0
7500.0
7500.0
7500.0
7500.0
7500.0
-7500.0
-7500.0
-7500.0
-7500.0
7500.0
7500.0
7500.0
7500.0
-7315.812149935373