Demand
-7500.0
7500.0
7500.0
7500.0
7500.0
7500.0
7500.0
7500.0
7500.0
7500.0
7500.0
7500.0
-7500.0
-7500.0
-7500.0
-7500.0
-7500.0
-7500.0
7500.0
7500.0
7500.0
7500.0
7500.0
7500.0
-6183.81755531534
-6761.388278198425
-7278.944862227359
-4178.829111523064
-527.1610292561627
4479.484793977401
7500.0
2860.1902215378827
7500.0
7500.0
7500.0
-6252.204317421709
-6447.36414094829
-5399.546353007021
-4223.479909820224
-1495.4731175194702
4258.874587607683
7500.0
7500.0
-755.8833354655167
7500.0
-7005.821154322517
-7500.0
-7500.0
-7500.0
7500.0
7500.0
7500.0
7500.0
-6996.997873119424
-7308.039054785853
-7500.0
-7500.0
-7500.0
7500.0
7500.0
7500.0
7500.0
7500.0
7500.0
-7500.0
-7500.0
-7500.0
-7208.477176831611
-7500.0
-7500.0
7500.0
7500.0
7500.0
7500.0
7500.0
7500.0
-7500.0
-7500.0
-7500.0
7500.0
7500.0
7500.0
7500.0
7500.0
7500.0
7500.0
7500.0
-6855.680187817923
-5913.450754924397
-6131.559422663409
-6596.507778332385
-6652.747904416648
-7087.911606103742
-7500.0
7500.0
7500.0
7500.0
7500.0
7500.0
7500.0
7500.0
-1993.402040246276
-813.3216418959291
473.1020071557714
1992.7970223298616
3470.724113770356
4849.358914425055
4533.667910217724
-2196.969696969697
7500.0
-2878.787878787879
5981.938073394496
3462.12802823355
669.718803325899
-326.08153227826915
-1147.2419187549458
-1344.9762727252983
-907.0446552487824
2170.2404689985506
5522.157166226298
4322.010604036097
7500.0
-3102.146930560217
-3193.4614725925117
-2564.606272947661
-127.236817349798
1530.977235640381
7500.0
3040.651332535879
7500.0
7500.0
-6659.886805801205
-6588.695731925485
-6692.733754012041
-6806.696695799319
-6101.769546924186
-7134.581397891196
-7500.0
-7500.0
7500.0
7500.0
7500.0
7500.0
7500.0
7500.0
7500.0
7500.0
-7311.507237725567
-6014.025698942547
-6284.119133866161
-3953.2256406210436
-1235.7387821097418
-96.63943866457885
2526.9602696802735
7500.0
6088.723976482142
5791.573022540996
3839.5357454406626
4882.5643035093835
7500.0
7500.0
-6969.696969696971
-6562.8302994715195
-6814.360246027267
-7500.0
7500.0
7500.0
7500.0
7500.0
7500.0
-7500.0
-7500.0
-7500.0
-7500.0
-7500.0
-7500.0
-7500.0
7500.0
7500.0
7500.0
7500.0
7500.0
7500.0
7500.0
7500.0
7500.0
-7500.0
-7500.0
-7500.0
-7500.0
-7500.0
-7500.0
-7500.0
-7500.0
7500.0
7500.0
7500.0
7500.0
7500.0
7500.0
7500.0
7500.0
-7500.0
-7500.0
-7500.0
-7500.0
-7500.0
-7500.0
-7500.0
7500.0
7500.0
7500.0
7500.0
7500.0
7500.0
7500.0
7500.0
7500.0
-7500.0
-7500.0
-7500.0
-7500.0
-7500.0
-7500.0
-7500.0
7500.0
7500.0
7500.0
7500.0
7500.0
7500.0
7500.0
7500.0
-7500.0
7500.0
7500.0
7500.0
-6911.157024793389
5772.18204268835
7500.0
7500.0
7500.0
-5416.588566073104
-4036.011041204947
-2814.746461476381
-1809.190930328643
-849.9290330666281
-680.688110383222
-258.63420042982216
2693.47262647887
7500.0
7500.0
3562.8381920650068
-3106.0606060606065
7500.0
1064.5435645435628
2413.7473640653816
3102.4210330248425
-3560.606060606061
2042.4107142857101
4628.955649231131
-1287.878787878788
5096.685082872924
0.0
0.0
7500.0
-3636.3636363636365
4112.903225806453
-3636.3636363636365
247.2527472527495
-504.10016107775755
-709.7077272305401
309.80571828524444
2052.05073496877
3520.200091142054
-3333.3333333333335
2594.4510035419153
2214.5778218114015
1208.5386115451115
-4015.151515151515
-502.9154518950445
-1812.4731314868277
-946.1682199406841
7500.0
-5833.333333333333
7500.0
3491.735537190225
7500.0
-6417.4474550519135
-7004.3992162614795
-6777.594742212306
-6086.274468976937
-5645.867646492621
-5549.769272485279
-5656.447320896339
-3759.269515076059
-2711.319633450284
7500.0
7500.0
7500.0
7500.0
7500.0
7500.0
7500.0
-7500.0
-7500.0
7500.0
7500.0
7500.0
-7500.0
-7500.0
-7500.0
-7500.0
-7500.0
-7500.0
-7500.0
7500.0
7500.0
7500.0
7500.0
7500.0
7500.0
7500.0
7500.0
-7500.0
-7500.0
-7500.0
-7500.0
-7500.0
-7500.0
-7500.0
7500.0
7500.0
7500.0
7500.0
7500.0
7500.0
7500.0
-7500.0
-6717.838765008579
-7059.954454787459
-6981.328172915148
-7500.0
-7500.0
-7500.0
7500.0
7500.0
7500.0
7500.0
7500.0
7500.0
7500.0
7500.0
7500.0
-7500.0
-7500.0
-7500.0
-7500.0
-7500.0
7500.0
7500.0
7500.0
7500.0
7500.0
7500.0
7500.0
7500.0
7500.0
7500.0
-7500.0
-7500.0
-7500.0
-7500.0
-7500.0
-7500.0
-7500.0
7500.0
7500.0
7500.0
7500.0
7500.0
7500.0
7500.0
7500.0
-7500.0
-7304.336632530465
-7500.0
-7215.116015372221
-6687.458190791665
-6672.505932286787
7500.0
7500.0
7500.0
7500.0
7500.0
7500.0
7500.0
7500.0
-7500.0
-7500.0
-7500.0
-7500.0
-7500.0
-7500.0
7500.0
7500.0
7500.0
7500.0
7500.0
7500.0
7500.0
7500.0
7500.0
-7500.0
-7500.0
-7500.0
-7500.0
-7500.0
-7500.0
7500.0
7500.0
7500.0
7500.0
7500.0
7500.0
-7500.0
-7500.0
-7500.0
-7500.0
-7500.0
-7500.0
-7500.0
7500.0
7500.0
7500.0
7500.0
7500.0
7500.0
7500.0
-7500.0
7500.0
7500.0
-7500.0
-7500.0
7500.0
7500.0
7500.0
7500.0
7500.0
-7500.0
-7500.0
-7500.0
-7500.0
-7500.0
-7500.0
7500.0
7500.0
7500.0
7500.0
7500.0
7500.0
7500.0
7500.0
-5360.016090104587
-3745.736346088339
-2102.1980553685025
-1325.4850094251306
818.0060296127194
4131.430964838707
5365.080853400374
3493.752614724268
-3787.878787878788
7115.384615384601
5936.682520808565
4097.788230431239
-2500.0000000000005
7500.0
4113.466576113322
636.2642570802313
-132.07251697337142
528.0191186014608
1105.545858667475
1269.9167329194297
3180.017093652363
7500.0
-802.411873840445
-622.5214016584105
-414.44914676824555
407.33139141013817
1999.3060217164007
2926.2114632994567
3337.0303588391776
5764.003119501886
6608.346543951517
-2045.4545454545457
3552.6315789473792
-3484.8484848484854
7500.0
607.6066790352534
570.6215505533546
460.37736622030843
691.4857885581237
3945.91384819137
-3181.818181818182
3006.9124423963117
3530.0524631181443
3292.791973844905
-1515.1515151515152
5335.051546391753
-1590.909090909091
4951.36186770428
-2348.4848484848485
1931.616341030197
314.1385478995776
-50.247148787561855
890.3793766639974
-2196.969696969697
2999.9999999999977
-4015.151515151515
2180.549939344928
-6.017279605482145
638.2594311324392
2147.591860255572
7011.911288405854
1190.2923278684307
7500.0
-3632.971506105836
-3815.73928770764
-3652.1792087855647
-4156.279622179873
-4859.000794685737
-3954.0598389227816
-3045.8443359234684
-2646.2784123864053
-1609.881593445618
-257.6055981983054
1246.0486839895784
7500.0
3229.456856418819
7500.0
7500.0
4169.224435556207
7500.0
-7167.83216783217
7500.0
7500.0
7500.0
7500.0
-7500.0
-7500.0
-7500.0
-7500.0
-6794.304916873014
7500.0
7500.0
7500.0
7500.0
7500.0
7500.0
7500.0
-7500.0
-7500.0
-7500.0
-7500.0
-7500.0
-7500.0
7500.0
7500.0
7500.0
7500.0
7500.0
7500.0
-5361.698136801302
-5386.376341109446
-5598.199295004486
-5819.805986258427
-6062.9479930398065
-5221.871054562938
226.77264497021406
7500.0
7500.0
7500.0
6799.251434387381
6284.517648920048
5681.331062641411
2399.1669489474825
7500.0
-6287.878787878788
-4558.856883647088
-4843.638287791342
-5915.407332774197
7500.0
7500.0
7500.0
7500.0
7500.0
-7500.0
-7500.0
-7500.0
-7500.0
-7500.0
-7500.0
7500.0
7500.0
7500.0
7500.0
7500.0
7500.0
7500.0
7500.0
-7500.0
7500.0
7500.0
7500.0
-7500.0
-7500.0
-7500.0
-7500.0
-7500.0
-7500.0
-7500.0
7500.0
7500.0
7500.0
7500.0
7500.0
7500.0
7500.0
7500.0
-7113.937387116197
-7500.0
-7500.0
-7500.0
7500.0
7500.0
7500.0
7500.0
7500.0
7500.0
-7500.0
-7500.0
-7500.0
-7500.0
7500.0
7500.0
7500.0
7500.0
-7500.0
-7500.0
-7500.0
-7500.0
7500.0
7500.0
7500.0
7500.0
7500.0
2863.6363636365422
7500.0
-7500.0
-6681.818181818187
7500.0
7500.0
7500.0
-7305.519751307911
-6056.318710939753
-3888.1602244992027
-2188.946718411398
7500.0
7500.0
7500.0
7500.0
4409.397522103933
-4393.939393939394
1031.7967231324624
2589.8659630433826
4350.458107488001
2660.563718149508
3728.599311179907
-1212.1212121212122
3616.9102296450947
-1969.69696969697
2961.25461254612
-1363.6363636363637
7500.0
-2121.2121212121215
5540.904485094128
1864.906620263641
874.2039275916582
-4318.181818181819
-1721.6981132075475
-2424.88030378075
-2803.5126464217324
-1433.4817917195505
-193.49697788144294
7500.0
2218.2855452235385
7500.0
-6042.613636363638
-6566.318310574357
-6783.086988959554
-7500.0
7500.0
7500.0
7500.0
7500.0
7500.0
-7311.13320079523
-7500.0
-7500.0
-7500.0
-7500.0
7500.0
7500.0
7500.0
7500.0
7500.0
7500.0
7500.0
-7500.0
-7500.0
-7500.0
-7500.0
7500.0
7500.0
7500.0
7500.0
7500.0
7500.0
-7246.486390322008
-6314.0943101810935
7500.0
7500.0
7500.0
7500.0
-7500.0
-7500.0
-7500.0
-7500.0
7500.0
7500.0
7500.0
7500.0
-7500.0
-7278.869778869783