Demand
7500.0
7500.0
7500.0
7500.0
7500.0
7500.0
7500.0
7500.0
7500.0
7500.0
7500.0
7500.0
7500.0
7500.0
7500.0
7500.0
7500.0
7500.0
7500.0
7500.0
7500.0
7500.0
7500.0
7500.0
7500.0
-6729.376596762111
-7278.9628151891375
-4507.608427746256
-2345.9904808313768
-1110.4890074240352
3754.5874099594894
2416.558833996107
7500.0
7500.0
2123.7290128668265
7500.0
7500.0
7500.0
-4815.1201130475765
-2634.6920208304728
5233.7720707210065
7500.0
5894.654833926543
7500.0
-6468.548039638088
-6935.978287449359
-7500.0
-7500.0
-7500.0
-7500.0
-7500.0
7500.0
7500.0
7500.0
7500.0
7500.0
7500.0
7500.0
7500.0
-7500.0
7500.0
7500.0
7500.0
7500.0
-7500.0
-7500.0
7500.0
7500.0
7500.0
-7500.0
-7500.0
-7500.0
-7500.0
-7500.0
7500.0
7500.0
7500.0
7500.0
7500.0
7500.0
7500.0
-7500.0
7500.0
7500.0
-7500.0
-6324.68841642229
-5356.212619546366
-5609.1974130964445
7500.0
3195.40724091873
7500.0
7500.0
7500.0
7500.0
7500.0
-7500.0
-7500.0
-7500.0
-7500.0
7500.0
7500.0
7500.0
7500.0
7500.0
1631.8926974664632
3051.819875743425
4671.303754321821
5142.42369980174
4153.108923779111
-1818.1818181818182
3017.2413793103483
-2500.0000000000005
7500.0
7500.0
7500.0
-5000.000000000001
7500.0
7500.0
7383.945841392586
-5681.818181818183
-3375.975169868301
-2775.7148302605965
-2903.016551201543
-3205.6969998317145
-3002.1829158025284
-1858.639691431074
-2222.2199733042903
-1627.4081571231723
-726.7834207616415
2960.6174706861884
7500.0
7500.0
5347.277535724792
7500.0
7500.0
7500.0
-7342.702830560593
-7500.0
-7500.0
-7500.0
-7500.0
-7500.0
-7500.0
7500.0
7500.0
7500.0
7500.0
7500.0
7500.0
7500.0
7500.0
-4419.898283534649
-4365.887747340799
-4036.7546593192037
-3073.8112764778693
-2047.5568166341254
-879.8594095338794
-314.0460069842193
-611.0504274064833
7500.0
2678.9178868906333
7500.0
7500.0
7500.0
7500.0
-7500.0
-7500.0
7500.0
7500.0
7500.0
7500.0
7500.0
-7500.0
-7500.0
-7500.0
-7500.0
-7500.0
-7500.0
-7500.0
-7500.0
7500.0
7500.0
7500.0
7500.0
7500.0
7500.0
7500.0
7500.0
-7500.0
-7500.0
-7500.0
-7500.0
7500.0
7500.0
7500.0
7500.0
7500.0
7500.0
-6844.534594007537
-7121.7459803282145
-7500.0
-7500.0
-7500.0
7500.0
7500.0
7500.0
7500.0
7500.0
-7500.0
-7500.0
-7500.0
-7500.0
-7500.0
-7500.0
-7500.0
7500.0
7500.0
7500.0
7500.0
7500.0
7500.0
7500.0
7500.0
7500.0
7500.0
7500.0
7500.0
-7500.0
-7500.0
-7500.0
-7500.0
-7500.0
-7500.0
-7500.0
-5120.593692022274
7500.0
7500.0
7500.0
7500.0
7500.0
7500.0
7500.0
7500.0
7500.0
-3589.932942279962
-2764.6569819374213
-1937.2298008073594
-1679.5726261964169
-989.9063572905211
3083.161554140735
7500.0
3978.6761132866636
-3106.0606060606065
2856.602098887901
865.3743782687593
1752.9793779263846
3185.2603116644295
3899.188663060577
543.1706094979022
1239.253972167563
-1742.4242424242427
5690.348525469175
-1742.4242424242427
7500.0
0.0
-227.27272727272728
887.727622467301
4278.175889930284
249.27898406305076
-3939.39393939394
-389.3905191873582
-594.4942210971585
452.15016074284813
2213.550731116749
3554.9175760555645
-3333.3333333333335
7500.0
4397.031539888692
1532.831855851689
-4015.151515151515
7500.0
-1993.4357195937573
-2697.720874460618
-2770.7048188524077
-2551.5230204882446
-3456.5081002775364
-3187.5068879503556
-3274.4905774270887
-1571.5631808273588
7500.0
7500.0
7500.0
7500.0
7500.0
7500.0
-5816.376764030198
7500.0
7500.0
7500.0
-7500.0
-7500.0
-7500.0
-7500.0
-7500.0
-7500.0
-7500.0
7500.0
7500.0
7500.0
7500.0
7500.0
7500.0
7500.0
-7500.0
-7500.0
-7500.0
-7500.0
-6171.947809878848
-6138.655692250406
-6982.184381198078
-5774.516545294209
7500.0
7500.0
7500.0
7500.0
7500.0
7500.0
7500.0
7500.0
-7500.0
-7500.0
-7500.0
-7500.0
-7500.0
7500.0
7500.0
7500.0
7500.0
7500.0
7500.0
7500.0
-7182.935476651141
-7500.0
-7500.0
-7500.0
-7500.0
-7500.0
-7500.0
-7500.0
7500.0
7500.0
7500.0
7500.0
7500.0
7500.0
7500.0
7500.0
-7500.0
-7500.0
-7500.0
-7500.0
-7500.0
7500.0
7500.0
7500.0
7500.0
7500.0
7500.0
7500.0
7500.0
7500.0
7500.0
-7500.0
-7500.0
-7500.0
-7500.0
-7500.0
-7500.0
7500.0
7500.0
7500.0
7500.0
7500.0
7500.0
7500.0
7500.0
-7500.0
-7322.64170512887
-7097.185604828859
-7260.594880105011
-7500.0
-7500.0
-7500.0
7500.0
7500.0
7500.0
7500.0
7500.0
7500.0
7500.0
-7500.0
-7500.0
-7500.0
-7500.0
-7500.0
-7500.0
-7500.0
7500.0
7500.0
7500.0
7500.0
7500.0
7500.0
7500.0
7500.0
7500.0
7500.0
-7500.0
7500.0
-7500.0
-7500.0
-7500.0
7500.0
7500.0
7500.0
7500.0
-7500.0
-7500.0
-7500.0
-7500.0
7500.0
7500.0
7500.0
7500.0
7500.0
-7500.0
-7500.0
-7500.0
-7500.0
7500.0
7500.0
7500.0
7500.0
7500.0
-7500.0
-7500.0
7500.0
7500.0
7500.0
7500.0
7500.0
-7500.0
-7500.0
-7500.0
-7500.0
-7500.0
7500.0
7500.0
7500.0
7500.0
7500.0
7500.0
-5630.8646957925575
-4603.234327775928
-2388.569770431992
-254.1723738084802
419.7323895630475
2191.8077556040193
4212.729881091185
5482.247073974178
6654.724170502215
5140.961813109041
3893.0873937740566
4396.505180366374
-2121.2121212121215
7500.0
4924.912104470119
3521.393156416705
215.3685488070155
-467.6813356653838
314.21832469734454
1207.6100732453783
2294.4532718165883
7500.0
-2486.9706840390886
-1475.0774122212624
-1249.8548648127526
-959.3910310913666
-22.307776624540566
1732.8801519027052
2614.388638725013
2481.751769173849
-1893.939393939394
7500.0
7500.0
7500.0
1715.9853569249553
243.98317410775326
495.09190025003545
383.828651484243
126.0151267337169
-68.54841248255161
1135.9786451447208
3312.2542391056068
3790.582189546957
3164.89341213542
-2196.969696969697
7500.0
-1212.1212121212122
6243.43122102009
5141.731803597906
-2348.4848484848485
2036.637931034486
308.44066566208767
-74.633457176903
876.9154696853525
-2196.969696969697
7500.0
816.4983164983169
133.61302856198017
-1588.143212527682
-1679.7068040209329
-1702.3187995408402
-940.3262461384779
266.6079238841803
564.9869380431119
579.1477443104741
2306.451578504857
6841.368387560669
1479.9263308776203
7500.0
7500.0
-3958.469587965992
-3730.44122107442
-3050.528361122771
-2141.028803901203
-864.5507265397318
7500.0
2849.38887728458
7500.0
7500.0
7500.0
-7129.870129870133
-7269.3862520187995
-7500.0
-7500.0
7500.0
7500.0
7500.0
7500.0
7500.0
-7500.0
-7327.937801543809
-7311.140528632071
-7500.0
-7500.0
-7500.0
-6569.567864617522
-7500.0
7500.0
7500.0
7500.0
7500.0
7500.0
7500.0
7500.0
7500.0
7500.0
-4178.3216783216885
7500.0
7500.0
7500.0
-5503.7939588501395
-5552.847315944979
-5779.924812617741
-6021.91811847883
-6291.954174136881
-5741.410171723988
-2476.3559128176253
3027.2785050734533
5263.589688421556
7500.0
5899.556655820332
6806.1369108415975
6014.3816380556345
2794.7783943284385
2694.5785854976943
7500.0
7500.0
-5869.357914812463
7500.0
7500.0
-7500.0
-7500.0
-7500.0
7500.0
7500.0
7500.0
-7500.0
-7500.0
7500.0
7500.0
7500.0
-7500.0
-7500.0
-7500.0
-7500.0
-7500.0
-7500.0
-7500.0
7500.0
7500.0
7500.0
7500.0
7500.0
7500.0
7500.0
7500.0
-7500.0
-7500.0
-7500.0
-7500.0
7500.0
7500.0
7500.0
7500.0
7500.0
7500.0
-7322.713942948549
-7105.6090450463635
-7500.0
-7500.0
-7500.0
-7500.0
-7500.0
7500.0
7500.0
7500.0
7500.0
7500.0
7500.0
7500.0
7500.0
-7500.0
-7500.0
-7500.0
-7500.0
-7500.0
-7500.0
7500.0
7500.0
7500.0
7500.0
7500.0
7500.0
7500.0
7500.0
7500.0
-7500.0
-7155.605131065255
-7500.0
-7500.0
-7500.0
-7108.658293108243
-2767.2920220303786
7500.0
7500.0
7500.0
7500.0
7500.0
7500.0
7500.0
-4393.939393939394
1687.0970571466137
3342.8363453081074
5275.5428079395115
3586.6781004714812
4865.4451643459415
5568.767666016414
-2121.2121212121215
3965.968586387435
-2727.2727272727275
5564.516129032259
-757.5757575757576
3536.2694300518087
-1590.909090909091
2669.491525423727
-3333.3333333333335
7500.0
4276.8595041322405
2111.8198477586666
3637.5185597249474
7500.0
-5909.09090909091
-4045.0306748466282
-3978.1614011470683
-4708.711422725168
-5277.072642787871
-5961.187510526668
-6120.490185694958
-7500.0
7500.0
7500.0
7500.0
7500.0
7500.0
7500.0
7500.0
-7500.0
-7500.0
-7500.0
-7500.0
-7500.0
-7500.0
-7500.0
-7500.0
7500.0
7500.0
7500.0
7500.0
7500.0
7500.0
7500.0
7500.0
-7500.0
-7500.0
-7257.720636018277
-7500.0
-7099.567133066339
-6132.2591852468195
-7500.0
7500.0
7500.0
7500.0
7500.0
7500.0
7500.0
7500.0
7500.0
7500.0
-7500.0
-7500.0
-7500.0
-7258.688106460939