Demand
7500.0
7500.0
7500.0
7500.0
7500.0
7500.0
7500.0
7500.0
7500.0
7500.0
7500.0
7500.0
-7500.0
-7500.0
-7500.0
-7500.0
-7500.0
7500.0
7500.0
7500.0
7500.0
7500.0
7500.0
7500.0
7500.0
-6801.3278855975495
-7303.979521668303
-4947.149251581406
-3299.050542166853
-2551.348456420262
623.4524507348092
1031.6736711555363
7500.0
7500.0
2775.2173182040387
7500.0
7500.0
7500.0
-5643.210472341198
-5096.509121694831
-5331.838463356953
-5022.907039990439
-4470.10623374613
1495.2004669539729
7500.0
7500.0
7500.0
7500.0
-7500.0
-7500.0
-7500.0
-7500.0
-6881.107491856681
-6189.498161448075
-6670.1424976255785
7500.0
7500.0
7500.0
7500.0
7500.0
7500.0
7500.0
7500.0
7500.0
-7500.0
-7500.0
-7500.0
-7295.867768595044
-7500.0
-7500.0
-7500.0
-7500.0
7500.0
7500.0
7500.0
7500.0
7500.0
7500.0
7500.0
7500.0
7500.0
7500.0
7500.0
7500.0
-7500.0
-6542.767577250337
-6014.999453908145
-6538.8177554018075
-4912.918512599672
-5001.826123715129
-5481.928910071654
-4284.493105095249
7500.0
7500.0
7500.0
7500.0
7500.0
7500.0
7500.0
7500.0
7500.0
-1543.8871473354247
-139.8087241541907
1401.7002314114839
3119.07703875828
4457.51290220366
5187.7829919885025
3802.1160544231725
-2196.969696969697
7500.0
5781.130634071784
-2500.0000000000005
4348.046828335917
959.2155358359068
-15.228884164901501
-542.3387747602346
610.0039082391813
7500.0
-5454.545454545455
-2247.1201316511288
-1603.821556980602
620.2432870776379
2350.6960547032504
4979.0609802938725
7173.9237634845285
1619.8056505220989
7500.0
-4720.0546234880985
-5000.245732103909
-5264.255000004026
-5497.280690929592
-4353.326966917744
7500.0
7500.0
7500.0
7500.0
7500.0
7500.0
-7500.0
-7500.0
7500.0
7500.0
7500.0
-7500.0
-7500.0
-7500.0
-7500.0
7500.0
7500.0
7500.0
7500.0
7500.0
7500.0
-4882.6659013643
-4350.091912465923
-3905.5594270689817
-3550.5903796399803
-3748.430665060174
-4691.535628642598
-5134.704480088145
-3884.5764866509094
7500.0
7500.0
7500.0
7500.0
7500.0
7500.0
-7500.0
7500.0
7500.0
7500.0
-7500.0
-7500.0
-7500.0
-7500.0
7500.0
7500.0
7500.0
7500.0
7500.0
-7500.0
-7500.0
7500.0
7500.0
7500.0
7500.0
-7500.0
-7500.0
-7500.0
-7500.0
7500.0
7500.0
7500.0
7500.0
-7500.0
-7066.072448138046
-5946.716303476238
-5869.078661884516
-5594.504994441582
-5328.908258038942
7500.0
7500.0
7500.0
7500.0
7500.0
7500.0
7500.0
7500.0
-7500.0
-7500.0
-7500.0
-7500.0
-7500.0
-7500.0
-7500.0
7500.0
7500.0
7500.0
7500.0
7500.0
7500.0
7500.0
-7500.0
-7500.0
-7500.0
-7263.289036544851
-7500.0
-7500.0
-7500.0
7500.0
7500.0
7500.0
7500.0
7500.0
7500.0
7500.0
7500.0
7500.0
7500.0
-6392.282065519157
-6452.643285853794
-6100.2720571121445
-4352.348541269277
-1308.1701040247099
2594.72175253131
5779.449479820019
5791.213096688987
3663.10403008052
5035.1939719405345
7500.0
-4166.666666666667
3355.1922385914454
3807.230469491413
2858.220840321759
363.3081114939887
1309.390655461485
1915.512216067853
-2272.727272727273
599.0982785317419
1334.367796071795
4094.722196929877
-1287.878787878788
4267.741935483869
0.0
0.0
-227.27272727272728
286.2595419847353
-2045.4545454545457
1447.3684210526394
238.30155979203164
7500.0
-563.241106719368
39.47631421147162
1027.5524040006349
2294.089479476039
2814.254000758038
3148.3631428611875
2120.917194515934
-3257.575757575758
4821.428571428536
-4469.69696969697
-2392.2188480111527
-3048.4005613365703
-3118.4597978033294
-2911.2187691499
-3733.836339290207
-3433.7894043727533
-3356.1615324942177
-394.7091565807632
7500.0
7500.0
7500.0
7500.0
7500.0
-6524.343856979842
-6079.09908610055
-6858.732921556211
-7500.0
7500.0
7500.0
7500.0
7500.0
7500.0
7500.0
-7500.0
-7500.0
-7500.0
-7500.0
-6726.244343891403
-7500.0
-7500.0
-7500.0
7500.0
7500.0
7500.0
7500.0
7500.0
7500.0
7500.0
7500.0
-7320.375316770847
-7500.0
-7500.0
-7500.0
-7500.0
7500.0
7500.0
7500.0
7500.0
7500.0
7500.0
7500.0
-7500.0
7500.0
7500.0
-7500.0
7500.0
7500.0
-7500.0
-6710.73653938329
-7050.382981289526
-6957.786529045265
-7500.0
-7500.0
-7500.0
7500.0
7500.0
7500.0
7500.0
7500.0
7500.0
7500.0
7500.0
7500.0
7500.0
-7500.0
7500.0
7500.0
7500.0
-7500.0
-7500.0
-7500.0
-7500.0
-7500.0
-7500.0
-7500.0
-6673.114119922635
7500.0
7500.0
7500.0
7500.0
7500.0
7500.0
7500.0
7500.0
7500.0
-7500.0
-7500.0
7500.0
7500.0
7500.0
-7500.0
-7500.0
7500.0
7500.0
-7314.788071340892
-7500.0
-7186.884517749888
-6227.669348288555
7500.0
7500.0
7500.0
7500.0
7500.0
7500.0
-7500.0
-7500.0
-7500.0
-7500.0
7500.0
7500.0
7500.0
7500.0
-7500.0
-7500.0
-7500.0
7500.0
7500.0
7500.0
7500.0
7500.0
7500.0
-7329.705505761845
-7500.0
-7500.0
-7500.0
-7500.0
-7500.0
-7500.0
7500.0
7500.0
7500.0
7500.0
7500.0
7500.0
7500.0
7500.0
-7500.0
7500.0
7500.0
-7500.0
-7500.0
7500.0
7500.0
7500.0
7500.0
-7500.0
-7500.0
-7500.0
-7500.0
-7500.0
7500.0
7500.0
7500.0
7500.0
7500.0
7500.0
7500.0
-7500.0
-7500.0
-7500.0
-7500.0
7500.0
7500.0
7500.0
7500.0
7500.0
-7500.0
-7500.0
-7500.0
-7500.0
-5645.9107806691445
-4162.374822730162
-1103.5846666252578
7012.616782954303
7500.0
6860.8382082461685
6418.797946096011
6246.296551992205
5383.614757586913
5244.353478690587
1862.0179817259996
-3636.3636363636365
4517.834923268354
5775.552624375066
3826.564735002472
2503.814185681938
1733.892363073633
-4090.9090909090914
-482.45614035087965
296.93060498220166
1189.4437562862595
2285.118704645667
7500.0
-1541.8118466898995
-182.65392260065346
204.9824266517826
699.6833185597789
2041.902617657784
4127.698335261237
3756.7207501453177
1809.9056795067645
-1893.939393939394
7500.0
4699.762187871565
-2727.2727272727275
7500.0
912.0425029515918
1179.7303571735624
1043.8650539749574
756.9591570974353
560.2296361402778
1921.1234351445455
4190.021862906757
4072.5168637039023
-2272.727272727273
7500.0
-1515.1515151515152
6584.548972908604
-1590.909090909091
5065.44502617801
-2348.4848484848485
2198.6301369863054
279.08304932069905
-3787.878787878788
7500.0
-2196.969696969697
4712.505465675553
756.2062872313231
7500.0
-2559.0529851554875
-2671.0646462458485
-2730.227624810103
-2152.23855806889
-1187.6053994645354
-854.9475571988528
-588.381864603105
1886.9685361202132
7500.0
380.06313902015154
7500.0
-4589.507408890671
-3984.5862635478443
-3852.289821293729
-3383.729129350915
-2932.9203571436788
-2742.1084774198775
-766.7510471214682
5262.3158688888125
2754.6545605019205
7500.0
7500.0
7500.0
7500.0
-7500.0
-7500.0
-7500.0
-7500.0
-7500.0
-7500.0
-7500.0
-7500.0
7500.0
7500.0
7500.0
7500.0
7500.0
7500.0
7500.0
7500.0
7500.0
-7500.0
7500.0
7500.0
7500.0
7500.0
-6514.030367095907
-6050.061149303796
-6474.740914790085
-6019.346744525337
-4569.998198277468
-4991.3568848604955
7500.0
7500.0
4664.746119785098
7500.0
7500.0
5421.347896034982
7500.0
-4453.250277537931
-4131.825749215264
-2901.1936136619047
-2989.719477615837
-2045.2150640310206
-938.8379522806936
-1277.1642065868036
-2466.46529483003
-1735.3190602680775
1542.64430455727
7500.0
4309.691991649661
7500.0
7500.0
-7500.0
-7500.0
-7500.0
-7500.0
-7500.0
-7500.0
-7500.0
-7500.0
7500.0
7500.0
7500.0
7500.0
7500.0
7500.0
7500.0
7500.0
-7500.0
-7500.0
-7500.0
-7500.0
-7500.0
-7500.0
-7500.0
7500.0
7500.0
7500.0
7500.0
7500.0
7500.0
7500.0
7500.0
7500.0
7500.0
-7500.0
-7500.0
-7226.5531302470645
-6640.934251966719
-7500.0
7500.0
7500.0
7500.0
7500.0
7500.0
7500.0
-7500.0
-7500.0
-7500.0
-7500.0
-7500.0
-7500.0
-7500.0
7500.0
7500.0
7500.0
7500.0
7500.0
7500.0
7500.0
-7151.976681286462
-6903.820502839913
-6304.623824742217
-5617.424433225449
-4991.695896323612
605.483176152045
7500.0
7500.0
7500.0
7500.0
7500.0
7500.0
-7295.991410164639
-5896.5525970491835
-2918.1291620921515
2048.1022625670867
7500.0
7500.0
7500.0
7500.0
-5000.000000000001
357.0467993544921
2108.542881215048
3775.2241973096106
5437.508123819285
3149.101712367158
3979.777794312038
-1212.1212121212122
3870.1067615658376
-1969.69696969697
5445.205479452034
-1363.6363636363637
7500.0
3428.9765055360476
-1590.909090909091
2099.9999999999977
-3333.3333333333335
681.8181818181874
703.1250000000236
7500.0
-3697.60590001112
-3373.775237880802
-3872.3040602421715
-4005.573074954669
-3907.9577256913235
-4616.419648197878
-5146.743935864355
-5782.617522451947
-5690.053911306983
7500.0
7500.0
7500.0
7500.0
7500.0
7500.0
7500.0
-7500.0
-7500.0
-7500.0
-7500.0
7500.0
7500.0
7500.0
7500.0
7500.0
7500.0
-7500.0
-7500.0
-7500.0
-7500.0
-7500.0
-7500.0
-7500.0
7500.0
7500.0
7500.0
7500.0
7500.0
7500.0
7500.0
-7500.0
-7500.0
-7500.0
-7500.0
-7500.0
-7500.0
-7500.0
7500.0
7500.0
7500.0
7500.0
7500.0
7500.0