Demand
-7500.0
-7500.0
-7500.0
-7500.0
-7500.0
7500.0
7500.0
7500.0
7500.0
7500.0
7500.0
7500.0
7500.0
7500.0
-7500.0
-7500.0
7500.0
7500.0
7500.0
-7500.0
7500.0
7500.0
-6697.08426079492
-5845.421085236114
-5144.200004240865
-5853.568166557719
-6589.114549850807
7500.0
7500.0
7500.0
7500.0
7500.0
7500.0
7500.0
-6316.550496811509
-6045.102408284882
-6309.529578560063
-5274.2758159507375
-4446.991710269687
-3298.4615282958744
-3448.5233128941727
-2361.8094564221587
-258.1341858463129
7500.0
7500.0
-38.58824693204406
7500.0
7500.0
7500.0
7500.0
7500.0
-7500.0
-7089.928057553958
-6764.885807251816
-7181.493572682115
-7500.0
-7500.0
7500.0
7500.0
7500.0
7500.0
7500.0
7500.0
7500.0
-7500.0
-7500.0
-7500.0
-6559.971661167616
7500.0
7500.0
7500.0
7500.0
7500.0
7500.0
-7500.0
-7500.0
-7500.0
-7500.0
-7500.0
-7500.0
-7500.0
7500.0
7500.0
7500.0
7500.0
7500.0
7500.0
7500.0
-3547.765793528515
7500.0
7500.0
7500.0
7500.0
7500.0
-7500.0
-7500.0
-7500.0
7500.0
7500.0
7500.0
7500.0
7500.0
-2225.0952640174214
-1352.6797720514514
-275.2054374475101
943.4467202828578
2482.7413503722833
3216.4825056618793
-2196.969696969697
5813.609467455621
-2878.787878787879
7500.0
2253.0976262878385
-71.34581018719928
-1002.8266177240644
-1863.4283205280462
-2311.7942774641774
-2508.642513669929
-1749.1006273528892
-1675.9862271643997
-593.2376058578984
2995.05237512568
4901.272010725854
4706.045094262206
7500.0
-5909.09090909091
-4542.818911685998
-4693.448691212594
-5028.340656586795
-5376.380727419026
-5760.8282857867325
-5435.98819649781
-3122.846725348452
7500.0
7500.0
7500.0
7500.0
7500.0
7500.0
7500.0
-7500.0
7500.0
7500.0
-7500.0
-7500.0
-7500.0
-7500.0
-7000.547645125962
7500.0
1710.7551612158118
7500.0
7500.0
7500.0
7500.0
7500.0
7500.0
-4271.019677996423
-4557.08258130793
-5443.213768494621
-6017.033615352797
-6132.3161872782875
-2544.9083838758943
7500.0
7500.0
7500.0
7500.0
7500.0
7500.0
-7500.0
-7500.0
-7500.0
-7500.0
-7500.0
-7500.0
-7500.0
-7500.0
7500.0
7500.0
7500.0
7500.0
7500.0
7500.0
7500.0
7500.0
-7500.0
-7500.0
-7500.0
-7500.0
-7500.0
7500.0
7500.0
7500.0
7500.0
7500.0
7500.0
7500.0
7500.0
-6631.862181005892
-6687.797654710161
-6979.820511072001
-7500.0
-7500.0
7500.0
7500.0
7500.0
7500.0
7500.0
-7500.0
-7500.0
7500.0
7500.0
7500.0
7500.0
7500.0
-7500.0
-7500.0
-7500.0
-7500.0
7500.0
7500.0
7500.0
7500.0
7500.0
7500.0
7500.0
-7329.825347066728
-7500.0
-7500.0
-7500.0
-7500.0
-7500.0
-7500.0
-7500.0
7500.0
7500.0
7500.0
7500.0
7500.0
7500.0
7500.0
7500.0
7500.0
-5277.853282446471
-3768.5221898694726
-2402.2844245024085
-1251.1723625655027
-144.02378138232052
67.62835471635299
558.1405544675163
3820.35436283568
7500.0
7500.0
4085.6564509839154
-3106.0606060606065
7500.0
2270.861322585459
3787.4098948908104
4615.491155028776
1150.9938972688424
1909.1192355297862
4757.66912762533
-1287.878787878788
4354.419410745233
0.0
0.0
-227.27272727272728
346.1538461538503
-2045.4545454545457
7500.0
-306.67433831991
-1046.3899925600622
-1428.6214173160242
-985.0880004269438
-213.60354310983894
849.8644589925239
1457.8675604344899
2088.656592753805
1721.3648165361956
-3257.575757575758
318.6968838526873
-528.8435165172768
-1587.7404716552614
4121.460139125056
7500.0
-3756.15763546798
-4646.784862252416
-4830.662660729242
-5422.508947457165
-5859.492662132821
-6663.44123991563
-6017.6120868758735
-3324.4940047890427
4005.748240359606
7500.0
4560.323444334598
7500.0
7500.0
7500.0
7500.0
7500.0
7500.0
-7500.0
-7500.0
7500.0
7500.0
7500.0
7500.0
-7500.0
-6951.219512195123
-7500.0
-7500.0
-7500.0
-7500.0
7500.0
7500.0
7500.0
7500.0
7500.0
7500.0
7500.0
-7257.858963466442
7500.0
7500.0
7500.0
-7500.0
7500.0
7500.0
7500.0
-7500.0
-7500.0
-7500.0
-7500.0
7500.0
7500.0
7500.0
7500.0
7500.0
-7500.0
-7500.0
-6649.359532396471
-6999.7343337693455
-6859.320727709337
-7500.0
-7500.0
7500.0
7500.0
7500.0
7500.0
7500.0
7500.0
7500.0
7500.0
-7500.0
7500.0
7500.0
7500.0
-7500.0
7500.0
-7500.0
-7500.0
-7500.0
-7500.0
7500.0
7500.0
7500.0
7500.0
7500.0
7500.0
-7500.0
-7500.0
-7500.0
-7500.0
-7500.0
-7500.0
-7500.0
7500.0
7500.0
7500.0
7500.0
7500.0
7500.0
7500.0
7500.0
-7500.0
-7500.0
-7322.5404732254065
-7500.0
-7272.068483533256
-6945.116640630311
-7128.753343758703
-7500.0
-7500.0
7500.0
7500.0
7500.0
7500.0
7500.0
7500.0
7500.0
7500.0
-7500.0
-7500.0
-7500.0
-7500.0
-7500.0
-7500.0
7500.0
7500.0
7500.0
7500.0
7500.0
7500.0
7500.0
7500.0
7500.0
-7500.0
-7500.0
-7500.0
7500.0
7500.0
7500.0
7500.0
7500.0
-7500.0
-7500.0
-7500.0
-7500.0
7500.0
7500.0
7500.0
7500.0
7500.0
-7500.0
-7500.0
-7500.0
-7500.0
-7500.0
7500.0
7500.0
7500.0
7500.0
7500.0
7500.0
7500.0
-7500.0
-7500.0
7500.0
7500.0
7500.0
-7500.0
-7500.0
-7500.0
-7500.0
-7500.0
-7500.0
7500.0
7500.0
7500.0
7500.0
7500.0
7500.0
7500.0
7500.0
7500.0
-3302.6509572901305
-793.6881330192446
1434.0420627509206
7500.0
1111.7890538467964
7500.0
516.7142274765583
1095.0040495906728
1435.6967652652202
3111.183777282789
4364.054483765018
2740.2524457088093
-2803.030303030303
2325.32751091703
-571.4926042133593
-1142.9593722426357
-224.62959240420605
1665.6369509894394
7500.0
-2299.828270902651
-2335.093901687249
-1385.756677863974
-1251.3263719436259
-1096.2564992386579
-395.4645106009566
1010.3691840782367
1911.6121963690312
2441.95573755248
4943.294104628583
-454.54545454545456
3576.9230769230708
-2727.2727272727275
2314.814814814821
-285.0356294536923
7500.0
-190.22513536620045
-414.6002849134147
-573.7152397067284
595.1690525652543
2707.847995754493
3096.808952853789
-2272.727272727273
7500.0
-1515.1515151515152
7500.0
5277.493932813895
-1439.3939393939395
3093.471810089023
-3030.3030303030305
906.5934065934098
489.84619979095623
1485.8512770845095
3211.7586321616727
-3787.878787878788
7500.0
935.5179704016873
-860.1527896298103
-331.54360367231766
1029.436589880644
6461.936975946366
2065.9646100468376
7500.0
-3550.4434589800458
-3731.682813848829
-3557.2517347216453
-4066.5135983160762
-4779.793114737857
-3830.008063618947
-2863.974749003384
-2415.746633218132
-1276.2640888248097
220.19615594017023
1825.1595874168784
7500.0
3461.5546162991454
7500.0
7500.0
1191.9253348909006
7500.0
-7324.769433465084
-7500.0
-7500.0
-7500.0
-7500.0
-7500.0
-7500.0
7500.0
7500.0
7500.0
7500.0
7500.0
7500.0
7500.0
7500.0
-7500.0
-7500.0
-7500.0
-7500.0
7500.0
7500.0
7500.0
7500.0
7500.0
7500.0
-6370.237936565571
-5762.480327593794
-3551.2964937272936
-2684.17550434819
7500.0
7500.0
7500.0
7500.0
7500.0
7500.0
-5213.16462393087
-3698.7403819256583
-3195.5076230327127
-1454.991159919462
-1439.5481434598933
48.47034293143042
1744.4520128970134
1184.8559868752404
-465.00057388415553
1199.915464935912
6741.045690388661
1549.6601150652755
7500.0
7500.0
7500.0
-7500.0
-7500.0
-7500.0
-7500.0
-7500.0
-7500.0
7500.0
7500.0
7500.0
7500.0
7500.0
7500.0
7500.0
-7500.0
-7500.0
-7500.0
-7500.0
-7500.0
-7500.0
-7500.0
7500.0
7500.0
7500.0
7500.0
7500.0
7500.0
7500.0
-7500.0
-7500.0
-7500.0
7500.0
7500.0
7500.0
-7500.0
-7500.0
-7157.96579657966
-6165.454617707843
7500.0
7500.0
7500.0
7500.0
7500.0
7500.0
7500.0
-7500.0
-7500.0
-7500.0
-7500.0
7500.0
7500.0
7500.0
7500.0
7500.0
7500.0
-7500.0
-7500.0
-7500.0
7500.0
7500.0
7500.0
7500.0
7500.0
-6642.083082480434
-6700.15194046443
-6991.121242625068
-7500.0
-1086.775686206247
7500.0
7500.0
7500.0
7500.0
7500.0
-5727.366966136835
-5690.41534892163
-5138.1436272891915
-2192.714693280872
993.9992285239091
7448.017503532535
6289.6571927237455
5911.42028891641
2889.6281107033424
-3106.0606060606065
3824.931880108994
2513.217276023106
3805.229829154325
-1212.1212121212122
3417.98695246971
-1969.69696969697
2332.3699421965302
-1363.6363636363637
6344.444444444442
-2121.2121212121215
5026.766595289081
-2954.545454545455
2093.023255813947
-748.5981308411288
-747.2767699443921
7500.0
-2092.8853754940774
2758.4086086123716
7500.0
-6060.606060606061
33.039647577058076
7500.0
7500.0
-6683.537051184112
-6959.071432420722
-7500.0
-7500.0
-7500.0
-7500.0
7500.0
7500.0
7500.0
7500.0
7500.0
7500.0
7500.0
-7500.0
-7500.0
-7500.0
-7500.0
-7500.0
-7500.0
-7500.0
-7500.0
7500.0
7500.0
7500.0
7500.0
7500.0
7500.0
7500.0
7500.0
-7500.0
-7274.899297053944
-6927.164800316348
-7500.0
-7500.0
7500.0
7500.0
7500.0
7500.0
7500.0
7500.0
7500.0
-7500.0
7500.0
7500.0
7500.0
7500.0