Demand
-7500.0
-7500.0
-7500.0
-7500.0
-7500.0
-7500.0
-7500.0
7500.0
7500.0
7500.0
7500.0
7500.0
7500.0
7500.0
7500.0
7500.0
-7500.0
-7500.0
-7500.0
7500.0
7500.0
7500.0
7500.0
-6225.615173343167
-5845.150616954168
-6516.367523590681
-7170.302028562197
-718.7067989657844
7500.0
7500.0
7500.0
505.23126971195506
7500.0
7500.0
7500.0
7500.0
7500.0
7500.0
-4621.212121212124
-508.1775700934668
7500.0
7500.0
7500.0
-6171.3286713286725
-4516.107382550339
7500.0
7500.0
7500.0
-7500.0
-7500.0
-7500.0
-7500.0
-6879.009805108344
-6030.531539631544
-5918.2823168880695
7500.0
7500.0
7500.0
7500.0
7500.0
7500.0
7500.0
-7500.0
-7500.0
-7500.0
-7500.0
-7500.0
-4852.866702955493
7500.0
7500.0
7500.0
7500.0
7500.0
7500.0
-7500.0
-7500.0
-7500.0
-7500.0
-7500.0
-7500.0
7500.0
7500.0
7500.0
7500.0
7500.0
7500.0
7500.0
-6794.990723562154
-5734.6682585108065
-5945.442967285864
-6438.986555042195
-6438.40787383321
-6892.452648429817
-7500.0
7500.0
7500.0
7500.0
7500.0
7500.0
7500.0
7500.0
-2206.4741964711598
-1210.6818248689628
-164.16424549173735
1089.303279388134
2445.546155250157
4111.04428634356
4881.025152020188
4292.560296369844
-1818.1818181818182
2554.9450549450576
-2500.0000000000005
5681.81818181818
-4090.9090909090914
-867.059078826021
-1742.262660269189
-2193.07143298361
-2383.2856536920312
-1585.2097111531366
-1489.6850649433254
-333.94808868483324
3424.1695664380513
4893.837100893767
4717.994327066932
7500.0
-5909.09090909091
-4248.917220764963
-4320.703651839405
-4563.4643974676765
-4747.936098157157
-4769.890696530907
-959.0584120990857
7500.0
7500.0
7500.0
7500.0
7500.0
7500.0
-7500.0
-7500.0
7500.0
7500.0
7500.0
7500.0
-7500.0
-7500.0
-7500.0
-7147.495361781079
971.9983360199458
7500.0
7500.0
7500.0
7500.0
7500.0
-931.4980793854029
7500.0
7500.0
-5056.706554741919
-5173.258552757679
7500.0
7500.0
-6249.216300940439
-6333.439975911324
7500.0
7500.0
7500.0
-7500.0
-7500.0
7500.0
7500.0
7500.0
7500.0
7500.0
-7500.0
-7500.0
-7500.0
-7500.0
-7500.0
-7500.0
7500.0
7500.0
7500.0
7500.0
7500.0
7500.0
-7500.0
-7500.0
-7500.0
-7500.0
-7500.0
-7500.0
7500.0
7500.0
7500.0
7500.0
7500.0
7500.0
7500.0
-6837.594421847763
-7128.30445456065
-7500.0
-7500.0
-7500.0
-7500.0
7500.0
7500.0
7500.0
7500.0
7500.0
7500.0
-7500.0
-7500.0
7500.0
7500.0
7500.0
7500.0
7500.0
-7500.0
-7500.0
-7500.0
-7500.0
-7500.0
-7500.0
-7500.0
7500.0
7500.0
7500.0
7500.0
7500.0
7500.0
7500.0
7500.0
7500.0
-7500.0
-7277.604369879049
-7500.0
-7500.0
7500.0
7500.0
7500.0
7500.0
-6357.729357967251
-5187.898341999075
-3592.7600930780754
-2128.750207718503
-880.754127769158
318.6748901209039
540.6388909787952
1047.039150315114
4430.014621529122
7500.0
7500.0
4250.712325407764
-3106.0606060606065
7500.0
2379.0058862001297
3798.3103374856437
4276.305988012195
544.9313644854515
1202.9459885904034
-1742.4242424242427
6557.14285714287
-1742.4242424242427
7500.0
7500.0
7500.0
-3636.3636363636365
4580.536912751681
-3636.3636363636365
993.9759036144619
224.35187236872162
1220.6797609358655
7500.0
948.6166007905153
2345.5308496539496
2496.2623845121416
-2954.545454545455
7500.0
1765.06443747823
21.922087147568618
-920.6952012238166
-2473.856673203996
-3124.39838171108
-3200.8566171664206
-3008.3988845232634
-3825.522529728351
-3559.259907490506
-3536.0131966255194
-1047.8933015698817
7500.0
7500.0
7500.0
7500.0
7500.0
-6548.096192384772
-6178.897804201164
-6960.741900261892
-7500.0
-7500.0
7500.0
7500.0
7500.0
7500.0
7500.0
7500.0
7500.0
7500.0
7500.0
-6998.5337243401755
7500.0
7500.0
-7500.0
-7500.0
-7500.0
-7500.0
-7500.0
-7500.0
7500.0
7500.0
7500.0
7500.0
7500.0
7500.0
7500.0
-7500.0
-7500.0
-7500.0
7500.0
7500.0
7500.0
-7500.0
-7500.0
-7500.0
-7500.0
-7500.0
7500.0
7500.0
7500.0
7500.0
7500.0
7500.0
-7158.6096256684505
-7500.0
-7500.0
-7500.0
-7500.0
-7500.0
-7500.0
7500.0
7500.0
7500.0
7500.0
7500.0
7500.0
7500.0
7500.0
-7500.0
7500.0
7500.0
7500.0
7500.0
-7500.0
-7500.0
-7500.0
-7500.0
-7500.0
7500.0
-7500.0
7500.0
7500.0
7500.0
7500.0
7500.0
7500.0
-7500.0
7500.0
7500.0
7500.0
-7500.0
-7500.0
-7500.0
-7500.0
7500.0
7500.0
7500.0
7500.0
7500.0
7500.0
-7183.509161576903
-7323.292809067172
-7500.0
-7500.0
-7500.0
-7500.0
7500.0
7500.0
7500.0
7500.0
7500.0
7500.0
-7500.0
-7500.0
-7500.0
-7500.0
-7500.0
7500.0
7500.0
7500.0
7500.0
7500.0
7500.0
-7500.0
-7297.371507192047
-7500.0
-7500.0
-7500.0
-7500.0
7500.0
7500.0
7500.0
7500.0
7500.0
7500.0
7500.0
7500.0
7500.0
-7500.0
-7500.0
-7500.0
-7500.0
-7500.0
-7500.0
7500.0
7500.0
7500.0
7500.0
7500.0
7500.0
-7500.0
-7500.0
-7500.0
-7500.0
-7500.0
-7500.0
-7500.0
7500.0
7500.0
7500.0
7500.0
7500.0
7500.0
7500.0
7500.0
7500.0
-7500.0
7500.0
7500.0
7500.0
-7500.0
-7500.0
-7500.0
-4419.513607411696
1602.9966955263421
7500.0
7500.0
7500.0
7500.0
7500.0
6497.690459674435
-4545.454545454546
7500.0
7500.0
1000.5523425823644
2608.337915880789
3802.5662600100386
-2500.0000000000005
2564.935064935065
-2954.545454545455
348.8372093023195
-165.2452025586408
2352.0724160035743
7500.0
-629.8492168057401
-1198.9386083976765
-1142.278866188963
178.20645330055277
444.7037194922332
752.1497738461708
1787.7922756879907
3630.8501514717145
4293.9315020067825
4104.327678771025
5825.60957192782
-454.54545454545456
4112.903225806428
-2727.2727272727275
2480.837848552927
818.8025261807861
1097.0385520752643
974.3866196675058
709.1638785556879
554.2641217520518
2013.9072270114957
4283.069906725081
3457.5451255506337
-2272.727272727273
7500.0
6321.36279926335
5922.496774911553
-1590.909090909091
4951.36186770428
-2348.4848484848485
1931.616341030197
314.1385478995776
-50.247148787561855
890.3793766639974
-2196.969696969697
2999.9999999999977
-4015.151515151515
1782.6677006591767
464.4181979178734
7500.0
-2659.0259121241033
-2266.469004682931
-1636.284390218534
-1741.9887586784394
-2211.023291664908
-2154.260032594934
-1412.6612536068387
-1558.131525073672
-1671.6756775695194
5904.189177113509
7500.0
3437.8439427244043
7500.0
4978.985047106141
7500.0
-5309.312638580932
-5528.088936126867
-6336.733545593568
-6417.282543697811
-6495.541057691993
-6879.772312794921
-7061.723471988076
-7500.0
7500.0
7500.0
7500.0
7500.0
7500.0
7500.0
7500.0
7500.0
7500.0
-7500.0
-7500.0
-7500.0
-7055.5266748976555
-7500.0
-7500.0
-7500.0
-7500.0
7500.0
7500.0
7500.0
7500.0
7500.0
7500.0
7500.0
7500.0
-5930.608091884895
-6550.636677147917
-4933.263879237182
-4820.703335982387
-4877.537317376911
-4810.755516073346
-4323.679880332849
7500.0
7500.0
7500.0
7500.0
7500.0
7500.0
5295.0233417512445
-5151.515151515152
-1761.7449664429564
-2557.2256911420845
-144.3789016869032
7500.0
7500.0
7500.0
-7500.0
-7500.0
-7500.0
-7500.0
-7500.0
7500.0
7500.0
7500.0
7500.0
7500.0
-7500.0
-7500.0
-7500.0
-7500.0
7500.0
7500.0
7500.0
7500.0
7500.0
7500.0
7500.0
-7500.0
-7500.0
-7500.0
-7500.0
-7500.0
-7500.0
7500.0
7500.0
7500.0
7500.0
7500.0
7500.0
7500.0
-7500.0
-7500.0
-7500.0
-7257.632451739095
-6863.348674268525
-7500.0
-7500.0
7500.0
7500.0
7500.0
7500.0
7500.0
7500.0
7500.0
-7500.0
-7500.0
-7500.0
-7500.0
-7500.0
-7500.0
-7500.0
7500.0
7500.0
7500.0
7500.0
7500.0
7500.0
7500.0
7500.0
7500.0
-6531.298658975949
-6599.697325106183
-6937.882396573676
-7500.0
-5211.083999536173
7500.0
7500.0
7500.0
7500.0
7500.0
7500.0
7500.0
-5776.90447400242
-3744.246960069695
-1117.4440953883823
7500.0
4468.081432815097
-4393.939393939394
1034.3247097168473
2590.490396817097
4260.887757644499
2393.5661665942102
-1893.939393939394
5923.180592991913
-2121.2121212121215
5382.352941176476
-2727.2727272727275
7500.0
6307.838867719112
-2121.2121212121215
5548.327137546472
-2954.545454545455
6249.99999999996
-4318.181818181819
-1639.247943595769
-2423.950076413928
-2955.990558162091
-2098.5814200445534
-2066.266681945454
-530.985795787692
6569.28314501322
1111.7871635738793
7500.0
7500.0
-7013.970877607242
-7500.0
-7500.0
-7500.0
-7500.0
-7500.0
-7500.0
7500.0
7500.0
7500.0
7500.0
7500.0
7500.0
7500.0
-7500.0
-7500.0
-7500.0
-7500.0
-7500.0
-7500.0
7500.0
7500.0
7500.0
7500.0
7500.0
7500.0
-7500.0
-7279.516206613762
-7500.0
-6904.63620011951
7500.0
7500.0
7500.0
7500.0
7500.0
7500.0
-7500.0
-7500.0
-7500.0
-7500.0
-7500.0
-7500.0
-7500.0
-7500.0
7500.0