Demand
7500.0
7500.0
7500.0
7500.0
7500.0
7500.0
7500.0
7500.0
7500.0
7500.0
7500.0
7500.0
7500.0
7500.0
7500.0
7500.0
7500.0
7500.0
7500.0
7500.0
7500.0
7500.0
7500.0
7500.0
7500.0
7500.0
7500.0
-5509.125887510723
-4518.866361794502
-4407.823800829508
-3431.2614948787104
-4167.196069138927
-4207.409928102961
929.059306653739
5027.453625359263
7500.0
7500.0
7500.0
7500.0
4396.71111002724
7500.0
-5784.16616496087
-5929.931986749645
-6048.933346742235
-5384.985991824738
-4860.25924630117
7500.0
7500.0
7500.0
7500.0
7500.0
-7500.0
-7091.016718088544
-6751.282380122082
-7159.871627093222
-7500.0
7500.0
7500.0
7500.0
7500.0
7500.0
7500.0
7500.0
-7500.0
-7500.0
-7500.0
-7500.0
-7208.886618998982
-7500.0
-7500.0
-7500.0
7500.0
7500.0
7500.0
7500.0
7500.0
7500.0
7500.0
7500.0
7500.0
-7500.0
-7500.0
-7036.711388556852
-7500.0
-7500.0
7500.0
7500.0
7500.0
7500.0
7500.0
7500.0
7500.0
-7319.825515235809
-7500.0
-7500.0
7500.0
7500.0
7500.0
-7500.0
-4839.203835780025
-413.96942728776776
2704.855147030409
4832.571260595848
5950.412921282883
6293.089445129947
5993.5722236853635
5682.039786445978
3879.3367277082975
-2196.969696969697
7500.0
3672.326857481832
4214.14036460999
2357.9956462852897
-24.1811208475292
-948.1671528707739
-1778.086084189299
-2154.1938151924746
-2207.9181103316787
-1051.4792936338308
-341.0203367824188
3099.6737977869784
7500.0
1220.8842788573802
7500.0
-4335.7124968695225
-3793.16481752871
-4297.97812324547
-4405.913040951067
-4699.554275784496
-4977.791633901528
-5228.805915878718
-3976.359198676539
7500.0
7500.0
7500.0
7500.0
7500.0
7500.0
7500.0
-7500.0
7500.0
7500.0
-7500.0
-7500.0
-7500.0
-7500.0
-7500.0
7500.0
7500.0
7500.0
7500.0
7500.0
7500.0
7500.0
7500.0
7500.0
7500.0
-4859.583092067169
-5689.865349589434
-6240.58642796375
-6423.956817774426
-4449.487554339063
-1351.1287471793185
7500.0
7500.0
7500.0
7500.0
7500.0
-7500.0
-7500.0
-7500.0
-7500.0
-7500.0
-7500.0
7500.0
7500.0
7500.0
7500.0
7500.0
7500.0
7500.0
7500.0
7500.0
-7500.0
7500.0
-7500.0
-7500.0
-7500.0
7500.0
7500.0
7500.0
-7500.0
-7500.0
7500.0
7500.0
7500.0
7500.0
-6554.41274054413
-6663.528732611294
-7022.795691696194
-7500.0
-7500.0
-7500.0
-7500.0
7500.0
7500.0
7500.0
7500.0
7500.0
7500.0
7500.0
7500.0
7500.0
-7500.0
-7500.0
-7500.0
7500.0
7500.0
7500.0
7500.0
7500.0
-7500.0
-7500.0
-7500.0
-7500.0
-7107.714233604822
-7500.0
-7500.0
7500.0
7500.0
7500.0
7500.0
7500.0
7500.0
7500.0
7500.0
7500.0
-6488.472480900231
7500.0
7500.0
-6259.487415204461
-5656.878490874007
-2302.522657101901
7500.0
7500.0
5663.956076367962
5090.912060515371
3084.6329403377367
7500.0
-2128.9150139100784
1120.4643470764595
3095.4189531244933
3477.1677387671125
2389.3499300563635
-170.25243007345398
849.7556799741424
-2803.030303030303
3973.8316121127264
705.6584997851824
1431.5805549152537
4137.42399145946
-1287.878787878788
4424.686192468618
0.0
0.0
-227.27272727272728
468.7500000000082
-2045.4545454545457
2098.0910073238083
1253.070552607791
342.62548192996564
-53.63804325491583
641.2772173010289
1741.2654515335253
3059.403457089955
3368.8314012555984
3339.495990965399
1770.2071007751128
-3257.575757575758
7500.0
-211.9294207901803
-1690.4395337385872
-1532.473172392949
2457.9079416032405
7500.0
-6287.878787878788
-4320.400438290668
-4679.990227869797
-4522.167330393395
-3244.331181821686
7500.0
7500.0
7500.0
7500.0
7500.0
-6504.408217582966
-7139.1297226507595
-7500.0
-7500.0
-7500.0
-7500.0
-7500.0
7500.0
7500.0
7500.0
7500.0
7500.0
7500.0
7500.0
7500.0
-7500.0
-7500.0
7500.0
7500.0
7500.0
-7500.0
-7500.0
-6477.945131791288
-6456.635163488501
-7087.753855763825
-4588.262992994511
7500.0
7500.0
7500.0
7500.0
7500.0
-7500.0
-7500.0
-7500.0
-7500.0
-7500.0
7500.0
7500.0
7500.0
7500.0
7500.0
7500.0
7500.0
7500.0
-6809.748291670272
-7120.644226418977
-7068.896447340623
-7500.0
-7500.0
-7500.0
-7500.0
7500.0
7500.0
7500.0
7500.0
7500.0
7500.0
7500.0
7500.0
-7500.0
-7500.0
-7500.0
-7500.0
7500.0
7500.0
7500.0
7500.0
-7500.0
-7500.0
-7500.0
-7500.0
7500.0
7500.0
7500.0
7500.0
7500.0
7500.0
-7500.0
-7500.0
-7500.0
7500.0
7500.0
7500.0
7500.0
-7500.0
-7500.0
-7500.0
-7500.0
-7500.0
-7500.0
-5746.7532467532565
7500.0
7500.0
7500.0
7500.0
7500.0
7500.0
7500.0
7500.0
7500.0
-7500.0
-7500.0
-7500.0
-7500.0
-7500.0
-7500.0
7500.0
7500.0
7500.0
7500.0
7500.0
7500.0
7500.0
-7500.0
-7500.0
-7500.0
-7500.0
-7188.864628820962
-7500.0
-7500.0
7500.0
7500.0
7500.0
7500.0
7500.0
7500.0
7500.0
7500.0
7500.0
-7500.0
-7500.0
-7500.0
7500.0
7500.0
7500.0
7500.0
7500.0
-7500.0
-7500.0
-7500.0
-7500.0
7500.0
7500.0
7500.0
7500.0
7500.0
-7500.0
7500.0
7500.0
-7500.0
-7500.0
-7500.0
-7500.0
-7500.0
7500.0
7500.0
7500.0
7500.0
7500.0
7500.0
7500.0
-7500.0
-7500.0
-7500.0
-7500.0
-7500.0
7500.0
7500.0
7500.0
7500.0
7500.0
-2022.9924502402228
-1022.0782901573243
305.6419018985225
1669.8924468366167
3644.2224130332393
4029.0449068326916
3860.411031508514
5179.584591659903
4882.592757601775
-2500.0000000000005
6590.90909090909
-2954.545454545455
995.423340961097
112.86463792437462
514.4285624252711
721.6522920953016
339.73662840692486
-116.36806786587294
384.82400615083
2864.87023164922
3268.933494604955
3574.4101631065096
4529.99075030886
-3863.6363636363644
2041.545189504373
2647.3011184952684
5392.657635244806
7500.0
-2045.4545454545457
2382.352941176472
-3484.8484848484854
-109.48905109489169
208.5541873929692
185.57110751232995
95.46741765794786
333.5283100918209
3554.1595781702
-3181.818181818182
4824.324324324325
5026.41693070845
4314.725641609836
4900.3722502599685
-1212.1212121212122
4712.943632567851
-1439.3939393939395
3507.1942446043217
-3030.3030303030305
5466.10169491528
-3787.878787878788
1756.8897637795276
3939.708269717315
-3787.878787878788
880.5668016194304
393.57546858751857
-207.23729451663803
7500.0
-720.0509770603203
1146.7288348956831
4385.592625753379
3908.517541886251
5497.706423340636
-5757.575757575758
-2693.106819848448
-3041.6360601203287
-3551.0278382098945
-741.3089676272757
4618.386011192813
6075.921317809357
5832.28577531554
5664.366352448371
6972.197511872544
-6515.151515151516
7500.0
7500.0
-6710.409663477525
-6821.054148275463
-7127.924425067533
-7289.4947467895945
-7500.0
-7500.0
-7500.0
-7500.0
7500.0
7500.0
7500.0
7500.0
7500.0
7500.0
7500.0
7500.0
-7500.0
-7033.059911142302
-7500.0
-7500.0
7500.0
7500.0
7500.0
7500.0
7500.0
7500.0
7500.0
-6182.588597842836
-6595.8333985108275
-6260.974771326719
-5269.547824317862
-5904.995820898957
-1175.6073909722036
4186.849029086948
7500.0
2749.6503049653834
7500.0
7500.0
7500.0
7500.0
-3841.3675661514294
-2512.609946405033
-2627.211812374056
-1650.5416743845312
-549.6345818306809
-1023.159493549751
-2436.356779187778
-2235.337595727489
-1361.5648881102297
1667.5002783110808
7500.0
7500.0
7500.0
7500.0
7500.0
-7500.0
7500.0
7500.0
7500.0
7500.0
-7500.0
-7500.0
-7500.0
-7500.0
-7500.0
-7500.0
7500.0
7500.0
7500.0
7500.0
7500.0
7500.0
7500.0
7500.0
7500.0
-7500.0
-7500.0
-7500.0
-7500.0
-7500.0
7500.0
7500.0
7500.0
7500.0
7500.0
7500.0
7500.0
7500.0
-7332.84457478006
-7132.256651590435
-7500.0
-7500.0
-7500.0
-7500.0
-7500.0
7500.0
7500.0
7500.0
7500.0
7500.0
7500.0
7500.0
7500.0
-7500.0
7500.0
7500.0
7500.0
7500.0
-7500.0
-7500.0
-7500.0
-6948.742746615089
-6296.252611713959
-3011.1145427594583
7500.0
7500.0
7500.0
7500.0
7500.0
7500.0
7500.0
-7500.0
-7500.0
-7322.887073863638
-6318.208200969066
-5048.357268865215
-4929.840234133981
-4047.4638154914924
380.5953455319341
3903.5486831335907
7500.0
7500.0
7500.0
7500.0
6682.183209300141
4622.013745916436
-2651.515151515152
7500.0
7399.223178668904
3849.0689167258843
-1969.69696969697
2482.3943661971807
-1363.6363636363637
6626.984126984122
-2121.2121212121215
6264.705882352948
-2954.545454545455
7500.0
-753.0799581286756
-1716.9038181162286
-2358.4938496439686
-2583.573687074344
-459.6195777589128
4011.995925824388
7500.0
-6136.363636363637
-3393.599334995841
1275.3781663164273
7500.0
7500.0
7500.0
-7500.0
-7500.0
-7500.0
-7500.0
-7500.0
-7127.207325049054
-7500.0
-7500.0
7500.0
7500.0
7500.0
7500.0
7500.0
7500.0
7500.0
7500.0
-7500.0
-7500.0
-7500.0
-7500.0
-7500.0
-7500.0
7500.0
7500.0
7500.0
7500.0
7500.0
7500.0
7500.0
-7500.0
-7500.0
-7500.0
-7500.0
-7500.0
-7500.0
7500.0
7500.0
7500.0
7500.0
7500.0
7500.0
7500.0
7500.0