Demand
-7500.0
-7500.0
7500.0
7500.0
7500.0
7500.0
7500.0
7500.0
7500.0
7500.0
7500.0
7500.0
-7500.0
7500.0
7500.0
7500.0
-7500.0
-7500.0
7500.0
7500.0
-7500.0
-7500.0
-6646.635615071114
-5616.819445027701
-4422.083273367587
-4384.205864833268
7500.0
7500.0
7500.0
7500.0
7500.0
7500.0
7500.0
-6666.666666666667
7500.0
7500.0
-6553.680132816826
-5757.12985486692
-5137.296423698768
-4262.02559188032
-4323.293884748944
-3162.999088586162
1486.7331044191933
7500.0
7500.0
7500.0
7500.0
7500.0
-7500.0
-7500.0
-7500.0
-7500.0
-6950.337512054004
-6401.431465274723
-6902.985260897822
-7500.0
7500.0
7500.0
7500.0
7500.0
7500.0
7500.0
7500.0
7500.0
-7500.0
-7500.0
-7500.0
-7270.40982226169
-7500.0
-7500.0
-7500.0
7500.0
7500.0
7500.0
7500.0
7500.0
7500.0
7500.0
7500.0
7500.0
-7500.0
-7500.0
7500.0
7500.0
7500.0
-6187.039312039316
7500.0
7500.0
7500.0
-6242.277140335396
-6673.60942766209
-6728.051580694137
-7123.037265031942
-7500.0
7500.0
7500.0
7500.0
7500.0
7500.0
7500.0
-3443.820347919787
-1998.1281028210574
-750.7475411374903
642.1282168133557
2287.1501787792536
3777.1539731340927
4836.779452386182
3723.980985459517
-2196.969696969697
7500.0
2874.975134274914
-2500.0000000000005
5681.81818181818
-4090.9090909090914
-254.23728813559592
-1022.0467201344886
-1045.3740697893058
-37.08332867539775
6639.662775566402
338.1483844263521
7500.0
-3609.746109746111
-3632.9635787987177
-3730.7937492230517
-3172.7394496399484
-813.0775705418687
2221.0917509675946
7500.0
7500.0
-6818.181818181819
-5796.812749003981
7500.0
7500.0
-6841.991341991343
-6968.350337436901
-6526.561753539989
-7281.757194242988
-7500.0
-7500.0
-7500.0
-7500.0
7500.0
7500.0
7500.0
7500.0
7500.0
7500.0
7500.0
7500.0
7500.0
-5588.974854932305
-4590.422857522526
-4540.7091961060705
-4226.535928618068
-3298.595373249446
-2268.68093511778
-999.2983956679032
-103.97625507314388
451.08694018056303
7500.0
7500.0
7500.0
7500.0
-7348.484848484849
-7500.0
-7500.0
7500.0
7500.0
7500.0
-7500.0
-7500.0
-7500.0
-7500.0
-7500.0
7500.0
7500.0
7500.0
7500.0
7500.0
7500.0
7500.0
-7500.0
-7500.0
-7500.0
-7500.0
-7500.0
-7500.0
-7500.0
-7500.0
7500.0
7500.0
7500.0
7500.0
7500.0
7500.0
7500.0
7500.0
7500.0
-6857.776630205155
-7145.764105215167
-7500.0
-7500.0
-7500.0
-7500.0
7500.0
7500.0
7500.0
7500.0
7500.0
7500.0
7500.0
-7500.0
-7500.0
-7500.0
-7500.0
-7500.0
-7500.0
-7500.0
-7500.0
7500.0
7500.0
7500.0
7500.0
7500.0
7500.0
7500.0
7500.0
7500.0
-7500.0
-7500.0
-7500.0
-7500.0
-7500.0
-7500.0
-6653.988868274586
7500.0
7500.0
7500.0
7500.0
7500.0
7500.0
7500.0
7500.0
-4213.434556986354
-3001.6350182722636
-1934.84736813461
-812.6506354275916
-357.639026490021
697.6004860641128
5931.777982787962
7500.0
2461.4842172094445
-3106.0606060606065
2170.1467014670147
360.0840711622923
1201.6830776164375
2588.516314629392
3369.2021554377643
-3560.606060606061
1764.7058823529387
4493.811242908709
-1287.878787878788
4531.662269129285
0.0
0.0
-227.27272727272728
7500.0
4991.883116883118
878.4153031031806
188.4351759567994
-589.1496931807042
-942.3674422916315
-351.6032527913667
622.8776209723783
1879.2812936649734
2391.4851259620455
2643.211633595054
-2954.545454545455
6499.999999999959
-4015.151515151515
7500.0
2197.542533081278
3335.3181134120205
7500.0
-5833.333333333333
-4914.861307957077
-5096.536207936833
-5643.538307182966
-6049.162093248715
-6770.951339186246
-6240.866008657122
-4105.879046209822
1408.7655979852434
7500.0
7500.0
7500.0
-1018.1211841272143
7500.0
7500.0
7500.0
-7500.0
-7500.0
-7500.0
-7500.0
7500.0
7500.0
7500.0
7500.0
7500.0
7500.0
7500.0
-7500.0
-7500.0
-7500.0
-7500.0
7500.0
7500.0
7500.0
7500.0
7500.0
-7322.783235915933
-7500.0
-7500.0
7500.0
7500.0
7500.0
-7500.0
-7500.0
-7500.0
7500.0
7500.0
7500.0
7500.0
7500.0
-7500.0
7500.0
7500.0
7500.0
-7500.0
-6769.814047534601
-7094.607383188217
-7032.091704866276
-7500.0
-7500.0
-7500.0
7500.0
7500.0
7500.0
7500.0
7500.0
7500.0
7500.0
7500.0
7500.0
-7500.0
-7500.0
-7500.0
-7500.0
-7500.0
-7500.0
-7500.0
7500.0
7500.0
7500.0
7500.0
7500.0
7500.0
7500.0
7500.0
7500.0
-7500.0
-7500.0
-7500.0
7500.0
7500.0
7500.0
7500.0
-7500.0
-7500.0
-7500.0
7500.0
7500.0
7500.0
-7500.0
-7500.0
7500.0
7500.0
7500.0
-7162.4222682854615
-7314.394235465343
-7500.0
-7500.0
-7500.0
-7500.0
-7500.0
7500.0
7500.0
7500.0
7500.0
7500.0
7500.0
7500.0
7500.0
-7500.0
-7500.0
-7500.0
-7500.0
-7500.0
-7500.0
7500.0
7500.0
7500.0
7500.0
7500.0
7500.0
7500.0
-7500.0
-7500.0
-7500.0
-7500.0
-7500.0
7500.0
7500.0
7500.0
7500.0
7500.0
7500.0
7500.0
7500.0
-7500.0
7500.0
-7500.0
-7500.0
-7500.0
-7500.0
-7500.0
-7500.0
-7500.0
7500.0
7500.0
7500.0
7500.0
7500.0
7500.0
7500.0
7500.0
-7500.0
-7500.0
7500.0
7500.0
7500.0
-7500.0
-7500.0
-7500.0
-7500.0
-7500.0
7500.0
7500.0
7500.0
7500.0
7500.0
7500.0
-5692.771084337352
-4657.766000815329
-2364.9047246079135
-2.613510461404985
921.1329589223446
3137.461313809913
5323.950442606667
5797.625986159965
5985.348781295113
3510.697631248589
1962.2316083502224
-2878.787878787879
3837.1115803990856
2629.0827180589026
-2803.030303030303
1943.8614900314792
-593.914578648837
-1288.9749844744688
-945.5414956341915
-733.3765727075174
-972.9303437085259
-1219.220145391962
-418.68201315967144
3338.549902506351
3843.513699356472
-4621.212121212122
-359.9071207430352
983.0688540650244
1876.482214985283
2480.590377043286
5195.75094500046
7478.691513673728
-2045.4545454545457
2382.352941176472
-3484.8484848484854
-109.48905109489169
208.5541873929692
185.57110751232995
95.46741765794786
333.5283100918209
3554.1595781702
-3181.818181818182
4531.662269129283
4982.945847493591
4561.508423593204
5459.093793953024
5218.131170599676
-1590.909090909091
4951.36186770428
-2348.4848484848485
1931.616341030197
314.1385478995776
-50.247148787561855
890.3793766639974
-2196.969696969697
2999.9999999999977
-4015.151515151515
107.93571525854622
-1622.8579304112827
-1763.367621178486
-1859.2661318506907
-1245.5072854971568
-285.2210858212111
-208.90306670563768
-510.0080972738433
172.21314176623764
2466.603368158051
3190.454565151409
5163.014447525924
7500.0
7500.0
-6136.363636363637
-4449.33396764986
-4448.320810479505
-4802.71777524854
-4746.197141326988
-4862.241528391643
-5785.396314007281
-5568.865171352421
-4788.539824700958
6672.27636731756
7500.0
-7500.0
7500.0
7500.0
7500.0
7500.0
7500.0
-7500.0
7500.0
7500.0
7500.0
-7500.0
-7500.0
-7500.0
-6788.944331825982
-7500.0
7500.0
7500.0
7500.0
7500.0
7500.0
7500.0
7500.0
-6587.625692591833
-6186.624815579411
-6599.097440774112
-6266.515379352277
-5282.532001260046
-5917.691486431553
-1264.8232383485483
3960.5076018179257
7500.0
3089.398700798966
7500.0
7500.0
7500.0
7500.0
-3442.984107855691
-1655.2335702638793
-1444.5389014739908
489.218693088917
2931.4925852309984
2464.418678125641
1396.1674675639315
7500.0
5049.705820557505
7500.0
7500.0
7500.0
-7500.0
-7500.0
-7500.0
7500.0
7500.0
7500.0
7500.0
7500.0
7500.0
-7500.0
-7500.0
-7500.0
-7500.0
-7500.0
-7500.0
7500.0
7500.0
7500.0
7500.0
7500.0
7500.0
7500.0
7500.0
7500.0
-7500.0
-7500.0
-7500.0
-7500.0
-7500.0
7500.0
7500.0
7500.0
7500.0
7500.0
7500.0
-7500.0
-7310.882548108826
-7073.732012613742
-7500.0
-7500.0
-7500.0
-7500.0
7500.0
7500.0
7500.0
7500.0
7500.0
7500.0
7500.0
7500.0
7500.0
-7500.0
-7500.0
-7500.0
-7500.0
-7500.0
-7500.0
-7500.0
7500.0
7500.0
7500.0
7500.0
7500.0
7500.0
7500.0
7500.0
7500.0
7500.0
-7500.0
-7500.0
-7500.0
-7212.701612903227
-5132.252684778565
-540.0105618435982
3690.454194986558
7500.0
7500.0
7500.0
7500.0
7500.0
7500.0
5406.45483848103
-3106.0606060606065
4369.448812205175
2924.755244670842
4217.542022679094
-1212.1212121212122
3434.2915811088296
-1969.69696969697
2369.4516971279354
-1363.6363636363637
6406.249999999996
-2121.2121212121215
5217.39130434783
-2954.545454545455
2877.358490566025
-1070.1906412478347
7500.0
-2879.0674270379095
-3471.9765486129527
-2951.3382384450833
-3272.4360886412906
-2992.6556317482223
-1895.4976527538715
-825.1864153461083
7500.0
7500.0
-1038.8787518838635
7500.0
-7500.0
-7500.0
-7500.0
-7500.0
-7500.0
-6702.370606049697
7500.0
7500.0
7500.0
7500.0
7500.0
7500.0
7500.0
7500.0
7500.0
-7500.0
-7500.0
-7500.0
-7500.0
-7500.0
-7500.0
-7500.0
-7500.0
7500.0
7500.0
7500.0
7500.0
7500.0
7500.0
7500.0
7500.0
7500.0
-7500.0
7500.0
7500.0
-7500.0
-7500.0
-7500.0
7500.0
7500.0
7500.0
7500.0
7500.0