Demand
-7500.0
-7500.0
-7500.0
-7500.0
-7500.0
7500.0
7500.0
7500.0
7500.0
7500.0
7500.0
7500.0
7500.0
7500.0
7500.0
7500.0
7500.0
7500.0
-7500.0
-7500.0
-7500.0
-7500.0
-6330.28934947671
-4639.722720067666
-1857.6942914103352
1508.6912398021977
7500.0
7500.0
7500.0
7500.0
7500.0
7500.0
7500.0
-5367.830423940151
-5717.077915073545
-3499.8333063437162
7500.0
7500.0
7500.0
7500.0
-5827.7451802179385
-5751.6055210400355
-5734.446554730601
-5320.059034672711
7500.0
7500.0
7500.0
7500.0
-7500.0
-7500.0
-7500.0
-7500.0
-6266.233766233772
7500.0
-475.35211267590057
7500.0
7500.0
7500.0
7500.0
7500.0
7500.0
-7500.0
-7500.0
7500.0
7500.0
7500.0
7500.0
-6463.636363636362
7500.0
-7500.0
-7500.0
-7500.0
-7500.0
-7500.0
-7500.0
7500.0
7500.0
7500.0
7500.0
7500.0
7500.0
7500.0
7500.0
7500.0
-7500.0
-6616.484538479424
-6008.424864598197
-6355.167417765359
-2369.5828628824365
7500.0
7500.0
7500.0
4130.112796954883
7500.0
-7500.0
-7500.0
-7500.0
-7500.0
7500.0
7500.0
7500.0
7500.0
7500.0
-1660.4658686509229
-712.0118427173602
373.71464384099363
1830.1647855422125
2778.9548123561017
-2196.969696969697
4761.580381471389
-2878.787878787879
4874.999999999993
-3106.0606060606065
7500.0
-1317.749212038812
-2113.983733728706
-2494.5153701888335
-2588.2138032945463
-1600.3496262231297
-1045.9600049259284
1882.7006269931312
7500.0
2040.6547729379508
7500.0
-4057.5333757151966
-3302.085252162807
-3670.7958039007954
-3412.2047085052927
-3023.356220971156
-904.5873751080526
7500.0
7500.0
7500.0
7500.0
7500.0
-6658.795749704843
-7234.881585676721
7500.0
7500.0
7500.0
-7500.0
-7500.0
-7500.0
-7500.0
-7500.0
-7500.0
-7500.0
7500.0
7500.0
7500.0
7500.0
7500.0
7500.0
7500.0
7500.0
7500.0
-4252.206323365608
-4593.340636327264
-5530.1283031776275
-6165.349815987915
-6431.214353683004
-4996.640698973839
-5241.570745078889
-2764.7633413111907
7500.0
7500.0
7500.0
7500.0
7500.0
7500.0
7500.0
-7500.0
-7500.0
-7500.0
-7500.0
-7500.0
-7500.0
-7500.0
7500.0
7500.0
7500.0
7500.0
7500.0
7500.0
7500.0
-7500.0
-7500.0
-7500.0
7500.0
7500.0
7500.0
7500.0
7500.0
-7500.0
-7500.0
-6942.815249266865
-4876.00237600238
-1635.1610358916982
7500.0
7500.0
7500.0
7500.0
7500.0
7500.0
-7500.0
-7500.0
-7500.0
-7500.0
-7500.0
-7500.0
7500.0
7500.0
7500.0
7500.0
7500.0
7500.0
7500.0
-7500.0
-7500.0
-7500.0
-7500.0
-7500.0
-7500.0
7500.0
7500.0
7500.0
7500.0
7500.0
7500.0
7500.0
7500.0
7500.0
-7500.0
-7500.0
-7312.930751558912
-7500.0
-7500.0
-6771.608621304762
-4866.899608450471
7500.0
7500.0
7500.0
7500.0
7500.0
7500.0
7500.0
-5227.272727272728
-2242.0933734939767
-2065.245946063618
-106.00562017161519
5447.412710451486
5989.239965900244
3592.301170677294
-3106.0606060606065
7500.0
1892.4884964556613
3153.184104724222
3140.3611023613234
-3560.606060606061
7500.0
-1742.4242424242427
6228.753818438164
4526.093120529965
0.0
0.0
-227.27272727272728
250.7598784194538
-2045.4545454545457
500.0000000000018
-162.80107047279125
-885.2599280108575
-1151.8697730837225
-401.68076683054824
858.8319780368383
2396.8073607624733
1957.4119993624304
-2954.545454545455
4564.9106302916225
3122.402586120263
902.3240753974446
-119.19437232835935
-1688.7234167184815
-1858.508195042516
-229.4343077473286
7500.0
-1548.5456341945678
7500.0
-5849.739432541983
-6254.913934290886
-6909.6714776896315
-6589.073722317926
-5550.361772416687
-4551.570322639447
-3446.2580185855295
869.8224101680644
7500.0
7500.0
7500.0
7500.0
7500.0
7500.0
7500.0
-7500.0
-7500.0
-7500.0
-7500.0
-7500.0
-7500.0
7500.0
7500.0
7500.0
7500.0
7500.0
7500.0
7500.0
-7500.0
-7500.0
-6308.777429467087
-6193.251118037677
-6860.147575332325
7500.0
7500.0
7500.0
7500.0
7500.0
7500.0
-7500.0
-7500.0
7500.0
7500.0
7500.0
7500.0
-7500.0
-7500.0
-7500.0
-7500.0
-7500.0
7500.0
7500.0
7500.0
7500.0
7500.0
7500.0
-7500.0
-7500.0
-7500.0
-7500.0
-7500.0
-7500.0
-7500.0
7500.0
7500.0
7500.0
7500.0
7500.0
7500.0
7500.0
7500.0
7500.0
-7500.0
-7500.0
-7500.0
7500.0
7500.0
7500.0
-7500.0
-7260.5444463115455
-7500.0
-7500.0
-7500.0
7500.0
7500.0
7500.0
7500.0
7500.0
7500.0
7500.0
-7500.0
-7500.0
-7500.0
7500.0
7500.0
7500.0
7500.0
-7500.0
-7299.233808160658
-7500.0
-7123.755820881073
-5407.962145102145
7500.0
7500.0
7500.0
7500.0
7500.0
7500.0
-7500.0
-7500.0
7500.0
7500.0
7500.0
-7500.0
-7500.0
7500.0
7500.0
7500.0
-7500.0
7500.0
7500.0
-7500.0
-7500.0
-7500.0
-7500.0
7500.0
7500.0
7500.0
7500.0
7500.0
7500.0
-7500.0
-7500.0
-7500.0
-7500.0
-7500.0
-7500.0
7500.0
7500.0
7500.0
7500.0
7500.0
7500.0
7500.0
7500.0
-7500.0
-7500.0
-7500.0
-7500.0
-7500.0
-7500.0
-7500.0
-7500.0
7500.0
7500.0
7500.0
7500.0
7500.0
7500.0
7500.0
7500.0
-7500.0
-7500.0
-7500.0
-7500.0
7500.0
7500.0
7500.0
7500.0
7500.0
7500.0
7500.0
-7500.0
-7500.0
-5765.384986957784
-4254.005485638139
-647.9239058006851
7500.0
7500.0
7500.0
5539.707915053277
5446.169963568662
3334.434455529304
7500.0
7500.0
7500.0
4772.72727272727
5917.322834645667
3784.6478732379574
2374.952427199663
-2954.545454545455
63.02521008402937
-545.6803350540558
558.7593707401334
2581.210949728767
7500.0
-2106.679035250463
-2097.8320546779673
-1031.8216470235707
-825.6767264198188
-577.4659197865622
297.5602367352635
1952.4666944188384
2857.0613838030204
3104.3442844110946
5090.426229587032
-454.54545454545456
4112.903225806428
-2727.2727272727275
1729.5001833068563
236.90376921230882
507.83429377922766
414.1968285667367
186.26128835913732
56.128896539114066
1440.8548511199774
3714.8503708970206
3241.221279957127
-2272.727272727273
7500.0
5031.539888682748
-1212.1212121212122
4512.320328542095
-1439.3939393939395
3056.274256144891
-3030.3030303030305
785.1985559566806
397.033497277087
1380.3861290061577
3331.197810611596
-3787.878787878788
6581.63265306121
-4318.181818181819
-2307.856532877882
-2477.676207128032
-2621.4513039119643
-2180.324575243254
-1474.4257845910192
-1506.8727049734043
-1885.781517729214
-1616.432196663989
-365.22605451024356
148.65198980913374
1909.704020184367
7500.0
7500.0
7500.0
-6136.363636363637
-4643.783528856926
-4919.765390115532
-4756.181027159406
-4660.550850781197
-5307.104525551635
-2642.234557834609
7500.0
7500.0
7500.0
7500.0
7500.0
-7500.0
-7500.0
-7500.0
-7500.0
7500.0
7500.0
7500.0
7500.0
7500.0
-7500.0
-7500.0
-7028.449306002392
-7500.0
-7500.0
7500.0
7500.0
7500.0
7500.0
7500.0
7500.0
7500.0
-6113.560352690787
-6566.500906021225
-6264.0579780962835
-5405.177298573915
-6151.546792462388
-3436.21894264067
-2687.720929825786
-1669.7248384654135
2115.9791031153222
7500.0
7500.0
7500.0
7500.0
7500.0
7500.0
7500.0
-5378.787878787879
-2029.6375794600858
-2566.396623622117
-3854.7277138611335
-4176.293775112319
-4488.947527381464
-5063.71072007238
-6456.939386854734
-7500.0
-7500.0
7500.0
7500.0
7500.0
7500.0
7500.0
7500.0
7500.0
-7500.0
-7500.0
-7500.0
-7500.0
-7500.0
7500.0
7500.0
7500.0
7500.0
7500.0
7500.0
7500.0
7500.0
-7500.0
-7500.0
7500.0
7500.0
7500.0
-7500.0
-7500.0
-7500.0
-7500.0
-7500.0
7500.0
7500.0
7500.0
7500.0
7500.0
7500.0
-7176.271250615275
-7500.0
-7500.0
-7500.0
-7500.0
-7500.0
-7500.0
-7500.0
7500.0
7500.0
7500.0
7500.0
7500.0
7500.0
7500.0
7500.0
-7500.0
-7500.0
-7500.0
7500.0
7500.0
7500.0
7500.0
7500.0
7500.0
-6396.28121741721
-6473.331392582824
-6546.482180743575
-6908.003999449898
-7500.0
-5475.956514757787
7500.0
7500.0
7500.0
7500.0
7500.0
7500.0
7500.0
7500.0
-3927.6289747987885
-2909.190811738692
-1141.3666310670164
1261.5623202400202
4284.241626457981
6076.8158194968855
6315.225666432816
5832.939824946374
-2651.515151515152
7500.0
-1212.1212121212122
3894.8642865187508
3609.9363284511946
-2727.2727272727275
5445.205479452057
-757.5757575757576
3479.3814432989657
-1590.909090909091
2282.608695652172
-3333.3333333333335
3954.54545454548
-4848.484848484849
-566.2751677852339
-24.530763010179726
7500.0
-523.0595841515151
7500.0
-4694.805194805196
-5378.941698089753
-5936.758883378023
-6554.922407624106
-6861.804984156628
-7500.0
-7500.0
-7500.0
-7500.0
7500.0
7500.0
7500.0
7500.0
7500.0
7500.0
7500.0
7500.0
-7500.0
7500.0
7500.0
-7500.0
-7500.0
-7500.0
-7500.0
-7500.0
-7500.0
-7500.0
7500.0
7500.0
7500.0
7500.0
7500.0
7500.0
7500.0
7500.0
7500.0
-7500.0
-7500.0
-7500.0
-7500.0
-7500.0
7500.0
7500.0
7500.0
7500.0
7500.0
7500.0
-7500.0
7500.0