Demand
7500.0
7500.0
7500.0
7500.0
7500.0
7500.0
7500.0
7500.0
7500.0
7500.0
7500.0
7500.0
7500.0
7500.0
7500.0
7500.0
7500.0
7500.0
-7500.0
7500.0
7500.0
7500.0
7500.0
7500.0
7500.0
7500.0
7500.0
7500.0
7500.0
7500.0
7500.0
7500.0
7500.0
7500.0
-6304.852478658082
-6028.762879189373
-6294.120461901206
-5239.911567740506
-4390.436539788681
-3203.744366354948
-3337.4126379427967
-2171.071498009129
138.68470982061717
7500.0
7500.0
392.8745043996455
7500.0
7500.0
7500.0
7500.0
7500.0
-7500.0
-7145.384555564198
-6848.460626346981
-7193.951166469278
-7500.0
7500.0
7500.0
7500.0
7500.0
7500.0
-7500.0
-7500.0
-7500.0
7500.0
7500.0
7500.0
-7333.505594751268
-7500.0
-7500.0
-7500.0
-7500.0
-7500.0
7500.0
7500.0
7500.0
7500.0
7500.0
7500.0
7500.0
7500.0
-7500.0
7500.0
7500.0
7500.0
7500.0
-6313.423617147826
-6756.2223426242435
-5595.785440164318
-5770.137692051298
-6249.475790204486
-6061.874329939068
-6027.536899557965
7500.0
7500.0
7500.0
7500.0
7500.0
7500.0
7500.0
-3077.8027439409757
-1546.4806832511858
-288.02984055018715
1045.088058817831
2568.3472475977396
4004.2301810055633
5400.6201669007605
5295.604392500316
3734.6223711934817
-1818.1818181818182
4700.000000000011
-2500.0000000000005
6676.672384219548
1622.4173449735981
536.0789379370626
328.17044609911454
6180.027557849573
-5530.303030303031
6047.535211267638
2711.0749288400198
7500.0
-5606.060606060606
-3430.737850301526
-3759.5727201551836
-3674.647556978125
-2858.5249540785135
-3318.2831961570323
-3163.7749193355376
-3085.9934632094955
-2432.951715382486
2250.0822335330363
7500.0
7500.0
7500.0
7500.0
7500.0
7500.0
-7500.0
-7500.0
-7500.0
-7500.0
-7500.0
-7500.0
7500.0
7500.0
7500.0
7500.0
7500.0
7500.0
-6511.103400416379
-4675.114090311048
-2557.696328940854
-1500.0297901083268
1432.9472332983105
7500.0
6553.964679010552
4958.429240606659
6183.2052124318725
975.6254266650517
7500.0
-6799.228194795436
-6056.2771796991365
-6457.522197760716
-6676.755164014134
-7500.0
7500.0
7500.0
7500.0
7500.0
7500.0
-7500.0
-7500.0
-7500.0
-7500.0
-7500.0
-7500.0
-7500.0
7500.0
7500.0
7500.0
7500.0
7500.0
7500.0
7500.0
7500.0
-7500.0
-7500.0
-7500.0
7500.0
7500.0
7500.0
7500.0
7500.0
-7500.0
-7500.0
-6994.810472614254
-5640.03472326522
-5474.006094837752
-4957.095505309273
-3724.6739462896203
7500.0
7500.0
7500.0
7500.0
7500.0
7500.0
7500.0
7500.0
7500.0
-7500.0
-7500.0
-7500.0
7500.0
7500.0
7500.0
7500.0
7500.0
-7500.0
-7500.0
-7500.0
-7500.0
-7500.0
7500.0
7500.0
7500.0
7500.0
7500.0
7500.0
7500.0
7500.0
-7500.0
-7500.0
-7500.0
-7500.0
-6783.147682357172
7500.0
7500.0
7500.0
7500.0
7500.0
7500.0
7500.0
-4944.475100013797
-2990.873228751219
-982.5968361058744
940.1327007087275
2815.3633099938083
3004.816314157872
3597.5254879374806
7500.0
7321.5993925240855
1669.0926159457636
-3106.0606060606065
5161.276595744681
2303.422592314875
3223.471440872401
4564.736915173986
4712.117552086307
562.8617105604799
1183.460196009396
-1742.4242424242427
7500.0
-1742.4242424242427
7500.0
7500.0
-227.27272727272728
306.1224489795941
-2045.4545454545457
3125.0000000000255
-3939.39393939394
73.28646748682013
-307.2104052581208
361.629268620291
1433.1025578804902
2746.8108569557266
3126.4868518432836
3179.771218976384
1693.646488298491
-3257.575757575758
7500.0
3184.16119962513
630.5635073134613
7500.0
-3536.081435194519
-3117.928531093232
-3438.7013774655843
-651.1865358533287
7500.0
7500.0
7500.0
-6839.13043478261
-6202.755095428713
-5781.708543378136
-5646.565900365857
-5622.8419310593545
-2427.5096691122285
7500.0
7500.0
7500.0
7500.0
7500.0
7500.0
-7500.0
-7500.0
7500.0
7500.0
7500.0
-7500.0
-7003.340110368865
-7500.0
-7500.0
-7500.0
-7500.0
-7500.0
-7500.0
7500.0
7500.0
7500.0
7500.0
7500.0
7500.0
7500.0
7500.0
-7500.0
-7500.0
-7500.0
7500.0
7500.0
7500.0
7500.0
7500.0
-7500.0
-7500.0
-7500.0
-7500.0
-7500.0
-7500.0
7500.0
7500.0
7500.0
7500.0
7500.0
7500.0
7500.0
7500.0
7500.0
-7500.0
-7500.0
-7500.0
-7500.0
7500.0
7500.0
7500.0
7500.0
-7500.0
-7500.0
-7500.0
-7500.0
-7500.0
-7500.0
7500.0
7500.0
7500.0
7500.0
7500.0
7500.0
-7329.545454545456
-7500.0
-7500.0
-7500.0
-7500.0
7500.0
7500.0
7500.0
7500.0
7500.0
7500.0
7500.0
-7500.0
-7500.0
-7500.0
-7500.0
-7500.0
-7500.0
-7500.0
-5188.668619058346
7500.0
7500.0
7500.0
7500.0
7500.0
7500.0
7500.0
7500.0
7500.0
-7500.0
7500.0
7500.0
7500.0
-7500.0
-7500.0
-7500.0
-7500.0
-7500.0
7500.0
7500.0
7500.0
7500.0
7500.0
7500.0
7500.0
-7500.0
-7315.967898159677
-7500.0
-7500.0
-7500.0
-7500.0
-7500.0
7500.0
7500.0
7500.0
7500.0
7500.0
7500.0
7500.0
7500.0
7500.0
-7500.0
-7500.0
-7500.0
-7500.0
-7500.0
-7500.0
-7500.0
7500.0
7500.0
7500.0
7500.0
7500.0
7500.0
7500.0
7500.0
-7500.0
-7500.0
-7500.0
-7500.0
-7500.0
-7500.0
7500.0
7500.0
7500.0
7500.0
7500.0
7500.0
7500.0
-7500.0
7500.0
7500.0
-7500.0
-7500.0
-7500.0
-5708.75420875421
-4381.293508801798
-1858.363561051494
4442.001738346145
7500.0
6611.789111156848
6690.380579357445
6618.5896308700285
5925.8631780524975
5984.299846321846
3510.854767994917
1962.2118380063694
-2878.787878787879
5811.040456090339
4112.1478984210535
2913.2684812791413
2229.1863749432796
-422.41164243852563
-1120.8596175733328
-724.3919974221953
-447.87202260104095
-614.4178838275056
-670.1420397709608
1021.9571821622521
7500.0
-4621.212121212122
368.3522231909301
1676.6125595033232
3796.8311637811858
3671.831474361785
1814.698737118525
-1893.939393939394
7500.0
3619.5404790289367
-2727.2727272727275
1637.9310344827622
-147.88732394365707
846.5813155863457
7500.0
-899.0663714166021
-1098.3626508534057
-126.57322340317478
1753.5100879027564
2530.7074194554325
-2272.727272727273
4297.75280898876
-1515.1515151515152
7500.0
-1590.909090909091
6048.9621800585755
3361.786339957876
1606.7398751523892
231.68727763024344
-3787.878787878788
1328.7752675386432
3559.3278050261983
-3787.878787878788
110.2941176470581
-444.43163477057806
-1879.2164347540565
-1301.1897701490998
767.0637246916726
7500.0
-5151.515151515152
-2501.5119443604503
-2847.316765184422
-2659.0949115811495
-1622.7764173179912
-913.6515725408644
2657.180751693067
7500.0
7500.0
7500.0
-4136.065573770493
-4003.4901331093156
-4227.004095135171
-3809.0564058003692
-3275.0590659473473
-3382.4460687596966
7500.0
7500.0
7500.0
7500.0
7500.0
7500.0
-7500.0
-7500.0
7500.0
7500.0
-7500.0
-7500.0
-7272.908366533864
-7217.820513255432
-7500.0
-7500.0
7500.0
7500.0
7500.0
7500.0
7500.0
7500.0
7500.0
7500.0
-7500.0
-7500.0
-5636.03662524526
-443.8089671871112
7500.0
7500.0
7500.0
7500.0
-5528.060734191815
-5534.433730694584
-5703.218620282167
-5862.391521240686
-6002.536105779791
-4667.826046355016
7500.0
7500.0
7500.0
7500.0
4630.296887279522
7500.0
-5151.515151515152
344.03669724769543
1931.4613743677914
7500.0
7500.0
-6098.105301512116
-6992.871493017481
-7500.0
-7500.0
-7500.0
-7500.0
7500.0
7500.0
7500.0
7500.0
7500.0
7500.0
7500.0
-7500.0
-7500.0
-7500.0
-7500.0
-7500.0
-7500.0
-7500.0
7500.0
7500.0
7500.0
7500.0
7500.0
7500.0
7500.0
7500.0
-7500.0
-7500.0
-7500.0
-7500.0
7500.0
7500.0
7500.0
7500.0
7500.0
7500.0
-7500.0
-7308.506349526304
-7040.694083713852
-7500.0
-7500.0
7500.0
7500.0
7500.0
7500.0
7500.0
7500.0
7500.0
-7500.0
-7500.0
-7500.0
-7500.0
-7500.0
-7500.0
7500.0
7500.0
7500.0
7500.0
7500.0
7500.0
-7136.505349677604
-6844.963390749643
-6042.614316771298
-4524.327401858423
7500.0
3049.2392750092317
7500.0
7500.0
7500.0
7500.0
-7500.0
-7500.0
-7229.408972228814
-4970.3416203904
4224.721115679969
7500.0
7500.0
7500.0
7500.0
2329.3109536587745
7500.0
-248.991622711761
1428.5772178036518
3022.1390658441205
4514.030154290393
-2651.515151515152
5209.923664122127
-1212.1212121212122
5331.325301204826
-1969.69696969697
3969.460960149377
6731.302521771535
6977.175211397225
-2121.2121212121215
4701.622247972192
-2954.545454545455
1330.2752293577946
-898.067586405808
-1814.553234219571
-2363.5147030120243
-2321.501076706616
2004.3988375499225
7500.0
-6060.606060606061
-1563.8741032168577
-262.89577654143704
7500.0
7500.0
978.2642063144467
7500.0
-7500.0
-7500.0
-7500.0
-7500.0
-7500.0
7500.0
7500.0
7500.0
7500.0
7500.0
7500.0
7500.0
-7500.0
-7500.0
-7500.0
-7500.0
-7500.0
-7500.0
-7500.0
-7500.0
7500.0
7500.0
7500.0
7500.0
7500.0
7500.0
7500.0
7500.0
7500.0
7500.0
7500.0
7500.0
-7500.0
-7500.0
7500.0
7500.0
-7500.0
-7500.0
7500.0
7500.0
7500.0
-7500.0
-6981.818181818184