Demand
7500.0
7500.0
7500.0
7500.0
7500.0
7500.0
7500.0
7500.0
7500.0
7500.0
7500.0
7500.0
7500.0
7500.0
7500.0
7500.0
7500.0
7500.0
7500.0
7500.0
7500.0
7500.0
-3179.539653325846
7500.0
7500.0
4847.110295124567
636.4057411084445
7500.0
7500.0
7500.0
7500.0
7500.0
7500.0
7500.0
7500.0
7500.0
7500.0
-4984.554280670789
-2101.1517726800757
7500.0
7500.0
7500.0
-6893.939393939394
-6315.44767072678
-6142.6696749914445
-6680.7601605882555
-7500.0
-7500.0
7500.0
7500.0
7500.0
7500.0
7500.0
7500.0
7500.0
7500.0
-7500.0
-7500.0
-7500.0
-7500.0
-7500.0
-7500.0
-7500.0
-7500.0
7500.0
7500.0
7500.0
7500.0
7500.0
7500.0
7500.0
7500.0
7500.0
-7500.0
-7500.0
-7500.0
-7500.0
-7500.0
7500.0
7500.0
7500.0
7500.0
7500.0
7500.0
-7500.0
-6023.698523698524
5254.221080815287
7500.0
7500.0
7500.0
-5998.02371541502
7500.0
7500.0
-7500.0
-7500.0
-7500.0
-7500.0
-7500.0
7500.0
7500.0
7500.0
7500.0
7500.0
301.46952888633314
2045.1200082454657
3620.0333975920025
4330.681552860485
-2500.0000000000005
7500.0
7447.552447552438
-2878.787878787879
4874.999999999993
-3106.0606060606065
7500.0
7500.0
1007.4626865671589
6684.661492353804
-5530.303030303031
-2600.1132022074435
-2783.1211733687755
-2414.0339382993316
-958.746986491235
-74.74759076344799
1568.329864678849
7500.0
4160.054790934953
7500.0
-6363.636363636364
-4390.505260423439
-4237.2370981064
-2678.106142499719
7500.0
7500.0
7500.0
7500.0
7500.0
-7331.880448318805
-7500.0
-7500.0
-7500.0
-7500.0
7500.0
7500.0
7500.0
7500.0
7500.0
-7500.0
-7224.6763988255225
-4456.333051504402
-2121.177432560217
7500.0
7500.0
7500.0
7500.0
7500.0
7500.0
-3831.797859368651
-3481.480526874482
-2709.627219183927
7500.0
7500.0
7500.0
-6866.267650001855
-7158.681759878162
-7500.0
-7500.0
-7500.0
-7500.0
-7500.0
-7500.0
7500.0
7500.0
7500.0
7500.0
7500.0
7500.0
7500.0
7500.0
-7500.0
-7500.0
-7500.0
-7500.0
-7500.0
7500.0
7500.0
7500.0
7500.0
7500.0
7500.0
7500.0
7500.0
-7500.0
-7500.0
-7500.0
-7500.0
-6890.374331550805
-4819.232913094085
-3200.10982186756
7500.0
7500.0
7500.0
7500.0
7500.0
7500.0
7500.0
7500.0
-7500.0
-7500.0
7500.0
7500.0
7500.0
-7500.0
-7500.0
-7500.0
-7500.0
7500.0
7500.0
7500.0
7500.0
7500.0
7500.0
7500.0
-7500.0
-7500.0
-7500.0
-7269.417475728156
-7500.0
-7500.0
-7500.0
7500.0
7500.0
7500.0
7500.0
7500.0
7500.0
7500.0
7500.0
-7037.337662337664
-4832.3676073209535
7500.0
7500.0
7500.0
-5139.1248937977925
-3496.7073337011093
-1978.5133206041214
-677.4929966723594
569.8377034978948
790.3895938619248
1294.9879423982807
4718.003914336305
7500.0
7500.0
4302.0416066744665
-3106.0606060606065
7500.0
753.0576219896602
2094.193812569719
-2272.727272727273
624.9999999999982
1352.4590163934408
4072.0994087271247
-1287.878787878788
4354.419410745233
0.0
0.0
-227.27272727272728
346.1538461538503
-2045.4545454545457
7500.0
-74.83370288248534
-832.5675963578092
-1205.5537035759098
-704.2314520225787
146.75871904174437
1291.388839601132
1889.8475608924896
2431.3392353878044
1821.4798173636286
-3257.575757575758
1403.2258064516031
551.2509739416414
7500.0
-3053.3596837944683
-2795.8264168840437
-1780.5331784651294
-851.045748233686
7500.0
7500.0
7500.0
-6981.587776385464
-6743.853387434672
-6020.929350648776
-5565.557557930115
-5480.540385829168
-5627.771123079241
-3936.5133703695574
-4356.313593031107
7500.0
7500.0
7500.0
7500.0
7500.0
7500.0
7500.0
7500.0
-7500.0
-7500.0
-7500.0
-6553.260989923598
-7500.0
-7500.0
7500.0
7500.0
7500.0
7500.0
7500.0
7500.0
7500.0
7500.0
-7266.148295471581
7500.0
7500.0
-7500.0
-7500.0
7500.0
7500.0
7500.0
7500.0
7500.0
-7500.0
-7500.0
7500.0
7500.0
7500.0
7500.0
-7500.0
-7500.0
7500.0
7500.0
-6725.952470765751
-7029.272398261528
-6839.75263689896
-7500.0
7500.0
7500.0
7500.0
7500.0
7500.0
7500.0
-7500.0
-7500.0
7500.0
7500.0
-7500.0
-7500.0
-7500.0
-7500.0
-7500.0
7500.0
7500.0
7500.0
7500.0
7500.0
7500.0
7500.0
-7500.0
-7244.423270933752
-7500.0
-7500.0
7500.0
7500.0
7500.0
7500.0
7500.0
7500.0
-7500.0
-7500.0
-7500.0
-7500.0
-7500.0
-7500.0
7500.0
7500.0
7500.0
7500.0
7500.0
7500.0
7500.0
7500.0
-7332.451499118166
-7500.0
-7500.0
-7500.0
-7500.0
7500.0
7500.0
7500.0
7500.0
7500.0
7500.0
7500.0
-7500.0
-7500.0
-7500.0
-7500.0
7500.0
7500.0
7500.0
7500.0
-7500.0
-7500.0
-7500.0
-6534.443817052514
7500.0
7500.0
7500.0
7500.0
7500.0
7500.0
7500.0
7500.0
-7500.0
-7500.0
-7500.0
-7500.0
-7500.0
7500.0
7500.0
7500.0
7500.0
7500.0
7500.0
-7500.0
-7500.0
-7500.0
-7500.0
7500.0
7500.0
7500.0
7500.0
7500.0
7500.0
-7500.0
-7500.0
-7500.0
-7500.0
-7500.0
-7500.0
7500.0
7500.0
7500.0
7500.0
7500.0
7500.0
7500.0
-7500.0
-7500.0
-7500.0
-7500.0
-7500.0
-7500.0
-3896.7489464178234
3230.950132313472
7500.0
7500.0
7500.0
7500.0
7500.0
7500.0
3045.3641328735616
7500.0
1402.8432997577452
1740.4140869533849
3440.5601852125674
4612.392487305882
2788.0494475771316
-2803.030303030303
2527.855153203343
-597.3993296556155
-1065.0631619283554
876.101031779489
7500.0
-769.1112492231205
-1298.4424280582662
-1191.8979128602587
209.19359889914858
556.3270880555856
973.6014192607131
2186.3217291962587
4144.954393191703
4246.985510980025
3181.423594330825
-1893.939393939394
7500.0
6502.577905830614
3601.4532531520417
1339.912669362122
-112.42727306667166
205.46947143222633
182.54341405721698
92.53226974283507
330.5489918893427
3550.54557834146
-3181.818181818182
2551.960321209257
3080.0051797408796
-2196.969696969697
4797.169811320755
-1212.1212121212122
4534.285714285714
-1439.3939393939395
3093.471810089023
-3030.3030303030305
906.5934065934098
489.84619979095623
1485.8512770845095
3211.7586321616727
-3787.878787878788
7500.0
3954.5454545454486
913.6722173532007
2056.8135144827374
4601.930818561115
6462.043190162214
-5151.515151515152
-2771.1148276924455
-3255.771589960817
-3367.306022347167
-3047.4607678483535
-3464.521031251632
-4077.579187612833
-2219.818482922723
652.3699470717879
3809.7305173442473
7500.0
3327.3079197123225
7500.0
5019.946259558905
7500.0
7500.0
7500.0
-6743.530192435306
-7029.687594104642
-7146.670633727843
-7500.0
7500.0
7500.0
7500.0
7500.0
7500.0
-7500.0
-7500.0
-7272.533036695555
-7209.326726198504
-7500.0
-7500.0
7500.0
7500.0
7500.0
7500.0
7500.0
7500.0
7500.0
-7500.0
-7500.0
-7500.0
-371.2453030349052
7500.0
7500.0
7500.0
7500.0
7500.0
7500.0
-5481.904012588515
-5586.737989404219
-5623.7365415945005
-5440.528961337288
1936.3903644752845
7500.0
7500.0
7500.0
7500.0
7500.0
7500.0
-5151.515151515152
-2343.184559710498
-3586.5886722053237
-3728.6048042772404
-3717.556516806373
-3693.717862067977
-4041.06952806864
7500.0
7500.0
7500.0
7500.0
7500.0
-7500.0
-7500.0
-7500.0
-7500.0
7500.0
7500.0
7500.0
7500.0
7500.0
7500.0
-7500.0
-7500.0
-7500.0
-7500.0
-7500.0
7500.0
7500.0
7500.0
7500.0
7500.0
7500.0
-7500.0
-7500.0
-7500.0
-7500.0
-7500.0
-7500.0
-7500.0
7500.0
7500.0
7500.0
7500.0
7500.0
7500.0
7500.0
7500.0
7500.0
-7500.0
-7500.0
-7500.0
-7500.0
-7500.0
7500.0
7500.0
7500.0
7500.0
7500.0
7500.0
7500.0
-7500.0
-7500.0
7500.0
7500.0
7500.0
7500.0
7500.0
-6969.800322460624
-6473.751572276926
-5978.708116363094
-5722.526239581093
-4520.500535358697
7500.0
7500.0
7500.0
7500.0
7500.0
7500.0
-7250.394114555964
-4096.339537653066
7500.0
7500.0
7500.0
7500.0
7500.0
7500.0
-1234.1772151898767
659.6493290563112
2471.11569161429
4157.608812858354
5793.172991117135
3360.0299249354443
4166.093111859786
-1212.1212121212122
3870.1067615658376
-1969.69696969697
5445.205479452034
-1363.6363636363637
7500.0
4801.591687852326
5263.216805325646
1630.1424547287538
-3333.3333333333335
-704.930662557781
-1674.1638193160093
-2316.441900160142
-2534.8066905228584
-359.8389566676042
4207.9486302733585
7500.0
-6136.363636363637
-5237.245137649159
-5798.648434991655
-6437.7344953799
-6740.716364236712
-7500.0
-7500.0
-7500.0
7500.0
7500.0
7500.0
7500.0
7500.0
7500.0
7500.0
-7500.0
-7500.0
-7500.0
-7500.0
-7500.0
-7500.0
7500.0
7500.0
7500.0
7500.0
7500.0
7500.0
7500.0
7500.0
-7500.0
-7500.0
-7292.4259289242345
-7500.0
-7163.87554481474
-6346.563038065904
-7500.0
7500.0
7500.0
7500.0
7500.0
7500.0
7500.0
7500.0
-7500.0
7500.0
7500.0
-7500.0
-7500.0
-7231.666492310913