Demand
7500.0
7500.0
7500.0
7500.0
7500.0
7500.0
7500.0
7500.0
7500.0
7500.0
7500.0
7500.0
7500.0
7500.0
7500.0
7500.0
7500.0
7500.0
7500.0
7500.0
7500.0
-7500.0
-6377.0338563316
-4198.678097521108
7500.0
-908.4218354037057
7500.0
7500.0
7500.0
7500.0
-4486.120290812956
-5201.0872259876505
-5536.635755789528
-4007.8684873384645
-4249.06458366096
2640.685006755268
7500.0
7500.0
7500.0
7500.0
7500.0
-6742.424242424243
7500.0
7500.0
-6166.77062217371
-6354.414863086071
7500.0
7500.0
7500.0
7500.0
-7500.0
-7500.0
-7000.547645125962
-6410.483554005257
-6646.925123520321
7500.0
7500.0
7500.0
7500.0
7500.0
7500.0
-7500.0
-7500.0
-7500.0
-7500.0
7500.0
7500.0
7500.0
7500.0
7500.0
7500.0
-7500.0
-7500.0
-7500.0
-7500.0
-7500.0
-7500.0
7500.0
7500.0
7500.0
7500.0
7500.0
7500.0
7500.0
7500.0
7500.0
-6071.939871152472
7500.0
7500.0
-6329.9120234604125
-6715.451713079485
-6723.459429871187
-7031.0925380769
7500.0
7500.0
7500.0
7500.0
7500.0
-7500.0
-4775.985663082438
313.0828658708874
4359.341336221361
6194.07382595815
5993.22324811947
5479.237599945245
4508.803798125717
2991.2302827491367
-2500.0000000000005
5500.9775171065485
5743.718395955913
2656.1888972940687
3206.1129808665855
1557.814643740447
-612.7113490927941
-1461.0717122842452
-2223.503981366035
-2559.9575947061167
-2570.0820133212346
-1331.3684125059103
-105.01696711742807
7500.0
713.1051787181264
7500.0
-3824.95164410058
-3653.4218003748283
-2650.1272341642375
-2871.0856756465987
-2072.2369834229453
-145.11923907663459
7500.0
5086.152528647619
7500.0
7500.0
7500.0
-7042.780748663101
-6384.589765391665
-5873.359510227416
7500.0
7500.0
-7500.0
-7500.0
-7500.0
-7500.0
7500.0
7500.0
7500.0
7500.0
7500.0
7500.0
-6616.889927062975
-5146.314475717172
-3763.877265790809
-3513.9190859879527
-2770.536496888811
-773.9686302171303
1913.754145770983
4874.669504192938
4090.714919772778
2751.4014284196683
7500.0
7500.0
7500.0
7500.0
-7157.96579657966
-7500.0
-7500.0
-7500.0
-7500.0
-7500.0
-7500.0
-7500.0
7500.0
7500.0
7500.0
7500.0
7500.0
7500.0
7500.0
7500.0
7500.0
7500.0
7500.0
-7500.0
-7500.0
-7500.0
-7500.0
-7500.0
-7500.0
7500.0
7500.0
7500.0
7500.0
7500.0
7500.0
7500.0
7500.0
7500.0
-6579.787615699221
-6623.564799662625
-6918.672350254763
-7500.0
7500.0
7500.0
7500.0
7500.0
7500.0
7500.0
-7500.0
7500.0
7500.0
7500.0
-7500.0
-7500.0
-7500.0
-7500.0
-7500.0
-7500.0
-7500.0
7500.0
7500.0
7500.0
7500.0
7500.0
7500.0
7500.0
7500.0
-7500.0
-7500.0
-7500.0
-7500.0
-7500.0
7500.0
7500.0
7500.0
7500.0
7500.0
7500.0
7500.0
7500.0
-6335.376532399299
-6387.666519367152
-5989.915207494301
-4015.7245258132093
-398.6454278768806
4252.0407345185295
6633.5100934398615
5624.758499473466
3710.743099017149
5005.210158848804
7500.0
-4166.666666666667
2690.588632147071
3466.2986146101202
3117.1517673207672
1008.6803210935659
1909.8181308020394
3312.1684157520594
3856.5704609476506
-3560.606060606061
2299.426934097417
4698.930940384073
-1287.878787878788
6402.439024390236
0.0
7500.0
7500.0
-3636.3636363636365
4112.903225806453
-3636.3636363636365
247.2527472527495
-504.10016107775755
-709.7077272305401
309.80571828524444
2052.05073496877
3520.200091142054
-3333.3333333333335
3988.965838027806
3610.8508278326804
2535.994888097133
568.6548174100008
-428.85860841714384
-2037.2309552065817
-2576.109235270587
-2326.4272982908874
-1397.9631301010818
-1223.373346491138
7500.0
436.534983542791
7500.0
7500.0
-6822.638146167559
-6143.665238797748
-5641.818966339142
-5358.15607200532
-4905.361998695875
7500.0
4891.8039152527635
7500.0
7500.0
7500.0
7500.0
-7500.0
7500.0
7500.0
-7500.0
-7500.0
-7500.0
-7500.0
-6538.920893634959
-7500.0
7500.0
7500.0
7500.0
7500.0
7500.0
7500.0
7500.0
-6674.06036827322
-6775.198981363428
-7295.016658888102
-7253.956882191713
-7500.0
-7500.0
-7500.0
7500.0
7500.0
7500.0
7500.0
7500.0
7500.0
7500.0
-7500.0
-7500.0
7500.0
7500.0
7500.0
-7500.0
-7500.0
-7500.0
-6353.2629196529615
-6609.096922850293
-3861.8575285937263
7500.0
7500.0
7500.0
7500.0
7500.0
7500.0
-7500.0
-7500.0
7500.0
7500.0
7500.0
7500.0
7500.0
-7500.0
-7500.0
7500.0
7500.0
7500.0
7500.0
-7500.0
-7500.0
-7500.0
-7500.0
7500.0
7500.0
7500.0
7500.0
7500.0
-7500.0
-7500.0
-7500.0
-7500.0
-7500.0
7500.0
7500.0
7500.0
7500.0
7500.0
7500.0
7500.0
-7500.0
-7500.0
-7500.0
-7243.220109919814
-7500.0
-6873.523176445442
7500.0
7500.0
-7500.0
7500.0
7500.0
7500.0
7500.0
7500.0
-7500.0
-7500.0
-7500.0
-7500.0
7500.0
7500.0
7500.0
7500.0
7500.0
7500.0
-7500.0
-7500.0
-7500.0
7500.0
7500.0
7500.0
7500.0
7500.0
-7500.0
-7500.0
-7500.0
7500.0
7500.0
7500.0
7500.0
7500.0
7500.0
-7500.0
-7500.0
-7500.0
7500.0
7500.0
7500.0
7500.0
-7500.0
-7500.0
-7500.0
-7500.0
-7500.0
7500.0
7500.0
7500.0
7500.0
7500.0
7500.0
-7500.0
7500.0
7500.0
7500.0
-7500.0
-7500.0
-7500.0
-7500.0
-7500.0
-7500.0
-7500.0
7500.0
7500.0
7500.0
7500.0
7500.0
7500.0
7500.0
7500.0
7500.0
-6283.882635022555
-5613.475376673279
-4595.9304714904865
-2425.639183707502
-385.4713740936686
202.36314408271937
1821.5765638109706
3729.8504409516527
5129.641738786908
6632.176973636203
5555.376016087137
4461.339253587299
5225.189829959279
3970.954406263356
-2500.0000000000005
7500.0
2309.9208322178456
-273.2892496267832
-1027.1935094642708
-744.7429104539042
-622.5668346266712
-996.3727175060922
-1494.362306107094
-1365.7556533805546
49.26446027881684
450.18622330007565
953.9363800823708
2312.0153092643973
4353.047038754628
3801.2947672824084
1806.7368310673078
-1893.939393939394
7500.0
-2045.4545454545457
2267.441860465117
-3484.8484848484854
-349.5762711864418
-110.53491385613052
-201.97815072887897
-426.08494418543523
-585.1754530365979
581.2948556200222
2691.1625000829595
3084.0242291849427
-2272.727272727273
7500.0
-1515.1515151515152
6583.151418932327
4966.225601368291
4682.699176613767
-2348.4848484848485
1701.3232514177694
294.53033661985637
-36.76840889861796
887.7699138500357
-2196.969696969697
305.3097345132742
-160.04435792097865
-669.2045519511039
-1984.5337742396164
-876.9062776566607
7500.0
-5303.030303030304
-2170.0852122766028
-2355.113742550922
-2887.3003231013063
-3019.7031753436386
-2698.2722936047116
-3191.1508770939713
-3919.127660975455
-2232.817200673087
-79.17837094140214
1621.689772992895
4999.54120713647
5698.935270087535
4034.5565146130702
7500.0
4685.758627178967
7500.0
7500.0
-6831.378299120235
-6969.880915712967
7500.0
7500.0
7500.0
-7500.0
-7500.0
-7500.0
-7500.0
-7500.0
-7500.0
-5615.702479338848
7500.0
7500.0
7500.0
7500.0
7500.0
7500.0
7500.0
7500.0
-7500.0
-7500.0
-7500.0
-7500.0
-7500.0
7500.0
7500.0
7500.0
7500.0
7500.0
7500.0
7500.0
7500.0
7500.0
7500.0
-6734.465468871247
-6462.299621625043
-4821.11075775881
-2311.197955776203
-255.05877316155238
6583.736601579167
3429.5865756814455
7500.0
1950.804977960328
7500.0
-4020.094913243365
-4344.247014824063
-4663.729738625798
-5233.810586543701
-6552.913743710111
-7500.0
-7500.0
7500.0
7500.0
7500.0
7500.0
7500.0
7500.0
7500.0
-7500.0
-7500.0
-7500.0
-7500.0
-7500.0
-7500.0
7500.0
7500.0
7500.0
7500.0
7500.0
7500.0
7500.0
7500.0
-7500.0
-7500.0
-7500.0
-7500.0
-7500.0
-7500.0
-7500.0
7500.0
7500.0
7500.0
7500.0
7500.0
7500.0
7500.0
7500.0
7500.0
7500.0
-7500.0
-7500.0
7500.0
7500.0
7500.0
7500.0
-7500.0
-7500.0
-7500.0
-7500.0
-7500.0
-7500.0
7500.0
7500.0
7500.0
7500.0
7500.0
7500.0
7500.0
7500.0
7500.0
-6890.108583656971
-6234.4527474535535
-5348.4225430436345
-3847.676653282888
7500.0
7500.0
7500.0
7500.0
7500.0
7500.0
-7500.0
-7305.316787157739
-6142.25238186647
-4494.92434163558
-4044.999754594523
-1961.7871683563299
7500.0
7500.0
7500.0
7500.0
7500.0
5457.427416881386
2559.3748765808305
-2196.969696969697
3226.0467304375074
4582.946557777877
5472.855709312833
-2121.2121212121215
3852.497643732328
-2727.2727272727275
5289.4736842105285
-757.5757575757576
3415.0805270863793
-1590.909090909091
1993.6708860759481
-3333.3333333333335
-29.644268774700322
-664.4494763656976
1989.950592617426
7500.0
-3350.320326150264
-3797.72585414447
-3844.583485462868
-3586.6014800121247
-4134.671643137985
-4286.085604617172
-3612.087371679734
7500.0
7500.0
7500.0
7500.0
7500.0
-7500.0
-7500.0
-7246.816701214093
-7500.0
-7500.0
7500.0
7500.0
7500.0
7500.0
7500.0
7500.0
7500.0
-7500.0
-7500.0
-7500.0
-7500.0
-7500.0
-7500.0
7500.0
7500.0
7500.0
7500.0
7500.0
7500.0
7500.0
-6967.621419676218
7500.0
7500.0
7500.0
-7500.0
-7500.0
-7500.0
-7500.0
-7500.0
7500.0
7500.0
7500.0
7500.0
7500.0
-7219.396127338365