Demand
-7500.0
-7500.0
7500.0
7500.0
7500.0
7500.0
7500.0
7500.0
7500.0
7500.0
7500.0
7500.0
7500.0
7500.0
7500.0
-7500.0
-7500.0
-7500.0
-7500.0
7500.0
7500.0
7500.0
7500.0
7500.0
7500.0
-6756.554062866833
-7281.85911930777
-4384.923242016068
-1598.130458601785
1084.9034401848517
7500.0
3129.732039412863
7500.0
7500.0
7500.0
-6893.939393939394
-3962.068965517252
7500.0
7500.0
7500.0
-4992.668621700879
-4238.263656098179
-1099.470820992141
7500.0
7500.0
7500.0
7500.0
-7500.0
-7500.0
7500.0
7500.0
7500.0
-7184.676378388347
-6989.161935963219
-7312.86178808068
-7500.0
-7500.0
-7500.0
-7500.0
-7500.0
7500.0
7500.0
7500.0
7500.0
7500.0
7500.0
7500.0
7500.0
-7500.0
-7500.0
-7500.0
-7500.0
-7500.0
-7500.0
-7500.0
7500.0
7500.0
7500.0
7500.0
7500.0
7500.0
7500.0
7500.0
7500.0
-7500.0
-6582.73915626857
-6063.374365267959
-6554.4665516471305
-4865.852175472959
-4794.3603859604045
-4932.947871666216
6273.506176131501
5972.498730375955
7500.0
7500.0
7500.0
7500.0
7500.0
7500.0
-5642.112125162974
-3150.230230447203
-1753.9967724586527
-669.2328452717984
455.71854984234506
1778.868901287462
3176.089401249692
4872.6013341619855
5628.689540924182
5021.109032359291
4457.172077351757
-2878.787878787879
3967.1814671814627
-3106.0606060606065
4137.931034482761
-4545.454545454546
-1499.617200459361
-2055.8216730402996
-2391.6323764076637
-1861.423771160737
-2136.682059708565
-1854.8558722843536
-579.2032863843951
-256.19325389407095
36.785344891758086
1993.7262359931715
7159.871956452168
2408.0642364055893
7500.0
2574.7507513945347
7500.0
7500.0
-4743.713733075434
7500.0
7500.0
-6969.391123508345
-6502.0597551571445
-7266.309864215047
-7500.0
-7500.0
-7500.0
7500.0
7500.0
7500.0
7500.0
7500.0
7500.0
7500.0
-7334.11159074842
-6185.584673286114
-6408.0930539041
-4186.590976846517
-1132.6116902849876
1154.6657093682584
7023.303413296999
6648.452746941809
5635.050625241558
6582.53066974504
961.1064743778502
7500.0
-6215.251690458303
-5684.920391245232
7500.0
7500.0
7500.0
-7500.0
-7500.0
-7500.0
7500.0
7500.0
7500.0
7500.0
-7500.0
-7500.0
-7500.0
-7500.0
-7500.0
-7500.0
-7500.0
7500.0
7500.0
7500.0
7500.0
7500.0
7500.0
7500.0
7500.0
7500.0
-7500.0
-7500.0
7500.0
7500.0
7500.0
7500.0
7500.0
-7500.0
-7087.51696065129
-5881.656228017393
-5383.836935854988
-454.8311052031613
7500.0
7500.0
7500.0
7500.0
7500.0
-7500.0
-7500.0
-7500.0
-7500.0
-7500.0
-7500.0
-7500.0
7500.0
7500.0
7500.0
7500.0
7500.0
7500.0
7500.0
-7500.0
-7500.0
-7500.0
-7500.0
-7500.0
-7500.0
-7500.0
7500.0
7500.0
7500.0
7500.0
7500.0
7500.0
7500.0
7500.0
7500.0
-7231.047499213588
7500.0
7500.0
7500.0
-6683.965640658555
7500.0
7500.0
-6335.920177383594
-5167.396061269148
-3612.270551405076
-2245.901611130643
-1152.349513048082
-166.43930982860002
-123.24365332255638
76.61258613994914
2538.0870338588666
7500.0
7500.0
6514.877389856176
3592.036918202246
338.0643593743789
1414.4271028583626
-2803.030303030303
3796.4492155243597
756.5282258367483
1513.2374596204968
4365.289048947274
-1287.878787878788
4197.761194029848
0.0
0.0
-227.27272727272728
260.869565217391
-2045.4545454545457
673.0769230769256
-37.40458015267268
-710.9843740448982
-617.8851471740954
2285.2344310332246
7500.0
880.7418796847946
1348.7080995377091
-2954.545454545455
7500.0
1741.4591777649098
9.233905666038936
-934.5503598029577
-2491.8194299342085
-3157.1958602117065
-3262.247556011069
-3120.2066371784526
-3977.9171386581115
-3861.7855205766627
-4132.342227963532
-3518.768252798007
7500.0
7500.0
7500.0
7500.0
706.4955631416997
7500.0
-6325.280512937945
-6958.855928312341
-7500.0
7500.0
7500.0
7500.0
7500.0
-7500.0
-7500.0
-7500.0
-7500.0
-7500.0
-7500.0
-5329.5848845670735
-7500.0
7500.0
7500.0
7500.0
7500.0
7500.0
7500.0
7500.0
7500.0
7500.0
-7322.993670352727
-7304.737889558459
-7500.0
-7500.0
-7500.0
-7500.0
-7500.0
7500.0
7500.0
7500.0
7500.0
7500.0
7500.0
7500.0
7500.0
7500.0
-7500.0
-7500.0
-7500.0
-7500.0
-6224.96752538353
-6608.374953472239
-5702.8006813623615
7500.0
7500.0
7500.0
7500.0
7500.0
7500.0
7500.0
7500.0
7500.0
-7500.0
-7500.0
-7500.0
7500.0
7500.0
7500.0
7500.0
-7500.0
7500.0
7500.0
7500.0
-7500.0
-7500.0
-7500.0
-7500.0
-5895.012067578447
7500.0
7500.0
7500.0
7500.0
7500.0
7500.0
7500.0
-7500.0
7500.0
7500.0
7500.0
-7500.0
-7500.0
7500.0
7500.0
7500.0
-7500.0
7500.0
-7334.686774941996
-7500.0
-7276.596367047494
-6913.5417973976855
-7020.498843319241
-7500.0
7500.0
7500.0
7500.0
7500.0
7500.0
7500.0
-7500.0
7500.0
7500.0
-7500.0
-7500.0
-7500.0
-7500.0
-7500.0
7500.0
7500.0
7500.0
7500.0
7500.0
7500.0
7500.0
-7318.817546090275
-7500.0
-7500.0
-7500.0
-7500.0
-7500.0
7500.0
7500.0
7500.0
7500.0
7500.0
7500.0
7500.0
7500.0
7500.0
-7500.0
-7500.0
7500.0
7500.0
-7500.0
-7500.0
7500.0
7500.0
7500.0
-7500.0
-7500.0
-7500.0
-7500.0
-7500.0
7500.0
7500.0
7500.0
7500.0
7500.0
7500.0
-7500.0
-7500.0
-7500.0
-7500.0
-7500.0
-7500.0
-7500.0
-7500.0
7500.0
7500.0
7500.0
7500.0
7500.0
7500.0
7500.0
7500.0
-5225.847819891709
-3452.733895095902
-1586.9994340012404
-642.4355216243421
1858.4424411282744
5172.745383025409
5004.983111254693
3880.790318393158
-3787.878787878788
530.3867403314907
2079.72189211457
3421.7920304907952
-2500.0000000000005
2217.8683385579934
1629.0661070304272
-4090.9090909090914
-927.2300469483584
-508.1930025886686
-214.17509940332002
-380.0130144930299
-423.51816364495335
1369.4821130146788
7500.0
-4621.212121212122
-382.6090528218192
522.2308628556511
2218.190070265592
3105.449013347789
3295.4799556406197
5243.992454610248
-454.54545454545456
4112.903225806428
-2727.2727272727275
1293.2238910234018
-205.13143929465878
211.925617639522
339.1353634507782
802.2848376367256
7500.0
448.98742875621474
2400.914217646217
3431.3421786647677
3915.807887581299
3598.7928477586256
4479.8885903517275
-1212.1212121212122
4561.855670103094
-1439.3939393939395
3143.4782608695677
-3030.3030303030305
1095.505617977531
622.723509933779
1632.1358041114563
-2196.969696969697
7500.0
-336.96885638633194
-919.3069485288711
-2411.72771408856
-2537.743537115752
-2618.4694311639655
-2069.148552398921
-1173.109565025868
-974.7666105513922
-992.2671823023029
339.9804520436155
5198.048297996804
3649.6182526396024
7500.0
-6212.121212121213
-3939.482069698044
-3857.8227130909418
-3484.6118658310957
-3211.818371018721
-3330.2229619611735
-2472.6509312085054
-1035.3407705777863
682.1638723255642
7500.0
7500.0
7500.0
7500.0
7500.0
7500.0
-7500.0
7500.0
7500.0
-7500.0
-7500.0
-7500.0
7500.0
7500.0
7500.0
7500.0
7500.0
-7174.917303524582
-7500.0
-7500.0
-7500.0
-7500.0
7500.0
7500.0
7500.0
7500.0
7500.0
7500.0
-6346.776369031566
-5330.625646554645
6684.83693775824
739.1424533220302
7500.0
7500.0
7500.0
-6392.282065519157
-6627.2027382114975
-6296.124432259068
-4320.98585341796
-1225.3712482612514
1110.2330028235283
7482.095784450446
3617.2878053036975
7500.0
3614.670741626774
5005.076257940067
7500.0
-4147.880421465328
-3965.1746846172227
-3162.184416781179
7500.0
7500.0
7500.0
7500.0
-7500.0
-7500.0
-7500.0
-7500.0
-7500.0
-7500.0
7500.0
7500.0
7500.0
7500.0
7500.0
7500.0
7500.0
-7500.0
-7500.0
-7500.0
7500.0
7500.0
7500.0
7500.0
-7500.0
-7500.0
-7500.0
-7500.0
-7500.0
-7500.0
7500.0
7500.0
7500.0
7500.0
7500.0
7500.0
7500.0
7500.0
-7302.822748028228
-7022.410939058265
-7500.0
-7500.0
7500.0
7500.0
7500.0
7500.0
7500.0
7500.0
7500.0
-7500.0
-7500.0
-7500.0
-7500.0
-7500.0
7500.0
7500.0
7500.0
7500.0
7500.0
7500.0
7500.0
-7142.633228840126
-6883.678402172276
-6250.633334276692
-5493.117391018222
-4696.354955333572
6206.795737358263
7500.0
-7500.0
7500.0
7500.0
7500.0
7500.0
-7293.5334219941815
-5975.251628913977
-3764.4526908931844
-2369.817944750874
5808.329399892818
7500.0
7500.0
7500.0
7500.0
4313.41708323186
-3787.878787878788
3326.3290033839094
5203.149588726053
3422.6833582880054
4607.853307155525
5157.134144673491
-2121.2121212121215
4107.773851590107
-2727.2727272727275
6000.000000000004
-757.5757575757576
3829.787234042542
-1590.909090909091
7500.0
7500.0
2765.8662092624068
7500.0
-2722.937825117664
-3394.374272034109
-2982.3521954753337
-3460.250904987497
-3503.092202274318
-3220.4025013616138
-3840.614603427673
-4083.575632493552
-3862.21897986759
7500.0
7500.0
7500.0
7500.0
7500.0
7500.0
-7500.0
-7216.32382216324
7500.0
7500.0
7500.0
-7500.0
-7500.0
-7500.0
-7500.0
-7500.0
7500.0
7500.0
7500.0
7500.0
7500.0
7500.0
-7500.0
-7500.0
-7500.0
-7500.0
7500.0
7500.0
7500.0
7500.0
7500.0
7500.0
-7500.0
-7500.0
-7500.0
-7500.0
-7500.0
-7500.0
7500.0
7500.0
7500.0
7500.0
7500.0
7500.0
7500.0