Demand
-7500.0
-7500.0
-7500.0
-7500.0
-7500.0
7500.0
7500.0
7500.0
7500.0
7500.0
7500.0
7500.0
7500.0
7500.0
7500.0
7500.0
-7500.0
-7500.0
-7500.0
-7500.0
-7500.0
-7500.0
-4828.9597000937265
7500.0
7500.0
-713.6907997405215
7500.0
7500.0
7500.0
7500.0
7500.0
7500.0
7500.0
-5232.095490716181
-3316.6911860815053
7500.0
7500.0
-2789.2561983471064
7500.0
7500.0
7500.0
-5718.081780667751
-5956.173992772323
-6215.110351261872
-6019.624388911092
-6601.772832180466
-7500.0
-7500.0
7500.0
7500.0
7500.0
7500.0
7500.0
7500.0
7500.0
7500.0
7500.0
-7500.0
-7500.0
-7500.0
7500.0
7500.0
7500.0
7500.0
-7500.0
-7500.0
-7500.0
-7213.7117026619835
-7500.0
-7500.0
7500.0
7500.0
7500.0
7500.0
7500.0
7500.0
7500.0
7500.0
-7500.0
-7500.0
-7500.0
-7500.0
-6472.443986608298
-7500.0
7500.0
7500.0
7500.0
7500.0
7500.0
7500.0
-4899.799696313765
7500.0
7500.0
7500.0
7500.0
-7500.0
-7500.0
-7500.0
-7500.0
-3209.677419354837
7500.0
7500.0
7500.0
5875.803791265294
4623.673374999213
3239.979789090051
-3106.0606060606065
3919.378338999514
4230.375202940867
4586.7988416434
1872.2508696703758
-2500.0000000000005
1590.90909090909
-588.7372013651884
-1439.6189390222894
-2203.662657126355
-2539.3181728886047
-2545.962694223841
-1293.3803545171013
-48.590627442637015
7500.0
778.5792763476802
7500.0
-4240.994854202401
-4149.44662370412
-3380.8216317794436
-3687.084024650023
-3287.517826158657
-2446.1171381305244
4040.396752618306
7500.0
7500.0
7500.0
-7196.969696969698
-6973.132856790731
-6536.796697145974
-7284.489147875514
-7500.0
-7500.0
-7500.0
-7500.0
7500.0
7500.0
7500.0
7500.0
7500.0
7500.0
7500.0
7500.0
7500.0
-5306.935332708532
-4092.2320065211684
-3956.047564858205
-3457.630328529689
-2088.8222254213947
-430.18848534856534
1658.9595322204063
2733.2493393471286
2140.516867891858
7500.0
7500.0
7500.0
1008.8504638970007
7500.0
-7500.0
-7500.0
-7500.0
-7500.0
-7500.0
-7500.0
7500.0
7500.0
7500.0
7500.0
7500.0
7500.0
7500.0
-7500.0
-7500.0
7500.0
7500.0
7500.0
7500.0
-7500.0
-7500.0
-7500.0
-7500.0
-7500.0
7500.0
7500.0
7500.0
7500.0
7500.0
7500.0
7500.0
-7152.585681466549
-6337.665846823913
-6394.853890374909
-6434.461489217803
-6787.900814867457
-7500.0
7500.0
7500.0
7500.0
7500.0
7500.0
7500.0
7500.0
7500.0
-7500.0
-7500.0
-7500.0
-7500.0
-7500.0
-7500.0
-7500.0
-7500.0
7500.0
7500.0
7500.0
7500.0
7500.0
7500.0
7500.0
7500.0
7500.0
-7500.0
-7500.0
-7500.0
7500.0
7500.0
7500.0
7500.0
7500.0
-7315.462315462319
-7500.0
-7500.0
-6926.4767535608735
-5990.633565473663
-3448.9677832310936
-436.05622747028974
7500.0
7500.0
7500.0
7500.0
7500.0
7500.0
7500.0
7500.0
-5227.272727272728
345.77484065224917
2028.4774308820388
2828.2702618915537
2619.712658743683
703.5632725373603
1576.3982879082341
3004.956714877884
3777.7613510717797
532.663652469204
1239.0199549833128
-1742.4242424242427
5529.661016949156
-1742.4242424242427
7500.0
0.0
-227.27272727272728
7500.0
6156.329029681885
1405.6392405870788
642.5220111397462
-176.13858038701983
-491.4428392702648
278.32551897862095
1499.9040283595696
2893.930779849033
2812.382789641028
1671.9491557980145
-2954.545454545455
3185.331710286058
1041.8956761476566
-26.326467654380394
-1723.258858442157
-2265.0945076423427
-1943.586522882501
-843.74473044459
-530.8376779260689
7500.0
1951.0097731858154
7500.0
7500.0
-6846.82964094729
-6234.853344133573
-5859.843667782736
-5798.179293187111
-5920.020118825469
-4390.538138512946
-3557.153918687931
7500.0
7500.0
7500.0
7500.0
7500.0
7500.0
-7500.0
-7500.0
7500.0
7500.0
-7500.0
-6652.260787799232
-7500.0
7500.0
7500.0
7500.0
-7500.0
-7500.0
-7500.0
-7500.0
-5854.654168865827
-5654.600829120294
-6608.86487957339
7500.0
7500.0
7500.0
7500.0
7500.0
7500.0
7500.0
7500.0
7500.0
-7500.0
-7500.0
-7500.0
-7500.0
-7500.0
-7500.0
-7500.0
-7500.0
7500.0
7500.0
7500.0
7500.0
7500.0
7500.0
7500.0
7500.0
-7500.0
7500.0
7500.0
7500.0
-7500.0
7500.0
7500.0
7500.0
7500.0
-7500.0
-7500.0
-7500.0
-7500.0
-7500.0
-7500.0
-7500.0
-7500.0
7500.0
7500.0
7500.0
7500.0
7500.0
7500.0
7500.0
7500.0
-7500.0
-7500.0
-7500.0
-7500.0
-7500.0
7500.0
7500.0
7500.0
7500.0
7500.0
7500.0
7500.0
-7500.0
-7500.0
-7500.0
-7262.499999999998
-7500.0
-7052.790352824875
-5313.710049246309
7500.0
7500.0
7500.0
7500.0
7500.0
7500.0
7500.0
7500.0
7500.0
7500.0
7500.0
7500.0
7500.0
7500.0
-7500.0
7500.0
7500.0
7500.0
7500.0
-7500.0
-7500.0
-7500.0
-7500.0
-6862.237762237764
7500.0
7500.0
7500.0
7500.0
7500.0
7500.0
7500.0
7500.0
-7500.0
-7500.0
-7500.0
-7500.0
-7500.0
-7500.0
-7500.0
7500.0
7500.0
7500.0
7500.0
7500.0
7500.0
7500.0
-7500.0
-7500.0
-7500.0
-7500.0
-7500.0
7500.0
7500.0
7500.0
7500.0
7500.0
7500.0
7500.0
-7500.0
-7500.0
-7500.0
7500.0
7500.0
7500.0
-7500.0
-7500.0
7500.0
7500.0
7500.0
7500.0
-7500.0
-7500.0
-6158.552985476064
-5259.12760620281
-3629.241477870233
545.4874225050612
5402.042969594864
5027.973775063434
6278.377311332041
5749.912857473069
4717.0811138925
4188.372395504435
-3787.878787878788
1962.479927086496
3740.8952805888566
5202.198876318167
3711.3781989083886
2632.445015347428
2020.0190968433744
-541.5599829587372
-1240.9693529524684
-892.2846905012448
-675.9292280515738
-915.1350083213251
-1159.297530834389
-340.8958044612955
3469.0942851547916
3738.0802981372735
-4621.212121212122
-696.0494490728283
598.4958649620658
1462.1995856780673
2041.7083039886147
4623.543518865576
6697.619206030713
-2045.4545454545457
2500.000000000003
-3484.8484848484854
214.28571428571195
655.1103106708688
758.091540406378
1159.713241694924
7500.0
1416.3454998866441
3632.47765385278
4032.9080307545883
3311.4830694960333
-2196.969696969697
7500.0
-1212.1212121212122
5359.126142454976
5069.864327565012
-2348.4848484848485
1678.9109766637857
290.5007973613865
-38.042547048539745
885.1492852676074
-2196.969696969697
248.49397590361423
-214.86041692063827
-746.7772122399892
-2130.669838710352
-1642.1927237925884
151.33814314215306
7500.0
-5151.515151515152
-2504.533091568453
-3039.9736854829575
-3195.477465681853
-2927.6468663631663
-3444.2653220652974
-4194.267505685306
-2816.1316676907936
-1217.0675120396063
-132.6020293863703
2321.5891204092595
4830.933794802926
4318.133053448085
7500.0
3066.5649635694554
7500.0
7500.0
7500.0
-7087.653725584762
-7192.58425500357
-7500.0
7500.0
7500.0
7500.0
7500.0
-7500.0
7500.0
7500.0
-7330.024708187782
-7312.449029067488
-7500.0
-7500.0
-7500.0
-6420.833250024296
-7500.0
7500.0
7500.0
7500.0
7500.0
7500.0
7500.0
7500.0
7500.0
-5983.512849702134
-6302.9665571407
-5177.181834166657
7500.0
1025.5084590469496
7500.0
7500.0
7500.0
-6285.511363636366
-6535.657227668335
-6157.185919436208
-3918.07059263098
-425.38077777742365
1897.9415829373388
7500.0
4169.252279229191
6894.30739360478
5331.401627941954
2613.348835015312
7500.0
-6287.878787878788
-5101.6830294530155
-5400.465839899767
-6309.63198333322
7500.0
7500.0
7500.0
7500.0
-7500.0
-7500.0
-7500.0
-7500.0
-7500.0
-7500.0
7500.0
7500.0
7500.0
7500.0
7500.0
7500.0
-7500.0
-7500.0
7500.0
7500.0
7500.0
-7500.0
-7500.0
7500.0
7500.0
7500.0
-7500.0
-7500.0
-7500.0
7500.0
7500.0
7500.0
7500.0
7500.0
7500.0
-7500.0
-7500.0
-7086.557059961318
-1533.8062044852868
7500.0
7500.0
7500.0
7500.0
7500.0
-7500.0
-7500.0
-7500.0
-7500.0
7500.0
7500.0
7500.0
7500.0
7500.0
-7500.0
-7500.0
-7500.0
-7500.0
7500.0
7500.0
7500.0
7500.0
7500.0
-6512.778077130322
-6056.443572064303
-5858.467624183182
-4991.137857340038
7500.0
7500.0
7500.0
7500.0
7500.0
7500.0
-5975.935828877022
7500.0
7500.0
7500.0
7500.0
-3934.2943465487565
-3041.20499190712
-1551.9774992710954
363.3546424291567
2840.0232582895474
4910.64259471468
6353.270245516276
7342.018760514677
3864.034356622986
4359.276537755064
-1212.1212121212122
4203.296703296705
-1969.69696969697
7500.0
6916.540280132038
7305.581491467441
3426.5627372806393
-1590.909090909091
1787.9256965944273
-3333.3333333333335
-762.0320855614973
-1748.296814582951
-2450.3124141419335
-2830.9758956118058
-1479.5461783219748
-265.3089411994051
7500.0
2102.196896729714
7500.0
-6047.50185128719
-6625.734981754515
-6912.794971025964
-7500.0
-7500.0
-7500.0
-7500.0
7500.0
7500.0
7500.0
7500.0
7500.0
7500.0
7500.0
-7500.0
-7500.0
-7500.0
-7500.0
-7500.0
-7500.0
7500.0
7500.0
7500.0
7500.0
7500.0
7500.0
7500.0
-7500.0
-7500.0
-7277.7103735159
-7500.0
-7009.918348411804
422.8524237832157
7500.0
7500.0
7500.0
7500.0
7500.0
7500.0
-7500.0
-7500.0
7500.0
7500.0
7500.0
7500.0
-7500.0
-7326.346575676336