Demand
7500.0
7500.0
7500.0
7500.0
7500.0
7500.0
7500.0
7500.0
7500.0
7500.0
-7500.0
-7500.0
-7500.0
-7500.0
-7500.0
7500.0
7500.0
7500.0
7500.0
7500.0
7500.0
7500.0
-6476.263423072352
-4709.612726520465
1786.7433907905124
7500.0
7500.0
7500.0
7500.0
7500.0
-4772.727272727274
-5469.798657718122
-5839.786623582828
-4783.769159088059
-5315.7293155787775
-3600.28026098569
340.13158915300073
7500.0
7500.0
7500.0
7500.0
7500.0
7500.0
-6313.324080499655
7500.0
7500.0
-7500.0
-7500.0
7500.0
7500.0
7500.0
-7500.0
-7116.9722568877805
-6852.576946610674
-7247.944440104895
-7500.0
-7500.0
-7500.0
7500.0
7500.0
7500.0
7500.0
7500.0
7500.0
7500.0
7500.0
7500.0
-7317.112299465241
-7500.0
-7500.0
-7500.0
-7500.0
7500.0
7500.0
7500.0
7500.0
7500.0
7500.0
7500.0
7500.0
-7500.0
7500.0
7500.0
7500.0
-7500.0
7500.0
7500.0
7500.0
-6048.660882685781
-6267.826776375523
-6705.963625243499
-6787.115122556912
-7183.81467039179
-7500.0
7500.0
7500.0
7500.0
7500.0
7500.0
7500.0
7500.0
-2075.3648146469677
-1094.0395341757921
-77.57962323170977
1136.5537413534712
2465.956536435737
4168.083382555477
5129.966079789843
4836.445147588933
4539.882573582037
-2878.787878787879
3561.4525139664765
-3106.0606060606065
1098.7261146496817
568.6110867082607
7500.0
-2348.633247262045
-2681.5636587357308
-2204.7975122133375
-2485.492116936486
-2256.042781035725
-1121.4888201123008
-854.4688018912675
-615.605026095709
1140.21628317781
6320.327472138675
2866.8134360939766
7500.0
2168.887000311753
7500.0
7500.0
-6707.673060884072
-6578.497729457054
-6562.220872636857
-6365.1517181986255
7500.0
-4548.093496520836
7500.0
7500.0
7500.0
-7500.0
7500.0
7500.0
7500.0
-7500.0
-7500.0
-7500.0
-7214.037644935195
-4756.865026199934
-4445.467907378457
7500.0
7500.0
7500.0
7500.0
7500.0
6006.483149524613
5576.840443614991
5684.781436331161
7500.0
-6501.3626630329
-6657.111246496275
-5015.454266363018
7500.0
7500.0
-7500.0
7500.0
-7500.0
-7500.0
-7500.0
-7500.0
-7500.0
-7500.0
-7500.0
7500.0
7500.0
7500.0
7500.0
7500.0
7500.0
7500.0
7500.0
-7500.0
-7500.0
-7500.0
-7500.0
7500.0
7500.0
7500.0
7500.0
7500.0
7500.0
7500.0
-7500.0
-7500.0
-7500.0
-7052.133259998431
-5804.566594604221
-5514.123994868241
-4277.8371772874
7500.0
7500.0
7500.0
7500.0
7500.0
7500.0
7500.0
-7500.0
-7500.0
-7500.0
7500.0
7500.0
7500.0
-7500.0
-7500.0
-7500.0
-7500.0
7500.0
7500.0
7500.0
7500.0
7500.0
-7500.0
-7500.0
-7500.0
-7500.0
-7215.284715284717
-7500.0
-7500.0
7500.0
7500.0
7500.0
7500.0
7500.0
7500.0
7500.0
-7500.0
-7500.0
-7102.81526517816
-6597.937702522271
-5643.2155886546625
-5540.000102925169
-4346.6012603618965
2437.772592996134
7500.0
7500.0
7500.0
7500.0
7500.0
3157.919028316414
7500.0
5080.520394516216
-3484.8484848484854
2211.6644823066836
2036.224200697086
244.5769828087573
1077.1667731513403
2439.4595999016306
3179.751170612592
-3560.606060606061
1878.4277879341844
4555.958765597261
-1287.878787878788
4714.285714285712
0.0
0.0
-227.27272727272728
946.0486322188449
4379.429007608289
516.0416926808716
-137.70421894209812
-882.0752147228682
-1227.5559998104704
-676.597551408172
243.99575313619653
1453.5140305523928
1999.3291318532938
2325.896122641782
-2954.545454545455
6499.999999999959
-4015.151515151515
-656.8521519899141
-2234.2350573938634
-2817.0886861651275
-2712.527613791712
-2143.3816068264937
-2548.3518160344247
156.87667493741264
7500.0
7500.0
-3977.792403547901
7500.0
-6374.391137508415
-6076.460716380498
-6076.2928060984195
-6261.745397764358
-5420.091740889437
-6139.998180259525
7500.0
7500.0
7500.0
7500.0
7500.0
7500.0
-7500.0
-7500.0
-7500.0
-7500.0
7500.0
7500.0
7500.0
7500.0
7500.0
7500.0
-7500.0
-7500.0
-7500.0
-7500.0
-5410.557184750736
-3902.216437120962
7500.0
7500.0
7500.0
7500.0
7500.0
7500.0
7500.0
-7500.0
-7500.0
-7500.0
-7500.0
-7500.0
-7500.0
-7500.0
-7500.0
7500.0
7500.0
7500.0
7500.0
7500.0
7500.0
7500.0
7500.0
7500.0
-7500.0
-7500.0
-7500.0
7500.0
7500.0
7500.0
7500.0
-7500.0
-7500.0
-7500.0
-7500.0
-7500.0
-7500.0
-7500.0
7500.0
7500.0
7500.0
7500.0
7500.0
7500.0
7500.0
-7500.0
-7500.0
-7287.788533134775
-7500.0
-7500.0
-7500.0
7500.0
7500.0
7500.0
7500.0
7500.0
7500.0
7500.0
7500.0
-7500.0
-7500.0
-7500.0
7500.0
7500.0
7500.0
7500.0
7500.0
7500.0
-7308.710567529273
-7029.653267107655
-7170.299070240906
-7500.0
7500.0
7500.0
7500.0
7500.0
7500.0
7500.0
-7500.0
-7500.0
-7500.0
-7500.0
-7500.0
-7500.0
-7500.0
-7500.0
7500.0
7500.0
7500.0
7500.0
7500.0
7500.0
7500.0
7500.0
-7500.0
-7500.0
-7500.0
-7500.0
-7500.0
-7500.0
-7500.0
7500.0
7500.0
7500.0
7500.0
7500.0
7500.0
7500.0
-7500.0
-7500.0
7500.0
7500.0
7500.0
7500.0
-7500.0
-7500.0
-7500.0
-7500.0
-7500.0
7500.0
7500.0
7500.0
7500.0
7500.0
7500.0
-7500.0
-7500.0
-7500.0
-7500.0
-7500.0
-7500.0
-7500.0
7500.0
7500.0
7500.0
7500.0
7500.0
7500.0
7500.0
7500.0
7500.0
-7500.0
-5922.924901185774
-4656.586211720465
-1879.895647641577
6874.245838672317
7500.0
5474.335313543838
6076.955724170424
5005.442272473534
3962.658358911038
-4015.151515151515
7500.0
7500.0
7500.0
-2121.2121212121215
7500.0
4171.070013210048
-2954.545454545455
508.74248692529363
-283.2392842411082
199.69438825772477
531.3257518514629
338.03414680243986
292.1555366514899
2281.857673114848
7500.0
-4621.212121212122
-1008.3618054306771
-271.7192587229265
1185.7448449838812
2098.0148968819
2588.471963539518
5009.325080791584
-454.54545454545456
3634.0206185566944
-2727.2727272727275
5119.047619047638
-4090.9090909090914
7500.0
5419.744795164519
2478.5366008373626
2262.810296266472
7500.0
1310.7555592640492
2264.132718064469
-2272.727272727273
3437.5
-1515.1515151515152
5401.554404145079
-1590.909090909091
5065.44502617801
-2348.4848484848485
2198.6301369863054
279.08304932069905
-3787.878787878788
7500.0
-2196.969696969697
7500.0
7500.0
142.5519375276258
-1589.3570054985817
-1707.3674818294512
-1770.0954334592266
-1088.6018705090519
-19.029671180352125
150.55183237403162
-24.862044851302926
1053.5941506726986
4337.664120795493
3925.2544438568066
7500.0
1723.230969535657
7500.0
-4542.09110128772
-4328.3219310176355
-4231.938061610921
-4478.018135639561
-4161.727358626949
-3814.2933952738335
-4207.800329358981
7500.0
7500.0
1992.5604933455993
7500.0
7500.0
7500.0
-7500.0
-7500.0
-7500.0
-7500.0
-7500.0
7500.0
7500.0
7500.0
7500.0
7500.0
7500.0
7500.0
-7500.0
-7500.0
-7500.0
-7500.0
7500.0
7500.0
7500.0
7500.0
7500.0
7500.0
-6712.489638021554
-6402.993019834057
-5427.1713748611855
-5796.474365800763
7500.0
3594.1170699489717
7500.0
7500.0
7500.0
-6567.103109656302
-5272.764315350492
-3680.6376008051775
-2994.689042700602
-762.99223304314
-282.4114210974394
2547.335563413568
5449.448031246266
2923.084600023147
2650.8565907574266
7500.0
7500.0
-5889.830508474577
-6896.39235394418
-7500.0
-7500.0
-7500.0
7500.0
7500.0
7500.0
7500.0
7500.0
7500.0
7500.0
-7500.0
-7500.0
-7500.0
7500.0
7500.0
7500.0
7500.0
7500.0
7500.0
-7500.0
-7500.0
-7500.0
-7500.0
7500.0
7500.0
7500.0
7500.0
7500.0
7500.0
7500.0
7500.0
7500.0
7500.0
-7500.0
-7500.0
-7500.0
-7500.0
-7118.360363041216
-6007.225822974442
7500.0
7500.0
7500.0
7500.0
7500.0
7500.0
7500.0
7500.0
-7500.0
-7500.0
-7500.0
-7500.0
-7500.0
-7500.0
-7500.0
7500.0
7500.0
7500.0
7500.0
7500.0
7500.0
7500.0
7500.0
-6739.188467698881
-6495.996405457543
-6551.518668528814
-6587.771464105263
-6882.762044634672
-7500.0
7500.0
7500.0
7500.0
7500.0
7500.0
7500.0
7500.0
7500.0
-5027.881040892193
-1834.7937437650617
1737.3209248771109
7500.0
6979.914332441972
5353.910404806185
3411.140843483856
-3106.0606060606065
4358.710562414264
2882.235603359459
4143.72911351364
-1212.1212121212122
3454.2857142857138
-1969.69696969697
2417.5412293853055
-1363.6363636363637
6493.710691823895
-2121.2121212121215
5548.327137546472
-2954.545454545455
6249.99999999996
-4318.181818181819
-1557.1939231456654
-2201.553383975028
-2401.5208775163665
-85.86026284451236
4708.418381154948
7500.0
-6136.363636363637
-3799.625468164795
-928.9960642386854
7500.0
7500.0
7500.0
-7500.0
-7500.0
-7500.0
-7500.0
-7500.0
-6950.042881646657
-7500.0
7500.0
7500.0
7500.0
7500.0
7500.0
7500.0
7500.0
7500.0
7500.0
7500.0
7500.0
-7500.0
-7500.0
-7500.0
-7500.0
-7500.0
-7500.0
-7500.0
-6717.510677242224
7500.0
7500.0
7500.0
7500.0
7500.0
7500.0
7500.0
7500.0
7500.0
-7500.0
7500.0
7500.0
-7500.0
-7500.0
-7500.0
7500.0
7500.0