Demand
-7500.0
-7500.0
-7500.0
-7500.0
7500.0
7500.0
7500.0
7500.0
7500.0
7500.0
7500.0
7500.0
7500.0
-7500.0
-7500.0
-7500.0
7500.0
7500.0
7500.0
-7500.0
7500.0
7500.0
7500.0
-6083.096590909092
-5238.7051483509895
-5030.452504378098
7500.0
7500.0
7500.0
7500.0
-4740.043578259292
-5402.573099994061
-5714.605887044194
-4320.490768207945
-4459.94556542753
4655.13602478561
7500.0
7500.0
7500.0
7500.0
-6666.666666666667
-5756.454178392267
-5924.118215423721
-6083.046002594918
-5584.151525502788
-5770.619002161382
7500.0
7500.0
7500.0
7500.0
7500.0
7500.0
-7180.416499799761
-6977.878575875924
-7306.310205048372
-7500.0
-7500.0
-7500.0
-7500.0
7500.0
7500.0
7500.0
7500.0
7500.0
7500.0
7500.0
7500.0
-7334.181818181818
-7500.0
-7500.0
-7500.0
-7500.0
-7500.0
-7500.0
-7500.0
7500.0
7500.0
7500.0
7500.0
7500.0
7500.0
7500.0
7500.0
7500.0
-7500.0
-5975.280063411234
-3022.8642812307626
7500.0
7500.0
7500.0
7500.0
7500.0
-7321.540388227928
-7500.0
-7500.0
-7500.0
-7500.0
7500.0
7500.0
7500.0
7500.0
7500.0
7500.0
7500.0
-727.4108869853553
290.48630065909765
1727.118458626921
2847.1560681030896
3156.2698198673743
-1818.1818181818182
1972.0496894409944
-2500.0000000000005
1669.9604743083
-572.2891566265052
-1400.8418827808614
-2096.0480235869327
-2248.4430999121887
-1726.5235537093577
2517.2203683729854
7500.0
-5757.575757575758
-2944.7894784911864
-3079.778760738706
-3385.7237604534816
-3213.174957150686
-2160.0806708605355
-2536.5874560648535
-2043.8099618803044
-1321.1742247164852
1758.9691045927284
7500.0
7500.0
7500.0
2755.416619265711
7500.0
7500.0
-7309.957768392978
-7500.0
-7500.0
7500.0
7500.0
7500.0
7500.0
-7500.0
-7500.0
-7500.0
7500.0
7500.0
7500.0
7500.0
7500.0
-4441.287878787882
-4367.5695718356055
-4002.1926442514796
-2952.1225688391296
-1747.4674916045701
-226.42694662256417
857.915331805596
1363.5457906455722
7500.0
7500.0
7500.0
7500.0
-7348.484848484849
-7500.0
-7500.0
-7500.0
-7500.0
7500.0
7500.0
7500.0
7500.0
7500.0
7500.0
-7500.0
-7500.0
-7500.0
-7500.0
-7500.0
7500.0
7500.0
7500.0
7500.0
7500.0
7500.0
7500.0
7500.0
-7500.0
-7500.0
-7500.0
7500.0
7500.0
7500.0
7500.0
-7500.0
-7090.909090909094
-5959.563543003851
-5687.991631465482
-4387.220676969015
7500.0
7500.0
7500.0
7500.0
7500.0
7500.0
-7500.0
-7500.0
-7500.0
-7500.0
-7500.0
-7500.0
-7500.0
-7500.0
7500.0
7500.0
7500.0
7500.0
7500.0
7500.0
7500.0
7500.0
7500.0
-7500.0
-7500.0
-7500.0
-7250.874125874127
-7500.0
-7500.0
-7500.0
7500.0
7500.0
7500.0
7500.0
7500.0
7500.0
7500.0
7500.0
-7145.790588922442
-6725.344077670021
-5990.808700359061
-6030.06380290233
-5459.038459616275
-2693.780975672971
2123.439446115248
6517.628618617982
7249.718734689462
6531.352816772385
4403.01319717794
3914.7985584010653
7074.1655076887855
7500.0
5987.698381772683
1384.5483218564318
-3106.0606060606065
5896.004700352534
5345.157866967262
5232.73825448649
3441.2467603170808
-3560.606060606061
7500.0
7500.0
-1287.878787878788
7500.0
7500.0
7500.0
7500.0
620.7598371777485
3896.1099514123816
-3636.3636363636365
603.4482758620711
-144.92753623187673
-2.521928771117018
3285.8435281751094
-4090.9090909090914
7500.0
7500.0
7500.0
6047.237076648837
2720.6205502329294
21.560603336486565
-420.95227619623347
7500.0
-3020.558279894381
-3053.401237359474
-2777.125646852381
-3531.4045406558344
-2962.877108736638
-2127.470710122146
7500.0
3285.8149922296243
7500.0
7500.0
7500.0
-6379.483270480623
-6636.163306624376
-6353.610524280699
-7065.343689659785
-7500.0
-7500.0
-7500.0
7500.0
7500.0
7500.0
7500.0
7500.0
7500.0
7500.0
7500.0
-6986.157297968668
-7500.0
-7500.0
-7500.0
-7500.0
-7500.0
-7500.0
7500.0
7500.0
7500.0
7500.0
7500.0
7500.0
7500.0
7500.0
7500.0
-7500.0
-7500.0
-7500.0
-7500.0
-7500.0
-7500.0
-7500.0
7500.0
7500.0
7500.0
7500.0
7500.0
7500.0
7500.0
7500.0
-6875.146817007284
-7162.210106875453
-7125.3990585114825
-7500.0
-7500.0
-7500.0
-7500.0
7500.0
7500.0
7500.0
7500.0
7500.0
7500.0
7500.0
7500.0
-7500.0
-7500.0
-7500.0
-7500.0
-7500.0
-7500.0
7500.0
7500.0
7500.0
7500.0
7500.0
7500.0
7500.0
7500.0
7500.0
-7500.0
7500.0
7500.0
7500.0
-7500.0
-7500.0
7500.0
7500.0
-7500.0
-7500.0
-7500.0
7500.0
7500.0
7500.0
7500.0
7500.0
7500.0
-7500.0
-7267.184035476717
-6797.075911991622
-6386.443497254006
7500.0
7500.0
7500.0
7500.0
7500.0
-7500.0
-7500.0
-7500.0
-7500.0
-7500.0
-7500.0
-7500.0
7500.0
7500.0
7500.0
7500.0
7500.0
7500.0
7500.0
7500.0
-7500.0
-7500.0
-7267.365237656213
-7500.0
-7500.0
-7500.0
7500.0
7500.0
7500.0
7500.0
7500.0
7500.0
7500.0
-7500.0
-7500.0
-7500.0
-7500.0
7500.0
7500.0
7500.0
7500.0
7500.0
7500.0
7500.0
-7500.0
-7500.0
-7500.0
-7500.0
-7500.0
-7500.0
-7500.0
7500.0
7500.0
7500.0
7500.0
7500.0
7500.0
7500.0
-7500.0
-7500.0
-7500.0
-7500.0
-7500.0
7500.0
7500.0
7500.0
7500.0
7500.0
7500.0
7500.0
-7500.0
-6095.169354270827
-5123.092207081036
-3314.023023100064
1432.8909220099981
6616.930829232362
5085.9633860347985
6279.078121743352
5749.647033184772
4717.22451055284
4188.220179667784
-3787.878787878788
2079.305799648504
3724.109164523623
4407.325045526186
-2500.0000000000005
3772.727272727272
-2954.545454545455
7500.0
-1350.8775569478457
-1091.7591089629282
-984.1082760289123
-1346.0917322208757
-1829.6387787589247
-1730.1052240827717
-431.5929395241237
-61.76657607635843
417.2984303941903
1731.4754317335378
3848.4067248984084
3686.6221853931397
1813.9821559367365
-1893.939393939394
7500.0
7500.0
4466.011329556806
-3484.8484848484854
7500.0
405.92492085029335
271.8461588555001
-20.919255230680392
-284.8918399751701
736.0940052843416
2766.9363575468374
3746.8685570173852
4085.39451022233
3567.8236566464348
-1515.1515151515152
5513.9372822299665
-1590.909090909091
5299.999999999999
-2348.4848484848485
3098.802395209592
-3636.3636363636365
7500.0
2063.758389261746
-2196.969696969697
7500.0
-120.32085561497206
-688.2609485735065
-2160.008688214746
-2036.3763937739113
-1624.5272272049247
385.64055758610766
5492.2503346668445
2149.760825851494
7500.0
-3250.5111454645194
-2968.05126638696
-3456.591872982168
-4170.413857281821
-2685.242832528403
-837.5090352519178
640.9643381556452
3939.0656908163473
5975.575535979969
3776.1936981325007
7500.0
5523.4135695679
7500.0
7500.0
-6692.443919716648
-6919.615181988795
-6619.075885889901
7500.0
7500.0
7500.0
7500.0
-7500.0
-7500.0
-7500.0
-7500.0
-6966.153795415734
7500.0
-7500.0
7500.0
7500.0
7500.0
7500.0
7500.0
-7500.0
-7500.0
7500.0
7500.0
7500.0
7500.0
-6549.467230679018
-6060.073541413265
-6423.535650596685
-5723.199529876958
-2282.4409363467184
7500.0
7500.0
7500.0
7500.0
-6969.696969696971
-6615.9684023326045
-6340.044069828993
-4694.429622090585
-2652.1230898023805
-1806.4658100176744
837.798374534746
984.1911170489188
3276.484188091003
5212.877682690058
3259.373741426038
888.6044441901813
4121.869646321301
7500.0
-396.8991029296658
7500.0
7500.0
-7500.0
-7500.0
-7500.0
7500.0
7500.0
7500.0
-7500.0
-7500.0
-7500.0
-7500.0
-7500.0
7500.0
7500.0
7500.0
7500.0
7500.0
7500.0
7500.0
7500.0
-7500.0
-7500.0
-7500.0
-7500.0
7500.0
7500.0
7500.0
7500.0
7500.0
7500.0
7500.0
-7500.0
-7500.0
-7500.0
7500.0
7500.0
7500.0
7500.0
7500.0
-7500.0
-7500.0
-7500.0
-7500.0
-7500.0
7500.0
7500.0
7500.0
7500.0
7500.0
7500.0
7500.0
-7500.0
-7500.0
-7500.0
-7500.0
-7500.0
7500.0
7500.0
7500.0
7500.0
7500.0
7500.0
7500.0
-6365.295288652955
-6337.220680254515
-6160.978827080537
-5805.624351420356
7500.0
7500.0
7500.0
7500.0
7500.0
-7236.159970375855
-3488.672290707922
7500.0
7500.0
7500.0
7500.0
7500.0
7500.0
-294.9438202247211
2441.2490643918322
4621.624144547512
5259.89147448571
4501.525105116143
-2651.515151515152
7500.0
5790.819193167774
-2121.2121212121215
3965.968586387435
-2727.2727272727275
5564.516129032259
-757.5757575757576
3536.2694300518087
-1590.909090909091
2669.491525423727
-3333.3333333333335
7500.0
-1403.7433155080216
-2322.929613999579
-3042.594703036198
-2583.407615182689
-3096.6607588095562
-3137.128808780135
-2829.9591526700933
-3527.595786992404
-3854.22949104034
-3912.9015867759067
7500.0
7500.0
7500.0
7500.0
7500.0
7500.0
7500.0
-7333.916083916085
-7500.0
7500.0
7500.0
7500.0
-7500.0
7500.0
7500.0
7500.0
-7500.0
-7500.0
-7500.0
-7500.0
7500.0
7500.0
7500.0
7500.0
-7500.0
-7500.0
-7500.0
-6969.890723087656
-7500.0
7500.0
7500.0
7500.0
7500.0
7500.0
7500.0
7500.0
-7500.0
-7500.0
7500.0
7500.0
7500.0
7500.0
7500.0
-7500.0
-7309.491978609629