Demand
11250.0
11250.0
11250.0
11250.0
11250.0
11250.0
11250.0
11250.0
11250.0
11250.0
11250.0
11250.0
11250.0
11250.0
11250.0
11250.0
-11250.0
-11250.0
11250.0
11250.0
11250.0
11250.0
11250.0
11250.0
11250.0
11250.0
11250.0
11250.0
-11003.805018510902
-10980.076458969368
-11250.0
-11250.0
-11250.0
-11250.0
-11250.0
11250.0
11250.0
11250.0
11250.0
11250.0
11250.0
11250.0
11250.0
-11250.0
11250.0
11250.0
11250.0
-11250.0
11250.0
-11250.0
-11250.0
-10477.874774232394
-8410.505502819593
11250.0
11250.0
11250.0
11250.0
11250.0
-8415.208879345737
-7720.98176086786
-7597.368944306359
-393.80112440622725
11250.0
11250.0
11250.0
11250.0
11250.0
11250.0
-10291.587266001574
-10439.445217008808
-11250.0
-11250.0
-11250.0
11250.0
11250.0
11250.0
11250.0
11250.0
11250.0
-11250.0
11250.0
-11250.0
-11250.0
-11250.0
11250.0
11250.0
11250.0
-11250.0
-11250.0
-11250.0
-11250.0
11250.0
11250.0
11250.0
11250.0
11250.0
11250.0
-11250.0
-11250.0
-11250.0
-11250.0
11250.0
11250.0
11250.0
11250.0
11250.0
-11250.0
-11250.0
-11250.0
-11250.0
-11250.0
-10725.052187794197
-11250.0
-11250.0
11250.0
11250.0
11250.0
11250.0
11250.0
11250.0
11250.0
11250.0
-11250.0
-11250.0
-11250.0
-9625.570290777676
-9609.59588733804
-9322.507255001343
11250.0
-11250.0
11250.0
11250.0
11250.0
11250.0
11250.0
11250.0
-11250.0
-11250.0
-11250.0
-10562.102405084745
-10019.877071432697
-11250.0
-11250.0
-11250.0
11250.0
11250.0
11250.0
11250.0
11250.0
11250.0
11250.0
11250.0
11250.0
-11250.0
11250.0
11250.0
-11250.0
-11250.0
-10235.141642118098
-10835.2992798353
-10668.453231145195
-10091.153893844552
11250.0
11250.0
11250.0
11250.0
11250.0
11250.0
11250.0
11250.0
-11250.0
-11250.0
-11250.0
-10767.649903288206
-11250.0
11250.0
11250.0
11250.0
11250.0
11250.0
11250.0
-11250.0
-11250.0
-10071.46373482114
-9259.06172131794
-8939.06244798208
-9831.25654909783
-10583.995146459318
-11250.0
11250.0
11250.0
11250.0
11250.0
11250.0
11250.0
11250.0
11250.0
11250.0
-10278.119840861727
-10457.323292676367
-11250.0
-11250.0
-11250.0
-11250.0
-11250.0
11250.0
11250.0
11250.0
11250.0
11250.0
11250.0
11250.0
11250.0
-11250.0
-11250.0
-11250.0
11250.0
11250.0
11250.0
11250.0
11250.0
-11012.86594761171
-10976.45796494812
-11250.0
-11250.0
-11250.0
11250.0
11250.0
11250.0
11250.0
11250.0
-11250.0
-11250.0
-11250.0
11250.0
11250.0
11250.0
11250.0
-11250.0
-11250.0
-11250.0
-11250.0
-11250.0
-11250.0
-4244.5669924949325
11250.0
11250.0
11250.0
11250.0
11250.0
11250.0
11250.0
11250.0
-11250.0
-11250.0
-11250.0
-11250.0
-11250.0
-11250.0
11250.0
11250.0
11250.0
11250.0
11250.0
11250.0
-11250.0
-11250.0
-11250.0
-11250.0
-11250.0
-11250.0
-11250.0
11250.0
11250.0
11250.0
11250.0
11250.0
11250.0
11250.0
-432.28678537949236
11250.0
11250.0
-10247.067448680355
-9563.266046405079
11250.0
11250.0
-11250.0
-11250.0
-11250.0
-11250.0
-11250.0
11250.0
11250.0
11250.0
11250.0
11250.0
-11250.0
-11250.0
-11250.0
-11250.0
-11250.0
-11250.0
11250.0
11250.0
11250.0
11250.0
11250.0
11250.0
11250.0
11250.0
-11250.0
11250.0
-11250.0
-11250.0
-11250.0
-11250.0
-10757.223545685087
-9709.683200572148
-8956.647375339973
11250.0
11250.0
11250.0
11250.0
11250.0
11250.0
11250.0
11250.0
-9494.418714645664
-9352.506081157742
-8670.1731611539
11250.0
11250.0
11250.0
11250.0
11250.0
-11250.0
-11250.0
-11250.0
-10624.428388512897
-10511.98222897145
-10780.477354397077
-11250.0
-11250.0
11250.0
11250.0
11250.0
11250.0
11250.0
11250.0
11250.0
11250.0
-11250.0
-11250.0
-11250.0
-11250.0
-11250.0
-11250.0
11250.0
11250.0
11250.0
11250.0
11250.0
11250.0
11250.0
-10256.391632771647
-9856.141704602436
-9946.44590964383
-10836.063592413426
-11250.0
-11250.0
11250.0
11250.0
11250.0
11250.0
11250.0
11250.0
-10480.2507265456
-11250.0
-11250.0
-11250.0
11250.0
11250.0
11250.0
11250.0
11250.0
-11250.0
-11250.0
-11250.0
-11250.0
11250.0
11250.0
11250.0
11250.0
11250.0
-11250.0
-11250.0
-11250.0
11250.0
11250.0
11250.0
11250.0
-11250.0
-11250.0
-11250.0
11250.0
11250.0
11250.0
11250.0
-11250.0
-11250.0
-11250.0
-11250.0
-9450.360829908797
11250.0
11250.0
11250.0
11250.0
11250.0
11250.0
11250.0
-11250.0
-11250.0
11250.0
11250.0
11250.0
-9232.001220256254
-8299.919642147841
-7771.558627790103
2252.001425490218
11250.0
11250.0
11250.0
11250.0
-10995.196264865324
-11250.0
-9647.603074198989
-9746.786265352494
-9350.533529235378
-9865.538755188813
-4503.109343350798
11250.0
11250.0
11250.0
11250.0
11250.0
11250.0
11250.0
11250.0
-10104.706197535277
-9751.234479516974
-9854.226266149857
-10597.07682660392
-10829.471771480723
-10576.156350382418
-11250.0
11250.0
11250.0
11250.0
11250.0
11250.0
11250.0
-11011.534224520503
-10730.019768510076
-11250.0
-11250.0
-11250.0
-11250.0
-11250.0
11250.0
11250.0
11250.0
11250.0
11250.0
11250.0
11250.0
11250.0
-11250.0
-11250.0
-11250.0
-11250.0
-11250.0
-11250.0
-11250.0
11250.0
11250.0
11250.0
11250.0
11250.0
11250.0
11250.0
-11250.0
-11250.0
-11250.0
-11250.0
-11250.0
11250.0
11250.0
11250.0
11250.0
11250.0
11250.0
11250.0
-10990.332051022477
-11250.0
-11250.0
-11250.0
11250.0
11250.0
11250.0
11250.0
11250.0
11250.0
-10892.724486953299
11250.0
11250.0
11250.0
-11250.0
-11250.0
-11250.0
-10225.52532895467
-10427.282355744406
-11250.0
-10298.868949818578
-11250.0
11250.0
11250.0
11250.0
11250.0
11250.0
11250.0
11250.0
11250.0
-11250.0
-10672.773708997745
-10262.853551329346
-9289.553744985358
-9252.156596624827
-9750.370908164045
-11250.0
11250.0
11250.0
11250.0
11250.0
11250.0
11250.0
11250.0
11250.0
-9500.276109994225
-9644.73617805577
-9383.826892317404
11250.0
11250.0
11250.0
11250.0
-11250.0
-11250.0
-11250.0
-11250.0
-2739.714664897261
11250.0
11250.0
11250.0
11250.0
11250.0
-11250.0
-11250.0
-11250.0
-11250.0
-11250.0
-10427.650327728701
-11250.0
11250.0
11250.0
11250.0
11250.0
11250.0
11250.0
11250.0
11250.0
-11002.618452809806
-11250.0
-11250.0
-10550.94034710489
-11250.0
-10661.946105143703
-11250.0
11250.0
11250.0
11250.0
11250.0
11250.0
11250.0
11250.0
11250.0
11250.0
-11010.45307788777
-11250.0
-11250.0
-11250.0
-11250.0
-11250.0
-11250.0
11250.0
11250.0
11250.0
11250.0
11250.0
11250.0
11250.0
11250.0
-11250.0
-11250.0
-11250.0
-11250.0
-11250.0
-11250.0
-11250.0
11250.0
11250.0
11250.0
11250.0
11250.0
11250.0
11250.0
11250.0
-11250.0
-11250.0
-10702.723661967211
-10016.76550372906
-8734.019420431705
-8178.2614416925935
-8287.483499552261
-8070.544342799421
11250.0
11250.0
11250.0
11250.0
11250.0
11250.0
11250.0
11250.0
-10784.904805077065
-9440.468594904003
-10073.213140159183
-9811.928982619316
-9751.549393235822
-7112.451787117374
11250.0
11250.0
11250.0
11250.0
11250.0
11250.0
-8325.071270193224
-6876.615272393345
-4937.559848327031
-2920.5020088876336
-1546.0225394537774
3843.2398198629726
11250.0
9552.822590985088
4844.404716050165
11250.0
-3766.939582156974
-2216.9449261068094
-1657.5288722779624
-1853.6453926081103
-2517.1928902581494
-3645.984324151988
-1824.9132051839133
-69.34502654753305
1826.5017980150615
5409.639611561774
11250.0
3057.5120210135865
11250.0
-5419.644773895368
-3644.903773396618
-2039.578711503922
-662.4501220048096
-123.08918508853094
-707.3763660660661
-7.014110211157458
1972.5192877350692
2507.556569548021
-178.97283669426724
-1248.9180857021875
-1260.3701242555762
3377.8766936455004
11250.0
348.47778476285566
11250.0
-7423.164909488762
-7650.974256853307
-7539.493012053094
-8369.056721827441
-9402.273820127837
-11250.0
-11250.0
11250.0
11250.0
11250.0
11250.0
11250.0
11250.0
-3803.097097129201
-3811.551817642434
-2562.2570485360848
2525.263598340405
9025.287103289626
4202.119265342398
11250.0
-7386.363636363636
4728.291647003317
1883.7103302094538
8288.538628834758
11250.0
-8863.636363636364
-6661.770895443868
-7725.874971588339
-8253.439080971166
-9241.646906887785
-9026.52827306174
-3666.6593851423963
11250.0
11250.0
11250.0
11250.0
11250.0
-93.92869933196198
11250.0
-10999.26686217009
-11250.0
-11250.0
-11250.0
11250.0
11250.0
11250.0
11250.0
-11250.0
-11250.0
-11250.0
-11250.0
-11250.0