Demand
11250.0
11250.0
11250.0
11250.0
11250.0
11250.0
11250.0
11250.0
11250.0
11250.0
11250.0
11250.0
11250.0
11250.0
-11250.0
11250.0
11250.0
11250.0
11250.0
11250.0
-11250.0
-11250.0
11250.0
11250.0
-11250.0
-11250.0
-11250.0
-11250.0
11250.0
11250.0
11250.0
11250.0
11250.0
-11250.0
11250.0
11250.0
11250.0
11250.0
11250.0
-11250.0
-10629.009805108344
-10321.223484656723
-11250.0
11250.0
11250.0
11250.0
11250.0
-11250.0
-11250.0
-11250.0
-11250.0
-10373.277553736218
-8845.62735570464
-6122.807549991604
11250.0
11250.0
11250.0
11250.0
8931.277342577527
11250.0
1771.355273494206
11250.0
11250.0
-8521.80429317347
-7972.984416425272
-9085.078461375091
-7845.275689939587
-7667.791423733956
-7428.19407899068
11250.0
11250.0
11250.0
11250.0
11250.0
11250.0
-11250.0
-11250.0
-10975.569107698386
-11250.0
-11250.0
-11250.0
-11250.0
-11250.0
11250.0
11250.0
11250.0
11250.0
11250.0
11250.0
11250.0
11250.0
-11250.0
-11250.0
-11250.0
-11250.0
-11250.0
-11250.0
11250.0
11250.0
11250.0
11250.0
11250.0
11250.0
11250.0
-10549.754299754302
-11250.0
11250.0
11250.0
11250.0
-11250.0
-11250.0
-10952.841221440289
-11250.0
-11250.0
-11250.0
-11250.0
-11250.0
11250.0
11250.0
11250.0
11250.0
11250.0
11250.0
11250.0
11250.0
11250.0
-10419.948640294406
-10584.795397046302
-10798.763192196173
-11250.0
11250.0
11250.0
11250.0
11250.0
11250.0
11250.0
-11250.0
-11250.0
-11250.0
11250.0
11250.0
11250.0
11250.0
-11250.0
-11250.0
-11250.0
-11250.0
-10368.96038470346
11250.0
11250.0
11250.0
11250.0
11250.0
11250.0
-11250.0
-11250.0
-11250.0
-11250.0
-10062.133374498302
-10735.741793230623
-10420.248169098104
-7876.097998946577
11250.0
11250.0
11250.0
11250.0
11250.0
11250.0
11250.0
11250.0
-11250.0
-11250.0
-11250.0
-10875.867927094721
-11250.0
-11250.0
-11250.0
11250.0
11250.0
11250.0
11250.0
11250.0
11250.0
11250.0
-9686.409070725891
-9486.43870091609
-10208.004294078408
-10793.362083519507
-11250.0
-11250.0
11250.0
11250.0
11250.0
11250.0
11250.0
11250.0
-10163.671203044589
-9921.845639358417
-9375.196680794132
-8081.833215618164
11250.0
11250.0
11250.0
11250.0
11250.0
-11250.0
-11250.0
-10035.159847388506
-10123.697664371164
-10709.42502566647
-11250.0
11250.0
11250.0
11250.0
11250.0
11250.0
11250.0
-11250.0
-11250.0
-11250.0
-11250.0
-10804.55555996358
-10598.944540912413
-11250.0
11250.0
11250.0
11250.0
11250.0
11250.0
11250.0
11250.0
11250.0
-11250.0
-11250.0
-11250.0
-11250.0
-11250.0
-11250.0
-11250.0
11250.0
11250.0
11250.0
11250.0
11250.0
11250.0
11250.0
11250.0
11250.0
-10436.196539616736
-11250.0
-11250.0
11250.0
11250.0
11250.0
-11250.0
-11250.0
-11250.0
-11250.0
-11250.0
-11250.0
11250.0
11250.0
11250.0
11250.0
11250.0
11250.0
11250.0
11250.0
-11250.0
-11250.0
-11250.0
-11250.0
-11250.0
-11250.0
11250.0
11250.0
11250.0
11250.0
11250.0
11250.0
11250.0
11250.0
-10156.105622290142
-10144.440864304415
-10480.797590834627
11250.0
11250.0
11250.0
11250.0
-11250.0
-11250.0
-11250.0
-11250.0
-10099.087645827101
-9773.84282377136
-9762.443480502276
-11250.0
11250.0
11250.0
11250.0
11250.0
11250.0
11250.0
11250.0
11250.0
-11250.0
-11250.0
-11250.0
-11250.0
-11250.0
11250.0
11250.0
11250.0
11250.0
11250.0
11250.0
-11001.405311106806
-10703.939793728503
-10942.523458528944
-11250.0
-11250.0
-11250.0
-11250.0
11250.0
11250.0
11250.0
11250.0
11250.0
11250.0
11250.0
11250.0
-10998.640660131525
-11250.0
-11250.0
-11250.0
-11250.0
11250.0
11250.0
11250.0
11250.0
11250.0
11250.0
11250.0
-11250.0
-11250.0
-11250.0
-11250.0
-11250.0
-11250.0
11250.0
11250.0
11250.0
11250.0
11250.0
11250.0
11250.0
-11250.0
-11250.0
-11250.0
11250.0
11250.0
11250.0
11250.0
-10496.063405416757
-10148.362858107696
-9704.93580182367
-9813.857565179867
-10803.55789347689
-11250.0
-11250.0
11250.0
11250.0
11250.0
11250.0
11250.0
11250.0
11250.0
11250.0
-11250.0
-11250.0
11250.0
11250.0
11250.0
11250.0
-11250.0
-11250.0
-11250.0
-11250.0
-11250.0
11250.0
11250.0
11250.0
11250.0
11250.0
11250.0
-11250.0
-11250.0
-11250.0
-11250.0
-11250.0
11250.0
11250.0
11250.0
11250.0
11250.0
-11250.0
-11250.0
11250.0
11250.0
11250.0
-11250.0
-11250.0
-10694.805194805198
-10308.763295525434
-9405.333054299612
-9409.832368003048
-9931.981079305977
-8271.788560080411
11250.0
11250.0
11250.0
11250.0
11250.0
11250.0
11250.0
11250.0
-9324.203841581682
-9671.155103366564
-10060.239674418863
-10894.065416622056
-10768.78990620116
-11250.0
11250.0
11250.0
11250.0
11250.0
11250.0
11250.0
11250.0
-10093.589991305187
-10493.625192782485
-9891.484663371797
11250.0
11250.0
11250.0
11250.0
11250.0
-8873.288376402765
11250.0
11250.0
11250.0
-10786.8782161235
-11001.973580824379
-10979.596272753988
-11250.0
-11250.0
-11250.0
-11250.0
-11250.0
11250.0
11250.0
11250.0
11250.0
11250.0
11250.0
11250.0
11250.0
11250.0
-11250.0
-11250.0
11250.0
11250.0
-9204.545454545456
-10888.761467889908
-9570.748616315122
-7367.765345787505
11250.0
11250.0
11250.0
11250.0
11250.0
-11250.0
-11250.0
-10973.786143889669
-10624.560428482888
-10881.09071006345
-10304.905840388863
-9129.284044326367
-7889.350887747496
11250.0
11250.0
11250.0
11250.0
11250.0
11250.0
11250.0
11250.0
-10547.846546914512
-10743.084546523482
-10406.68874629619
-10607.076556316631
-9691.76976951821
-10735.113744440328
-11250.0
-11250.0
11250.0
11250.0
11250.0
11250.0
11250.0
11250.0
11250.0
-11004.629481674412
-11250.0
-11250.0
-11250.0
-11250.0
-11250.0
-11250.0
11250.0
11250.0
11250.0
11250.0
11250.0
11250.0
11250.0
11250.0
11250.0
-11250.0
-11250.0
-11250.0
-11250.0
-11250.0
-8725.704268667745
11250.0
11250.0
11250.0
11250.0
11250.0
11250.0
11250.0
11250.0
-11250.0
-11250.0
-10969.925750296377
-10935.20170601325
-9778.483316164165
-8544.520072977404
-8848.041301616515
-9202.80264329852
-11250.0
11250.0
11250.0
11250.0
11250.0
11250.0
11250.0
11250.0
11250.0
-10985.1690015821
-10175.465750733456
-10533.128262590817
11250.0
11250.0
11250.0
11250.0
-11250.0
-11250.0
11250.0
11250.0
11250.0
11250.0
-11250.0
-11250.0
-11250.0
-11250.0
-11250.0
-11250.0
-11250.0
-9843.407262978315
11250.0
11250.0
11250.0
11250.0
11250.0
11250.0
11250.0
11250.0
11250.0
-11250.0
11250.0
11250.0
-10501.594347880455
-10703.919271928859
-10635.018847763873
-10888.943101017056
-11250.0
-11250.0
-11250.0
11250.0
11250.0
11250.0
11250.0
11250.0
11250.0
11250.0
11250.0
-11018.297366453324
-11250.0
-11250.0
-11250.0
11250.0
11250.0
11250.0
11250.0
11250.0
-11250.0
11250.0
11250.0
11250.0
-11250.0
-11250.0
-11250.0
-11250.0
11250.0
11250.0
11250.0
11250.0
11250.0
-9510.978081089543
-9349.909298132352
-9728.627306396902
-10176.52370553921
-10790.028666895025
-11250.0
-11250.0
11250.0
11250.0
11250.0
11250.0
11250.0
11250.0
11250.0
-10248.489461671965
-10155.429978131819
-10330.11526175417
-9816.54715143872
-10804.67984460972
-11250.0
-11250.0
11250.0
11250.0
11250.0
11250.0
11250.0
11250.0
11250.0
11250.0
-6274.8422183429575
-5435.724940364777
-4176.866716685279
-2725.3432297932777
-1717.489364778592
-133.03954203310786
2862.7271554289337
3980.654712378441
3665.520040348413
2894.963630117095
2389.7772626611677
11250.0
2028.958746090484
11250.0
-6070.507067534217
-5908.771406297801
-4460.0503179832085
-3507.2636683437595
-1894.257022192065
4363.856010300468
9782.668040302877
6403.672388343639
4604.823306181448
11250.0
-1950.6951069919578
-243.80793559250378
361.9534442020249
-1718.1227403018893
-2202.184882392772
-226.36885123809407
11250.0
11250.0
-5516.02086438152
-4870.5843753417685
-2701.974415118457
11250.0
4111.056350990668
11250.0
11250.0
-11250.0
-11250.0
-11250.0
-9376.635694142948
-6178.575549880901
-2757.3272509137714
-1787.4773654971268
2934.190798472823
7474.697188116276
5491.0298472270915
7111.416326572744
11250.0
6590.082052581252
6791.8228067982855
11250.0
-7386.363636363636
6191.788584380846
2595.1006234505066
11250.0
-6231.9413092550785
-6225.753079757975
-6933.467454491732
-7936.003211255432
-8428.3093379708
-9346.125548121916
-9088.574755500587
-2849.6179674050672
11250.0
11250.0
11250.0
11250.0
11250.0
11250.0
-10495.947308004594
-10974.540926795431
-11250.0
-11250.0
-11250.0
-7531.507662986947
-7885.844343403554
11250.0
11250.0
11250.0
11250.0
11250.0
11250.0
11250.0