Demand
11250.0
11250.0
11250.0
11250.0
11250.0
11250.0
11250.0
11250.0
11250.0
11250.0
11250.0
11250.0
11250.0
11250.0
11250.0
11250.0
11250.0
11250.0
11250.0
11250.0
-11250.0
-11250.0
11250.0
11250.0
11250.0
11250.0
11250.0
-11250.0
-10965.42370248741
-10909.751583432291
-11250.0
-11250.0
-11250.0
11250.0
11250.0
11250.0
11250.0
11250.0
11250.0
-11250.0
-10648.295039351946
-10565.244694317866
-11250.0
-11250.0
-11250.0
-11250.0
11250.0
11250.0
11250.0
11250.0
11250.0
11250.0
11250.0
11250.0
11250.0
-8896.378743417743
-7975.017861120421
-7983.52481803924
-8241.393046363199
-7794.3924251216595
-8318.403586299399
-7780.934057298637
-301.1539195438345
11250.0
11250.0
3678.690248509207
11250.0
11250.0
11250.0
11250.0
-11250.0
-11250.0
-11250.0
-11250.0
-11250.0
-11250.0
-11250.0
11250.0
11250.0
11250.0
11250.0
11250.0
11250.0
11250.0
-11250.0
-11250.0
-11250.0
-11250.0
-11250.0
-11250.0
11250.0
11250.0
11250.0
11250.0
11250.0
11250.0
11250.0
-11250.0
-11250.0
-11250.0
-11250.0
-11250.0
-9634.8878394333
832.0122835780148
11250.0
11250.0
11250.0
11250.0
11250.0
11250.0
11250.0
-10840.909090909092
11250.0
11250.0
-11250.0
-11250.0
-11250.0
-11250.0
11250.0
11250.0
11250.0
11250.0
11250.0
-11250.0
-11250.0
-9974.911452184177
-9999.627686385924
-9835.578194574151
9826.753699242385
11250.0
11250.0
11250.0
11250.0
11250.0
-11250.0
-11250.0
-11250.0
-11250.0
-11250.0
11250.0
11250.0
11250.0
11250.0
11250.0
11250.0
-11250.0
-11250.0
-10917.120887677636
-10044.710555563179
-9675.256171558132
-8765.326165023678
-5984.072250013061
11250.0
11250.0
11250.0
11250.0
11250.0
11250.0
11250.0
11250.0
-10970.405493786795
11250.0
-11250.0
-11250.0
-11250.0
11250.0
11250.0
11250.0
-11250.0
-11250.0
-11250.0
-11250.0
-11250.0
11250.0
11250.0
11250.0
11250.0
11250.0
11250.0
-11250.0
-11250.0
-11250.0
-11250.0
-6339.059250178568
11250.0
11250.0
11250.0
11250.0
11250.0
11250.0
11250.0
-11250.0
11250.0
11250.0
-11250.0
-11250.0
-10096.931894807825
-9908.170293789979
-9578.29085352907
-9457.439654821595
-11250.0
11250.0
11250.0
11250.0
11250.0
11250.0
11250.0
11250.0
-10521.089880646297
-10985.263103755886
-11250.0
-11250.0
-11250.0
-11250.0
-11250.0
11250.0
11250.0
11250.0
11250.0
11250.0
11250.0
11250.0
11250.0
-11250.0
-11250.0
-11250.0
-11250.0
-11250.0
11250.0
11250.0
11250.0
11250.0
11250.0
11250.0
11250.0
-11250.0
-11250.0
-11250.0
-11250.0
-11250.0
-11250.0
-11250.0
11250.0
11250.0
11250.0
11250.0
11250.0
11250.0
11250.0
11250.0
11250.0
-11250.0
-11250.0
-11250.0
-11250.0
-11250.0
-11250.0
-11250.0
11250.0
11250.0
11250.0
11250.0
11250.0
11250.0
11250.0
11250.0
-11250.0
-11250.0
-11250.0
-11250.0
-11250.0
11250.0
11250.0
11250.0
11250.0
11250.0
11250.0
-11250.0
-9436.766577124275
-8009.900751645993
-5753.755863849401
-6072.540345140129
-5310.989458333683
11250.0
11250.0
11250.0
11250.0
11250.0
11250.0
-11250.0
-11250.0
-11250.0
-11250.0
-10041.234684260133
-9668.834534469039
-9582.060405557666
-11250.0
11250.0
11250.0
11250.0
11250.0
11250.0
11250.0
11250.0
11250.0
-11250.0
-11250.0
11250.0
11250.0
11250.0
11250.0
-11250.0
-11250.0
-11250.0
-11250.0
11250.0
11250.0
11250.0
11250.0
11250.0
-11250.0
11250.0
11250.0
11250.0
-11250.0
-11250.0
11250.0
11250.0
11250.0
11250.0
-10780.821291384673
-10770.591218369693
11250.0
11250.0
-11250.0
-11250.0
-11250.0
-11250.0
-10259.109681002003
-9720.872259621468
-9008.774468578958
11250.0
11250.0
11250.0
11250.0
11250.0
11250.0
11250.0
11250.0
-11250.0
11250.0
11250.0
-11250.0
-11250.0
-11250.0
-11250.0
-11250.0
-11250.0
-11250.0
11250.0
11250.0
11250.0
11250.0
11250.0
11250.0
11250.0
11250.0
-11001.758177946966
-11250.0
-11250.0
-11250.0
-11250.0
-11250.0
11250.0
11250.0
11250.0
11250.0
11250.0
11250.0
11250.0
-11250.0
-11250.0
11250.0
11250.0
-11250.0
-11250.0
-11250.0
-11250.0
11250.0
11250.0
11250.0
11250.0
11250.0
-10990.4146426093
-11250.0
-11250.0
-11250.0
11250.0
11250.0
11250.0
11250.0
11250.0
11250.0
-11250.0
-11250.0
-11250.0
-11250.0
-11250.0
11250.0
11250.0
11250.0
11250.0
11250.0
11250.0
-9989.872116576476
-10140.812412564133
-10619.785185161716
-10491.136931825986
-11250.0
-11250.0
-11250.0
11250.0
11250.0
11250.0
11250.0
11250.0
11250.0
11250.0
-10136.34622377661
-10892.389404936686
-10634.076545478409
11250.0
11250.0
11250.0
11250.0
11250.0
-10317.894131185272
-10228.190243095178
-10672.974185978048
-9869.958688794253
-10352.430874961246
-9756.981094592607
-6081.643573213802
11250.0
11250.0
11250.0
11250.0
11250.0
11250.0
-9740.847327105232
-9888.830353813442
-10647.572612339613
-10903.122491688384
-10825.78114641648
-11250.0
-11250.0
11250.0
11250.0
11250.0
11250.0
11250.0
11250.0
11250.0
11250.0
11250.0
-11250.0
-11250.0
-11250.0
-11250.0
-11250.0
-10322.66811279827
-7325.010837605863
-3396.374902547035
-7761.749575139762
11250.0
11250.0
11250.0
11250.0
11250.0
11250.0
11250.0
11250.0
-11250.0
-10982.658302966469
-10648.970254397747
-10899.307799362592
-10369.086197549073
-9355.028063661739
-8664.92547794207
11250.0
11250.0
11250.0
11250.0
11250.0
11250.0
11250.0
11250.0
-10499.644777533224
-10702.250593791407
-10324.102470703841
-10527.34560132278
-9425.678460738334
-10599.686164678064
-11250.0
11250.0
11250.0
11250.0
11250.0
11250.0
11250.0
11250.0
11250.0
-10942.912443131932
-11250.0
-11250.0
11250.0
11250.0
11250.0
11250.0
11250.0
11250.0
-11250.0
-10979.53572123808
-11250.0
-11250.0
-11250.0
-11250.0
-11250.0
11250.0
11250.0
11250.0
11250.0
11250.0
11250.0
11250.0
11250.0
-10130.189676576363
-10407.729634945099
-11250.0
11250.0
11250.0
11250.0
-11250.0
-11250.0
-10916.946876771766
-10847.961282563676
-9112.995662381923
-6228.424372550787
-3081.7147474333174
11250.0
11250.0
11250.0
11250.0
11250.0
11250.0
11250.0
11250.0
-11250.0
-10648.822254123577
-10862.178745265224
-9335.357618539823
-7546.492056805295
11250.0
11250.0
11250.0
11250.0
11250.0
11250.0
11250.0
-10990.845102045398
-11250.0
-11250.0
-11250.0
11250.0
11250.0
11250.0
11250.0
11250.0
11250.0
-10999.266862170087
-11250.0
-11250.0
-9465.718640270577
11250.0
11250.0
11250.0
11250.0
11250.0
-11250.0
-11250.0
-11250.0
-11250.0
-9057.067540609863
-6586.333257880634
11250.0
11250.0
11250.0
11250.0
11250.0
11250.0
11250.0
-11250.0
-11250.0
-10620.062625353039
-10505.38326207062
-10774.638660994988
-10525.510939946547
-9201.818344376978
11250.0
11250.0
11250.0
11250.0
11250.0
11250.0
11250.0
11250.0
-11250.0
-11250.0
-10635.95966245736
-10849.933202027656
-11250.0
-11250.0
11250.0
11250.0
11250.0
11250.0
11250.0
-10719.806120460544
-9988.031493651266
-8376.231102009107
-6769.87695151232
-506.40767686814615
11250.0
11250.0
11250.0
11250.0
11250.0
-11020.777479892764
-11250.0
-10659.409205293254
-10519.704586318068
-10204.80025027402
-2855.6377815300402
11250.0
11250.0
11250.0
11250.0
11250.0
11250.0
-11250.0
-11250.0
-11250.0
-8778.98108602807
-4683.8219737040945
1279.3293759616863
10914.560759154068
10091.281645324816
6195.893566818696
10053.277353303612
8827.638355597443
10119.104385132217
3506.0963806627433
11250.0
-3645.4832363308487
-2117.500789244381
-1601.4711215534462
-1857.7000529852357
-2606.3449663500196
-3859.6450759768813
-2446.442979329373
-1395.3205858174733
-711.0972073956837
262.4626822833761
4727.130645588488
11250.0
6486.077846853608
11250.0
-7840.909090909091
-1435.2091118708777
131.8152680428666
783.3971266668505
212.58999365165073
1118.479968169404
3456.1082764860016
3927.173326088009
786.3698340673873
290.0350085609498
3508.296713230435
11250.0
-8750.0
5532.024793388431
11250.0
1679.6123178443486
11250.0
-1601.0971786833124
11250.0
-10307.089291622247
-11250.0
-11250.0
-11250.0
-6507.301419265466
11250.0
11250.0
11250.0
11250.0
11250.0
-8636.363636363638
-5620.424372649833
-4463.423344430423
-3735.393948924953
-4106.7568437537775
-2659.61095535202
1857.2598818551978
2275.9734136042416
-194.91098994364256
-251.5375008616902
7906.25066651082
7922.109937358527
5883.223475640429
11250.0
11250.0
-10040.271867860065
-10141.64356486496
-8860.34700355947
-8401.828659962768
-4184.489252192641
11250.0
11250.0
11250.0
11250.0
11250.0
-11015.410645692336
-11250.0
-11250.0
-11250.0
-9437.094232143754
-10370.17901158963
-10645.74097777075
-11250.0
11250.0
11250.0
11250.0
11250.0
11250.0