Demand
-11250.0
-11250.0
-11250.0
-11250.0
-11250.0
11250.0
11250.0
11250.0
11250.0
11250.0
11250.0
11250.0
11250.0
11250.0
11250.0
-11250.0
-11250.0
-11250.0
-11250.0
-11250.0
-11250.0
11250.0
11250.0
11250.0
11250.0
11250.0
11250.0
11250.0
-11009.606373008435
-10983.088417034687
-11250.0
-11250.0
-11250.0
-11250.0
11250.0
11250.0
11250.0
11250.0
11250.0
11250.0
11250.0
-10721.243042671616
-11250.0
-11250.0
-11250.0
11250.0
11250.0
11250.0
11250.0
11250.0
-11250.0
-10658.188874788993
-9733.791448765158
-8326.05831425562
4112.702126414088
11250.0
11250.0
11250.0
11250.0
11250.0
-9502.883480156212
-9634.066651700788
-8282.935658877854
-7601.051345089669
-6666.976610457391
-8038.168578562996
-5566.029609210866
-3952.3146499359796
4954.905635762619
11250.0
11250.0
11250.0
11250.0
11250.0
11250.0
11250.0
-11250.0
-10926.921623579055
-11250.0
-11250.0
11250.0
11250.0
11250.0
11250.0
11250.0
11250.0
-11250.0
-11250.0
11250.0
11250.0
11250.0
11250.0
-11250.0
-11250.0
-11250.0
11250.0
11250.0
11250.0
11250.0
11250.0
-11250.0
-11250.0
-10337.606077544595
-8641.718993989136
11250.0
11250.0
11250.0
11250.0
11250.0
11250.0
-11250.0
11250.0
11250.0
-11250.0
-11250.0
-11250.0
11250.0
11250.0
11250.0
11250.0
-11250.0
-11250.0
-11250.0
-11250.0
-11250.0
-8414.962696877596
-5410.4118584441785
11250.0
11250.0
11250.0
11250.0
11250.0
11250.0
11250.0
-11250.0
-11250.0
-11250.0
-11250.0
-11250.0
-9719.684540234179
-1932.75032501824
11250.0
11250.0
11250.0
11250.0
11250.0
11250.0
11250.0
-10526.0327157319
-10467.011820454201
-10386.153157849134
-10595.77723186741
-11250.0
-11250.0
-11250.0
-11250.0
11250.0
11250.0
11250.0
11250.0
11250.0
11250.0
11250.0
11250.0
-11250.0
-11250.0
-11250.0
-11250.0
-11250.0
-11250.0
-11250.0
11250.0
11250.0
11250.0
11250.0
11250.0
11250.0
11250.0
11250.0
11250.0
-11250.0
-11250.0
-11250.0
-9505.497619587397
-7415.690598054825
-3201.2361191523546
11250.0
11250.0
11250.0
11250.0
11250.0
11250.0
11250.0
-11250.0
-11250.0
-11250.0
-9320.599613152808
-7538.788326560774
11250.0
11250.0
11250.0
11250.0
11250.0
11250.0
-11250.0
-11250.0
-11250.0
-9673.263438289734
-9611.62354363178
-10171.323698336411
11250.0
11250.0
11250.0
11250.0
11250.0
11250.0
11250.0
-11250.0
-11250.0
-11250.0
-11250.0
-9928.107606679041
11250.0
11250.0
11250.0
11250.0
11250.0
-11250.0
-11250.0
-11250.0
-10861.787860760694
-11250.0
-11250.0
11250.0
11250.0
11250.0
11250.0
11250.0
11250.0
11250.0
11250.0
-11250.0
-11250.0
-11250.0
-10524.518584863417
-11250.0
-9981.38508399569
-10043.791195088768
11250.0
11250.0
11250.0
11250.0
11250.0
11250.0
11250.0
11250.0
11250.0
-11250.0
-11250.0
-11250.0
-11250.0
-8610.20583190396
11250.0
11250.0
11250.0
11250.0
11250.0
11250.0
-11250.0
-11250.0
-11250.0
-11250.0
-11250.0
-11250.0
-11250.0
11250.0
11250.0
11250.0
11250.0
11250.0
11250.0
11250.0
-10234.841888629438
-10379.025758397489
-10895.081977616723
-11250.0
-11250.0
11250.0
11250.0
11250.0
11250.0
11250.0
11250.0
-10483.60096838944
-10400.684527504589
-10601.400816928439
-11250.0
-11250.0
-11250.0
11250.0
11250.0
11250.0
11250.0
11250.0
11250.0
11250.0
11250.0
-11250.0
-11250.0
-11250.0
-11250.0
-11250.0
-11250.0
11250.0
11250.0
11250.0
11250.0
11250.0
11250.0
11250.0
-11250.0
-11250.0
-11250.0
-11250.0
-11250.0
-11250.0
-8801.896921975676
11250.0
11250.0
11250.0
11250.0
11250.0
11250.0
11250.0
11250.0
-11250.0
-11250.0
-11250.0
-10221.06754249612
-9292.649105250352
11250.0
11250.0
11250.0
11250.0
11250.0
11250.0
11250.0
-11250.0
-11250.0
11250.0
11250.0
11250.0
-11250.0
-11250.0
-11250.0
-11250.0
-11250.0
-11250.0
-11250.0
11250.0
11250.0
11250.0
11250.0
11250.0
11250.0
11250.0
11250.0
-11005.346658470931
-11250.0
-11250.0
-11250.0
-11250.0
11250.0
11250.0
11250.0
11250.0
11250.0
-11250.0
-11250.0
11250.0
11250.0
11250.0
11250.0
-11250.0
-11250.0
-11250.0
-11250.0
11250.0
11250.0
11250.0
11250.0
11250.0
11250.0
-10989.403421790546
-11250.0
-11250.0
-11250.0
-11250.0
11250.0
11250.0
11250.0
11250.0
11250.0
11250.0
-11250.0
-11250.0
-11250.0
-11250.0
-11250.0
-11250.0
-11250.0
-11250.0
11250.0
11250.0
11250.0
11250.0
11250.0
11250.0
11250.0
11250.0
11250.0
-11250.0
-11250.0
11250.0
11250.0
-9363.841254105348
-8570.893793573938
-8298.479080614816
-4897.324410363977
11250.0
11250.0
11250.0
11250.0
-10974.371373307546
-11250.0
-8648.625029130748
-5916.367239683601
11250.0
11250.0
11250.0
11250.0
11250.0
-11017.99604803585
-11250.0
-11250.0
-8558.596426751388
-9202.39597575465
-7815.9699637440235
-5882.587929634866
11250.0
11250.0
11250.0
11250.0
11250.0
11250.0
11250.0
-11250.0
-11250.0
-11250.0
-11250.0
-11250.0
-8956.408345752625
11250.0
11250.0
11250.0
11250.0
11250.0
11250.0
-11250.0
-11250.0
-10627.234931607887
-9080.858885791265
-8199.436283399642
-10682.92480938667
-8268.595746297044
0.2111605492664239
11250.0
11250.0
11250.0
11250.0
11250.0
11250.0
11250.0
11250.0
-10760.327975258679
-10984.128482854216
-10658.566664601134
-10232.830020979807
-10434.887553813674
-11250.0
-11250.0
-11250.0
11250.0
11250.0
11250.0
11250.0
11250.0
11250.0
11250.0
11250.0
-10750.192345490006
-10120.452580449346
-10917.334360985424
-11250.0
-11250.0
-11250.0
11250.0
11250.0
11250.0
11250.0
11250.0
11250.0
-10693.773771736716
11250.0
11250.0
11250.0
11250.0
-11250.0
11250.0
-10436.196539616736
-10615.80025439239
-11250.0
-10615.382586408934
-11250.0
11250.0
11250.0
11250.0
11250.0
11250.0
11250.0
-11250.0
-11250.0
-11250.0
-10276.07137248999
-8227.677270562832
11250.0
11250.0
11250.0
11250.0
11250.0
11250.0
-11250.0
-11250.0
-11250.0
11250.0
11250.0
11250.0
11250.0
-10277.106108018044
-10720.907476510965
-11250.0
-11250.0
-11250.0
-11250.0
-11250.0
11250.0
11250.0
11250.0
11250.0
11250.0
11250.0
11250.0
11250.0
-11250.0
-11250.0
-11250.0
-11250.0
-11250.0
-11250.0
-10620.459454152762
-11250.0
11250.0
11250.0
11250.0
11250.0
11250.0
11250.0
11250.0
11250.0
11250.0
-11250.0
-11250.0
-10564.842845694955
-11250.0
-10466.942465947224
-11250.0
11250.0
11250.0
11250.0
11250.0
11250.0
11250.0
11250.0
11250.0
-10760.327975258679
-10911.39998406038
-11250.0
11250.0
11250.0
11250.0
-11250.0
-11250.0
-11250.0
-10322.268194298576
-9660.754157708961
-1737.9895465446716
11250.0
11250.0
11250.0
11250.0
11250.0
11250.0
-11250.0
-11250.0
-11250.0
-11250.0
-11250.0
-11250.0
-9981.529391939162
-10044.071948474848
11250.0
11250.0
11250.0
11250.0
11250.0
11250.0
11250.0
11250.0
11250.0
-9587.05517936897
-9366.697278329062
-9634.98141290564
-9916.985496134883
-10292.986318326643
11250.0
11250.0
11250.0
11250.0
11250.0
-10758.294625082948
-10707.866079245
-10633.43466662573
-8669.134532294589
-9387.81125061134
-8408.185797897757
-5370.739109412912
11250.0
11250.0
11250.0
11250.0
11250.0
11250.0
11250.0
-8269.688004303393
-6775.015323449388
-4754.585291417021
-2619.2179851289366
-1117.9692403680183
4646.862602415231
11250.0
9159.170058025251
5905.471819532275
11250.0
-4149.178424718702
-2640.79347740519
-2057.8207102036395
-2174.7327227197948
-2696.658768135436
-3577.143466383046
-956.5746486844328
2915.7743720245326
9088.440064560149
2389.2758751117963
11250.0
-5266.717423702456
-4772.423046801547
-4062.577602502739
-896.3933712911075
2600.791776295675
5611.4828612377605
5779.565230542183
3830.433321971388
7701.240035571715
-6363.636363636365
-660.4099493321064
-2723.1829326570005
-3914.8104093305847
-4774.621530281505
-4364.7646020339835
-3609.457903055248
-2963.5953248361166
264.75419494436846
11250.0
4908.952099500499
11250.0
11250.0
-10321.605236170599
-11250.0
-11250.0
-11250.0
-8403.911107680557
-572.7423608820536
11250.0
9609.037316653808
11250.0
8685.683871793386
4559.463920293291
11250.0
-8409.09090909091
-4884.749742297565
-5391.161139270884
-4542.213226661825
-1598.8243468048877
-1504.8568330729559
-3500.647117745986
-4455.397582063542
-2600.9521676838813
-1405.2388140811545
-1031.8064762401937
336.0445476027644
11250.0
5232.162601084506
11250.0
11250.0
11250.0
-9601.239669421491
-9622.708667022602
-9549.91846566034
-7044.402319209072
634.6043293915136
11250.0
11250.0
11250.0
11250.0
-11250.0
-9975.889527419455
-10688.127319891712
-10927.741214970607
-11250.0
-11250.0
-11250.0
11250.0
11250.0
11250.0