Demand
11250.0
11250.0
11250.0
11250.0
11250.0
11250.0
11250.0
11250.0
11250.0
11250.0
11250.0
11250.0
11250.0
11250.0
11250.0
11250.0
11250.0
11250.0
11250.0
11250.0
11250.0
11250.0
11250.0
11250.0
11250.0
11250.0
11250.0
11250.0
11250.0
11250.0
-11250.0
-11250.0
-11250.0
11250.0
11250.0
11250.0
11250.0
11250.0
11250.0
11250.0
11250.0
11250.0
-11250.0
-11250.0
-11250.0
11250.0
11250.0
11250.0
11250.0
11250.0
-11250.0
-10705.546121656862
-9848.685974067295
-8433.051489932866
11250.0
11250.0
10847.729569520321
523.2584663065909
11250.0
-8829.427492922307
-9404.440340825688
-9466.59885057688
-7726.266066437445
-6393.289495802095
-3762.5504131246107
-3395.4191014049993
11250.0
11250.0
11250.0
11250.0
11250.0
11250.0
-11250.0
-11250.0
-11250.0
-11250.0
11250.0
11250.0
11250.0
11250.0
11250.0
-11250.0
-11250.0
-11250.0
-11250.0
-11250.0
-11250.0
11250.0
11250.0
11250.0
11250.0
11250.0
11250.0
11250.0
-11250.0
-11250.0
-11250.0
11250.0
11250.0
11250.0
11250.0
11250.0
-10773.145566090356
-10426.21659004562
-10572.23287410316
-11250.0
-11250.0
11250.0
11250.0
11250.0
11250.0
11250.0
-11250.0
-11250.0
-11250.0
11250.0
11250.0
11250.0
11250.0
11250.0
-11250.0
-11250.0
-11250.0
-11250.0
-11250.0
-853.358425014454
11250.0
11250.0
11250.0
11250.0
11250.0
11250.0
11250.0
-11250.0
-11250.0
-11250.0
-11250.0
11250.0
11250.0
11250.0
11250.0
11250.0
-11250.0
-11250.0
-11250.0
-11250.0
-11250.0
-10675.14567458539
-8409.121729664148
-1846.3109834507868
11250.0
11250.0
11250.0
11250.0
11250.0
11250.0
11250.0
11250.0
11250.0
-11000.340665758227
-10970.550760216
-10923.974392832784
-11250.0
-11250.0
-11250.0
11250.0
11250.0
11250.0
11250.0
11250.0
11250.0
11250.0
-11250.0
-10982.512519096224
-11250.0
-11250.0
-11250.0
11250.0
11250.0
11250.0
11250.0
11250.0
-11250.0
-10248.788662893676
-9608.718213595432
-9420.999162219905
-10195.049824470087
-10813.198626403217
-11250.0
-11250.0
11250.0
11250.0
11250.0
11250.0
11250.0
11250.0
11250.0
11250.0
-10185.242839352431
-10280.92903172383
-11250.0
-11250.0
11250.0
11250.0
11250.0
11250.0
11250.0
-9999.695344869611
-9243.708776537496
11250.0
11250.0
11250.0
-11250.0
-11250.0
-11250.0
-11250.0
-11250.0
-11250.0
11250.0
11250.0
11250.0
11250.0
11250.0
11250.0
11250.0
-11250.0
-11250.0
-11250.0
-11250.0
-11250.0
11250.0
11250.0
11250.0
11250.0
11250.0
11250.0
11250.0
-11250.0
-11250.0
-11250.0
-11250.0
-11250.0
-11250.0
-11250.0
-7556.030603060321
11250.0
11250.0
11250.0
11250.0
11250.0
11250.0
11250.0
11250.0
-11250.0
-11250.0
-11250.0
11250.0
11250.0
11250.0
-11250.0
11250.0
11250.0
11250.0
-11250.0
-11250.0
-11250.0
11250.0
11250.0
11250.0
-11250.0
-11250.0
-11250.0
-11250.0
-11250.0
11250.0
11250.0
11250.0
11250.0
11250.0
11250.0
11250.0
-8651.873892124593
-8602.586027621237
11250.0
11250.0
11250.0
-11250.0
11250.0
-11250.0
-11250.0
-11250.0
-11250.0
11250.0
11250.0
11250.0
11250.0
11250.0
-11250.0
-11250.0
-11250.0
-11250.0
-11250.0
-11250.0
-11250.0
-11250.0
11250.0
11250.0
11250.0
11250.0
11250.0
11250.0
11250.0
11250.0
-11250.0
-11250.0
-11250.0
-10814.959294436903
-9641.54975934785
11250.0
11250.0
11250.0
11250.0
11250.0
11250.0
-11250.0
11250.0
11250.0
-9847.48071042346
-9927.715898605693
-9975.409805439376
-10371.930971573678
-10290.265483486834
11250.0
11250.0
11250.0
11250.0
11250.0
-11250.0
-10725.897767712715
-10658.563592683673
-10900.702515912617
-11250.0
-11250.0
-11250.0
11250.0
11250.0
11250.0
11250.0
11250.0
11250.0
11250.0
-11250.0
-11250.0
-11250.0
-11250.0
11250.0
11250.0
11250.0
11250.0
-11250.0
-11250.0
11250.0
11250.0
11250.0
11250.0
-9985.456517452181
-10125.903020334681
-10925.136687490067
-11250.0
-11250.0
-11250.0
11250.0
11250.0
11250.0
11250.0
11250.0
11250.0
11250.0
-11250.0
-11250.0
-11250.0
-11250.0
-11250.0
11250.0
11250.0
11250.0
11250.0
11250.0
11250.0
-10992.940180838272
-10337.863279632165
-9683.00466469269
-10010.517664447983
-7590.311239443483
11250.0
11250.0
11250.0
11250.0
11250.0
-11250.0
11250.0
11250.0
-11250.0
-11250.0
-11250.0
-11250.0
-11250.0
-11250.0
-11250.0
11250.0
11250.0
11250.0
11250.0
11250.0
11250.0
11250.0
11250.0
-10744.519987266362
-11250.0
-11250.0
-11250.0
-11250.0
-11250.0
11250.0
11250.0
11250.0
11250.0
11250.0
11250.0
11250.0
11250.0
-11250.0
-11250.0
-9273.882896764262
11250.0
11250.0
11250.0
-10141.695333494721
-10586.526669696384
-9452.247792410271
-9645.319912803207
11250.0
11250.0
11250.0
11250.0
11250.0
11250.0
-9432.998819362456
-8319.869746273474
11250.0
11250.0
11250.0
-11017.283614589003
-10997.327906565213
-11250.0
-11250.0
-11250.0
-11250.0
-11250.0
11250.0
11250.0
11250.0
11250.0
11250.0
11250.0
11250.0
11250.0
-11250.0
-11250.0
-11250.0
-769.918283963143
11250.0
11250.0
11250.0
11250.0
-10788.740963638764
-11250.0
-11250.0
-11250.0
-11250.0
-11250.0
-11250.0
-11250.0
11250.0
11250.0
11250.0
11250.0
11250.0
11250.0
11250.0
11250.0
-11250.0
-11250.0
-11250.0
-11250.0
-8839.921367360395
2078.3203370504107
11250.0
11250.0
11250.0
11250.0
11250.0
11250.0
11250.0
-11250.0
-11250.0
-11250.0
-11250.0
-11250.0
-8166.361346462105
11250.0
11250.0
11250.0
11250.0
11250.0
11250.0
11250.0
-11250.0
-11250.0
-9433.942225998304
11250.0
-11250.0
11250.0
11250.0
11250.0
-11250.0
-11250.0
-11250.0
-11250.0
-11250.0
11250.0
11250.0
11250.0
11250.0
11250.0
11250.0
11250.0
-10712.918583466566
-11250.0
-10486.388327153905
-11250.0
-11250.0
11250.0
11250.0
11250.0
11250.0
11250.0
11250.0
11250.0
-10679.873305178931
-11250.0
11250.0
11250.0
11250.0
-11250.0
-11250.0
-11250.0
-11250.0
-10356.583072100319
-10566.051885719018
-4613.4473028713055
11250.0
11250.0
11250.0
11250.0
11250.0
11250.0
11250.0
-11250.0
-10869.481367196771
-11250.0
11250.0
11250.0
11250.0
11250.0
-11250.0
-11250.0
-11250.0
-11250.0
-10888.01862828112
-11250.0
-11250.0
-7375.794512736437
11250.0
11250.0
11250.0
11250.0
11250.0
11250.0
11250.0
11250.0
-11250.0
-10087.32057416268
-9848.697580909513
11250.0
11250.0
11250.0
11250.0
11250.0
-11250.0
-11250.0
11250.0
11250.0
-10708.136750933038
-10600.40264569364
-10814.804007300285
-10445.162056772871
11250.0
11250.0
11250.0
11250.0
11250.0
11250.0
-11250.0
-11250.0
-11250.0
-11250.0
11250.0
11250.0
11250.0
11250.0
-11250.0
-11250.0
-11250.0
-11250.0
-11250.0
-11250.0
-5597.107438016545
11250.0
11250.0
11250.0
11250.0
11250.0
11250.0
11250.0
11250.0
-11250.0
-10988.495200451725
-11250.0
-10567.078945855166
-10405.464471063144
-10066.720790389456
-3104.257565968872
10960.810158586693
9664.266529066317
11250.0
11250.0
-5561.114417940575
11250.0
11250.0
11250.0
-11250.0
-9378.004304971979
-6746.906764262973
-3696.02621126335
1363.5592481793392
7001.025950979232
6701.22920239827
9849.414722677178
9096.570522279293
9569.803009680654
4801.217191700961
11250.0
-3468.9059594872324
-1937.6517087473458
-1444.9064698968486
-1744.0117440282374
-2554.8485167855324
-3893.7610546050455
-2667.7661332940315
-1909.9342812336745
-1666.843833587498
-1514.2743115085323
388.8838023423814
6992.967604357435
8290.37578623923
7922.582805067576
11250.0
3012.587108967373
11250.0
-2015.0765076507705
-2104.7265279641815
-258.18434903403795
6568.2464543497845
-6250.0
976.7620020428885
455.63969997982076
3700.846201542261
11250.0
-8750.0
-5977.218630818752
-5862.833347908883
-5404.521165825678
-3932.4432542063296
5050.338991331848
11250.0
4135.570207375467
11250.0
11250.0
-11250.0
-9619.086367421092
-7050.911693518294
-4617.426938501143
-4278.482284093299
-1628.8889291187497
1151.49928261662
1083.2245615176917
2823.2941549406914
8365.706418012638
8692.15516133892
5421.340180021038
11250.0
9745.437227095192
1201.196356947461
11250.0
-5827.167019027489
-4503.249559496211
-3689.0318579875875
-3395.419691825417
-1826.6406279663588
11250.0
11250.0
11250.0
11250.0
-9663.729128014842
-9084.703879059725
-8904.860818876678
-8257.9572744988
5438.807541642644
11250.0
11250.0
4879.8121342059885
11250.0
11250.0
-11250.0
-9810.16166605855
-10533.668848041612
-10705.742747744804
-11250.0
11250.0
11250.0
11250.0
11250.0
11250.0