Demand
-11250.0
11250.0
11250.0
11250.0
11250.0
11250.0
11250.0
11250.0
11250.0
11250.0
-11250.0
-11250.0
-11250.0
11250.0
11250.0
11250.0
11250.0
11250.0
-11250.0
-11250.0
-11250.0
11250.0
11250.0
11250.0
-11250.0
-11250.0
-11250.0
-11250.0
-10103.204172876307
11250.0
11250.0
11250.0
11250.0
11250.0
11250.0
-11250.0
-11250.0
-11250.0
-11250.0
-11250.0
-9887.249114521848
-8012.158708404543
11250.0
11250.0
11250.0
11250.0
11250.0
11250.0
11250.0
11250.0
-11250.0
-10719.196862777564
-10012.306261693917
-9324.185384662498
-6848.743309017751
-621.1608584898222
11250.0
11250.0
11250.0
8708.562237001544
11250.0
-10568.181818181818
-8498.402372304725
-7936.417823119864
-7210.920942557733
-8541.728665012506
-6900.210221511479
-6614.888553565961
-6405.001925249562
11250.0
11250.0
11250.0
11250.0
11250.0
11250.0
11250.0
11250.0
-10996.777423631287
-11250.0
-11250.0
-11250.0
-11250.0
-11250.0
-11250.0
11250.0
11250.0
11250.0
11250.0
11250.0
11250.0
11250.0
11250.0
-11250.0
-11250.0
11250.0
11250.0
11250.0
-11250.0
-11250.0
-11250.0
-11250.0
-11250.0
-9708.638268453291
-4355.091227757339
11250.0
11250.0
11250.0
11250.0
11250.0
11250.0
11250.0
11250.0
-11250.0
11250.0
-11250.0
-11250.0
-11250.0
-11250.0
-11250.0
-11250.0
-11250.0
11250.0
11250.0
11250.0
11250.0
11250.0
11250.0
11250.0
11250.0
11250.0
-11250.0
-11250.0
11250.0
11250.0
-11250.0
-11250.0
-11250.0
11250.0
11250.0
11250.0
11250.0
-11250.0
-11250.0
-11250.0
-11250.0
11250.0
11250.0
11250.0
11250.0
11250.0
-10508.851404281548
-10713.667707459983
-11250.0
-11250.0
-11250.0
-11250.0
-11250.0
11250.0
11250.0
11250.0
11250.0
11250.0
11250.0
11250.0
11250.0
11250.0
-11250.0
-11250.0
-11250.0
-11250.0
-11250.0
-11250.0
11250.0
11250.0
11250.0
11250.0
11250.0
11250.0
11250.0
-11250.0
-11250.0
-11250.0
-11250.0
-9642.857142857141
-8126.033057851241
-6606.104001826683
-6082.538407961348
11250.0
11250.0
11250.0
11250.0
11250.0
11250.0
11250.0
11250.0
-11250.0
-10223.332666233051
-10102.81506101707
-9916.819278177212
-10007.183934026594
-11250.0
-11250.0
11250.0
11250.0
11250.0
11250.0
11250.0
11250.0
11250.0
-10984.551433893706
-11250.0
-11250.0
-11250.0
11250.0
11250.0
11250.0
11250.0
11250.0
11250.0
-11250.0
-11250.0
-10945.386259723291
-10851.863412312843
-11250.0
-11250.0
11250.0
11250.0
11250.0
11250.0
11250.0
11250.0
11250.0
-11250.0
-11250.0
-11250.0
-11250.0
-11250.0
-11250.0
-11250.0
-11250.0
11250.0
11250.0
11250.0
11250.0
11250.0
11250.0
11250.0
11250.0
11250.0
-11250.0
-11250.0
-11250.0
-11250.0
-11250.0
-11250.0
-11250.0
11250.0
11250.0
11250.0
11250.0
11250.0
11250.0
11250.0
-11250.0
-11250.0
-11250.0
-11250.0
11250.0
11250.0
11250.0
11250.0
11250.0
11250.0
-11250.0
-11250.0
-11250.0
-11250.0
-11250.0
-3808.027079303669
11250.0
11250.0
11250.0
11250.0
11250.0
11250.0
11250.0
-11250.0
-11250.0
-11250.0
-11250.0
-11250.0
-11250.0
11250.0
11250.0
11250.0
11250.0
11250.0
11250.0
11250.0
-11250.0
-11250.0
11250.0
11250.0
11250.0
11250.0
-11250.0
-11250.0
-11250.0
-11250.0
-11250.0
-11250.0
-11250.0
-11250.0
11250.0
11250.0
11250.0
11250.0
11250.0
11250.0
11250.0
11250.0
11250.0
-11250.0
-11250.0
-11250.0
-11250.0
-10247.067448680355
-5683.749614986143
11250.0
10430.29173511863
2041.248779909879
11250.0
11250.0
11250.0
11250.0
-11250.0
-11250.0
-11250.0
-9687.119181087015
11250.0
11250.0
11250.0
11250.0
11250.0
-11250.0
-11250.0
-11250.0
-11250.0
-11250.0
11250.0
11250.0
11250.0
11250.0
11250.0
11250.0
-11250.0
-11250.0
-11250.0
-11250.0
-11250.0
11250.0
11250.0
11250.0
11250.0
11250.0
11250.0
-10205.12254735556
-10957.03435605692
-11250.0
-11250.0
-11250.0
-11250.0
11250.0
11250.0
11250.0
11250.0
11250.0
11250.0
11250.0
-11250.0
-11250.0
-11250.0
-11250.0
-11250.0
11250.0
11250.0
11250.0
11250.0
11250.0
11250.0
-10544.166208035225
-10203.681461407694
-10646.752570671142
-10873.961889063547
-11250.0
-11250.0
11250.0
11250.0
11250.0
11250.0
11250.0
11250.0
-11250.0
-11250.0
-11250.0
-11250.0
-11250.0
11250.0
11250.0
11250.0
11250.0
11250.0
11250.0
11250.0
-9977.173481540296
-10039.133552249808
-10439.053343206451
-9666.391242870202
11250.0
11250.0
11250.0
11250.0
11250.0
-9649.209486166008
-8170.224825240886
11250.0
11250.0
11250.0
-10261.243173787345
-10934.73389985436
-10693.123590764571
11250.0
11250.0
11250.0
11250.0
-10091.70257786494
-10251.661681466467
-10151.02373559838
-10626.891175885172
-9754.703031108314
-10278.883504512574
-9668.219077438895
-7630.245644985178
11250.0
11250.0
11250.0
11250.0
11250.0
11250.0
11250.0
-10044.753048833896
-10727.395013425277
-10958.420563961812
-10911.21745872738
-11250.0
-11250.0
-11250.0
11250.0
11250.0
11250.0
11250.0
11250.0
11250.0
11250.0
11250.0
-11250.0
-11250.0
-11250.0
-11250.0
-11250.0
11250.0
11250.0
11250.0
11250.0
11250.0
-10789.815977650771
-11250.0
-11250.0
-11250.0
-11250.0
-11250.0
-11250.0
11250.0
11250.0
11250.0
11250.0
11250.0
11250.0
11250.0
11250.0
-11250.0
11250.0
11250.0
-11250.0
11250.0
-7135.026737967917
11250.0
11250.0
-10707.666641976102
-10274.470792062999
-10384.925192608716
-8141.961420879903
11250.0
-11250.0
11250.0
11250.0
11250.0
11250.0
-11250.0
-10128.54668268417
-10740.916509363313
-10265.972580588943
11250.0
11250.0
11250.0
11250.0
11250.0
11250.0
11250.0
-10559.903558272053
-10749.830614949798
-11250.0
-10922.98210542167
-11250.0
-11250.0
-11250.0
11250.0
11250.0
11250.0
11250.0
11250.0
11250.0
11250.0
-10785.513728140697
-10453.561582116065
-9633.047127351823
-9469.328398813777
-9389.36221277788
11250.0
11250.0
11250.0
11250.0
11250.0
-11250.0
-10968.767621076375
-10879.639721976499
-8599.341006214861
11250.0
11250.0
11250.0
11250.0
11250.0
-11250.0
-11250.0
-11250.0
-11250.0
11250.0
11250.0
11250.0
11250.0
11250.0
-10975.668449197863
11250.0
11250.0
-11250.0
-11250.0
-11250.0
-11250.0
-11250.0
-10823.35329341318
-11250.0
-11250.0
11250.0
11250.0
11250.0
11250.0
11250.0
11250.0
11250.0
11250.0
11250.0
-11250.0
-10637.773368738257
-11250.0
-10566.127223329233
-11250.0
11250.0
11250.0
11250.0
11250.0
11250.0
-11250.0
-10145.67149187025
-10123.02735653373
-6880.835952168269
11250.0
11250.0
11250.0
11250.0
11250.0
-11250.0
-11250.0
-11250.0
-10587.878222215619
-10455.95022801149
-10729.617488517179
-10402.555210357412
-7531.847054468337
11250.0
11250.0
11250.0
11250.0
11250.0
11250.0
11250.0
11250.0
-11250.0
-11250.0
-10468.998192160885
-10522.233947057532
11250.0
11250.0
11250.0
11250.0
11250.0
-11250.0
-11250.0
-10549.05265075606
-8922.75067202737
11250.0
11250.0
2953.5472467786694
11250.0
11250.0
-11250.0
11250.0
11250.0
11250.0
-11250.0
-9177.272727272735
11250.0
11250.0
-9543.203359282517
-10138.070330765979
-9878.371225030234
-9768.536307690913
-6160.3752789989485
11250.0
11250.0
11250.0
11250.0
11250.0
-9757.017052191346
-7815.6789045590995
-5785.605543648289
-2575.4116916319836
1804.4624848447393
5656.232470216168
11250.0
6044.250847516305
11250.0
-8068.181818181819
-3480.667704812189
-2467.518668334693
-425.6334901656519
419.1645388125562
344.92306064859986
-221.13809374964694
-1151.7245620866033
3096.6325579207223
7417.782511069934
6354.372371742524
11250.0
-8863.636363636364
-4961.779687563847
-4650.026506455686
-4268.668981714836
-1928.669131899118
253.94835856971804
2121.6917738844804
2814.7471784747167
2025.4543338810563
2982.9968693566325
5442.925024258253
5436.338778648568
1581.4988448019622
953.3459081727906
4223.6059601712805
11250.0
-8750.0
-6431.960982468475
-6490.762565254638
-6397.290629143368
-5956.605364418632
-3755.294241222309
3724.8664889775505
11250.0
11250.0
11250.0
11250.0
-9790.03998890819
-7532.949613917214
-5437.721864914834
-5184.393191143754
-2935.571589711615
-499.7266704851718
-336.88887940254426
1664.416254228926
8063.647624143054
8650.918328172249
5142.041479799983
11250.0
7426.502510081386
-7500.000000000001
-4209.486166007902
-5140.517071756265
-3615.048471060165
-2722.3266719828807
-2586.302276739885
-1818.6067283889843
11250.0
745.6327687166431
11250.0
11250.0
11250.0
-9432.324357157322
-9474.947439986256
-9457.554213494015
-7311.032231999554
-5213.346032533213
11250.0
-3535.42583691073
11250.0
11250.0
11250.0
11250.0
-10714.840160621563
-10937.297167403944
-11250.0
-11250.0
-11250.0
11250.0
11250.0
11250.0