Demand
11250.0
11250.0
11250.0
11250.0
11250.0
11250.0
11250.0
11250.0
11250.0
-11250.0
11250.0
11250.0
-11250.0
-11250.0
-11250.0
-11250.0
-11250.0
-11250.0
-11250.0
-11250.0
11250.0
11250.0
11250.0
11250.0
11250.0
11250.0
11250.0
11250.0
-11008.677571910634
-10988.082220745568
-11250.0
-11250.0
-11250.0
-11250.0
-11250.0
-11250.0
11250.0
11250.0
11250.0
11250.0
11250.0
11250.0
11250.0
11250.0
-11250.0
-11250.0
-11250.0
11250.0
11250.0
11250.0
11250.0
-10747.912690422527
-10147.4540017519
-9703.400298441815
-8374.152504760827
-6887.8454415380365
-3859.221715587346
-1573.7062780026226
3019.2319483712545
11250.0
9502.852609642316
11250.0
11250.0
10680.12236489364
4128.682725997518
11250.0
-8997.277411296305
-9283.261098376173
-9916.774168656819
-9914.408850091404
-11250.0
11250.0
11250.0
11250.0
11250.0
11250.0
11250.0
-11016.413298201733
-11250.0
-11250.0
-11250.0
-11250.0
-11250.0
-11250.0
-11250.0
11250.0
11250.0
11250.0
11250.0
11250.0
11250.0
11250.0
11250.0
-11250.0
-11250.0
-11250.0
-11250.0
11250.0
11250.0
11250.0
11250.0
11250.0
11250.0
-10302.10643015521
-10168.230842224642
11250.0
11250.0
11250.0
11250.0
-11250.0
-11250.0
-10927.703084752153
-11250.0
-11250.0
11250.0
11250.0
11250.0
11250.0
11250.0
11250.0
-11250.0
-11250.0
-11250.0
-11250.0
-11250.0
-8209.324294287624
-4041.4782799895024
11250.0
11250.0
11250.0
11250.0
11250.0
11250.0
11250.0
-11250.0
-11250.0
-11250.0
-11250.0
-11250.0
-10105.268442897315
-8289.169244729816
-11250.0
11250.0
11250.0
11250.0
11250.0
11250.0
11250.0
11250.0
11250.0
-10476.721045899165
-10677.7132564102
-11250.0
-11250.0
-11250.0
-11250.0
11250.0
11250.0
11250.0
11250.0
11250.0
11250.0
11250.0
11250.0
-11250.0
-11250.0
-11250.0
-11250.0
11250.0
11250.0
11250.0
11250.0
11250.0
-11014.990328820117
-11250.0
-11250.0
-11250.0
-11250.0
11250.0
11250.0
11250.0
11250.0
11250.0
-10017.401866559794
11250.0
11250.0
-10499.951263889794
-10927.248461863419
-11250.0
11250.0
11250.0
11250.0
11250.0
-11250.0
-11250.0
-11250.0
-9620.985302123026
-8590.846871566304
4554.602306042887
11250.0
11250.0
11250.0
11250.0
11250.0
-11250.0
-11250.0
-11250.0
-9912.75659824047
-10055.116170798043
-10731.464425725524
-11250.0
-11250.0
11250.0
11250.0
11250.0
11250.0
11250.0
11250.0
11250.0
11250.0
-11250.0
-10939.469087338235
-10855.99040163992
-11250.0
-11250.0
11250.0
11250.0
11250.0
11250.0
11250.0
11250.0
-11250.0
11250.0
11250.0
11250.0
-11250.0
-11250.0
11250.0
11250.0
11250.0
11250.0
-11250.0
-11250.0
-11250.0
-10038.665879574979
-11250.0
11250.0
11250.0
11250.0
11250.0
11250.0
-11250.0
-11250.0
-11250.0
-11250.0
-11250.0
-11250.0
11250.0
11250.0
11250.0
11250.0
11250.0
11250.0
11250.0
-11250.0
-11250.0
-11250.0
-11250.0
-11250.0
-11250.0
11250.0
11250.0
11250.0
11250.0
11250.0
11250.0
-11250.0
-11250.0
-9192.158058777906
-7639.002173505185
-5388.786072022449
-6254.158363423288
-7322.975894388764
1360.6732801095523
11250.0
11250.0
11250.0
11250.0
11250.0
11250.0
11250.0
11250.0
-11250.0
-10336.457127593269
-10072.120033652878
-9985.42094996306
-11250.0
11250.0
11250.0
11250.0
11250.0
11250.0
11250.0
11250.0
11250.0
-11250.0
-11250.0
-11250.0
-11250.0
11250.0
11250.0
11250.0
11250.0
-11250.0
-11250.0
-11250.0
-10751.393118641874
-8333.305709246346
11250.0
11250.0
11250.0
11250.0
11250.0
-11250.0
-11250.0
-11250.0
-10640.77251944659
-9109.396584750346
-9063.695501998805
-8837.895972783674
-8986.317851759923
11250.0
11250.0
11250.0
11250.0
11250.0
11250.0
11250.0
11250.0
-10783.503078801736
-10997.102792509999
-11250.0
-11250.0
-11250.0
-11250.0
-11250.0
11250.0
11250.0
11250.0
11250.0
11250.0
11250.0
11250.0
11250.0
-11250.0
-11250.0
-11250.0
-11250.0
-11250.0
11250.0
11250.0
11250.0
11250.0
11250.0
11250.0
11250.0
-10331.703107019563
-11002.577063375167
-11250.0
-11250.0
-11250.0
-11250.0
-11250.0
11250.0
11250.0
11250.0
11250.0
11250.0
11250.0
11250.0
11250.0
-11250.0
11250.0
-11250.0
-11250.0
11250.0
11250.0
11250.0
11250.0
-10991.100868043875
-10373.537537894197
-9879.862489595387
-10389.991512857636
-10608.274264966807
-11250.0
11250.0
11250.0
11250.0
11250.0
11250.0
11250.0
11250.0
-11250.0
-11250.0
11250.0
11250.0
11250.0
-11250.0
-11250.0
-11250.0
-11250.0
11250.0
11250.0
11250.0
11250.0
-10295.17535696243
-10732.308440479188
-10673.429381232236
-11250.0
-11250.0
-11250.0
-11250.0
11250.0
11250.0
11250.0
11250.0
11250.0
11250.0
11250.0
11250.0
-11008.410880458126
-11250.0
-11250.0
11250.0
11250.0
11250.0
-10187.891819128563
-10039.435797432707
-10521.724141625567
-9274.782315147786
-9537.100457680855
11250.0
11250.0
-11250.0
11250.0
11250.0
11250.0
11250.0
-9977.874443768236
-9601.177766313678
-9742.331009370366
-10569.709300996674
-10845.755770048076
-10727.26405711281
-11250.0
-11250.0
11250.0
11250.0
11250.0
11250.0
11250.0
11250.0
11250.0
11250.0
11250.0
-11250.0
-11250.0
-11250.0
-11250.0
-11250.0
-10233.192653756134
-6457.282407151918
1648.5324663885913
688.4953830354434
11250.0
11250.0
11250.0
11250.0
11250.0
11250.0
11250.0
-11250.0
-11250.0
-10943.119696662921
-10537.449381858121
-10812.806852280246
-10040.188079109357
-7959.1896707075975
11250.0
-11250.0
11250.0
11250.0
11250.0
11250.0
11250.0
11250.0
11250.0
-10309.64027631194
-10430.804282604386
-9159.487702214337
4674.778293525054
11250.0
11250.0
11250.0
11250.0
11250.0
-11250.0
-11250.0
-11250.0
-10098.5901443107
-10720.193126859773
-10174.24456679133
11250.0
11250.0
11250.0
11250.0
11250.0
11250.0
11250.0
-10534.718349135528
-10607.456289484697
-11250.0
11250.0
11250.0
11250.0
-11250.0
-11250.0
-11250.0
-11250.0
-11250.0
11250.0
11250.0
11250.0
11250.0
11250.0
-10005.644788271577
-9703.46120727672
11250.0
11250.0
11250.0
-11250.0
-11250.0
-11250.0
-11250.0
-9638.14411395057
11250.0
11250.0
11250.0
11250.0
11250.0
11250.0
-11250.0
-11250.0
11250.0
11250.0
11250.0
-11250.0
-11250.0
-10610.795454545456
-10854.202296603959
-9547.110239098332
-10075.445982864781
11250.0
11250.0
11250.0
11250.0
11250.0
11250.0
11250.0
11250.0
11250.0
-11250.0
-11250.0
-11250.0
-11250.0
11250.0
11250.0
11250.0
11250.0
-10981.72823494959
-11250.0
-11250.0
-10439.692192154813
-11250.0
-10439.318114837413
-11250.0
11250.0
11250.0
11250.0
11250.0
11250.0
11250.0
11250.0
11250.0
11250.0
-10814.499051448503
11250.0
11250.0
11250.0
-11250.0
-11250.0
-11250.0
-11250.0
-10448.687910028118
-10157.267462288022
-10262.326928625946
11250.0
11250.0
11250.0
11250.0
11250.0
11250.0
11250.0
11250.0
-11250.0
-11250.0
-11250.0
-11250.0
-10157.813497977437
-10134.76054626883
11250.0
11250.0
11250.0
11250.0
11250.0
11250.0
11250.0
-10783.708100851618
-10231.787493176613
-9262.373388420245
-8971.135578739384
-9277.037698418055
-9626.182936180747
-10191.812205951424
11250.0
11250.0
11250.0
11250.0
11250.0
11250.0
11250.0
-10718.834127148479
-8974.12302635454
-9487.922049687772
-7619.874282985853
11250.0
11250.0
11250.0
11250.0
11250.0
-11250.0
-11250.0
-9230.526978794878
-6273.169813744455
-2628.760583291074
3613.7066639804652
9271.505798605798
6422.635932792343
9967.740580854119
8940.130896717583
9887.105620640366
4029.962564120871
11250.0
-4016.5413305840243
-2132.8104782873343
-1049.2663357424408
-423.4502729000342
829.2605818696029
11250.0
-8181.818181818182
-4512.695375835008
-4690.743432004207
-5085.960536151164
-4799.863502863036
-2911.0297329614186
-1642.2531185485368
322.2268247218817
7110.723925263919
10121.77598135858
7900.7079941995935
5418.43982466114
3440.1097226480038
11250.0
1088.1683943619973
1739.8379337227698
-657.4095937521706
-1086.051715069827
1601.7536517733697
11250.0
11250.0
-6226.808905380345
11250.0
-9545.454545454546
-7675.789624124627
-7608.0095676883175
-8478.798074120306
-9548.048416295005
-11250.0
-11250.0
11250.0
11250.0
11250.0
11250.0
11250.0
11250.0
11250.0
-5406.62810188454
-5364.0851680983
-4122.860584472497
-3323.1987369768995
-3679.3263260269564
-2081.804731455355
2823.470131368831
3159.1898227937077
407.7019550128434
342.20474224105055
8931.973635938015
6991.196000089174
7765.071392974418
11250.0
-10227.272727272728
-9710.661345496013
-9675.83763865674
-6876.325782270331
685.5356474107821
11250.0
11250.0
11250.0
11250.0
11250.0
-10505.680888108454
-10976.57669448381
-11250.0
-11250.0
-11250.0
-6701.925897883637
-3357.0454885469494
11250.0
11250.0
11250.0
11250.0
11250.0
11250.0
11250.0