Demand
11250.0
11250.0
11250.0
11250.0
11250.0
11250.0
11250.0
11250.0
11250.0
11250.0
11250.0
11250.0
11250.0
11250.0
11250.0
11250.0
11250.0
-11250.0
-11250.0
-11250.0
-11250.0
11250.0
11250.0
11250.0
11250.0
-11250.0
-11250.0
-11250.0
-10825.454131667157
-10564.378129865207
-11250.0
11250.0
11250.0
11250.0
11250.0
11250.0
11250.0
-11250.0
-11250.0
-11250.0
11250.0
11250.0
11250.0
11250.0
-11250.0
-11250.0
-11250.0
-11250.0
-11250.0
-11250.0
11250.0
11250.0
11250.0
11250.0
11250.0
11250.0
11250.0
-8455.916171433415
-8781.501113318402
-8590.430261887268
-9207.21206583063
-9257.200122783077
-7265.719967306376
-5705.935041917844
-2697.8740627482766
-2757.9616100055136
11250.0
11250.0
11250.0
11250.0
-11250.0
11250.0
11250.0
-11250.0
-11250.0
-11250.0
-11250.0
-9055.963434051726
11250.0
11250.0
11250.0
11250.0
11250.0
11250.0
11250.0
-11250.0
-11250.0
-11250.0
-11250.0
11250.0
11250.0
11250.0
11250.0
11250.0
-11250.0
-11250.0
-11250.0
-11250.0
-11250.0
-11250.0
-11250.0
-11250.0
11250.0
11250.0
11250.0
11250.0
11250.0
11250.0
11250.0
11250.0
11250.0
-10978.3846031662
-11250.0
11250.0
11250.0
11250.0
-11250.0
-11250.0
-11250.0
-11250.0
-11250.0
-11250.0
11250.0
11250.0
11250.0
11250.0
11250.0
11250.0
11250.0
-11250.0
-11250.0
11250.0
11250.0
11250.0
-11250.0
-11250.0
-11250.0
-11250.0
-11250.0
-10039.923102325807
-7957.77869223995
-11250.0
11250.0
11250.0
11250.0
11250.0
11250.0
11250.0
11250.0
11250.0
-10375.853328062167
-10553.973166751242
-11250.0
-11250.0
11250.0
11250.0
11250.0
11250.0
11250.0
11250.0
11250.0
-10927.033492822968
-11250.0
11250.0
11250.0
-11250.0
11250.0
11250.0
11250.0
-11250.0
-11250.0
-11250.0
-11250.0
-10832.482464707453
-11250.0
-11250.0
-11250.0
11250.0
11250.0
11250.0
11250.0
11250.0
11250.0
11250.0
11250.0
-9683.564972284268
-10397.518886912192
-10931.383236143705
-11250.0
-11250.0
-11250.0
-11250.0
11250.0
11250.0
11250.0
11250.0
11250.0
11250.0
11250.0
11250.0
11250.0
-11250.0
-11250.0
-11250.0
-11250.0
-11250.0
11250.0
11250.0
11250.0
11250.0
11250.0
11250.0
-11250.0
-11250.0
-11250.0
-11250.0
-11250.0
-11250.0
-11250.0
11250.0
11250.0
11250.0
11250.0
11250.0
11250.0
11250.0
11250.0
-11250.0
-11250.0
11250.0
11250.0
11250.0
11250.0
-11250.0
-11250.0
-11250.0
-11250.0
11250.0
11250.0
11250.0
11250.0
11250.0
-11250.0
-11250.0
-10598.198970840484
-11250.0
-9583.864424644282
11250.0
11250.0
11250.0
11250.0
11250.0
11250.0
-11250.0
-11250.0
-11250.0
-11250.0
-11250.0
-11250.0
11250.0
11250.0
11250.0
11250.0
11250.0
11250.0
-11250.0
-11250.0
-11250.0
-11250.0
11250.0
11250.0
11250.0
11250.0
11250.0
11250.0
11250.0
-11250.0
-11250.0
11250.0
11250.0
11250.0
-9297.870923551123
-9965.266808092558
-9084.67562744793
11250.0
11250.0
11250.0
-11250.0
-11250.0
11250.0
11250.0
-11250.0
-11250.0
-9837.184598436765
-8529.530681479653
11250.0
11250.0
11250.0
11250.0
11250.0
11250.0
-11250.0
-11250.0
-11250.0
-11250.0
11250.0
11250.0
11250.0
11250.0
11250.0
11250.0
-11250.0
-11250.0
-11250.0
-11250.0
-11250.0
-10111.138861138868
11250.0
11250.0
11250.0
11250.0
11250.0
11250.0
11250.0
11250.0
-11250.0
-10613.884361935805
-8574.88569728742
-6866.830949258128
11250.0
11250.0
11250.0
11250.0
11250.0
11250.0
11250.0
-11250.0
-11250.0
-10422.695019121784
-9829.206624302129
11250.0
-11250.0
11250.0
11250.0
11250.0
11250.0
-11250.0
-11250.0
-11250.0
-11250.0
11250.0
11250.0
11250.0
11250.0
-11250.0
-11250.0
-11250.0
-11250.0
-11250.0
11250.0
11250.0
11250.0
11250.0
11250.0
11250.0
-10088.198000769407
-10253.723289684112
-10978.027432146668
-11250.0
-11250.0
-11250.0
-11250.0
-11250.0
11250.0
11250.0
11250.0
11250.0
11250.0
11250.0
11250.0
11250.0
-11250.0
-11250.0
-11250.0
11250.0
11250.0
11250.0
11250.0
-11250.0
-10970.3190059249
-10297.390080957382
-9751.540560430909
-10304.353623990824
-10542.419885580399
-11250.0
11250.0
11250.0
11250.0
11250.0
11250.0
11250.0
11250.0
11250.0
-11250.0
-11250.0
-11250.0
-11250.0
-11250.0
-11250.0
11250.0
11250.0
11250.0
11250.0
11250.0
11250.0
-10119.017753754903
-10604.523055140402
-10466.785153914901
-11250.0
-11250.0
11250.0
11250.0
11250.0
11250.0
11250.0
11250.0
11250.0
11250.0
-10234.841888629438
-10959.675252799167
-10891.469725066436
-11250.0
-11250.0
11250.0
11250.0
11250.0
11250.0
11250.0
11250.0
-10339.33115051579
-10735.324622211177
-10627.469334031535
-10819.346999090332
-11250.0
11250.0
11250.0
11250.0
11250.0
11250.0
-9634.421583035903
-9478.823481232226
-9918.361935503119
11250.0
11250.0
11250.0
11250.0
-11250.0
-11250.0
-11250.0
-11250.0
-11250.0
11250.0
11250.0
11250.0
11250.0
11250.0
11250.0
11250.0
-11250.0
-11250.0
-8975.05543237252
11250.0
11250.0
11250.0
11250.0
-10774.44224707991
-11250.0
-11250.0
11250.0
11250.0
11250.0
11250.0
-11250.0
-11001.670055184433
-10704.626300907825
-10942.992826057638
-10526.484968663022
-9879.516400408844
-9929.005203226494
-11250.0
11250.0
11250.0
11250.0
11250.0
11250.0
11250.0
11250.0
11250.0
-10736.760488227843
-9308.994920545509
11250.0
11250.0
-11010.260702199004
-11250.0
-11250.0
-11250.0
-11250.0
11250.0
11250.0
11250.0
11250.0
11250.0
-11007.433970498001
-11250.0
-11250.0
-11250.0
-11250.0
-11250.0
-11250.0
11250.0
11250.0
-11250.0
11250.0
11250.0
11250.0
11250.0
11250.0
11250.0
-11250.0
-11250.0
-11250.0
11250.0
11250.0
11250.0
11250.0
11250.0
11250.0
-10757.015183547956
-11250.0
-10559.21374307343
-11250.0
-11250.0
11250.0
11250.0
11250.0
11250.0
11250.0
11250.0
-10336.158779169884
-10733.06330421495
-11250.0
-11250.0
-11250.0
11250.0
11250.0
11250.0
11250.0
11250.0
-10753.787258738972
-10975.970810909668
-10309.779002270865
-10874.98868611399
-11250.0
-11250.0
-11250.0
11250.0
11250.0
11250.0
11250.0
11250.0
11250.0
11250.0
-11250.0
-11250.0
-11250.0
11250.0
11250.0
11250.0
11250.0
11250.0
-11250.0
-11250.0
-10602.272727272728
-11250.0
-10658.744359732384
-11250.0
11250.0
11250.0
11250.0
11250.0
11250.0
11250.0
11250.0
-10687.212023696338
-9328.143832319704
11250.0
11250.0
-11250.0
-11250.0
-11250.0
-11250.0
-11250.0
-11250.0
11250.0
11250.0
339.605898468717
11250.0
11250.0
11250.0
11250.0
11250.0
-11250.0
-11250.0
-11250.0
-11250.0
-11250.0
-11250.0
-11250.0
-6776.4879005886505
11250.0
11250.0
11250.0
11250.0
11250.0
11250.0
11250.0
11250.0
-10754.2200889118
-10144.541301045014
-9023.171367844021
-8569.807765121612
-8710.96706480558
-8607.51786203458
11250.0
-11250.0
11250.0
11250.0
11250.0
11250.0
11250.0
11250.0
11250.0
-9541.410264543552
-10177.655790836085
-10024.922929317581
-10140.265701335029
-9245.512159743663
-10369.292478782776
11250.0
11250.0
11250.0
11250.0
11250.0
11250.0
11250.0
-6278.1062221360735
-5169.162671959708
-4902.050689115074
-3304.97710378541
1514.9398240750234
11250.0
6894.159221412844
9722.321034122255
-7727.272727272728
-1011.6143696640465
-150.21299431415719
-124.19052112460668
-505.85259699291055
-1075.6257157591426
4924.36339526598
10061.03672404599
833.8236581380606
11250.0
-6182.73753527752
-5059.424254246942
-4581.236017472429
-3921.206888526349
-887.0041720792597
2283.113737102639
4985.868946844407
5485.573533522812
3943.1130382971
5835.8041226484165
7200.303397424889
-6250.0
-2410.3977944072485
-3660.6145886940308
-4579.124031730131
-4224.044666270265
-3602.2109252061946
-3293.3699957300646
-1411.581891914244
5021.120544505672
11250.0
7929.578058841075
11250.0
11250.0
-11250.0
-11250.0
-11250.0
-8388.873396542109
3031.416613233314
11250.0
11250.0
11250.0
4161.103651245243
11250.0
-6072.365765038354
-4950.210421829388
-4170.208512424464
-4354.447071661129
-2551.9823717017407
3099.381956785179
3993.5453164097426
1633.6696440392207
8164.938953552354
11250.0
-8863.636363636364
-6766.488755117688
-7787.988820569309
-8273.805605635622
-9207.097710392383
-8831.826803332839
25.88503245162883
11250.0
11250.0
11250.0
11250.0
11250.0
11250.0
-10476.166532582462
-10939.124875142941
-11250.0
-11250.0
11250.0
11250.0
11250.0
11250.0
11250.0
-11250.0
-11250.0
-11250.0
-11250.0
-11250.0