Demand
11250.0
11250.0
11250.0
11250.0
11250.0
11250.0
11250.0
11250.0
11250.0
11250.0
11250.0
-11250.0
11250.0
11250.0
11250.0
11250.0
11250.0
11250.0
11250.0
11250.0
11250.0
11250.0
11250.0
11250.0
11250.0
11250.0
-11250.0
-11250.0
-10945.793950547828
-10897.609912607506
-11250.0
-11250.0
-11250.0
11250.0
11250.0
11250.0
11250.0
11250.0
11250.0
11250.0
11250.0
11250.0
-11250.0
-11250.0
-11250.0
-11250.0
11250.0
11250.0
11250.0
11250.0
-11250.0
-10723.355865815909
-10072.813207633099
-9554.331648842115
-7957.654003755786
-5888.534723234236
-936.0027112782645
4547.481102597765
11006.234792340274
7976.8165895739385
9956.40020042611
10851.758050211305
11250.0
5450.624603076969
11250.0
-9524.553142417837
-8784.311581382335
-9052.222370107847
-9705.963277733179
-9573.859896051792
-11250.0
11250.0
11250.0
11250.0
11250.0
11250.0
11250.0
-10996.735701357338
-11250.0
-11250.0
-11250.0
-11250.0
11250.0
11250.0
11250.0
11250.0
11250.0
-11250.0
11250.0
11250.0
-11250.0
-11250.0
-11250.0
-11250.0
-11250.0
-11250.0
-11250.0
-11250.0
11250.0
11250.0
11250.0
11250.0
11250.0
11250.0
11250.0
11250.0
11250.0
-11250.0
-11250.0
-11250.0
-11250.0
-10720.308843100363
-11250.0
11250.0
11250.0
11250.0
11250.0
11250.0
11250.0
11250.0
11250.0
-11250.0
-11250.0
-11250.0
-11250.0
-7743.506493506502
11250.0
6715.779467680233
11250.0
11250.0
11250.0
11250.0
11250.0
-11250.0
-11250.0
-11250.0
-11250.0
-11250.0
-11250.0
11250.0
11250.0
11250.0
11250.0
11250.0
11250.0
11250.0
-11250.0
-10986.08697640388
-10305.317593144842
-10012.87488997561
-9171.164248882964
3636.5240169566387
11250.0
11250.0
11250.0
11250.0
11250.0
-11250.0
-10478.339350180508
-10958.171637735817
-10898.174381849869
-10777.143655239823
-11250.0
11250.0
11250.0
11250.0
11250.0
11250.0
11250.0
11250.0
-11250.0
-11250.0
-11250.0
-9770.419935394562
11250.0
11250.0
11250.0
11250.0
11250.0
-11250.0
-11250.0
-11250.0
-11250.0
-9721.15254890425
-8334.236271110349
-7069.846730262925
-7078.329501981603
11250.0
11250.0
11250.0
11250.0
11250.0
11250.0
11250.0
11250.0
-11250.0
-10133.496202145954
-9939.13574891854
-9581.20313781434
-9345.78672756007
-11250.0
11250.0
11250.0
11250.0
11250.0
11250.0
11250.0
-10292.639399459946
-10458.86610968212
-10948.991954215242
-11250.0
-11250.0
-11250.0
11250.0
11250.0
11250.0
11250.0
11250.0
11250.0
11250.0
-11250.0
-10966.386554621851
-10917.731140407122
-11250.0
-11250.0
-11250.0
11250.0
11250.0
11250.0
11250.0
11250.0
11250.0
11250.0
-11250.0
-11250.0
-11250.0
-11250.0
-11250.0
-11250.0
-11250.0
-11250.0
11250.0
11250.0
11250.0
11250.0
11250.0
11250.0
11250.0
11250.0
11250.0
-11250.0
11250.0
11250.0
-11250.0
-11250.0
-11250.0
-11250.0
11250.0
11250.0
11250.0
11250.0
-10656.66204024983
-11250.0
-11250.0
11250.0
11250.0
11250.0
11250.0
11250.0
-11250.0
-11250.0
-11250.0
-11250.0
-11250.0
-11250.0
11250.0
11250.0
11250.0
11250.0
11250.0
11250.0
11250.0
-10238.584609924885
-10383.062505298996
-10897.315806278795
-11250.0
-11250.0
11250.0
11250.0
11250.0
11250.0
11250.0
11250.0
-10520.800429591258
-10442.253442912199
-10632.150020375819
-11250.0
-11250.0
-11250.0
11250.0
11250.0
11250.0
11250.0
11250.0
11250.0
11250.0
-11250.0
-11250.0
11250.0
11250.0
11250.0
-11250.0
-11250.0
-11250.0
11250.0
11250.0
11250.0
-10732.064817619317
-10964.055632249183
-11250.0
-11250.0
-11250.0
-11250.0
-11250.0
11250.0
11250.0
11250.0
11250.0
11250.0
11250.0
11250.0
11250.0
-11250.0
-11250.0
-11250.0
-11250.0
11250.0
11250.0
11250.0
11250.0
11250.0
-11250.0
-11250.0
-11250.0
-11250.0
11250.0
11250.0
11250.0
11250.0
11250.0
11250.0
-11250.0
-11250.0
-11250.0
-11250.0
-11250.0
-11250.0
11250.0
11250.0
11250.0
11250.0
11250.0
11250.0
11250.0
11250.0
-9981.788516052478
-10072.62268138574
-10878.440992500262
-11250.0
-11250.0
11250.0
11250.0
11250.0
11250.0
11250.0
-11250.0
-10381.137869029892
-11250.0
-11250.0
-11250.0
-11250.0
-11250.0
11250.0
11250.0
11250.0
11250.0
11250.0
11250.0
11250.0
11250.0
11250.0
11250.0
-10787.690462656148
-10998.0060485902
-11250.0
-11250.0
-11250.0
-11250.0
-11250.0
11250.0
11250.0
11250.0
11250.0
11250.0
11250.0
11250.0
-11250.0
-11250.0
-11250.0
-11250.0
-11250.0
11250.0
11250.0
11250.0
11250.0
11250.0
11250.0
-10601.75854181936
-11250.0
11250.0
11250.0
11250.0
11250.0
-9704.232975470393
-9155.655754558717
-8637.75350384403
-6878.2081195784995
-3536.601172247607
11250.0
11250.0
11250.0
11250.0
11250.0
-11004.783721374894
-11250.0
-9701.154994329303
-9785.662239484664
-9364.079441665304
-9798.940453131941
-1228.3497236309086
11250.0
11250.0
11250.0
11250.0
11250.0
11250.0
11250.0
-9634.421583035903
-9696.683564311046
-8939.841103030136
-8532.887233317466
-8917.191125354995
11250.0
11250.0
11250.0
11250.0
11250.0
11250.0
-11250.0
-11250.0
-11250.0
-10779.163416089214
-9578.394646536206
-11250.0
11250.0
11250.0
11250.0
11250.0
11250.0
11250.0
-10722.692145687906
-9318.88046823005
-8185.273950684517
-10430.727139187227
11250.0
11250.0
11250.0
11250.0
11250.0
-11250.0
-11250.0
-11250.0
-11250.0
-10874.450951683753
-10280.88237462919
-10513.283153310884
-6930.9292583637325
11250.0
11250.0
11250.0
11250.0
11250.0
11250.0
11250.0
11250.0
-10132.515248329946
11250.0
11250.0
11250.0
-10532.913506616394
-10726.750328920454
-10069.484533176765
-10904.380666768757
-11250.0
-11250.0
-11250.0
11250.0
11250.0
11250.0
11250.0
11250.0
11250.0
11250.0
11250.0
11250.0
-11250.0
-11250.0
-11250.0
-11250.0
-8060.583033987287
11250.0
11250.0
11250.0
11250.0
11250.0
11250.0
-11250.0
11250.0
-11250.0
-11250.0
-11250.0
-11250.0
11250.0
11250.0
11250.0
11250.0
11250.0
-10689.24212060485
-11250.0
-9259.419810498035
11250.0
11250.0
11250.0
11250.0
-10959.249603264565
-10860.11996629466
-8283.448895545225
11250.0
11250.0
11250.0
11250.0
11250.0
-11250.0
-11250.0
-11250.0
-11250.0
-11250.0
-11250.0
-5441.200258815938
11250.0
11250.0
11250.0
11250.0
11250.0
11250.0
11250.0
-11250.0
-11250.0
-11250.0
-10877.107966660205
-11250.0
-11250.0
11250.0
11250.0
11250.0
11250.0
11250.0
11250.0
11250.0
-10987.99795709908
-11250.0
-11250.0
-10070.567274964571
-11250.0
11250.0
11250.0
11250.0
11250.0
11250.0
11250.0
-11250.0
11250.0
-10480.150399813156
-10668.03981603973
-10552.169336740251
-10786.692577953727
-11250.0
11250.0
11250.0
11250.0
11250.0
11250.0
11250.0
11250.0
-10745.865019729983
-10970.739699561473
-10929.112098531856
-10859.457177244483
-11250.0
-11250.0
11250.0
11250.0
11250.0
11250.0
11250.0
11250.0
11250.0
11250.0
-10792.332054598985
-11005.29655359951
-11250.0
-11250.0
-11250.0
-11250.0
-11250.0
-11250.0
11250.0
11250.0
11250.0
11250.0
11250.0
11250.0
11250.0
11250.0
11250.0
-11250.0
-11250.0
-10938.592657342659
-11250.0
-10156.661379491605
-9014.182751253582
11250.0
11250.0
11250.0
11250.0
11250.0
11250.0
11250.0
-11250.0
-11250.0
-11250.0
-11250.0
-8711.233916199275
-4652.903641721128
780.0566933427135
9067.183636477532
10682.999358462923
6398.036581437893
9149.976403165223
10315.329794188747
8938.077571093678
8672.831477703092
4835.319238483234
11250.0
-2993.0700447093914
-2543.943555417325
-2786.5104017592203
-3470.6687637870314
-4606.993126825231
-3343.7049310007656
-2347.55199669837
-1544.3440119514653
-75.50771629557494
7034.4738069047235
11250.0
2107.026412458329
11250.0
-3736.6233580253356
-2181.2567472579594
-856.1038766922429
-351.75704988016514
-947.8250317326037
-310.1884231706663
1558.5478837863784
2071.342485227904
-520.3337834653394
-1705.492418240674
-2133.7747038246107
353.2691584744407
6748.523549954451
8682.962366730448
7588.797517397122
11250.0
-8292.572062084259
-8378.640125953767
-9214.046800443066
-10143.79052225931
-11250.0
-11250.0
-11250.0
-6838.243378435163
10432.275638816629
11250.0
11250.0
11250.0
10212.378891598539
4291.019248458539
11250.0
3300.715734258242
11250.0
-5854.444850923723
-4411.973167447639
752.0756564036765
3775.012742223365
5766.936812440878
11250.0
-5398.288973384031
-2440.2065334966483
11250.0
11250.0
-9202.264490457968
-10035.779258722043
-10188.221557168992
-9158.884088599676
-9169.578055609094
-8228.993865647066
-7623.397574922619
-5271.113741401773
11250.0
11250.0
11250.0
11250.0
11250.0
11250.0
11250.0
-10079.40854326397
-10707.965024229023
-10901.98401657581
-11250.0
11250.0
11250.0
11250.0
11250.0
11250.0