Demand
11250.0
11250.0
11250.0
11250.0
11250.0
11250.0
11250.0
11250.0
11250.0
11250.0
11250.0
11250.0
11250.0
11250.0
11250.0
11250.0
-11250.0
11250.0
11250.0
11250.0
11250.0
11250.0
11250.0
11250.0
11250.0
-11250.0
-11250.0
-11250.0
-10569.33956642139
-7822.101013879637
11250.0
11250.0
11250.0
11250.0
11250.0
11250.0
-11250.0
-11250.0
-11250.0
-11250.0
-9787.341563490761
-6085.945089068249
11250.0
11250.0
11250.0
11250.0
11250.0
11250.0
11250.0
-11250.0
-11250.0
-10296.940797621999
-6446.678232472692
11250.0
11250.0
11250.0
11250.0
11250.0
-8890.542458408898
-8723.691537450792
-9325.44925724767
-9396.029037725028
-7616.85621519163
-6335.710815115846
-4014.2014547780595
-4535.251092277418
11250.0
11250.0
2990.1733417963896
11250.0
11250.0
11250.0
11250.0
-11250.0
-11250.0
-11250.0
-11250.0
-10581.85725449336
-11250.0
11250.0
11250.0
11250.0
11250.0
11250.0
11250.0
11250.0
-11250.0
11250.0
11250.0
-11250.0
-11250.0
-11250.0
-11250.0
-11250.0
-11250.0
11250.0
11250.0
11250.0
11250.0
11250.0
11250.0
11250.0
11250.0
-10485.849056603773
-10673.366123424636
-11250.0
-11250.0
-11250.0
11250.0
11250.0
11250.0
11250.0
11250.0
11250.0
11250.0
11250.0
11250.0
-11250.0
-11250.0
-11250.0
-11250.0
11250.0
11250.0
11250.0
11250.0
11250.0
11250.0
-10754.2200889118
-10929.45006002847
-11250.0
11250.0
11250.0
11250.0
11250.0
-11250.0
-11250.0
-11250.0
-11250.0
-11250.0
-10116.827017474974
-8061.816231232892
11250.0
11250.0
11250.0
11250.0
11250.0
11250.0
11250.0
11250.0
-10483.60096838944
-10400.684527504589
-10601.400816928439
-11250.0
-11250.0
-11250.0
11250.0
11250.0
11250.0
11250.0
11250.0
11250.0
11250.0
11250.0
-11250.0
-11250.0
-11250.0
-11250.0
-11250.0
-11250.0
-11250.0
11250.0
11250.0
11250.0
11250.0
11250.0
11250.0
11250.0
11250.0
-11250.0
-11250.0
-11250.0
-11250.0
-11250.0
-616.3014509920577
11250.0
11250.0
11250.0
11250.0
11250.0
11250.0
11250.0
-11250.0
-11250.0
-11250.0
-11250.0
-11250.0
11250.0
11250.0
11250.0
11250.0
11250.0
11250.0
-11250.0
-11250.0
-11250.0
-11250.0
-11250.0
11250.0
11250.0
11250.0
11250.0
11250.0
11250.0
-11250.0
-11250.0
11250.0
11250.0
11250.0
-11250.0
-11250.0
-11250.0
-10552.546904740328
11250.0
-11250.0
11250.0
11250.0
11250.0
11250.0
11250.0
11250.0
-10822.927072927076
11250.0
-11250.0
-11250.0
-11250.0
-11250.0
11250.0
11250.0
11250.0
11250.0
-11250.0
-11250.0
-11250.0
-11250.0
-9800.990110863688
-11250.0
11250.0
11250.0
11250.0
11250.0
11250.0
11250.0
-11250.0
-11250.0
-11250.0
-11250.0
-11250.0
-11250.0
11250.0
11250.0
11250.0
11250.0
11250.0
11250.0
11250.0
11250.0
-11250.0
-11250.0
-11250.0
-11250.0
-11250.0
-11250.0
11250.0
11250.0
11250.0
11250.0
11250.0
11250.0
-9544.385864918782
-7975.614904711281
-4562.747321310881
228.77771125800064
11250.0
11250.0
11250.0
11250.0
-11250.0
-11250.0
-11250.0
11250.0
11250.0
11250.0
-11250.0
-10385.542689249913
-10267.818641603542
-10470.887321006765
-11250.0
-11250.0
-11250.0
11250.0
11250.0
11250.0
11250.0
11250.0
11250.0
11250.0
11250.0
-11250.0
-11250.0
-11250.0
-11250.0
-11250.0
11250.0
11250.0
11250.0
11250.0
11250.0
11250.0
-11012.53408710274
-11250.0
-11250.0
-11250.0
-11250.0
-11250.0
-11250.0
11250.0
11250.0
11250.0
11250.0
11250.0
11250.0
11250.0
-11250.0
11250.0
11250.0
-11250.0
-11250.0
-11250.0
-8945.831836148049
11250.0
11250.0
11250.0
11250.0
11250.0
-11250.0
-11250.0
-11250.0
11250.0
11250.0
11250.0
-11250.0
-11250.0
-11250.0
-11250.0
-11250.0
-11250.0
-11250.0
11250.0
11250.0
11250.0
11250.0
11250.0
11250.0
11250.0
-10166.273501866068
-9760.269982473947
-9908.792397434547
-10856.500494438638
-11250.0
-11250.0
-11250.0
11250.0
11250.0
11250.0
11250.0
11250.0
11250.0
11250.0
11250.0
11250.0
-11250.0
-11250.0
-11250.0
-11250.0
-11250.0
-11250.0
11250.0
11250.0
11250.0
11250.0
11250.0
11250.0
11250.0
-10994.279786020015
-11250.0
-11250.0
-11250.0
11250.0
11250.0
11250.0
11250.0
11250.0
-11250.0
-11250.0
-11250.0
-11250.0
-11250.0
-11250.0
-11250.0
11250.0
11250.0
11250.0
11250.0
11250.0
11250.0
11250.0
11250.0
-10766.888498242093
-11250.0
-11250.0
-11250.0
-11250.0
-11250.0
-5557.650110314888
7975.768330005326
11250.0
11250.0
7130.4488203397705
11250.0
11250.0
11250.0
-11250.0
11250.0
-10976.759036029045
-11250.0
-9512.193224531726
-9610.831717191766
-9167.084867133031
-9727.801588642564
-3954.044119719012
11250.0
11250.0
11250.0
11250.0
11250.0
11250.0
11250.0
11250.0
11250.0
-9803.662051249921
-9953.506821607974
-10681.058174350816
-10926.736260817761
-10863.327192884608
-11250.0
-11250.0
-11250.0
11250.0
11250.0
11250.0
11250.0
11250.0
11250.0
11250.0
11250.0
-11250.0
11250.0
11250.0
-11250.0
-11250.0
-10644.138041459264
-9153.992688971157
-8330.1034153066
-10715.606457373306
-8582.49243402795
-4484.958538528766
11250.0
11250.0
11250.0
11250.0
11250.0
11250.0
11250.0
11250.0
-10781.658923535739
-10981.693998545612
-10587.172654121674
-9819.25727876955
-8946.095473005102
11250.0
11250.0
11250.0
11250.0
11250.0
-11250.0
-10325.653469152414
-9195.874436031114
11250.0
11250.0
11250.0
11250.0
-10232.251590947242
-10968.911823993607
-11250.0
-11250.0
-11250.0
-11250.0
11250.0
11250.0
11250.0
11250.0
11250.0
11250.0
11250.0
11250.0
-11250.0
-11250.0
11250.0
11250.0
11250.0
11250.0
-11250.0
-10041.804050871418
11250.0
11250.0
-11250.0
-11250.0
-11250.0
-11250.0
-11250.0
-11250.0
-11250.0
-11250.0
11250.0
11250.0
11250.0
11250.0
11250.0
11250.0
11250.0
11250.0
11250.0
-11250.0
-11250.0
-10945.590824602845
-10897.315402326109
-9515.167146465632
-7769.961050892089
-7577.380652130047
-4689.047974698216
11250.0
11250.0
11250.0
11250.0
11250.0
11250.0
11250.0
11250.0
-10749.251643131389
-10970.273413385592
-10270.680534938288
-10844.896419638739
-11250.0
-11250.0
11250.0
11250.0
11250.0
11250.0
11250.0
11250.0
11250.0
-11250.0
-11250.0
-11250.0
-11250.0
-11250.0
-11250.0
-11250.0
-11250.0
11250.0
11250.0
11250.0
11250.0
11250.0
11250.0
11250.0
11250.0
11250.0
-11250.0
-11250.0
-11250.0
-11250.0
-9540.664741489421
-8880.767190787901
11250.0
11250.0
11250.0
11250.0
11250.0
11250.0
11250.0
-11250.0
-11250.0
-10430.860123483078
-9629.224872735893
11250.0
11250.0
11250.0
11250.0
11250.0
-11250.0
-11250.0
-11250.0
-11250.0
-11250.0
11250.0
11250.0
11250.0
11250.0
11250.0
-11250.0
-11250.0
11250.0
11250.0
11250.0
-11250.0
-11250.0
-10596.677137944946
-9689.20736533881
-7750.218355422759
-6238.087284418525
-4269.521333062259
11250.0
11250.0
11250.0
11250.0
11250.0
11250.0
11250.0
11250.0
-10765.78975755778
-10721.711157181126
-9182.16112388486
-9901.583825168309
-9607.84629597202
-9583.386867472549
-7276.00546387783
-2571.8625839219567
11250.0
11250.0
11250.0
11250.0
11250.0
11250.0
11250.0
-6463.759720273359
-4506.038390207728
-212.99287733556412
11250.0
11250.0
-4857.954545454548
-3406.5140062249943
-2214.1198023152574
-171.130032449375
3870.228341706342
5473.52916500402
4738.623123823449
5676.560043147587
11250.0
-4636.650114591292
-4103.838013483082
-3912.419743349499
-3670.3355146954013
-1569.2422551652635
8404.631880743393
7570.550962497207
10345.742736498662
-7840.909090909091
-1766.808830908174
-77.45917685349923
747.2333082948671
387.5158155747513
1798.9742003974006
4972.28503265395
4759.4894672532955
581.4026087807651
11250.0
-4876.0095257817375
-4489.655860605042
-3775.2279326571493
-3187.446648928126
-168.2626751463631
11250.0
4315.017020129499
11250.0
11250.0
-10315.653192806927
-11250.0
-11250.0
-11250.0
-9003.68226282547
-4726.228061057225
583.1546173980078
2518.6452472734154
9865.735162641755
10773.8060077882
5423.917131867397
7804.408237708889
11250.0
4648.52025351746
11250.0
-8409.09090909091
-1785.5118774870407
-1555.8968666991168
-3375.814874253385
-3979.1249155461846
-821.4068699516083
3166.48776126513
7886.16751801307
6534.652019234658
11250.0
11250.0
-10274.52937820879
-9342.016596212481
-9364.142150929401
-8527.82211346316
-7978.064187192354
-5606.795110058402
11250.0
11250.0
11250.0
11250.0
11250.0
11250.0
-11250.0
-9901.816499873858
-10658.755056763002
-10914.852931252954
-11250.0
-11250.0
-11250.0
-11250.0
11250.0
11250.0