Demand
11250.0
11250.0
11250.0
11250.0
11250.0
11250.0
11250.0
11250.0
11250.0
11250.0
11250.0
11250.0
11250.0
11250.0
11250.0
11250.0
11250.0
11250.0
11250.0
11250.0
11250.0
11250.0
11250.0
11250.0
11250.0
11250.0
11250.0
11250.0
11250.0
11250.0
11250.0
11250.0
11250.0
11250.0
11250.0
11250.0
-11250.0
-11250.0
-11250.0
-11250.0
-10301.678100480636
-9733.670445829164
-11250.0
11250.0
11250.0
11250.0
11250.0
11250.0
11250.0
11250.0
-11250.0
-10633.207352166464
-9552.603392483252
-7085.534086965217
11250.0
11250.0
11250.0
11250.0
11250.0
-8498.050926257067
-8764.036267035994
-7410.820013566777
11250.0
11250.0
11250.0
11250.0
-8524.498229043682
11250.0
11250.0
-10464.635639926517
-11250.0
-11250.0
-11250.0
-11250.0
11250.0
11250.0
11250.0
11250.0
11250.0
11250.0
11250.0
-11250.0
-11250.0
-11250.0
-11250.0
-11250.0
-11250.0
-11250.0
11250.0
11250.0
11250.0
11250.0
11250.0
11250.0
11250.0
11250.0
-11250.0
-11250.0
-11250.0
-11250.0
-11250.0
11250.0
11250.0
11250.0
11250.0
11250.0
-11250.0
11250.0
11250.0
11250.0
-11250.0
-10982.211692900739
-11250.0
-11250.0
-11250.0
-11250.0
-11250.0
11250.0
11250.0
11250.0
11250.0
11250.0
11250.0
11250.0
11250.0
-10294.728315518976
-10442.741172957369
-10609.03213211392
-10823.50722943624
-11250.0
11250.0
11250.0
11250.0
11250.0
11250.0
11250.0
-11250.0
-11250.0
-11250.0
-10512.93103448276
-9843.940855729277
-11250.0
-11250.0
11250.0
11250.0
11250.0
11250.0
11250.0
11250.0
11250.0
11250.0
-10758.432022657547
11250.0
11250.0
-11250.0
-11250.0
-11250.0
-11250.0
11250.0
-4075.174825174912
11250.0
11250.0
11250.0
11250.0
-11250.0
-11250.0
-11250.0
-11250.0
-11250.0
-11250.0
11250.0
11250.0
11250.0
11250.0
11250.0
11250.0
-11250.0
11250.0
11250.0
-11250.0
-11250.0
-11250.0
-11250.0
-8109.958824921153
4786.323582021327
11250.0
11250.0
11250.0
-11250.0
11250.0
11250.0
11250.0
-11250.0
-11250.0
-11250.0
-11250.0
-7708.942110619271
6014.825586683969
11250.0
11250.0
11250.0
11250.0
11250.0
11250.0
11250.0
-11250.0
-11250.0
-9702.088452088454
-9430.769697705477
-8481.167825497872
11250.0
11250.0
11250.0
11250.0
11250.0
-11250.0
-11250.0
-11250.0
-11250.0
-11250.0
-11250.0
-10588.979013359098
-9883.598822607575
11250.0
11250.0
11250.0
11250.0
11250.0
11250.0
11250.0
11250.0
11250.0
-11250.0
-11250.0
-11250.0
-11250.0
-11250.0
-11250.0
-11250.0
-11250.0
11250.0
11250.0
11250.0
11250.0
11250.0
11250.0
11250.0
11250.0
11250.0
-11250.0
-11250.0
-11250.0
-11250.0
11250.0
11250.0
11250.0
11250.0
11250.0
11250.0
-11250.0
-11250.0
-10658.577357620477
-11250.0
-11250.0
-11250.0
-11250.0
11250.0
11250.0
11250.0
11250.0
11250.0
11250.0
11250.0
-11250.0
11250.0
11250.0
11250.0
-11250.0
11250.0
11250.0
-8213.299131807424
-9018.84781249796
-9960.996083419737
-10027.548812124085
-10631.122465876382
-11250.0
11250.0
11250.0
11250.0
11250.0
11250.0
11250.0
-11250.0
-10447.945070760816
-10316.313027762695
-10468.856412792069
-11250.0
-11250.0
11250.0
11250.0
11250.0
11250.0
11250.0
11250.0
-11250.0
-11250.0
11250.0
11250.0
11250.0
11250.0
-11250.0
-11250.0
-11250.0
-11250.0
-11250.0
11250.0
11250.0
11250.0
11250.0
11250.0
11250.0
-11250.0
-11250.0
-11250.0
11250.0
11250.0
11250.0
11250.0
-9825.316596311935
-9932.57578206218
-10434.69166137547
-10661.609523735693
-11250.0
11250.0
11250.0
11250.0
11250.0
11250.0
11250.0
11250.0
-11003.805018510902
-11250.0
-11250.0
-11250.0
-11250.0
-11250.0
-11250.0
11250.0
11250.0
11250.0
11250.0
11250.0
11250.0
11250.0
11250.0
-11250.0
-11250.0
-11250.0
11250.0
11250.0
11250.0
-11250.0
-11250.0
-9935.738256036326
-8639.433390893519
-3435.575913796411
11250.0
11250.0
11250.0
11250.0
11250.0
11250.0
11250.0
-11250.0
-11250.0
-11250.0
-10007.4681091555
-11250.0
-11250.0
11250.0
11250.0
11250.0
11250.0
11250.0
11250.0
11250.0
11250.0
-11250.0
-11250.0
-10933.892700160206
-10123.159656500015
-9338.515698807973
-9851.805889508181
-9518.622459077895
11250.0
11250.0
11250.0
11250.0
11250.0
11250.0
11250.0
11250.0
-11250.0
11250.0
11250.0
11250.0
-11250.0
-11250.0
-11250.0
-11250.0
-11250.0
-11250.0
-8894.628099173558
11250.0
11250.0
11250.0
11250.0
11250.0
11250.0
11250.0
11250.0
11250.0
-11250.0
-9684.065934065933
-9188.740706762892
-8823.750666892822
-7717.004020967837
-7323.566811962552
-4257.813546316387
11250.0
11250.0
11250.0
11250.0
11250.0
11250.0
-9986.453201970446
-10114.360730477587
-9910.04697294837
-10389.353880666109
-8485.193829624193
-6267.932591290071
11250.0
11250.0
11250.0
11250.0
11250.0
11250.0
-9731.894239175756
-9519.180070946833
-6005.489226727339
11250.0
11250.0
11250.0
-11005.163987629341
-11250.0
-11250.0
-11250.0
-11250.0
-11250.0
-11250.0
11250.0
11250.0
11250.0
11250.0
11250.0
11250.0
11250.0
11250.0
11250.0
-11250.0
-10717.945349448244
-9492.430649374852
-8956.69267510291
-10872.37575397531
-9822.992323920109
-9906.223926990711
-11250.0
11250.0
11250.0
11250.0
11250.0
11250.0
11250.0
11250.0
11250.0
11250.0
-10772.277176499807
-10424.281486974018
-10570.01015718848
-11250.0
-11250.0
11250.0
11250.0
11250.0
11250.0
11250.0
-10283.797219854096
-10441.74474903007
-10621.357036971305
-10054.719820701841
-10058.151730467769
-4217.252983907065
11250.0
11250.0
11250.0
11250.0
11250.0
11250.0
-11250.0
-10394.511149228132
-10876.911138738182
-10576.860315782127
11250.0
11250.0
11250.0
11250.0
11250.0
-11250.0
11250.0
-10490.834769340054
-10698.520919651008
-11250.0
-10890.592028466479
-11250.0
-11250.0
-11250.0
11250.0
11250.0
11250.0
11250.0
11250.0
11250.0
11250.0
11250.0
11250.0
-9942.340633794203
-10047.904242920951
-10509.87090827378
-11250.0
-8464.046956684138
11250.0
11250.0
11250.0
11250.0
11250.0
11250.0
-4861.457036114649
11250.0
-10250.527550502065
-10694.672192936003
-11250.0
-11250.0
-11250.0
-11250.0
11250.0
11250.0
11250.0
11250.0
11250.0
11250.0
11250.0
-11003.78521239425
-11250.0
-11250.0
-11250.0
-11250.0
-11250.0
-11250.0
11250.0
11250.0
11250.0
11250.0
11250.0
11250.0
11250.0
11250.0
11250.0
-11250.0
-11250.0
-10971.125700426532
-11250.0
-11250.0
-10265.992834397963
-11250.0
-8677.579430302947
11250.0
11250.0
11250.0
11250.0
11250.0
11250.0
11250.0
11250.0
-10750.990116352383
-10678.109100754398
-10900.6276772307
-11250.0
-11250.0
11250.0
11250.0
11250.0
11250.0
11250.0
11250.0
-10726.936253517684
-10946.364812257008
-10868.313116233396
-10681.304436919363
-11250.0
11250.0
11250.0
11250.0
11250.0
11250.0
11250.0
-11250.0
-11250.0
-11250.0
-10436.111773757384
-10690.706137214678
-11250.0
11250.0
11250.0
11250.0
11250.0
11250.0
11250.0
11250.0
11250.0
-9633.888388838888
-9476.829240914678
-9815.545493948805
-10212.46910354993
-10775.02543035987
-11250.0
11250.0
11250.0
11250.0
11250.0
11250.0
11250.0
-10720.175116476556
-9043.599914610288
-9644.832025642809
-8661.409898044592
-1141.383914525015
11250.0
11250.0
11250.0
11250.0
11250.0
-11250.0
-9769.032759165832
-8033.432921302741
-6562.1504686692715
-4777.587308695416
-3314.021281774521
-3077.7277709120663
-1506.9512689028434
2220.276390297384
7735.049528290358
10201.935463945814
7715.689846964047
8395.120402478307
8653.661472449621
2970.005654867249
11250.0
-4001.0666229077833
-5135.877983464023
-4142.714941906546
-3494.909811841264
-3187.300934517601
-2760.7755720044006
-16.79916421381313
11250.0
4378.7511616031625
11250.0
-7840.909090909091
-2339.2496210207173
-957.4083533906687
-379.4101682842502
-888.9331751726477
-83.29562331878151
2057.0375026135907
2680.427366652889
3.0130487288115546
-432.18677537314034
2569.8783860358562
11250.0
-8750.0
-6395.916334661357
-6548.0245194880445
-6625.763905039091
-6565.864169846172
-5736.242088383121
-5662.829592191687
-1130.1568732020369
11250.0
11250.0
11250.0
11250.0
11250.0
-6337.954477060706
-6322.209549651259
-4868.673902142011
-3509.1832796573453
-3872.1811377785602
-3411.5425718838
-1007.1312999378788
1104.1600908476767
1570.8356526987263
6663.184929206687
11250.0
7846.68476619745
1726.660323181526
11250.0
-8750.0
-4909.024691721363
-5351.427552366761
-5987.369176540076
-4765.517033773571
11250.0
6506.816119344425
11250.0
11250.0
11250.0
-9819.436698271056
-9962.301075109855
-8974.108419792952
-9003.228488801698
-10111.485908963812
-10749.87275964849
-11250.0
-11250.0
11250.0
11250.0
11250.0
11250.0
11250.0
11250.0
11250.0
-11250.0
-11250.0
-11250.0