Demand
11250.0
11250.0
11250.0
11250.0
11250.0
11250.0
11250.0
11250.0
11250.0
11250.0
11250.0
11250.0
11250.0
11250.0
11250.0
11250.0
11250.0
11250.0
11250.0
11250.0
11250.0
11250.0
11250.0
11250.0
11250.0
11250.0
11250.0
11250.0
11250.0
11250.0
11250.0
-11250.0
11250.0
11250.0
11250.0
11250.0
11250.0
-11250.0
11250.0
-11250.0
-10715.995836224847
-10661.618750172918
-11250.0
-11250.0
-11250.0
-11250.0
-11250.0
11250.0
11250.0
11250.0
11250.0
11250.0
11250.0
11250.0
11250.0
11250.0
-8195.644119245644
-7740.1184528408485
-6448.793063685596
11250.0
11250.0
11250.0
-8889.860139860142
-8290.6666082691
-7332.016751959669
-8099.449080373841
-1084.4817638771965
11250.0
11250.0
11250.0
11250.0
-11250.0
11250.0
11250.0
-11250.0
-11250.0
-11250.0
-10816.806601042274
-11250.0
11250.0
11250.0
11250.0
11250.0
11250.0
11250.0
-11250.0
-11250.0
11250.0
11250.0
-11250.0
-11250.0
-11250.0
-11250.0
-11250.0
-11250.0
11250.0
11250.0
11250.0
11250.0
11250.0
11250.0
11250.0
-10743.220715714608
-10335.76948617262
-10423.99189842075
-11250.0
11250.0
11250.0
11250.0
11250.0
11250.0
-10988.211879975504
-11250.0
-11250.0
-11250.0
-11250.0
11250.0
11250.0
11250.0
11250.0
11250.0
11250.0
11250.0
-11250.0
-11250.0
-9971.590909090912
-10075.519574673755
-10157.718698410248
-10134.541182145342
11250.0
11250.0
11250.0
11250.0
11250.0
11250.0
11250.0
-11250.0
-11250.0
-11250.0
-9866.131642837878
11250.0
-11250.0
11250.0
11250.0
11250.0
11250.0
-11250.0
-10974.376605946087
-10314.293609433345
-10151.449070419105
-9865.548260155905
-9907.788400768855
-11250.0
11250.0
11250.0
11250.0
11250.0
11250.0
11250.0
11250.0
11250.0
-10994.877660632585
-11250.0
-11250.0
11250.0
11250.0
11250.0
-11250.0
11250.0
-11250.0
-11250.0
-11250.0
-11250.0
-10654.011036408967
-11250.0
11250.0
11250.0
11250.0
11250.0
11250.0
11250.0
11250.0
11250.0
-10311.642582769346
-9386.767791504335
-7507.4640103439015
11250.0
11250.0
11250.0
-11250.0
11250.0
-11250.0
-11250.0
-11250.0
-11250.0
-11250.0
11250.0
11250.0
9204.545454545389
11250.0
-11250.0
11250.0
11250.0
11250.0
-11250.0
11250.0
11250.0
-10260.364602514863
-10417.773438144803
-10923.598103120828
-11250.0
-11250.0
-11250.0
11250.0
11250.0
11250.0
11250.0
11250.0
11250.0
-11250.0
-11250.0
-10906.143810650894
-10809.178158474817
-11250.0
-11250.0
11250.0
11250.0
11250.0
11250.0
11250.0
11250.0
11250.0
-11250.0
-11250.0
11250.0
11250.0
11250.0
-11250.0
-11250.0
11250.0
11250.0
11250.0
11250.0
-11250.0
-10748.44383972364
-11250.0
-10593.125931196853
-10839.118901738479
-9440.706639968754
-11250.0
11250.0
11250.0
11250.0
11250.0
11250.0
11250.0
11250.0
-11250.0
-11250.0
-11250.0
-11250.0
-10509.312734623163
-11250.0
-11250.0
-11250.0
11250.0
11250.0
11250.0
11250.0
11250.0
11250.0
11250.0
11250.0
-11250.0
11250.0
11250.0
11250.0
-11250.0
-9727.211837057785
-8739.38869962236
-7499.929654681338
-8379.121412343517
-9466.838960142784
-9264.277426996308
-9527.100628049462
11250.0
11250.0
11250.0
11250.0
11250.0
11250.0
11250.0
-11250.0
-10317.549009047827
-10080.445683710946
-10100.39189384364
-11250.0
11250.0
11250.0
11250.0
11250.0
11250.0
11250.0
-11250.0
11250.0
11250.0
-11250.0
-11250.0
-11250.0
-11250.0
-11250.0
-11250.0
11250.0
11250.0
11250.0
11250.0
11250.0
11250.0
-10968.828528950566
-11250.0
-11250.0
-11250.0
-11250.0
11250.0
11250.0
11250.0
11250.0
11250.0
11250.0
11250.0
-10680.886099467429
-10875.520337493574
-11250.0
11250.0
11250.0
11250.0
11250.0
11250.0
-10757.610037021805
-10711.230077653989
-10947.495223884762
-11250.0
-11250.0
-11250.0
-11250.0
11250.0
11250.0
11250.0
11250.0
11250.0
11250.0
11250.0
11250.0
-11250.0
11250.0
-11250.0
-11250.0
-11250.0
11250.0
11250.0
11250.0
11250.0
-11250.0
-10505.123489227535
-10163.872482909363
-9731.063079433974
-9844.041870143272
-10816.071478814181
-11250.0
-11250.0
11250.0
11250.0
11250.0
11250.0
11250.0
11250.0
11250.0
11250.0
-11250.0
-11250.0
-11250.0
-11250.0
-11250.0
11250.0
11250.0
11250.0
11250.0
11250.0
-11250.0
-10884.36798403478
-9661.849090636875
-6491.935900314249
11250.0
11250.0
11250.0
11250.0
11250.0
11250.0
-11250.0
11250.0
11250.0
11250.0
-11250.0
-11250.0
-11250.0
-11250.0
-11250.0
-11250.0
-11250.0
11250.0
11250.0
11250.0
11250.0
11250.0
11250.0
11250.0
11250.0
-10787.031466217439
-11250.0
-11250.0
-11250.0
-11250.0
-11250.0
11250.0
11250.0
11250.0
11250.0
11250.0
11250.0
11250.0
-11007.607257607258
-11250.0
-11250.0
-10503.630081363768
11250.0
11250.0
11250.0
11250.0
11250.0
-10313.652182377926
-10746.809850578
-10697.299728654049
-10937.970798010498
-11250.0
-11250.0
-5338.658805361876
-4222.553924317806
11250.0
11250.0
11250.0
11250.0
11250.0
11250.0
11250.0
11250.0
-11250.0
-11250.0
-11250.0
-11250.0
-11250.0
-11250.0
-9658.315234253809
11250.0
11250.0
11250.0
11250.0
11250.0
11250.0
11250.0
11250.0
-10517.491670633033
11250.0
11250.0
11250.0
-10537.051106252085
-10610.931427225929
-11250.0
11250.0
11250.0
11250.0
-11250.0
-11250.0
-11250.0
-10880.650102636708
-10272.751160260803
-10450.101407042028
-2003.6866568834757
11250.0
11250.0
11250.0
11250.0
11250.0
11250.0
11250.0
-11250.0
-10271.419228253759
-9409.845473161029
-8227.078892576705
11250.0
11250.0
11250.0
11250.0
11250.0
-11250.0
-11250.0
-11250.0
-11250.0
-11250.0
11250.0
11250.0
11250.0
11250.0
11250.0
-11250.0
-11250.0
11250.0
11250.0
11250.0
11250.0
-10482.566168009209
-10682.877044267163
-11250.0
-10849.048517085688
-11250.0
-11250.0
11250.0
11250.0
11250.0
11250.0
11250.0
11250.0
11250.0
11250.0
-10761.604290519816
-10400.333528449239
-9480.418842161653
-9193.584725434037
-8528.971779629304
11250.0
11250.0
11250.0
11250.0
11250.0
-11250.0
11250.0
-11007.068532245641
-10194.209427452697
-9503.226353123682
-9936.260944868682
-10471.25972588437
-11250.0
-11250.0
-11250.0
11250.0
11250.0
11250.0
11250.0
11250.0
11250.0
11250.0
11250.0
-10890.629072067091
11250.0
11250.0
11250.0
-11250.0
-11250.0
11250.0
11250.0
11250.0
-11250.0
-11250.0
-11250.0
11250.0
11250.0
11250.0
-11250.0
-11250.0
-11250.0
-10854.441360166547
-11250.0
-11250.0
-6850.688670969797
11250.0
11250.0
11250.0
11250.0
11250.0
11250.0
11250.0
11250.0
11250.0
-9748.829496683575
11250.0
-10741.273217636783
-10972.055228655838
-11250.0
-11250.0
-11250.0
-11250.0
-11250.0
11250.0
11250.0
11250.0
11250.0
11250.0
11250.0
11250.0
11250.0
11250.0
-11250.0
-11250.0
-11250.0
-11250.0
11250.0
11250.0
11250.0
11250.0
11250.0
11250.0
-11250.0
-11250.0
-11250.0
-11250.0
-11250.0
-11250.0
11250.0
11250.0
11250.0
11250.0
11250.0
11250.0
11250.0
-11017.747193045998
-11250.0
-11250.0
-11250.0
-10894.773726006719
-11250.0
-10024.526169042067
-8999.863408509213
11250.0
11250.0
11250.0
11250.0
11250.0
11250.0
11250.0
-11250.0
11250.0
-11250.0
-11250.0
-8893.108756395242
-4864.194775381544
1577.9982658557483
11250.0
10980.867608589904
5269.320111461588
11250.0
6323.962669616052
11250.0
-8068.181818181819
-2513.726584062477
529.8665001583395
8198.615606044768
3499.0705914127316
11250.0
-3735.824985824985
-4633.475548132763
-2732.575914798561
-17.393598932198074
6579.466995852297
11250.0
-8863.636363636364
-4740.612590173183
-4120.071091031812
-3218.383796821195
546.635054657926
4555.088334329012
7202.957935176894
6214.487927969354
3846.9837444401346
7690.909560006887
-6363.636363636365
1062.8954833078742
-1225.1647056099282
-2027.1597526424812
-1500.0135844253018
7933.022641391085
8738.24339707893
-9090.909090909092
-6683.6063857019835
-6720.265743152988
-6574.52178320946
-5486.256416394365
-4522.952857668401
11250.0
11250.0
11250.0
11250.0
11250.0
-7542.587239314477
-5400.064627724245
-5071.4477768324905
-2608.616625221328
216.28012838795985
690.5902198317654
3560.196915937671
11250.0
6398.066095235108
6988.751447357154
11250.0
-7386.363636363636
-3076.764396067416
-4808.344419965022
-5716.527387725029
-4452.928507512126
-3807.683457395054
-3892.1191925643034
-3693.739985079265
5927.429777130717
11250.0
11250.0
11250.0
-10568.181818181818
-9340.94292144389
-9413.985737115618
-9455.667711935177
-7607.621294468657
-6730.910533418199
-7331.60919891637
11250.0
11250.0
11250.0
11250.0
11250.0
11250.0
11250.0
-11250.0
-11250.0
-11250.0
11250.0
11250.0
11250.0