Demand
11250.0
11250.0
11250.0
11250.0
11250.0
11250.0
11250.0
11250.0
11250.0
11250.0
11250.0
11250.0
11250.0
11250.0
11250.0
11250.0
11250.0
11250.0
11250.0
11250.0
11250.0
11250.0
11250.0
11250.0
11250.0
11250.0
11250.0
11250.0
11250.0
-10848.443568475668
-11250.0
-11250.0
-11250.0
11250.0
11250.0
11250.0
11250.0
11250.0
11250.0
11250.0
11250.0
11250.0
11250.0
-11250.0
-11250.0
11250.0
11250.0
-11250.0
-11250.0
-11250.0
11250.0
11250.0
11250.0
11250.0
-9405.671400323565
-8726.988721975973
-7573.293183364757
-7325.217828307392
-7179.044907271429
-5242.296852155153
-1354.2092793712982
11250.0
11250.0
11250.0
11250.0
11250.0
-9068.465318465322
-9294.498510112218
-9840.087199050864
-9540.357065315897
-11250.0
11250.0
11250.0
11250.0
11250.0
-11250.0
-11250.0
-10879.595833625088
-11250.0
-11250.0
11250.0
11250.0
11250.0
11250.0
11250.0
11250.0
11250.0
-11250.0
-11250.0
-11250.0
11250.0
11250.0
11250.0
11250.0
-11250.0
-11250.0
-11250.0
-11250.0
-11250.0
-11250.0
-11250.0
-11250.0
11250.0
11250.0
11250.0
11250.0
11250.0
11250.0
11250.0
11250.0
11250.0
-11013.187049916909
-11250.0
-11250.0
-11250.0
-11250.0
-11250.0
11250.0
11250.0
11250.0
11250.0
11250.0
11250.0
11250.0
-11250.0
-10146.553843317408
-10329.790808533427
-10542.902511621603
-10817.237949483188
-11250.0
-11250.0
11250.0
11250.0
11250.0
11250.0
11250.0
11250.0
11250.0
11250.0
11250.0
-10474.068389091808
-11250.0
-11250.0
-11250.0
11250.0
11250.0
11250.0
11250.0
11250.0
11250.0
-10545.09728481917
-10721.128922155181
-11250.0
-11250.0
-11250.0
11250.0
11250.0
11250.0
11250.0
11250.0
11250.0
-11007.942749292233
-11250.0
-11250.0
-11250.0
-11250.0
-11250.0
11250.0
11250.0
11250.0
11250.0
11250.0
11250.0
11250.0
-11250.0
-11250.0
-11250.0
-11250.0
-11250.0
-11250.0
11250.0
11250.0
11250.0
11250.0
11250.0
11250.0
11250.0
-11014.869961499178
-11250.0
-11250.0
-11250.0
11250.0
11250.0
11250.0
11250.0
-11250.0
-10199.786687190888
-10056.219616046274
-9819.94752155964
-9832.666905159771
-11250.0
11250.0
11250.0
11250.0
11250.0
11250.0
11250.0
11250.0
-10520.800429591258
-10980.751147637398
-11250.0
-11250.0
-11250.0
-11250.0
11250.0
11250.0
11250.0
11250.0
11250.0
11250.0
11250.0
-10997.820672478207
-10953.566674938527
-11250.0
-11250.0
-11250.0
11250.0
11250.0
11250.0
11250.0
11250.0
-11250.0
-11250.0
-11250.0
-11250.0
-11250.0
-11250.0
11250.0
11250.0
11250.0
11250.0
11250.0
11250.0
11250.0
11250.0
-11250.0
-10745.978778053814
-10973.111723882914
-10309.036045954334
-11250.0
-11250.0
-11250.0
-11250.0
11250.0
11250.0
11250.0
11250.0
11250.0
11250.0
11250.0
11250.0
-10688.25617921356
-11250.0
-11250.0
11250.0
11250.0
11250.0
-11250.0
-11250.0
-11250.0
-11250.0
-11250.0
-11250.0
-11250.0
11250.0
11250.0
11250.0
11250.0
11250.0
11250.0
11250.0
11250.0
11250.0
-10517.74725623295
-10979.395596526036
-11250.0
-11250.0
-11250.0
-11250.0
11250.0
11250.0
11250.0
11250.0
11250.0
11250.0
11250.0
-11250.0
11250.0
-11250.0
-11250.0
-11250.0
-11250.0
-11250.0
-11250.0
11250.0
11250.0
11250.0
11250.0
11250.0
11250.0
11250.0
-11250.0
-11250.0
-11250.0
-11250.0
11250.0
11250.0
11250.0
11250.0
11250.0
11250.0
-11250.0
-11250.0
-11250.0
-11250.0
-11250.0
-9328.831570077717
11250.0
11250.0
11250.0
11250.0
-522.5128281703946
11250.0
11250.0
11250.0
-11250.0
-11250.0
11250.0
11250.0
-10731.324204870441
-10963.571125218245
-11250.0
-11250.0
-11250.0
-11250.0
-11250.0
11250.0
11250.0
11250.0
11250.0
11250.0
11250.0
11250.0
11250.0
-11250.0
-11250.0
-11250.0
-11250.0
-11250.0
-11250.0
-11250.0
-11250.0
11250.0
11250.0
11250.0
11250.0
11250.0
11250.0
11250.0
11250.0
11250.0
-11250.0
-11250.0
-11250.0
-11250.0
-11250.0
-8749.06840296702
-11250.0
11250.0
11250.0
11250.0
11250.0
11250.0
11250.0
11250.0
11250.0
-11250.0
-11250.0
-11250.0
-10754.096151742197
-7982.971084218792
11250.0
11250.0
11250.0
11250.0
11250.0
11250.0
-11250.0
11250.0
-11250.0
-11250.0
-11250.0
-11250.0
-11250.0
11250.0
11250.0
11250.0
11250.0
11250.0
11250.0
11250.0
-11250.0
-10732.445520581117
-10365.305836628911
-9482.246466459626
-9405.345866091757
-9739.571050281542
74.6469201602813
11250.0
11250.0
11250.0
11250.0
11250.0
11250.0
-9539.02229845626
11250.0
-10340.909090909092
-8926.805796663903
-6330.417453262934
11250.0
11250.0
11250.0
-11250.0
-10970.666278491557
-11250.0
-7947.0020905581405
11250.0
11250.0
11250.0
11250.0
-11022.727272727274
11250.0
11250.0
11250.0
-11250.0
-9221.38700975892
-9872.984910176336
-9401.101983126882
-9468.06018635906
-8614.048199680972
-8248.624667832424
-9078.151903453807
11250.0
11250.0
11250.0
11250.0
11250.0
11250.0
11250.0
11250.0
-11250.0
-10985.171132104693
-10649.167435292584
-11250.0
-11250.0
-11250.0
-11250.0
11250.0
11250.0
11250.0
11250.0
11250.0
11250.0
11250.0
-8614.920747655684
11250.0
11250.0
-11250.0
-11250.0
-11250.0
-11250.0
-11250.0
-11250.0
-4889.0693669214415
11250.0
11250.0
11250.0
11250.0
11250.0
11250.0
11250.0
11250.0
-11250.0
-11250.0
-11250.0
-10324.00005761117
-9804.488924397207
-9898.917439634744
-9958.088226938675
-6993.262713910044
11250.0
11250.0
11250.0
11250.0
11250.0
11250.0
11250.0
11250.0
-11250.0
-10396.13848202397
-10918.675684163129
-10831.618989341325
-10628.646858800694
-11250.0
11250.0
11250.0
11250.0
11250.0
11250.0
11250.0
11250.0
-11250.0
-10976.588670304074
-11250.0
-11250.0
-11250.0
-11250.0
-11250.0
-11250.0
11250.0
11250.0
11250.0
11250.0
11250.0
11250.0
11250.0
11250.0
11250.0
-11250.0
11250.0
11250.0
11250.0
-11250.0
-11250.0
-10160.36533559898
11250.0
11250.0
11250.0
-10316.030945910476
-10732.884167791937
-11250.0
-11250.0
-11250.0
-11250.0
11250.0
11250.0
11250.0
11250.0
11250.0
11250.0
-10052.001328159651
-9469.85522301487
11250.0
11250.0
11250.0
11250.0
11250.0
-11250.0
11250.0
11250.0
-11250.0
-11250.0
-11250.0
-11250.0
-11250.0
-11250.0
-11250.0
-11250.0
11250.0
11250.0
11250.0
11250.0
11250.0
11250.0
11250.0
11250.0
11250.0
-11250.0
-11250.0
-11250.0
-11250.0
-11250.0
-9851.925872093023
-9947.127899844112
-8700.521966713208
11250.0
11250.0
11250.0
11250.0
11250.0
11250.0
11250.0
11250.0
11250.0
-10739.067312259627
-10966.225924166964
-10922.601002477706
-10848.815663168883
-11250.0
-11250.0
11250.0
11250.0
11250.0
11250.0
11250.0
11250.0
11250.0
11250.0
-10395.854145854148
11250.0
-11250.0
-11250.0
-11250.0
-11250.0
-11250.0
-11250.0
11250.0
11250.0
11250.0
11250.0
11250.0
11250.0
11250.0
-11004.099840968294
-11250.0
-11250.0
-11250.0
-10791.911655947872
-11250.0
-7621.070552352702
11250.0
11250.0
11250.0
11250.0
11250.0
11250.0
11250.0
11250.0
-11250.0
-11250.0
-11250.0
-11250.0
-3562.6873126873033
11250.0
11250.0
11250.0
11250.0
11250.0
11250.0
-6216.358284272497
-4937.629904281164
-3218.656342684595
-1396.8217626055102
2373.302518861048
10212.01929500177
1297.486465785857
11250.0
-3200.2935816967015
-4293.659832770234
-2758.3696385398434
-1322.6385313094179
268.7720870025387
3795.819096759566
11250.0
5063.3502483033
11250.0
-5334.182202575441
-3163.4672283047767
-921.3703066631042
1272.8965520641732
2461.1658362865783
2234.111390045093
4900.63810176952
8098.535358377649
-6250.0
-1877.202255109234
-3044.495210438019
-3729.928320118095
-2596.8364859172216
-74.3830489191987
5294.7886764486975
11250.0
2190.326954064247
11250.0
-7760.995239174795
-8365.42310939467
-9019.950832908602
-11250.0
11250.0
11250.0
11250.0
11250.0
-5952.186606405838
-5671.673482094593
-3445.854320262608
-767.7837186892903
44.374435983125295
3923.9429680802477
11250.0
6472.560995906249
10334.008855083415
-8409.09090909091
-1452.8359587587674
-1198.7186591938244
-3071.0829812023317
-3652.8231410333315
-213.2270151717221
4069.281334774962
7816.653034343217
6767.924131236145
11250.0
11250.0
-10277.941755214484
-9386.435944780595
-9466.39844392147
-8827.969203747016
-8684.514774919713
-8231.59669310271
-1307.8254993174596
11250.0
9552.54739261117
11250.0
-11250.0
11250.0
11250.0
11250.0
-10705.515777970606
-10946.529474532508
-11250.0
-11250.0
-11250.0
-11250.0
11250.0
11250.0