Demand
-11250.0
-11250.0
-11250.0
-11250.0
11250.0
11250.0
11250.0
11250.0
11250.0
11250.0
11250.0
11250.0
11250.0
-11250.0
-11250.0
-11250.0
11250.0
11250.0
11250.0
11250.0
-11250.0
-11250.0
-11250.0
-11250.0
11250.0
11250.0
11250.0
11250.0
11250.0
-11008.610954263127
-11250.0
-11250.0
-11250.0
11250.0
11250.0
11250.0
11250.0
11250.0
-11250.0
-11250.0
11250.0
11250.0
11250.0
-11250.0
-11250.0
-11250.0
-11250.0
11250.0
11250.0
11250.0
11250.0
11250.0
-10317.645669005127
-9998.164059927683
-9065.469217170557
-8224.424181294638
-6787.554325704113
-6448.179173733224
-6268.973726570919
-4117.777716932924
-1838.1299114688554
11250.0
11250.0
11250.0
11250.0
11250.0
11250.0
-10454.545454545456
-9987.541528239202
-10017.68735093328
-11250.0
11250.0
11250.0
11250.0
11250.0
11250.0
11250.0
-11020.941239507054
-11250.0
-11250.0
-11250.0
-11250.0
-11250.0
-11250.0
11250.0
11250.0
11250.0
11250.0
11250.0
11250.0
11250.0
11250.0
-11250.0
-11250.0
-11250.0
-11250.0
-11250.0
-11250.0
-11250.0
11250.0
11250.0
11250.0
11250.0
11250.0
11250.0
11250.0
11250.0
11250.0
-11250.0
-11250.0
-11250.0
11250.0
11250.0
11250.0
11250.0
-11250.0
-11250.0
-11250.0
-11250.0
-11250.0
11250.0
11250.0
11250.0
11250.0
11250.0
11250.0
-10448.22870539203
-10597.237329250078
-10784.977720037197
-11250.0
11250.0
11250.0
11250.0
11250.0
11250.0
-11250.0
11250.0
11250.0
11250.0
-10697.872569419535
-10109.320467235695
-11250.0
11250.0
11250.0
11250.0
11250.0
-11250.0
-10979.31616715914
-10310.847214912475
-10101.601246588787
-9666.902084260531
-9244.07277312476
11250.0
11250.0
11250.0
11250.0
11250.0
11250.0
11250.0
-11014.652989319926
-10930.951301185123
-10473.211374912516
11250.0
11250.0
11250.0
-11250.0
-11250.0
-11250.0
-11250.0
-11250.0
-11250.0
-11250.0
11250.0
11250.0
11250.0
11250.0
11250.0
11250.0
11250.0
-11250.0
-11250.0
-11250.0
-11250.0
-8680.821096663294
-3529.3502645680273
11250.0
11250.0
198.8462239192404
11250.0
11250.0
11250.0
11250.0
11250.0
-11250.0
-11250.0
-11250.0
-6567.63417305586
11250.0
11250.0
11250.0
11250.0
11250.0
-11250.0
-11250.0
-11250.0
-11250.0
-11250.0
11250.0
11250.0
11250.0
11250.0
11250.0
11250.0
11250.0
-11250.0
-11250.0
-11250.0
11250.0
11250.0
11250.0
11250.0
-11008.01886792453
-10977.911377482276
-11250.0
-11250.0
-11250.0
-11250.0
11250.0
11250.0
11250.0
11250.0
11250.0
11250.0
-11250.0
11250.0
11250.0
11250.0
-11250.0
-11250.0
-11250.0
-11250.0
-11250.0
-11250.0
11250.0
11250.0
11250.0
11250.0
11250.0
11250.0
11250.0
11250.0
-11250.0
11250.0
11250.0
-11250.0
-11250.0
-11250.0
-11250.0
-11250.0
-11250.0
-11250.0
-6425.548589341702
11250.0
11250.0
11250.0
11250.0
11250.0
11250.0
11250.0
11250.0
11250.0
-11250.0
-11250.0
-11250.0
11250.0
11250.0
11250.0
-11250.0
-9122.798357159783
-6664.488506898309
1329.4966378461722
11250.0
2238.4942844151965
11250.0
11250.0
11250.0
-11250.0
-11250.0
-11250.0
-11250.0
-11250.0
-11250.0
11250.0
11250.0
11250.0
11250.0
11250.0
11250.0
-11250.0
-11250.0
-11250.0
-11250.0
-11250.0
-11250.0
11250.0
11250.0
11250.0
11250.0
11250.0
11250.0
11250.0
11250.0
-11250.0
-11250.0
-11250.0
-11250.0
-10787.541568171804
-9774.268570500357
-8577.485532861687
11250.0
11250.0
11250.0
11250.0
11250.0
11250.0
11250.0
-10664.298600919385
11250.0
11250.0
-10338.540124370746
-10752.479125214759
-10969.210253461348
-11250.0
-11250.0
-11250.0
-11250.0
11250.0
11250.0
11250.0
11250.0
11250.0
11250.0
-11250.0
-11250.0
-11250.0
-11250.0
-11250.0
-11250.0
-11250.0
11250.0
11250.0
11250.0
11250.0
11250.0
11250.0
11250.0
11250.0
11250.0
-11250.0
11250.0
11250.0
11250.0
-11250.0
-10432.774001699236
-10026.82210363341
-9471.241456494528
-9496.854617560995
-10637.830422101739
-11250.0
11250.0
11250.0
11250.0
11250.0
11250.0
11250.0
11250.0
11250.0
-11250.0
-11250.0
-11250.0
11250.0
11250.0
11250.0
-11250.0
11250.0
11250.0
-11250.0
-11250.0
-11250.0
-10835.969783057852
-9509.721522719396
-6922.986248225545
11250.0
9601.887600338865
11250.0
11250.0
11250.0
11250.0
11250.0
11250.0
-11250.0
-11250.0
-11250.0
-11250.0
11250.0
11250.0
11250.0
11250.0
11250.0
-11250.0
-11250.0
-11250.0
-10566.40509327806
-9901.590366673649
-7575.892715294368
-154.85229717470065
11250.0
11250.0
11250.0
11250.0
11250.0
11250.0
-11250.0
11250.0
-9168.019480519488
-8659.018422343004
-6935.437193253976
-3773.526104961773
11250.0
11250.0
11250.0
11250.0
11250.0
-11003.507591773978
-11250.0
-9590.862546864173
-9563.253483156052
-8664.861027185649
-7305.506583365393
11250.0
11250.0
11250.0
11250.0
11250.0
11250.0
-9095.89544404787
-9707.895181479478
-8962.54617261831
-8573.888693827983
-4489.8626534253945
11250.0
11250.0
11250.0
11250.0
11250.0
11250.0
-11250.0
-11250.0
-11250.0
-11250.0
-11250.0
-10620.912361020277
-8468.588962529251
11250.0
11250.0
11250.0
11250.0
11250.0
11250.0
11250.0
11250.0
-9705.74954846478
-9109.047971658587
-10847.972833553147
-8862.074065703557
11250.0
11250.0
11250.0
11250.0
11250.0
-11250.0
-11250.0
-11250.0
-10677.353098767642
11250.0
8060.9118160395
11250.0
11250.0
11250.0
-11250.0
-11250.0
-11250.0
11250.0
11250.0
11250.0
11250.0
-10257.314524555906
-10403.153377275241
-10566.653946238766
-9838.848376108312
-9440.967391336671
11250.0
11250.0
11250.0
11250.0
11250.0
11250.0
-11250.0
-11250.0
-10303.645218417947
-10863.247803972186
-10702.878390416132
-10090.284491659306
11250.0
11250.0
11250.0
11250.0
11250.0
11250.0
11250.0
-10696.123947311597
11250.0
11250.0
-11250.0
-11250.0
-11250.0
-11250.0
11250.0
11250.0
11250.0
11250.0
11250.0
11250.0
-10751.596113809857
-10430.229119536118
-9715.27257258987
-9825.82773685093
-10367.081545992249
-11250.0
-8285.64697109678
11250.0
11250.0
11250.0
11250.0
11250.0
11250.0
11250.0
11250.0
-7634.778012685016
11250.0
11250.0
-11250.0
-11250.0
-11250.0
-11250.0
11250.0
11250.0
11250.0
11250.0
-10995.578830729384
-10381.313614488317
-10904.83724657145
-11250.0
-11250.0
11250.0
11250.0
11250.0
11250.0
11250.0
11250.0
11250.0
-11250.0
-11250.0
-11250.0
-11250.0
-11250.0
11250.0
11250.0
11250.0
11250.0
11250.0
-11250.0
-10629.835589941973
-11250.0
-10650.023035429771
-11250.0
11250.0
11250.0
11250.0
11250.0
11250.0
11250.0
-10480.23087477476
-10675.11216550388
-10576.444649394976
-10824.601127093876
-11250.0
-11250.0
11250.0
11250.0
11250.0
11250.0
11250.0
11250.0
11250.0
-10993.70847350634
-10957.774191613124
-10897.534377462034
-11250.0
-11250.0
11250.0
11250.0
11250.0
11250.0
11250.0
11250.0
11250.0
-11250.0
-9987.852134333873
11250.0
11250.0
11250.0
11250.0
-11250.0
-11250.0
-11250.0
-11250.0
-10082.14448322963
-6723.594142968981
11250.0
11250.0
11250.0
11250.0
11250.0
-11250.0
11250.0
11250.0
11250.0
11250.0
11250.0
-10789.376441822882
-10748.174391506429
-9286.79849051678
-9967.516235576248
-9677.334485901389
-9618.030730005616
-6971.559442668335
11250.0
11250.0
11250.0
11250.0
11250.0
11250.0
11250.0
-7219.779896036559
-5898.968648120989
-4980.71113350053
-5138.650864420961
-4555.21813671368
-3004.0666278454282
-588.9656285770288
2346.7353055969925
4374.546345005419
6802.449526456955
9768.646532299052
7286.027798100269
5069.306039135474
4185.329679537563
8691.165908464365
-8181.818181818182
-3248.39897005909
-2893.3553300177464
-2392.008184553104
610.0119129392715
11250.0
5181.569621008275
11250.0
-7840.909090909091
-548.1671881984767
1418.5965060494254
2306.1227370768565
1772.5496062325456
3227.029675467046
6273.55848455842
5000.623223857799
530.6394979696706
11250.0
-5151.699306561
-5081.975852899888
-4941.228269518268
-5317.453681961248
-5261.0396064941815
-4963.7735796119905
-4111.606743926883
-567.304043297836
7635.805729685388
11250.0
-11250.0
11250.0
11250.0
11250.0
-7468.512437491925
-5262.638590736488
-4903.837903219128
-2329.8578731732687
632.8114099863451
1111.4484352720492
4031.0884099870705
11250.0
6578.393778856085
6803.896020383076
11250.0
-7386.363636363636
-3216.783320481644
-5007.176730682602
-6036.8776305631845
-5158.351373746446
-5032.695574729702
-5776.352673829235
-6887.076940595517
-7281.529006837147
-8211.178329000883
-6206.330597950389
11250.0
11250.0
11250.0
11250.0
11250.0
11250.0
11250.0
-10527.329075882797
-10990.945696016795
-11250.0
-11250.0
-11250.0
-8838.167449446806
-9911.986389423622
-9900.845187711013
11250.0
11250.0
11250.0
11250.0
11250.0
11250.0