Demand
11250.0
11250.0
11250.0
11250.0
11250.0
11250.0
11250.0
11250.0
11250.0
11250.0
11250.0
11250.0
11250.0
11250.0
11250.0
11250.0
-11250.0
11250.0
11250.0
11250.0
11250.0
11250.0
11250.0
11250.0
11250.0
-11250.0
-11250.0
-11250.0
-10944.85476355705
-10891.049357344717
-11250.0
-11250.0
-11250.0
11250.0
11250.0
11250.0
11250.0
11250.0
11250.0
11250.0
11250.0
-10771.046493752256
-11250.0
-11250.0
-11250.0
-11250.0
-11250.0
11250.0
11250.0
11250.0
11250.0
11250.0
11250.0
11250.0
-9395.179757270438
-8777.451343519271
-7786.088713443292
-7766.990168243519
-8005.716965674099
-7458.483587378515
-7944.2280126131445
-7094.335702154418
4746.9784274895355
11250.0
11250.0
4030.319859570937
11250.0
11250.0
11250.0
11250.0
-11250.0
11250.0
-11250.0
-11250.0
-11250.0
-11250.0
-11250.0
-10369.237702807113
-11250.0
11250.0
11250.0
11250.0
11250.0
11250.0
11250.0
11250.0
-11250.0
11250.0
11250.0
11250.0
-11250.0
-11250.0
-11250.0
-11250.0
-11250.0
11250.0
11250.0
11250.0
11250.0
11250.0
11250.0
-11250.0
-10710.454354228019
-10317.91978517421
-10492.124982536829
-11250.0
-11250.0
11250.0
11250.0
11250.0
11250.0
11250.0
11250.0
11250.0
-11250.0
-11250.0
-11250.0
-11250.0
11250.0
11250.0
11250.0
11250.0
11250.0
-11250.0
-11250.0
-10012.632962686032
-10125.499168254311
-10227.665728949163
-10284.52333690766
11250.0
11250.0
11250.0
11250.0
11250.0
11250.0
11250.0
-11250.0
-11250.0
-11250.0
-10615.09900990099
-10100.547802093348
-11250.0
-11250.0
-11250.0
11250.0
11250.0
11250.0
11250.0
11250.0
11250.0
11250.0
-10737.389799452663
-11250.0
-11250.0
-11250.0
-11250.0
-11250.0
-11250.0
11250.0
11250.0
11250.0
11250.0
11250.0
11250.0
11250.0
11250.0
11250.0
-11250.0
-11250.0
-11250.0
-11250.0
-11250.0
11250.0
11250.0
11250.0
11250.0
11250.0
11250.0
11250.0
-11250.0
-11250.0
-11250.0
-11250.0
-9638.312912346842
-8113.718128126744
-6577.73685467332
-6015.47386212182
11250.0
11250.0
11250.0
11250.0
11250.0
11250.0
11250.0
11250.0
-11250.0
-10207.380647521495
-10048.906696577684
-9771.42455113143
-9685.257728660086
-11250.0
11250.0
11250.0
11250.0
11250.0
11250.0
11250.0
-10252.786237283744
-10291.966829099161
-10696.885471828919
11250.0
11250.0
11250.0
11250.0
-11250.0
-11250.0
-11250.0
-11250.0
-11250.0
11250.0
11250.0
11250.0
11250.0
11250.0
-11250.0
-11250.0
-11250.0
-11250.0
-11250.0
-11250.0
11250.0
11250.0
11250.0
11250.0
11250.0
11250.0
11250.0
-11250.0
-11250.0
-11250.0
-11250.0
11250.0
11250.0
11250.0
11250.0
11250.0
11250.0
-10997.255779122243
-10375.20979399333
-11250.0
-11250.0
-11250.0
11250.0
11250.0
11250.0
11250.0
11250.0
11250.0
-11250.0
11250.0
-11250.0
-10627.470355731228
-11250.0
-11250.0
11250.0
11250.0
11250.0
11250.0
11250.0
-11250.0
-11250.0
-11250.0
-11250.0
-11250.0
-11250.0
-11250.0
11250.0
11250.0
11250.0
11250.0
11250.0
11250.0
11250.0
11250.0
-10875.41073384447
-11250.0
11250.0
11250.0
11250.0
-11250.0
-11250.0
-11250.0
-11250.0
-9402.696940056674
-7579.378614378413
11250.0
11250.0
11250.0
11250.0
11250.0
11250.0
11250.0
11250.0
11250.0
11250.0
-11250.0
11250.0
-11250.0
-11250.0
-11250.0
-11250.0
-11250.0
-11250.0
11250.0
11250.0
11250.0
11250.0
11250.0
11250.0
11250.0
-11250.0
-11250.0
-11250.0
-11250.0
-11250.0
-11250.0
-7676.332288401271
11250.0
11250.0
11250.0
11250.0
11250.0
11250.0
11250.0
11250.0
-11250.0
-11250.0
-11250.0
11250.0
11250.0
11250.0
11250.0
-11250.0
-11250.0
-11250.0
-11250.0
-11250.0
-11250.0
11250.0
11250.0
11250.0
11250.0
11250.0
11250.0
11250.0
-11250.0
-11250.0
-11250.0
-11250.0
-11250.0
-11250.0
11250.0
11250.0
11250.0
11250.0
11250.0
11250.0
-10938.25960136121
-11250.0
-11250.0
11250.0
11250.0
11250.0
11250.0
11250.0
11250.0
-10087.964361220173
11250.0
11250.0
-11250.0
-11250.0
-11250.0
-11250.0
11250.0
11250.0
11250.0
11250.0
11250.0
-11250.0
-10973.667854479165
-10311.348951786113
-9779.413127892487
-10328.136700047176
-10571.048924670155
-11250.0
11250.0
11250.0
11250.0
11250.0
11250.0
11250.0
11250.0
11250.0
-11250.0
-11250.0
-11250.0
-11250.0
11250.0
11250.0
11250.0
11250.0
11250.0
-10752.810622213608
-10359.239211762604
-9266.363600871751
-8432.924668438438
11250.0
11250.0
11250.0
11250.0
11250.0
-11250.0
11250.0
11250.0
11250.0
-9468.59852028234
-9032.969391207938
-9402.742380184962
-9826.013977212875
-10808.618087870156
-10608.46011356773
-11250.0
11250.0
11250.0
11250.0
11250.0
11250.0
11250.0
11250.0
11250.0
-10767.221908526259
-10729.815640107725
-10964.72416981378
-11250.0
-11250.0
-7388.129495630842
-8023.632723591861
-4465.37619522609
10816.341292220763
11250.0
7008.09484406704
11250.0
11250.0
11250.0
11250.0
11250.0
11250.0
-11250.0
-11250.0
-11250.0
-11250.0
-10551.850843767013
11250.0
-11250.0
11250.0
11250.0
11250.0
11250.0
-11250.0
-11250.0
-10582.781724896824
-8730.891468149639
-7138.823799374302
-10161.240033828384
11250.0
11250.0
11250.0
11250.0
11250.0
11250.0
11250.0
-11250.0
-11250.0
-10773.470398811001
-8735.800530640576
11250.0
11250.0
11250.0
11250.0
11250.0
-11250.0
-11250.0
-11250.0
-11250.0
11250.0
11250.0
11250.0
11250.0
11250.0
-10561.347771612673
-10742.244383917088
-10080.698700314839
-10893.572277547511
-11250.0
-11250.0
11250.0
11250.0
11250.0
11250.0
11250.0
11250.0
-10605.851330989459
11250.0
11250.0
-11250.0
-11250.0
11250.0
11250.0
11250.0
-10065.432533673717
-9400.779596887387
11250.0
11250.0
11250.0
11250.0
-11250.0
-11250.0
-11250.0
-11250.0
-11250.0
-11250.0
-11250.0
11250.0
11250.0
11250.0
11250.0
11250.0
11250.0
11250.0
11250.0
-11250.0
-11250.0
-11250.0
-11250.0
-10891.258741258745
-10795.518084577554
-8559.583663275102
-2728.907308308957
11250.0
11250.0
-11250.0
11250.0
11250.0
11250.0
11250.0
11250.0
-11250.0
-11250.0
-10076.823742875393
-9579.741348728345
11250.0
11250.0
11250.0
11250.0
11250.0
11250.0
-11250.0
-11250.0
-11250.0
-10637.645339955896
11250.0
11250.0
11250.0
11250.0
11250.0
-11250.0
-11250.0
-11250.0
-11250.0
-10796.979865771817
-11250.0
-11250.0
11250.0
11250.0
11250.0
11250.0
11250.0
11250.0
11250.0
11250.0
11250.0
-11250.0
-10373.101905928605
-10509.735745333433
-10096.34142025543
-8814.42062599838
11250.0
11250.0
11250.0
11250.0
11250.0
-11250.0
-11250.0
-10555.182052904234
-10329.285997421688
-10466.819939985824
2256.532048325731
11250.0
11250.0
11250.0
11250.0
11250.0
11250.0
-11250.0
11250.0
11250.0
11250.0
-11250.0
-10665.401270619073
-10877.616866051056
-11250.0
-11250.0
11250.0
11250.0
11250.0
11250.0
11250.0
-10694.083557846352
-9863.774155552026
-7732.67636372054
-3500.74218927627
11250.0
11250.0
11250.0
11250.0
11250.0
-11250.0
-10945.24407631204
-11250.0
-9427.973443298557
11250.0
11250.0
11250.0
11250.0
11250.0
-10521.890239464297
-10184.472846997178
-10949.98525143338
-11250.0
-11250.0
-11250.0
-11250.0
11250.0
11250.0
11250.0
11250.0
11250.0
11250.0
11250.0
-5147.98473641893
-3281.5041804293123
-596.0751042548727
2384.9229313401383
7201.153207409056
9578.593892492532
1949.761755087351
11250.0
-4026.179516685848
-5208.913505586133
-4341.863923333391
-3883.2824687601983
-3861.038357761292
-3971.1910655153097
-2962.7784262969744
1191.221521266054
5558.91468414045
9407.550397023842
10451.342545600277
3021.4888160300343
11250.0
1668.660287081343
1362.7981925709482
3240.692990374483
6914.19310817941
3229.364689354151
11250.0
-4252.3518344308595
-5177.679050457649
-4995.9504995826555
-4669.228118288516
-4768.011847487063
-4093.899873659129
-2161.7390565081387
6043.4216742280905
11250.0
5235.1056269195615
11250.0
11250.0
-11250.0
-11250.0
-9163.050553265351
-5182.484905434994
-91.9313605031166
2179.671839433783
10461.981388892364
10245.6515015092
5019.010321385678
9260.183586576703
9244.538502163688
4456.9699923546505
11250.0
-5153.308613804908
-2462.4076956984336
-2338.53178592704
-4110.512622683096
-4887.968186063019
-2839.040459899379
-939.1318619050762
1305.1023281758344
11250.0
541.1802789977464
11250.0
11250.0
-9485.762292182524
-9539.363965849821
-8860.539709240395
-8552.643267741798
-7416.509142615368
11250.0
11250.0
5890.041631295109
11250.0
11250.0
11250.0
-11250.0
-9966.712917255922
-10691.625679520144
-10937.229024211636
-11250.0
-11250.0
-11250.0
-11250.0
11250.0
11250.0