Demand
11250.0
11250.0
11250.0
11250.0
11250.0
11250.0
11250.0
11250.0
11250.0
11250.0
11250.0
11250.0
-11250.0
-11250.0
-11250.0
-11250.0
11250.0
11250.0
11250.0
11250.0
11250.0
11250.0
11250.0
11250.0
11250.0
11250.0
11250.0
11250.0
-10968.771355286266
-10926.279195320978
-11250.0
-11250.0
-11250.0
11250.0
11250.0
11250.0
11250.0
11250.0
11250.0
11250.0
11250.0
-10679.873305178931
-11250.0
-11250.0
11250.0
11250.0
11250.0
11250.0
-11250.0
-11250.0
-11250.0
-9270.520389252284
11250.0
11250.0
11250.0
11250.0
11250.0
-8461.855502010945
-8353.582214568956
-6366.379588312598
11250.0
11250.0
11250.0
-8096.6807165437285
-6977.513043712287
-7650.298631905549
4194.598632602486
11250.0
11250.0
11250.0
11250.0
-11250.0
-11250.0
-11250.0
-11250.0
11250.0
11250.0
11250.0
11250.0
11250.0
-11250.0
-11250.0
-11250.0
-11250.0
11250.0
11250.0
11250.0
11250.0
11250.0
11250.0
-11250.0
-11250.0
-11250.0
11250.0
11250.0
11250.0
-11250.0
-11250.0
-11250.0
-11250.0
11250.0
11250.0
11250.0
11250.0
11250.0
11250.0
-11250.0
-11250.0
-11250.0
-11250.0
-11250.0
-8086.6807610994
11250.0
11250.0
11250.0
11250.0
11250.0
11250.0
11250.0
-11250.0
-11250.0
-11250.0
-11250.0
-11250.0
-11250.0
-7192.008189935881
-1039.0417113357817
11250.0
11250.0
11250.0
11250.0
11250.0
11250.0
11250.0
11250.0
11250.0
-11250.0
-11250.0
-11250.0
-10573.52243057204
-9966.08870324822
-11250.0
-11250.0
11250.0
11250.0
11250.0
11250.0
11250.0
11250.0
11250.0
-10446.246666321491
-10595.00669006917
-11250.0
-11250.0
11250.0
11250.0
11250.0
11250.0
11250.0
-10979.968659762882
-10925.259791530316
-10811.460837012568
-11250.0
11250.0
11250.0
11250.0
11250.0
11250.0
11250.0
-11250.0
-11250.0
-11250.0
-11250.0
-10723.63020726452
-11250.0
11250.0
11250.0
11250.0
11250.0
11250.0
11250.0
11250.0
-11250.0
-10024.161002548852
-8969.398668028858
-8053.421641542685
-8029.541594184251
11250.0
11250.0
11250.0
11250.0
11250.0
11250.0
-11250.0
-11250.0
-11250.0
-9621.066586225512
-9053.945981388435
-7463.887214926934
7289.260224354835
11250.0
11250.0
11250.0
11250.0
11250.0
11250.0
11250.0
-10331.703107019563
-10507.731190125502
-10977.470446457119
-11250.0
-11250.0
-11250.0
-11250.0
-11250.0
11250.0
11250.0
11250.0
11250.0
11250.0
11250.0
11250.0
-10967.328657551017
-11250.0
-11250.0
-11250.0
11250.0
11250.0
11250.0
11250.0
11250.0
11250.0
-11250.0
-11250.0
-11250.0
-11250.0
11250.0
11250.0
11250.0
11250.0
11250.0
-11250.0
-11250.0
-11250.0
-10561.640389131167
-11250.0
-10109.405937084877
-10269.69553442024
11250.0
-11250.0
11250.0
11250.0
11250.0
11250.0
11250.0
11250.0
11250.0
-11250.0
-11250.0
-11250.0
11250.0
11250.0
11250.0
11250.0
11250.0
-11250.0
-11250.0
-11250.0
-11250.0
11250.0
11250.0
11250.0
11250.0
11250.0
-11250.0
-11250.0
-11250.0
-11250.0
-8531.879194630874
-5810.14831998173
-310.1395340029794
710.7027815421125
11250.0
3398.2002598262857
11250.0
11250.0
11250.0
11250.0
11250.0
11250.0
-11250.0
-11250.0
-11250.0
-10137.648570510763
-9741.321087596156
-9431.350191899917
11250.0
11250.0
11250.0
11250.0
11250.0
11250.0
11250.0
-11250.0
-11250.0
-11250.0
-11250.0
-11250.0
-11250.0
-11250.0
-11250.0
11250.0
11250.0
11250.0
11250.0
11250.0
11250.0
11250.0
11250.0
11250.0
-11250.0
-11250.0
-11250.0
-11250.0
-11250.0
11250.0
11250.0
11250.0
11250.0
11250.0
11250.0
-11017.789244975556
-11250.0
-11250.0
-11250.0
-11250.0
-11250.0
11250.0
11250.0
11250.0
11250.0
11250.0
11250.0
-11250.0
-11250.0
-11250.0
-11250.0
-11250.0
-11250.0
-11250.0
11250.0
11250.0
11250.0
11250.0
11250.0
11250.0
11250.0
11250.0
11250.0
-11250.0
-11250.0
-11250.0
-11250.0
-9827.517150720945
-8269.719824881126
29.893320123069316
11250.0
11250.0
11250.0
11250.0
11250.0
11250.0
11250.0
-11250.0
-11250.0
-11250.0
-10217.460583696746
-11250.0
-11250.0
-11250.0
-11250.0
11250.0
11250.0
11250.0
11250.0
11250.0
11250.0
11250.0
11250.0
-10970.354292322143
-10285.674562673103
-9699.490460589946
-10227.527905111627
-10380.840323078806
-11250.0
11250.0
11250.0
11250.0
11250.0
11250.0
11250.0
11250.0
-11250.0
-11250.0
-11250.0
-11250.0
11250.0
11250.0
11250.0
11250.0
11250.0
-11250.0
-10665.558559699864
-10247.647317506831
-9250.547740716458
-9197.617186644067
-9683.72724258286
-6408.612762830121
11250.0
11250.0
11250.0
11250.0
11250.0
11250.0
11250.0
11250.0
-9226.730427923489
-8944.467685196541
11250.0
11250.0
11250.0
-11250.0
-11250.0
-10939.600282985499
-11250.0
-8996.167874159346
-8823.4606057266
-7080.161343503671
-323.2608831978814
11250.0
11250.0
11250.0
11250.0
11250.0
11250.0
11250.0
11250.0
-9740.406874092674
-9823.069659626613
-9189.41147876732
-8962.453434474963
-9627.26436326002
11250.0
11250.0
11250.0
11250.0
11250.0
11250.0
-11250.0
-11250.0
-11250.0
-10909.633757961783
-10404.378720972225
-11250.0
-11250.0
11250.0
11250.0
11250.0
11250.0
11250.0
11250.0
11250.0
11250.0
-10998.69038132438
-10426.238310357014
-10638.347575780906
-11250.0
-11250.0
-11250.0
-11250.0
11250.0
11250.0
11250.0
11250.0
11250.0
11250.0
11250.0
11250.0
11250.0
-11250.0
-11250.0
-11250.0
11250.0
11250.0
11250.0
11250.0
-10195.67376858259
-10206.57338641445
-9913.058545235814
11250.0
11250.0
11250.0
11250.0
-11250.0
-11250.0
-11250.0
-11250.0
-11250.0
-11250.0
11250.0
11250.0
11250.0
11250.0
11250.0
11250.0
11250.0
-11250.0
-11250.0
-11250.0
-10345.295373150526
-10557.59574861516
-11250.0
-10673.053819621979
-11250.0
11250.0
11250.0
11250.0
11250.0
11250.0
11250.0
11250.0
11250.0
11250.0
-10791.605377837044
-10501.543245152774
-9860.819982906043
-9973.473167351392
-10468.556289467564
-11250.0
-8810.941606548433
11250.0
11250.0
11250.0
11250.0
11250.0
11250.0
11250.0
-9851.12430255485
-10239.605145213514
-10687.35967764942
-11250.0
-11250.0
-11250.0
-11250.0
11250.0
11250.0
11250.0
11250.0
11250.0
11250.0
11250.0
-10987.927158545132
-11250.0
11250.0
11250.0
11250.0
-11250.0
-11250.0
11250.0
11250.0
11250.0
-11250.0
-11250.0
-11250.0
-11250.0
-11250.0
-11250.0
11250.0
11250.0
11250.0
11250.0
11250.0
11250.0
-11250.0
-9607.874519846373
11250.0
11250.0
11250.0
11250.0
-11250.0
-11250.0
-11250.0
-9897.198795628214
-9595.384614465362
11250.0
11250.0
11250.0
11250.0
11250.0
11250.0
-11250.0
-11250.0
-11250.0
-10492.021276595748
-10275.389353133563
-10506.3333353425
-9023.480999803207
11250.0
11250.0
11250.0
11250.0
11250.0
11250.0
11250.0
11250.0
-11250.0
-11250.0
-11250.0
-10598.805720693086
-10861.445404632952
-11250.0
-11250.0
-11250.0
11250.0
11250.0
11250.0
11250.0
11250.0
11250.0
11250.0
11250.0
-9857.175424946625
-10273.261725211582
-10833.875977057109
-11250.0
-11250.0
11250.0
11250.0
11250.0
11250.0
11250.0
11250.0
-9370.314332073023
-10060.335676144197
-9875.550065540665
-9986.861745845756
-8919.057541751372
-10191.246343879244
11250.0
11250.0
11250.0
11250.0
11250.0
11250.0
11250.0
11250.0
-6225.892722615641
-6458.674239344942
-6153.214473547032
-5199.040541366736
-3731.0693153841494
-1941.955555266899
-512.4889497023978
1752.2242563505133
5746.269812530692
6289.724059773827
4908.892598647071
4180.975397359943
8700.229561195625
-8181.818181818182
11250.0
11250.0
-6228.643886812599
-6172.39242107122
-4997.099522180382
-4438.964885598229
-3632.1336934772594
-161.37516749113638
3618.642943988276
6507.486041778324
6065.574018107811
3844.3679195739305
7692.5489728951
-6363.636363636365
702.4134522604782
-1596.8599787341955
-2785.1614526318062
-3462.9534228366865
-2221.788015574446
532.2171078986448
6143.75123069921
11250.0
469.40642658231354
11250.0
-8501.294874084662
-9302.242497952411
-10191.717910097657
-11250.0
-11250.0
-11250.0
-6709.031686099061
11250.0
11250.0
11250.0
11250.0
10743.788390402984
2487.6138374703023
11250.0
11250.0
-4813.983786913726
-5337.753648758164
-4501.815261924587
-1579.3046861047314
-1517.2587214857413
-3545.6216863625145
-4562.6600103209075
-2903.5816937550026
-2012.6974340576871
-2096.1110495315133
-1995.6522338617997
6060.321228067162
11250.0
9807.651910992525
11250.0
11250.0
-10454.545454545456
-9674.232081911265
-9783.658201889248
-8517.92851724879
-8326.614177579602
-9522.601218943866
-10036.6870636251
11250.0
11250.0
11250.0
11250.0
11250.0
11250.0
11250.0
-11250.0
11250.0
11250.0
-11250.0
-11250.0