Demand
11250.0
11250.0
11250.0
11250.0
11250.0
11250.0
11250.0
11250.0
11250.0
11250.0
11250.0
11250.0
11250.0
11250.0
11250.0
11250.0
-11250.0
-11250.0
11250.0
11250.0
11250.0
11250.0
11250.0
11250.0
11250.0
11250.0
11250.0
11250.0
11250.0
11250.0
11250.0
11250.0
-11250.0
-11250.0
-11250.0
-11250.0
-11250.0
-11250.0
-11250.0
11250.0
11250.0
11250.0
11250.0
11250.0
11250.0
11250.0
11250.0
-11250.0
-11250.0
-11250.0
-11250.0
-9908.165010979279
-5023.438012885783
11250.0
11250.0
11250.0
11250.0
11250.0
11250.0
11250.0
11250.0
-9663.729128014846
-6933.597774572441
11250.0
11250.0
11250.0
-8558.060077428985
-8128.280876259552
-2619.1160432291817
11250.0
11250.0
11250.0
-11250.0
-11250.0
-11250.0
-11250.0
-11250.0
-10271.419228253762
11250.0
11250.0
11250.0
11250.0
11250.0
11250.0
11250.0
-11250.0
-11250.0
-11250.0
-11250.0
11250.0
11250.0
11250.0
11250.0
-11250.0
-11250.0
-11250.0
-11250.0
-11250.0
-11250.0
11250.0
11250.0
11250.0
11250.0
11250.0
11250.0
11250.0
11250.0
-11250.0
-11250.0
-11250.0
-11250.0
-10703.906748988717
-11250.0
11250.0
11250.0
11250.0
11250.0
11250.0
11250.0
11250.0
-11250.0
-11250.0
-11250.0
-11250.0
11250.0
11250.0
11250.0
11250.0
11250.0
11250.0
-11250.0
-11250.0
-11250.0
-11250.0
-11250.0
-11250.0
-11250.0
11250.0
11250.0
11250.0
11250.0
11250.0
11250.0
11250.0
-11250.0
-11250.0
-11250.0
-10901.012494614388
-9967.035494252625
-9528.183527769623
-8345.800288325656
-1450.5583088555886
11250.0
11250.0
11250.0
11250.0
11250.0
11250.0
11250.0
11250.0
-10889.780919389577
11250.0
11250.0
11250.0
-11250.0
11250.0
11250.0
-11250.0
-11250.0
-11250.0
-11250.0
11250.0
11250.0
11250.0
11250.0
11250.0
-11250.0
-11250.0
-11250.0
11250.0
11250.0
11250.0
11250.0
-10195.117312002632
-9421.443105287057
-9011.888600277754
-9696.975744839798
-10124.171584372427
11250.0
11250.0
11250.0
11250.0
11250.0
11250.0
-11250.0
-11250.0
-9845.290251916758
-9470.027460583478
-8609.99695843102
-6426.552731320186
11250.0
11250.0
11250.0
11250.0
11250.0
11250.0
11250.0
-9958.13397129187
11250.0
-10996.371079381406
-11250.0
-11250.0
-11250.0
-11250.0
11250.0
11250.0
11250.0
11250.0
11250.0
11250.0
-11250.0
-10975.22856412832
-10942.3725304648
-11250.0
-11250.0
-11250.0
-11250.0
11250.0
11250.0
11250.0
11250.0
11250.0
11250.0
11250.0
11250.0
11250.0
11250.0
11250.0
-11250.0
-11250.0
-11250.0
-11250.0
-11250.0
-11250.0
11250.0
11250.0
11250.0
11250.0
11250.0
11250.0
11250.0
11250.0
-11250.0
-11250.0
-11250.0
-11250.0
-11250.0
11250.0
11250.0
11250.0
11250.0
11250.0
-11250.0
-11250.0
-11250.0
-11250.0
-11250.0
11250.0
11250.0
11250.0
11250.0
11250.0
-11250.0
-11250.0
-11250.0
-11250.0
11250.0
11250.0
11250.0
11250.0
11250.0
11250.0
-10327.42109522525
-10511.466848449043
-10982.92860375515
-11250.0
-11250.0
-11250.0
-11250.0
-11250.0
11250.0
11250.0
11250.0
11250.0
11250.0
11250.0
11250.0
11250.0
11250.0
-11250.0
-11250.0
-11250.0
-11250.0
-11250.0
11250.0
11250.0
11250.0
11250.0
11250.0
11250.0
11250.0
11250.0
-11250.0
-11250.0
-11250.0
-11250.0
-10169.024683925352
11250.0
11250.0
11250.0
11250.0
11250.0
11250.0
11250.0
-11250.0
11250.0
11250.0
-9766.025764646896
-9582.83085098413
-8131.846616910043
11250.0
11250.0
11250.0
-11250.0
11250.0
11250.0
11250.0
-11250.0
-10749.219055056623
-10683.864712750357
-10913.534632795367
-11250.0
-11250.0
-11250.0
11250.0
11250.0
11250.0
11250.0
11250.0
11250.0
-11250.0
-11250.0
-11250.0
-11250.0
11250.0
11250.0
11250.0
11250.0
11250.0
11250.0
-11250.0
-11250.0
-11250.0
-7999.3240959783825
11250.0
11250.0
11250.0
11250.0
11250.0
-11250.0
-11250.0
-11250.0
-11250.0
-11250.0
-11250.0
11250.0
11250.0
11250.0
11250.0
11250.0
11250.0
11250.0
11250.0
11250.0
-11250.0
-11250.0
-11250.0
-11250.0
-11250.0
-6765.734265734267
11250.0
11250.0
11250.0
11250.0
11250.0
11250.0
-11250.0
-11250.0
11250.0
11250.0
11250.0
-11250.0
-11250.0
-11250.0
-11250.0
-11250.0
11250.0
11250.0
11250.0
11250.0
11250.0
11250.0
11250.0
-10548.651076794875
-9984.396711627058
-10135.118350241613
-10615.810373510089
-10484.82988454128
-11250.0
-11250.0
-11250.0
11250.0
11250.0
11250.0
11250.0
11250.0
11250.0
11250.0
-10080.303180053597
-10893.409339981827
-10741.801819735676
-11250.0
11250.0
11250.0
11250.0
11250.0
11250.0
11250.0
-10763.744075829385
-10158.113516199937
-10613.07746809105
-10438.229375757455
-10626.530491723322
-11250.0
11250.0
11250.0
11250.0
11250.0
11250.0
11250.0
-9400.239143908795
11250.0
11250.0
-11136.363636363636
-11250.0
-11250.0
-11250.0
-11250.0
-11250.0
-11250.0
11250.0
11250.0
11250.0
11250.0
11250.0
11250.0
11250.0
-11250.0
-11250.0
-11250.0
-10153.91307002015
-3070.786765085901
11250.0
11250.0
11250.0
11250.0
11250.0
11250.0
-11250.0
-11250.0
-11250.0
-11250.0
-11250.0
-10789.712163083663
-9876.537107626827
-9598.041391114377
11250.0
11250.0
11250.0
11250.0
11250.0
11250.0
11250.0
11250.0
-11250.0
-10436.07029024342
-10053.563663938348
-10236.318047018936
-10451.864131656184
-9720.964166497211
-9755.259720229395
-4279.821356518412
11250.0
11250.0
11250.0
11250.0
11250.0
11250.0
11250.0
11250.0
11250.0
-11013.122899043257
-10981.41247230336
-11250.0
-11250.0
-11250.0
11250.0
11250.0
11250.0
11250.0
11250.0
11250.0
-11005.80214525991
-11250.0
-11250.0
-11250.0
-11250.0
11250.0
11250.0
11250.0
11250.0
11250.0
-11250.0
-10694.678179214894
-10242.901199050757
-8980.91464090256
-8055.189101597509
11250.0
11250.0
11250.0
11250.0
11250.0
11250.0
-11250.0
-10937.284106148662
-10774.219660060018
-2807.326470151407
11250.0
11250.0
11250.0
11250.0
-11250.0
-11250.0
-11250.0
11250.0
11250.0
11250.0
-11250.0
-10662.534559196429
-10917.452352512199
-10066.6538422226
-10751.924954536626
-11250.0
-11250.0
11250.0
11250.0
11250.0
11250.0
11250.0
11250.0
11250.0
11250.0
11250.0
-11250.0
-11250.0
11250.0
11250.0
-11250.0
-11250.0
-10919.558122557646
-11250.0
-11250.0
-9457.929773913838
-11250.0
11250.0
11250.0
11250.0
11250.0
11250.0
11250.0
11250.0
11250.0
-10400.963758579623
-10464.612970464626
-9363.096085912133
11250.0
11250.0
11250.0
11250.0
-11250.0
-11250.0
11250.0
11250.0
11250.0
11250.0
-10993.003139402848
-10960.478253012745
-10908.783739479244
-11250.0
-11250.0
-11250.0
11250.0
11250.0
11250.0
11250.0
11250.0
11250.0
11250.0
-10325.263327522556
11250.0
11250.0
11250.0
-11250.0
-11250.0
-11250.0
-11250.0
-11250.0
-9865.675221875754
-4504.856180390181
11250.0
11250.0
11250.0
11250.0
11250.0
11250.0
11250.0
11250.0
-11020.777479892764
-11250.0
-10659.409205293254
-10519.704586318068
-10204.80025027402
-2855.6377815300402
11250.0
11250.0
11250.0
11250.0
11250.0
11250.0
-11250.0
-11250.0
-11250.0
-9091.464269852033
-6053.184946052199
-2662.948286322675
2395.464568078849
6841.939775030747
6241.1502427687265
8601.015297240017
10710.543465852397
9592.034616244864
8993.171688106759
6503.960265644655
10725.718065422207
-7159.09090909091
25.395033860037074
188.78983021947533
50.815996343467305
126.5061743942897
11250.0
792.7563866612181
11250.0
-5171.800947867301
-4726.291775916376
-2407.339327166126
-284.24025459810764
3675.4086491068574
11250.0
8925.946615451747
3981.3123508802746
11250.0
11250.0
11250.0
3626.5848394928603
4134.272917014982
824.8966385119948
5612.648304894672
11250.0
-5807.270598254207
-5780.128106627548
-6226.40981325058
-6360.515869681002
-6407.962618148787
-6291.621833361901
-5298.4106770939325
-4968.600996114914
4154.348186823387
11250.0
11250.0
11250.0
11250.0
11250.0
-6491.187384044526
-6265.563593208615
-4291.733322187869
-1798.1909105615377
-615.0080711501996
5208.229891034593
11250.0
4534.856139973073
11250.0
-4083.365264872111
-176.0817678387084
575.5864562528741
-1022.8704320288434
803.3755873808532
11250.0
11250.0
-9318.18181818182
-6718.865008096578
-3677.534791386905
11250.0
11250.0
11250.0
-9817.483710828423
-9417.603876838184
-9482.078168950597
-9507.813144640088
-7636.425414206507
-6503.917256471698
-5925.421808754763
11250.0
11250.0
11250.0
11250.0
11250.0
11250.0
-11011.926860961576
-11250.0
-11250.0
-11250.0
-11250.0
-11250.0
11250.0