Demand
11250.0
11250.0
11250.0
11250.0
11250.0
11250.0
11250.0
11250.0
11250.0
11250.0
11250.0
11250.0
11250.0
11250.0
11250.0
11250.0
11250.0
11250.0
11250.0
11250.0
11250.0
11250.0
11250.0
11250.0
11250.0
11250.0
11250.0
11250.0
11250.0
11250.0
-11250.0
-11250.0
-11250.0
-11250.0
-11250.0
-11250.0
11250.0
11250.0
11250.0
11250.0
11250.0
11250.0
11250.0
11250.0
11250.0
11250.0
-11250.0
-11250.0
-11250.0
-11250.0
-11250.0
11250.0
11250.0
11250.0
11250.0
11250.0
11250.0
11250.0
-8868.32543052753
-8709.736647745834
-9326.350750438352
-9415.992077798146
-7721.597633907273
-6619.509001020604
-4808.628883244943
-5909.499425579447
5440.34423929211
11250.0
2061.886774588953
11250.0
11250.0
11250.0
11250.0
11250.0
-11250.0
-11250.0
-11250.0
-10844.857844857848
-11250.0
-11250.0
11250.0
11250.0
11250.0
11250.0
11250.0
11250.0
11250.0
-11250.0
-11250.0
-11250.0
11250.0
11250.0
11250.0
-11250.0
11250.0
11250.0
-11250.0
-11250.0
-11250.0
-11250.0
-11250.0
11250.0
11250.0
11250.0
11250.0
11250.0
11250.0
11250.0
-11250.0
-11250.0
-11250.0
-10951.754856713535
-11250.0
-11250.0
-11250.0
-11250.0
11250.0
11250.0
11250.0
11250.0
11250.0
11250.0
11250.0
11250.0
11250.0
-10264.030367095907
-10395.843772721346
-10536.877634665547
-10709.988984151183
-11250.0
11250.0
11250.0
11250.0
11250.0
11250.0
-11250.0
-11250.0
-11250.0
-11250.0
-9056.240203565634
11250.0
11250.0
11250.0
11250.0
11250.0
11250.0
11250.0
-11020.941239507054
-10494.46902422087
-10397.08244959639
-10239.028094529025
-10375.796561113006
-11250.0
-11250.0
11250.0
11250.0
11250.0
11250.0
11250.0
11250.0
-10990.96336829184
-10934.471133566418
-11250.0
-11250.0
11250.0
11250.0
11250.0
11250.0
11250.0
-11250.0
-11250.0
-11250.0
-11250.0
-10752.173744274514
-11250.0
-11250.0
11250.0
11250.0
11250.0
11250.0
11250.0
11250.0
11250.0
11250.0
-9337.315800949382
-8105.69029537238
11250.0
11250.0
-11250.0
11250.0
-11250.0
-11250.0
-11250.0
-11250.0
11250.0
11250.0
11250.0
11250.0
11250.0
11250.0
-11250.0
-11250.0
-11250.0
-11250.0
-11250.0
-11250.0
11250.0
11250.0
11250.0
11250.0
11250.0
11250.0
11250.0
-11250.0
-11250.0
-11250.0
-11250.0
-11250.0
-11250.0
11250.0
11250.0
11250.0
11250.0
11250.0
11250.0
11250.0
11250.0
-11250.0
-11250.0
-11250.0
-9855.371900826456
11250.0
11250.0
11250.0
11250.0
11250.0
-11250.0
-11250.0
-11250.0
-11250.0
-11250.0
11250.0
11250.0
11250.0
11250.0
11250.0
-10714.240400898329
-10942.049344154399
-10115.220937032096
-11250.0
-11250.0
11250.0
11250.0
11250.0
11250.0
11250.0
11250.0
11250.0
-11250.0
-11250.0
-11250.0
-10433.251074669643
-11250.0
-11250.0
11250.0
11250.0
11250.0
11250.0
11250.0
11250.0
11250.0
11250.0
-11250.0
-11250.0
-11250.0
-11250.0
-11250.0
-11250.0
5237.603305785076
11250.0
11250.0
11250.0
11250.0
11250.0
-6144.136807817518
11250.0
-11250.0
-11250.0
-11250.0
-11250.0
11250.0
11250.0
11250.0
11250.0
-10417.647431636797
-10617.387899042078
-11250.0
-11250.0
-11250.0
11250.0
11250.0
11250.0
11250.0
11250.0
11250.0
11250.0
11250.0
-11250.0
-11250.0
-11250.0
-11250.0
11250.0
11250.0
11250.0
11250.0
11250.0
-11003.78521239425
-10713.793770647615
-10952.029163340358
-11250.0
-11250.0
-11250.0
-11250.0
11250.0
11250.0
11250.0
11250.0
11250.0
11250.0
11250.0
11250.0
11250.0
-11250.0
-11250.0
-11250.0
-11250.0
-11250.0
-11250.0
11250.0
11250.0
11250.0
11250.0
11250.0
11250.0
-11250.0
-11250.0
11250.0
11250.0
11250.0
11250.0
-11250.0
-11250.0
-11250.0
11250.0
11250.0
11250.0
-11250.0
-11250.0
-11250.0
11250.0
11250.0
11250.0
11250.0
11250.0
-10314.653757794553
-9939.22124977862
-10021.281628838307
-10855.05444838879
-11250.0
-11250.0
11250.0
11250.0
11250.0
11250.0
11250.0
-11250.0
-10227.758399814247
-11250.0
-11250.0
-11250.0
11250.0
11250.0
11250.0
11250.0
11250.0
11250.0
-11250.0
-11250.0
-11250.0
-10806.701468437677
-9311.951622797755
-5816.632054543799
11250.0
11250.0
11250.0
11250.0
11250.0
11250.0
11250.0
11250.0
-11250.0
-11250.0
-11250.0
-11250.0
-11250.0
-11250.0
-11250.0
11250.0
11250.0
11250.0
11250.0
11250.0
11250.0
11250.0
11250.0
-9976.941847960963
-7691.369933742812
11250.0
11250.0
11250.0
11250.0
-11250.0
11250.0
-9381.223184651502
-8123.558766002273
-3510.110921445896
11250.0
11250.0
11250.0
11250.0
-10980.736930505984
-11250.0
-11250.0
-10604.46467626232
-11250.0
11250.0
11250.0
11250.0
11250.0
11250.0
11250.0
-10676.14020104388
-10887.414991700884
-11250.0
-11250.0
11250.0
11250.0
11250.0
11250.0
11250.0
1044.2901785234644
11250.0
-10997.716734579179
-10972.17382927351
-11250.0
-11250.0
-11250.0
-11250.0
-11250.0
11250.0
11250.0
11250.0
11250.0
11250.0
11250.0
11250.0
11250.0
-11250.0
-11250.0
-11250.0
11250.0
11250.0
11250.0
11250.0
11250.0
11250.0
-11250.0
-11250.0
-11250.0
-11250.0
-11250.0
-11250.0
-11250.0
11250.0
11250.0
11250.0
11250.0
11250.0
11250.0
11250.0
11250.0
11250.0
-11250.0
-11250.0
-11250.0
-10277.161862527715
-9734.340236180044
-9843.480367872613
-9935.272127916494
-7351.915113492294
11250.0
11250.0
11250.0
11250.0
11250.0
11250.0
11250.0
11250.0
11250.0
-10559.204620264529
-10997.613906911662
-10963.325180897711
-10906.421022144252
-11250.0
-11250.0
11250.0
11250.0
11250.0
11250.0
11250.0
11250.0
11250.0
-10956.320128234485
-11250.0
-11250.0
11250.0
11250.0
11250.0
11250.0
-11250.0
-11250.0
-11250.0
-11250.0
11250.0
11250.0
11250.0
11250.0
11250.0
11250.0
-10739.116517285536
-11250.0
-11250.0
-11250.0
-11250.0
-10432.325864570917
-8083.72862986461
11250.0
11250.0
11250.0
11250.0
11250.0
11250.0
11250.0
11250.0
-11250.0
-11250.0
-11250.0
-11250.0
-9036.12316178532
11250.0
11250.0
11250.0
11250.0
11250.0
11250.0
-11250.0
-11250.0
-11250.0
-11250.0
-10795.696068012756
-11250.0
-11250.0
11250.0
11250.0
11250.0
11250.0
11250.0
11250.0
11250.0
11250.0
11250.0
-11250.0
-10616.138448707261
-11250.0
-10489.545225823127
11250.0
11250.0
11250.0
11250.0
11250.0
11250.0
-11250.0
-10417.915347184677
-10630.968167463358
-10532.36492281924
-10808.655777805612
-11250.0
-11250.0
11250.0
11250.0
11250.0
11250.0
11250.0
11250.0
11250.0
11250.0
11250.0
-10976.697353279636
-11250.0
-11250.0
11250.0
11250.0
11250.0
-11250.0
-11250.0
-11250.0
-11250.0
-11250.0
-9891.186673799573
-9643.025636539965
11250.0
11250.0
11250.0
11250.0
11250.0
11250.0
11250.0
11250.0
-10281.579515115558
-9408.076724438426
-9217.345774213696
-9599.35316999985
-10057.90869122378
-10715.307284605879
-11250.0
11250.0
11250.0
11250.0
11250.0
11250.0
11250.0
11250.0
11250.0
-10203.872507035358
-10043.784346455315
-10134.611878429849
-9121.275161821686
-10093.035016723847
11250.0
11250.0
11250.0
11250.0
11250.0
11250.0
-7491.069793002382
-6185.682115633754
-5189.895279651319
-5153.107501699647
-4189.078159210443
-1677.1829017262717
3063.393064500513
8998.746460367402
7456.795673306617
8325.947315073401
6540.758704612588
-7045.454545454546
1409.3434485870548
1181.0882142046794
1173.5366883242023
11250.0
1632.2231936485587
11250.0
-5601.35135135135
-5457.113007925625
-3981.437339678823
-3169.1349853749525
-1978.6552348606383
2653.3987956994442
7009.126094154399
8433.063583511339
6335.35398894559
3846.841039711895
7690.99906152911
-6363.636363636365
-702.4881022559002
-2774.747951967751
-4011.649395460032
-4951.087122541792
-4733.473213369483
-4351.846389837176
-4398.574348228822
-3576.0305366664616
-1240.7403716533572
8690.22260257422
11157.053080686812
-1060.7629614900507
11250.0
11250.0
-11250.0
-11250.0
-9194.528537084854
-5121.497144009063
542.2657765529002
3585.4929494256385
11250.0
10940.924388423804
3862.629452405096
11250.0
3662.597167718329
11250.0
-5632.498571700631
-4745.492270282424
-1740.6540448335563
-1507.6123824206188
-3334.469527111742
-3934.8395035691287
-739.1021499810067
3292.2878567080365
7894.805948560712
6506.0202548151765
11250.0
11250.0
-10268.18181818182
-9223.246237560666
-9023.555574485166
-7002.461031608724
10541.925577446593
6945.2810815732455
11250.0
11250.0
11250.0
-11014.462809917357
-11250.0
11250.0
11250.0
11250.0
-10690.810987573579
11250.0
11250.0
-11250.0
-11250.0
-11250.0
-11250.0
11250.0