Demand
11250.0
11250.0
11250.0
11250.0
11250.0
11250.0
11250.0
11250.0
11250.0
11250.0
11250.0
11250.0
-11250.0
11250.0
11250.0
11250.0
11250.0
11250.0
11250.0
11250.0
-11250.0
-11250.0
-11250.0
-11250.0
-11250.0
-11250.0
11250.0
11250.0
11250.0
11250.0
11250.0
11250.0
-11250.0
-11250.0
-11250.0
-11250.0
-11250.0
-11250.0
11250.0
11250.0
11250.0
11250.0
11250.0
11250.0
11250.0
-11250.0
-11250.0
11250.0
11250.0
-11250.0
-11250.0
-10325.723257489964
-7672.434978887694
11250.0
11250.0
11250.0
11250.0
11250.0
11250.0
-8090.354767184042
-7128.653006382258
11250.0
11250.0
11250.0
-8394.712430426716
-9360.921089020645
-8229.427688208994
-7838.290337050464
-5521.687601436963
11250.0
11250.0
11250.0
11250.0
-11250.0
-11250.0
-11250.0
-11250.0
-10730.66410204495
-11250.0
11250.0
11250.0
11250.0
11250.0
11250.0
11250.0
11250.0
-11250.0
-11250.0
-11250.0
-11250.0
-11250.0
-11250.0
-11250.0
-11250.0
11250.0
11250.0
11250.0
11250.0
11250.0
11250.0
11250.0
11250.0
-10762.720842892842
-10445.496301873663
-10643.31659082032
-11250.0
-11250.0
-11250.0
-11250.0
11250.0
11250.0
11250.0
11250.0
11250.0
11250.0
11250.0
-11250.0
-11250.0
-11250.0
11250.0
11250.0
11250.0
11250.0
11250.0
11250.0
-10208.234617207068
-10374.275393657728
-10565.668107765261
-10815.075252333161
-11250.0
-11250.0
11250.0
11250.0
11250.0
11250.0
11250.0
11250.0
11250.0
-11250.0
-10376.970907965864
-7244.423427122398
11250.0
11250.0
11250.0
11250.0
-11250.0
-11250.0
-10899.526325378029
-9476.271527643945
11250.0
11250.0
162.6859124375651
11250.0
11250.0
-11250.0
-11250.0
-11250.0
-11250.0
-9751.68750811302
-10434.196213809319
-5968.374258495915
11250.0
11250.0
11250.0
11250.0
11250.0
11250.0
11250.0
-11250.0
-11250.0
-11250.0
-11250.0
11250.0
11250.0
11250.0
11250.0
11250.0
11250.0
-11250.0
11250.0
11250.0
-11250.0
-11250.0
-9816.295364714344
-8061.496291637701
-3223.505295416535
11250.0
11250.0
11250.0
11250.0
11250.0
-11250.0
-11250.0
-11250.0
-11250.0
11250.0
11250.0
11250.0
11250.0
11250.0
-11250.0
-11250.0
-11250.0
11250.0
11250.0
11250.0
11250.0
-10300.175893353084
-10180.698693186088
11250.0
-11250.0
11250.0
-11250.0
-11250.0
-11250.0
-11250.0
-11250.0
-11250.0
-11250.0
11250.0
11250.0
11250.0
11250.0
11250.0
11250.0
11250.0
11250.0
11250.0
-11250.0
-11250.0
-10545.097284819174
11250.0
11250.0
11250.0
11250.0
11250.0
-11250.0
-11250.0
11250.0
11250.0
11250.0
11250.0
-11250.0
-11250.0
-10139.610389610396
-11250.0
11250.0
11250.0
11250.0
11250.0
11250.0
-11250.0
-11250.0
-11250.0
-11250.0
-11250.0
-11250.0
11250.0
11250.0
11250.0
11250.0
11250.0
11250.0
11250.0
-11250.0
-11250.0
-11250.0
-11250.0
11250.0
11250.0
11250.0
11250.0
11250.0
11250.0
11250.0
-11250.0
-11250.0
-11250.0
-5690.698374473217
11250.0
11250.0
11250.0
11250.0
11250.0
11250.0
-11250.0
-11250.0
-11250.0
-11250.0
-11250.0
-11250.0
-11250.0
-11250.0
11250.0
11250.0
11250.0
11250.0
11250.0
11250.0
11250.0
11250.0
-11250.0
-11250.0
11250.0
11250.0
-11250.0
-11250.0
-11250.0
-11250.0
-11250.0
11250.0
11250.0
11250.0
11250.0
11250.0
11250.0
-10997.974423315296
-10690.306812538558
-10929.295976575951
-11250.0
-11250.0
-11250.0
11250.0
11250.0
11250.0
11250.0
11250.0
11250.0
11250.0
11250.0
-10718.834127148479
-10924.874718050647
-11250.0
-11250.0
11250.0
11250.0
11250.0
11250.0
11250.0
-10745.644754111261
-10974.838129796542
-11250.0
-11250.0
-11250.0
-11250.0
-11250.0
11250.0
11250.0
11250.0
11250.0
11250.0
11250.0
11250.0
11250.0
11250.0
-11250.0
-11250.0
-11250.0
11250.0
11250.0
11250.0
11250.0
-11250.0
-10405.648214187742
-9962.188563852244
-9317.272077107835
-9230.487175624741
-10434.998703642425
-11250.0
11250.0
11250.0
11250.0
11250.0
11250.0
11250.0
11250.0
-10183.36795680357
-11250.0
11250.0
11250.0
11250.0
11250.0
-11250.0
-11250.0
-11250.0
-11250.0
-11250.0
-11250.0
-11250.0
11250.0
11250.0
11250.0
11250.0
11250.0
11250.0
11250.0
11250.0
-11250.0
-11250.0
-11250.0
-11250.0
-11250.0
-11250.0
11250.0
11250.0
11250.0
11250.0
11250.0
11250.0
11250.0
-11250.0
-11250.0
-10680.729833546739
-10279.523054576031
-9331.93464794727
-9310.596986049048
-9819.546908286542
-7565.818756023171
11250.0
11250.0
11250.0
11250.0
11250.0
11250.0
11250.0
11250.0
-8482.263285675748
1330.7578392774822
11250.0
11250.0
-11019.12691269127
-11250.0
11250.0
11250.0
11250.0
-10112.157686165498
-10258.482137569914
-10137.782864333833
-10597.807204552944
-9570.587358376619
-9966.905053334434
-6657.490327733813
11250.0
11250.0
11250.0
11250.0
11250.0
11250.0
-10034.244952128167
-9684.189625480849
-9829.851794686409
-10616.565359902528
-10880.698884659236
-10788.556673731244
-11250.0
-11250.0
11250.0
11250.0
11250.0
11250.0
11250.0
11250.0
11250.0
11250.0
11250.0
-11250.0
-11250.0
-11250.0
-11250.0
-11250.0
11250.0
11250.0
11250.0
11250.0
11250.0
11250.0
-11250.0
-11250.0
-11250.0
-11250.0
-11250.0
11250.0
11250.0
11250.0
11250.0
11250.0
11250.0
11250.0
-10784.319361905571
-11250.0
-11250.0
-11250.0
-11250.0
-11250.0
-11250.0
-3260.559990301608
11250.0
11250.0
11250.0
11250.0
11250.0
11250.0
11250.0
11250.0
-11250.0
-11250.0
-11250.0
-11250.0
-11250.0
-6084.579976985053
11250.0
11250.0
11250.0
11250.0
11250.0
11250.0
11250.0
-11250.0
-11250.0
-9635.167464114835
-4110.125260960345
11250.0
11250.0
11250.0
11250.0
-11250.0
-11250.0
-11250.0
-11250.0
-11250.0
-11250.0
-11250.0
11250.0
11250.0
11250.0
11250.0
11250.0
11250.0
11250.0
11250.0
-11250.0
-11250.0
-11250.0
11250.0
11250.0
11250.0
11250.0
11250.0
-10293.160368560453
-10734.162531059606
-11250.0
-11250.0
-11250.0
-11250.0
-11250.0
-11250.0
11250.0
11250.0
11250.0
11250.0
11250.0
11250.0
11250.0
11250.0
-11250.0
-11250.0
-11250.0
-11250.0
11250.0
11250.0
11250.0
11250.0
11250.0
11250.0
-11250.0
-11250.0
-11250.0
-11250.0
-11250.0
-10692.875760208517
-11250.0
-11250.0
11250.0
11250.0
11250.0
11250.0
11250.0
11250.0
11250.0
11250.0
11250.0
-11250.0
-3776.482758853452
11250.0
11250.0
11250.0
-11250.0
-11250.0
11250.0
11250.0
11250.0
-11250.0
-11250.0
-10415.81612102336
-9558.40375529644
11250.0
11250.0
11250.0
11250.0
11250.0
-11250.0
-11250.0
-11250.0
-11250.0
11250.0
11250.0
11250.0
11250.0
-10717.378213380958
-10939.209474844709
-11250.0
-11250.0
-11250.0
11250.0
11250.0
11250.0
11250.0
11250.0
11250.0
-9584.51972823773
-9464.814813267818
-9860.947015114616
-10315.850903031343
-10884.589145956583
-11250.0
-11250.0
-11250.0
11250.0
11250.0
11250.0
11250.0
11250.0
11250.0
11250.0
11250.0
-10532.980860333675
-10211.169232721684
-10961.971713110685
-11250.0
-11250.0
-11250.0
-11250.0
11250.0
11250.0
11250.0
11250.0
11250.0
11250.0
11250.0
11250.0
455.91456736034615
11250.0
2020.3021627267663
11250.0
-2538.350503792595
-1982.2882501123659
-2146.0570665839314
-2745.718124893725
-3765.9697723697627
-1722.6714538437755
623.3400065678252
3932.789963201301
9924.599112336367
2215.142939632018
11250.0
-4904.916512059372
-4394.205243827051
-1796.5554505129567
827.9384361891834
3186.6605139058843
4069.7151568336662
3193.5563756246215
4815.798253130079
7530.034035553431
2832.6524858435087
11250.0
-3911.402770287162
-4951.477056157064
-4889.5513884296
-4763.020196285479
-5180.423736504585
-5180.2868748511755
-4994.7426053055915
-4420.63078478092
-2018.610508003565
1026.5678456634832
11250.0
11250.0
11250.0
11250.0
11250.0
11250.0
-6248.57509261898
-6199.19264818597
-4647.1392238518
-3150.10388851883
-3428.980146502499
-2758.2604466351895
227.48861408021912
3014.5378771547093
3655.5818179494427
9824.952381959267
11250.0
4510.752746141723
4860.0871710048195
11250.0
-2535.390713476796
7999.544590471367
7419.407745539499
11250.0
-9163.12601699512
-9982.751988530395
-10094.34667839629
-8794.204263297186
-8443.205396257505
-5466.036815856937
11250.0
11250.0
11250.0
8096.923161071777
11250.0
11250.0
-11250.0
-11250.0
-11250.0
-9054.773678204649
-9975.87146429384
-9605.235554869927
11250.0
11250.0
11250.0
11250.0
11250.0
11250.0