Demand
11250.0
11250.0
11250.0
11250.0
11250.0
11250.0
11250.0
11250.0
11250.0
11250.0
11250.0
11250.0
11250.0
11250.0
11250.0
11250.0
11250.0
11250.0
11250.0
11250.0
11250.0
11250.0
11250.0
11250.0
11250.0
-11250.0
-11250.0
-11250.0
-10812.757550292394
-10618.049281658987
-11250.0
11250.0
11250.0
11250.0
11250.0
11250.0
11250.0
11250.0
11250.0
-11250.0
-10664.956011730206
-10468.680910521944
-11250.0
11250.0
11250.0
11250.0
11250.0
11250.0
-11250.0
-11250.0
-11250.0
-10408.622305529527
-8311.865500778706
11250.0
11250.0
11250.0
11250.0
11250.0
-10113.636363636366
-8525.78475336323
-9036.780652512964
-8831.776623377922
-4943.449025319835
6042.993975554713
11250.0
7107.271641779447
11250.0
11250.0
11250.0
-10513.291704784802
-11250.0
-11250.0
-11250.0
-11250.0
11250.0
11250.0
11250.0
11250.0
11250.0
-11250.0
-11250.0
-11250.0
-11250.0
11250.0
11250.0
11250.0
11250.0
11250.0
11250.0
-11250.0
-11250.0
-11250.0
11250.0
11250.0
11250.0
11250.0
-11250.0
-11250.0
-11250.0
-11250.0
-11250.0
-11250.0
11250.0
11250.0
11250.0
11250.0
11250.0
11250.0
11250.0
-11250.0
-11250.0
11250.0
11250.0
11250.0
11250.0
-11250.0
-11250.0
-11250.0
11250.0
11250.0
11250.0
11250.0
-11250.0
-11250.0
-11250.0
-9688.296738840905
-9542.856117378062
-8371.564106282134
11250.0
11250.0
11250.0
11250.0
11250.0
11250.0
-11250.0
-11250.0
-11250.0
-11250.0
-11250.0
-10326.507650765081
-9207.347632653822
-11250.0
11250.0
11250.0
11250.0
11250.0
11250.0
11250.0
11250.0
11250.0
-10560.294346116618
-10756.303235672254
-11250.0
-11250.0
-11250.0
-11250.0
-11250.0
-11250.0
11250.0
11250.0
11250.0
11250.0
11250.0
11250.0
11250.0
11250.0
-11250.0
11250.0
11250.0
-11250.0
-11250.0
-11250.0
-11250.0
-10185.183116043125
11250.0
11250.0
11250.0
11250.0
11250.0
11250.0
-11250.0
11250.0
11250.0
11250.0
11250.0
-9640.369409697527
-10322.330014318402
-10862.928197726822
-11250.0
-11250.0
11250.0
11250.0
11250.0
11250.0
11250.0
11250.0
-10246.672202366444
-10085.220427880937
-9786.220761229597
-9598.785618035614
-11250.0
11250.0
11250.0
11250.0
11250.0
11250.0
-11250.0
-4564.127608855513
11250.0
11250.0
11250.0
-11250.0
11250.0
-11250.0
-11250.0
-11250.0
-11250.0
-11250.0
-11250.0
11250.0
11250.0
11250.0
11250.0
11250.0
11250.0
11250.0
11250.0
-11250.0
11250.0
-11250.0
-10832.41078405835
-11250.0
11250.0
11250.0
11250.0
11250.0
-11250.0
11250.0
-11250.0
-11250.0
-11250.0
-11250.0
-11250.0
11250.0
11250.0
11250.0
11250.0
11250.0
11250.0
-11250.0
-11250.0
-11250.0
-11250.0
11250.0
11250.0
11250.0
11250.0
11250.0
-11250.0
-11250.0
-11250.0
-10482.954545454548
-11250.0
-11250.0
-11250.0
11250.0
11250.0
11250.0
11250.0
11250.0
11250.0
11250.0
11250.0
-11250.0
-11250.0
-11250.0
-11250.0
-11250.0
11250.0
11250.0
11250.0
11250.0
11250.0
11250.0
11250.0
-11250.0
-11250.0
-11250.0
11250.0
11250.0
11250.0
11250.0
11250.0
-10542.435480904798
-10470.880198787665
-10659.336229889952
-11250.0
-11250.0
-11250.0
11250.0
11250.0
11250.0
11250.0
11250.0
11250.0
11250.0
-11250.0
-11250.0
-11250.0
-11250.0
-11250.0
-11250.0
-11250.0
-11250.0
11250.0
11250.0
11250.0
11250.0
11250.0
11250.0
11250.0
11250.0
11250.0
-11250.0
-11250.0
-11250.0
-10602.549415556681
-8972.292398149824
-8929.478297811944
-8719.8194630426
-8999.64283572519
11250.0
-11250.0
11250.0
11250.0
11250.0
11250.0
11250.0
11250.0
11250.0
-10963.707447394361
-11250.0
-11250.0
-11250.0
11250.0
11250.0
11250.0
11250.0
11250.0
11250.0
-11250.0
-11250.0
-11250.0
-11250.0
-11250.0
-11250.0
-11250.0
11250.0
11250.0
11250.0
11250.0
11250.0
11250.0
11250.0
11250.0
-10053.950460700566
-10220.100187976579
-10967.250090884107
-11250.0
-11250.0
-11250.0
-11250.0
-11250.0
11250.0
11250.0
11250.0
11250.0
11250.0
11250.0
11250.0
11250.0
-11250.0
-11250.0
11250.0
11250.0
11250.0
-11250.0
-11250.0
-11250.0
-10871.335144232191
-9729.445227641449
-7899.699803168893
-4459.561520004003
11250.0
11250.0
11250.0
11250.0
11250.0
11250.0
11250.0
-11250.0
-11250.0
-11250.0
-11250.0
-11250.0
-11250.0
-11250.0
11250.0
11250.0
11250.0
11250.0
11250.0
11250.0
11250.0
11250.0
11250.0
-10785.494386092
-10752.25744210096
-11250.0
-11250.0
-11250.0
-11250.0
-11250.0
-4206.638990928861
11250.0
11250.0
11250.0
7251.033386759507
11250.0
11250.0
11250.0
-11250.0
11250.0
-10998.80331429913
-11250.0
-9598.17644036033
-9622.1914806096
-8956.467600792068
-8935.683900337466
11250.0
11250.0
11250.0
11250.0
11250.0
11250.0
11250.0
-9751.40219677495
11250.0
11250.0
-9795.643545643547
-9928.436912210615
-10657.290251039787
-10899.730888401235
-10797.431021549884
-11250.0
-11250.0
11250.0
11250.0
11250.0
11250.0
11250.0
11250.0
11250.0
-11250.0
11250.0
11250.0
-11250.0
11250.0
11250.0
-11250.0
-10656.41030585876
-8674.482374224532
-3987.567443447573
11250.0
11250.0
11250.0
11250.0
-11250.0
-11250.0
-11250.0
-11250.0
-11250.0
11250.0
11250.0
11250.0
11250.0
11250.0
-10520.394811696438
-10697.91178592396
-11250.0
-11250.0
-11250.0
11250.0
11250.0
11250.0
11250.0
11250.0
11250.0
-10783.325247134457
-9834.719323686855
11250.0
11250.0
-10781.763417305585
11250.0
11250.0
-11250.0
-11250.0
-11250.0
-11250.0
-8955.333560535062
-6446.643263858154
11250.0
11250.0
11250.0
11250.0
11250.0
11250.0
-11250.0
-11250.0
11250.0
11250.0
11250.0
11250.0
-11250.0
-11250.0
-11250.0
-11250.0
-11250.0
11250.0
11250.0
11250.0
11250.0
11250.0
11250.0
11250.0
-10070.725801508004
-10215.678866508573
-10664.254368872276
-11250.0
-10296.120422808468
-11250.0
11250.0
11250.0
11250.0
11250.0
11250.0
11250.0
11250.0
11250.0
11250.0
-11250.0
-11250.0
-11250.0
-11250.0
11250.0
11250.0
11250.0
11250.0
11250.0
-11019.12691269127
-10479.49535348605
-10954.306034789872
-11250.0
-11250.0
-11250.0
11250.0
11250.0
11250.0
11250.0
11250.0
11250.0
-11250.0
11250.0
-11250.0
-11250.0
-11250.0
-11250.0
-11250.0
11250.0
11250.0
11250.0
11250.0
11250.0
11250.0
11250.0
-11250.0
-11250.0
-11250.0
-11250.0
-11250.0
-11250.0
-11250.0
11250.0
11250.0
11250.0
11250.0
11250.0
11250.0
11250.0
11250.0
-11250.0
-11250.0
-11250.0
-10557.23437752806
-10407.562590050882
-10683.241080286352
-10257.26374853915
980.1298014582826
11250.0
11250.0
11250.0
11250.0
11250.0
11250.0
11250.0
11250.0
-11250.0
-11250.0
-9312.200956937813
11250.0
11250.0
11250.0
-11250.0
-11250.0
-11250.0
-11250.0
-11250.0
11250.0
11250.0
11250.0
11250.0
11250.0
-10212.471910112363
-4113.583515502269
11250.0
11250.0
-11250.0
-10940.282055863769
-11250.0
-9297.768440655229
11250.0
11250.0
11250.0
11250.0
11250.0
-10545.475908541572
-10238.228246743409
-10973.075285599312
-11250.0
-11250.0
-11250.0
-11250.0
4474.943528316533
11250.0
11250.0
11250.0
11250.0
11250.0
11250.0
11250.0
-8409.09090909091
-960.6017191977244
11250.0
-7727.272727272728
11250.0
11250.0
11250.0
3502.3191094619956
10071.507673266133
-8181.818181818182
-4197.556008146641
-4132.11921540163
-4141.704168470254
-2883.456309462772
2420.8641987155816
8923.377027187656
6801.27294625347
11250.0
-7272.727272727273
-771.7548948513395
-262.02617656706207
-862.482201532719
-217.70056399579153
1667.580755429799
2179.2817211964084
-439.77153419969
-1632.3413373302792
-2056.9184837697176
471.52094599475004
6915.664929242597
8357.628048727282
9821.355688837004
-9545.454545454546
1115.2657601977435
11250.0
11250.0
11250.0
-11250.0
-11250.0
-11250.0
-5590.247131509266
11250.0
11250.0
11250.0
11250.0
11250.0
-4964.039125431536
-3887.9830117589954
1182.4243274490946
11250.0
-271.85659123360165
11250.0
-2869.2581203152004
-2731.145475723246
-4393.143900355155
-5065.610330600321
-2803.066125755455
-88.93937007102795
5247.479788158802
11250.0
851.1833294888511
11250.0
-10320.988772183991
-9366.005665790053
-9243.917323556845
-7725.33550000222
-1682.7528045798317
11250.0
11250.0
11250.0
11250.0
-11010.839160839165
-11250.0
-11250.0
-11250.0
-9362.858797354827
-10322.989641651166
-10596.181699849898
-11250.0
11250.0
11250.0
11250.0
11250.0
11250.0