Demand
11250.0
11250.0
11250.0
11250.0
11250.0
11250.0
11250.0
11250.0
11250.0
11250.0
11250.0
11250.0
11250.0
11250.0
11250.0
11250.0
11250.0
11250.0
11250.0
11250.0
11250.0
11250.0
11250.0
11250.0
11250.0
-11250.0
-11250.0
-11250.0
11250.0
11250.0
11250.0
11250.0
11250.0
11250.0
11250.0
11250.0
11250.0
11250.0
11250.0
11250.0
-10778.925619834714
-10730.293814464068
-11250.0
-11250.0
-11250.0
-11250.0
11250.0
11250.0
11250.0
11250.0
11250.0
11250.0
11250.0
-9976.103699628668
-9002.956077618051
-8089.229437984428
-6477.23023448512
-5930.991483855123
-5361.091035844645
-1374.2608915328237
8279.539226814748
11250.0
11250.0
11250.0
11250.0
-4170.770394481111
11250.0
-9122.148296509771
11250.0
11250.0
-11250.0
-11250.0
11250.0
11250.0
11250.0
11250.0
-11250.0
-10971.316818774445
-11250.0
-11250.0
-11250.0
-11250.0
11250.0
11250.0
11250.0
11250.0
11250.0
11250.0
11250.0
-11250.0
-11250.0
-11250.0
-11250.0
11250.0
11250.0
11250.0
11250.0
-11250.0
-11250.0
-11250.0
-11250.0
-11250.0
11250.0
11250.0
11250.0
11250.0
11250.0
11250.0
-11250.0
-11250.0
-11250.0
-10879.449383669737
-11250.0
-11250.0
-11250.0
11250.0
11250.0
11250.0
11250.0
11250.0
11250.0
11250.0
11250.0
11250.0
-11250.0
-10116.9034953708
-10279.553335898247
-10468.277072234472
-10723.384039464894
-11250.0
11250.0
11250.0
11250.0
11250.0
11250.0
11250.0
11250.0
11250.0
-11250.0
-10709.544879898865
-10315.938826512207
-11250.0
-11250.0
-11250.0
11250.0
11250.0
11250.0
11250.0
11250.0
11250.0
11250.0
-10794.43965189151
-11250.0
-11250.0
-11250.0
-11250.0
-11250.0
-11250.0
11250.0
11250.0
11250.0
11250.0
-11250.0
11250.0
11250.0
11250.0
-11250.0
-11250.0
-11250.0
-11250.0
11250.0
11250.0
11250.0
11250.0
11250.0
11250.0
11250.0
-11250.0
-11250.0
11250.0
11250.0
11250.0
11250.0
-10329.424326167318
-9769.475651705983
-9642.273185273472
-10357.685170897978
-10905.102127605143
-11250.0
-11250.0
-11250.0
11250.0
11250.0
11250.0
11250.0
11250.0
11250.0
11250.0
11250.0
-8837.774294670853
11250.0
11250.0
-11250.0
-11250.0
-11250.0
11250.0
11250.0
11250.0
-10509.642083204046
-10983.679284949954
-11250.0
-11250.0
-11250.0
-11250.0
-11250.0
-11250.0
11250.0
11250.0
11250.0
11250.0
11250.0
11250.0
11250.0
11250.0
11250.0
-11250.0
-11250.0
-11250.0
-11250.0
-11250.0
11250.0
11250.0
11250.0
11250.0
11250.0
-11250.0
-11250.0
-11250.0
-11250.0
11250.0
11250.0
11250.0
11250.0
11250.0
11250.0
-11250.0
-10646.66823142548
-10883.926503948795
-9743.25755491063
-11250.0
11250.0
11250.0
11250.0
11250.0
11250.0
11250.0
11250.0
-11250.0
11250.0
11250.0
-11250.0
-9496.753246753247
11250.0
11250.0
-11250.0
-11250.0
-11250.0
-11250.0
-11250.0
-11250.0
-11250.0
11250.0
11250.0
11250.0
11250.0
11250.0
11250.0
11250.0
11250.0
-8949.182539064801
-7941.263797154887
-8846.418119751332
-9894.405716874073
-10034.03828899645
-10718.497545915954
-11250.0
-11250.0
11250.0
11250.0
11250.0
11250.0
11250.0
11250.0
11250.0
11250.0
-10697.713410404685
-11250.0
11250.0
11250.0
11250.0
-11250.0
-11250.0
-11250.0
11250.0
11250.0
11250.0
11250.0
-11250.0
-11250.0
-11250.0
11250.0
11250.0
11250.0
11250.0
11250.0
-11250.0
-10921.459220596244
-10357.062755613097
-10419.875454638644
11250.0
11250.0
11250.0
11250.0
11250.0
11250.0
-11250.0
-10716.281029567825
-9380.300591524323
-9328.11576465306
-9056.429704608017
-8761.668259440932
11250.0
11250.0
11250.0
11250.0
11250.0
11250.0
-11250.0
-10625.405844155848
-10460.383424978387
-10655.359931678915
-11250.0
11250.0
11250.0
11250.0
11250.0
11250.0
11250.0
-11250.0
-11250.0
-11250.0
-11250.0
11250.0
11250.0
11250.0
11250.0
11250.0
11250.0
-11250.0
-11250.0
-11250.0
-11250.0
-11250.0
-9828.73739425954
-8451.462907201723
-3495.661704402731
11250.0
11250.0
11250.0
11250.0
11250.0
11250.0
11250.0
11250.0
-11250.0
11250.0
-10516.250531782243
-11250.0
-11250.0
-11250.0
-11250.0
-11250.0
-11250.0
11250.0
11250.0
11250.0
11250.0
11250.0
11250.0
11250.0
-10488.350561778716
-10142.84715286706
-10634.079038389576
-10893.43128298318
-11250.0
-11250.0
-11250.0
11250.0
11250.0
11250.0
11250.0
11250.0
11250.0
11250.0
11250.0
11250.0
-11250.0
-11250.0
-11250.0
-11250.0
-11250.0
11250.0
11250.0
11250.0
11250.0
11250.0
-10755.729066303014
-10704.496407559986
-11250.0
-11250.0
-11250.0
-11250.0
-11250.0
11250.0
11250.0
11250.0
11250.0
11250.0
11250.0
11250.0
11250.0
11250.0
11250.0
-11002.610984044753
-11250.0
-9714.993789302414
-9825.505387870893
-9483.627757384602
-10011.706278226618
-6105.670722142309
11250.0
11250.0
11250.0
11250.0
11250.0
11250.0
11250.0
11250.0
-8831.101471142974
11250.0
11250.0
-10650.56087870998
-10622.418583431805
11250.0
11250.0
11250.0
-11250.0
-11250.0
-11250.0
-11250.0
-11250.0
-10639.25663126816
-8945.958061659334
11250.0
11250.0
11250.0
11250.0
11250.0
11250.0
11250.0
11250.0
11250.0
-9642.377484629622
-10971.51510405917
-9954.553248763714
-5063.6501036182635
11250.0
11250.0
11250.0
-11250.0
-11250.0
-11250.0
11250.0
11250.0
11250.0
11250.0
-10750.986631833468
-10429.04918223069
-10635.040714219329
-11250.0
-11250.0
-11250.0
-11250.0
11250.0
11250.0
11250.0
11250.0
11250.0
11250.0
11250.0
11250.0
-9899.427571730488
-10410.8514679269
11250.0
11250.0
11250.0
-11250.0
-11250.0
-11250.0
-10238.873040499573
-10845.577835254306
-10711.133572753984
-10347.131693887655
-11250.0
11250.0
11250.0
11250.0
11250.0
11250.0
11250.0
11250.0
11250.0
-10985.205357062234
-11250.0
-11250.0
-11250.0
-11250.0
11250.0
11250.0
11250.0
11250.0
11250.0
11250.0
11250.0
-10519.785538052762
-9901.504007237647
-10019.74526368983
-10506.037191476596
-11250.0
-9216.809610005963
11250.0
11250.0
11250.0
11250.0
11250.0
11250.0
11250.0
-9814.740552840678
-9986.525255717424
-9873.110820697631
11250.0
11250.0
11250.0
-11250.0
-11250.0
-11250.0
-11250.0
11250.0
11250.0
11250.0
11250.0
11250.0
-11250.0
-11250.0
11250.0
11250.0
11250.0
-11250.0
-11250.0
-10846.371729161048
-11250.0
11250.0
11250.0
11250.0
11250.0
11250.0
11250.0
-11250.0
-11250.0
-10940.107990557797
-11250.0
-11250.0
-9973.781663549544
-11250.0
11250.0
11250.0
11250.0
11250.0
11250.0
11250.0
11250.0
11250.0
11250.0
-9725.935828877005
11250.0
-11003.362594599486
-11250.0
-11250.0
-11250.0
-11250.0
11250.0
11250.0
11250.0
11250.0
11250.0
-10989.432308729749
-10963.517039895472
-10926.460559943902
-11250.0
-11250.0
-11250.0
-11250.0
11250.0
11250.0
11250.0
11250.0
11250.0
11250.0
11250.0
11250.0
11250.0
-11250.0
-11250.0
-11250.0
-11250.0
-11250.0
11250.0
11250.0
11250.0
11250.0
11250.0
-9875.10720411664
-10241.882892453843
-10767.110351218424
-11250.0
11250.0
11250.0
11250.0
11250.0
11250.0
-10784.540625913854
-10732.497830876455
-9153.465002946108
-9800.039057297563
-9226.389644670551
-8161.521427639131
11250.0
11250.0
11250.0
11250.0
11250.0
11250.0
-9739.102689966625
-7684.6545726481045
-5307.411244859653
-918.1280908467215
6637.276420119761
8007.861921817591
10400.007245094746
3270.1790787360787
11250.0
-4259.538641230292
-3752.763189859354
-2928.431454046515
-1208.867203920212
-611.5710304510285
-871.6046385360714
-1668.9097453104532
-3009.0477593424675
-1307.9026125305518
-9.542882208754236
836.5099439536607
1943.088707104701
6631.233896120208
11250.0
5352.036039369272
11250.0
-7840.909090909091
-2099.7431506849316
-781.0456277750236
-290.8025896003601
-908.7850860306899
-301.73287506742963
1524.219814300448
2012.916511540042
-581.2850482960639
-1859.5091125313156
-2517.6140903493197
-894.9307123421713
2595.9385938144096
7935.75140322548
9051.957738674972
7154.081799363573
11250.0
-8266.86373328165
8169.27100148514
11250.0
-11250.0
-11250.0
-11250.0
-9229.254201680673
-5570.842704231709
-1290.240874919842
293.0483614574441
6875.092762364807
10502.351812117493
5466.9998197889945
7808.224044231949
11250.0
4645.761119804787
11250.0
-8409.09090909091
11250.0
2764.072847682117
11250.0
-6269.61088889752
-5305.01639020702
-4988.478506352778
-5439.308472287001
-6089.492515610593
-4974.241499577285
11250.0
3296.0384656999177
11250.0
11250.0
11250.0
-9807.638238050611
-9950.050450404338
-8948.413821916125
-8972.603736608053
-10091.755014284165
-10737.30389506428
-11250.0
-11250.0
11250.0
11250.0
11250.0
11250.0
11250.0
11250.0
11250.0
-11250.0
-11250.0
-11250.0