Demand
11250.0
11250.0
11250.0
11250.0
11250.0
11250.0
11250.0
11250.0
11250.0
11250.0
11250.0
11250.0
11250.0
11250.0
11250.0
11250.0
-11250.0
11250.0
11250.0
11250.0
-11250.0
11250.0
11250.0
-11250.0
-11250.0
-11250.0
-11250.0
-11250.0
-10544.990723562154
-8770.460963525395
11250.0
11250.0
11250.0
11250.0
11250.0
11250.0
11250.0
-11250.0
-11250.0
-11250.0
-10039.939222935918
-4961.18809943694
11250.0
11250.0
11250.0
11250.0
11250.0
-11250.0
-11250.0
-11250.0
11250.0
11250.0
11250.0
11250.0
-9354.983192346055
-8716.757467755178
-7688.800322828898
-7654.381512957294
-7881.453013933526
-7277.411701082502
-7735.596553540694
-6678.898352931221
8815.588088058876
11250.0
11250.0
-210.87996045636646
11250.0
11250.0
11250.0
11250.0
-11250.0
11250.0
11250.0
-11250.0
-11250.0
-11250.0
-11250.0
-10656.66204024983
-11250.0
11250.0
11250.0
11250.0
11250.0
11250.0
11250.0
11250.0
-11250.0
11250.0
11250.0
-11250.0
-11250.0
-11250.0
-11250.0
-11250.0
11250.0
11250.0
11250.0
11250.0
11250.0
-11250.0
-11250.0
-11250.0
-9453.991130820403
11250.0
11250.0
11250.0
11250.0
11250.0
11250.0
-11250.0
-11250.0
-10932.745825602968
-11250.0
-11250.0
-11250.0
-11250.0
11250.0
11250.0
11250.0
11250.0
11250.0
11250.0
11250.0
11250.0
-11250.0
-10031.73075944453
-10079.643480596886
-10000.128862513498
-7373.514910757691
11250.0
11250.0
11250.0
11250.0
11250.0
-11250.0
11250.0
-11250.0
11250.0
11250.0
11250.0
11250.0
-11250.0
-11250.0
-11250.0
11250.0
11250.0
11250.0
11250.0
11250.0
-10512.60141825848
-10431.317723706445
-10621.639714122437
-11250.0
-11250.0
-11250.0
11250.0
11250.0
11250.0
11250.0
11250.0
11250.0
11250.0
-11250.0
-11250.0
-11250.0
11250.0
11250.0
11250.0
-11250.0
-11250.0
-11250.0
-11250.0
11250.0
11250.0
11250.0
11250.0
11250.0
11250.0
11250.0
-11250.0
-11250.0
-11250.0
-11250.0
-9209.914101646391
-6596.800304732886
-871.2533934865387
11250.0
11250.0
11250.0
11250.0
11250.0
11250.0
11250.0
11250.0
-11250.0
-11250.0
-9621.797778281572
-8593.278055111427
4463.850240943397
11250.0
11250.0
11250.0
11250.0
11250.0
-11250.0
-11250.0
-11250.0
-1284.96503496506
11250.0
11250.0
11250.0
11250.0
11250.0
-11250.0
-11250.0
-11250.0
-11250.0
11250.0
11250.0
11250.0
11250.0
-11004.6143347322
-10982.947955194046
-11250.0
-11250.0
-11250.0
-11250.0
-11250.0
11250.0
11250.0
11250.0
11250.0
11250.0
11250.0
11250.0
11250.0
11250.0
-11250.0
-11250.0
-11250.0
-11250.0
-11250.0
-11250.0
-11250.0
11250.0
11250.0
11250.0
11250.0
11250.0
11250.0
11250.0
-11250.0
-11250.0
11250.0
11250.0
11250.0
11250.0
-11250.0
-11250.0
-11250.0
-11250.0
11250.0
11250.0
11250.0
11250.0
11250.0
11250.0
-11250.0
-11250.0
-11250.0
-11250.0
-11250.0
-11250.0
11250.0
11250.0
11250.0
11250.0
11250.0
11250.0
11250.0
-4802.576455802255
11250.0
-10231.73971664226
-10261.06715494363
-10657.8151584486
11250.0
11250.0
11250.0
11250.0
-11250.0
-11250.0
-11250.0
-11250.0
-9121.565554121338
11250.0
5097.400603713744
11250.0
11250.0
11250.0
11250.0
-11250.0
-11250.0
-11250.0
11250.0
11250.0
11250.0
-11250.0
-11250.0
-11250.0
-11250.0
-11250.0
-11250.0
-11250.0
11250.0
11250.0
11250.0
11250.0
11250.0
11250.0
11250.0
11250.0
-11250.0
-11250.0
-11250.0
-11250.0
11250.0
11250.0
11250.0
11250.0
11250.0
-10772.36415775949
-10979.402356706072
-11250.0
-11250.0
-11250.0
11250.0
11250.0
11250.0
11250.0
11250.0
11250.0
-11250.0
-11250.0
-11250.0
-11250.0
-11250.0
-11250.0
-11250.0
11250.0
11250.0
11250.0
11250.0
11250.0
11250.0
11250.0
11250.0
-11250.0
-11250.0
-11250.0
11250.0
11250.0
11250.0
-11250.0
-10361.750974758877
-9791.761566884928
-8697.97857606527
-7190.969755437007
11250.0
11250.0
11250.0
11250.0
11250.0
11250.0
-11250.0
-11250.0
-11250.0
-7560.414269275039
11250.0
11250.0
11250.0
11250.0
11250.0
-11250.0
-11250.0
11250.0
11250.0
11250.0
-11250.0
-11250.0
-10954.833141542003
-10200.40670154025
-9467.204614545139
-9926.622682738536
-9411.69993401043
11250.0
11250.0
11250.0
11250.0
11250.0
11250.0
11250.0
-11250.0
-11250.0
-11250.0
-11250.0
-11250.0
-11250.0
-11250.0
11250.0
11250.0
11250.0
11250.0
11250.0
11250.0
11250.0
11250.0
11250.0
-10779.305978639852
-11250.0
-11250.0
11250.0
11250.0
11250.0
-9747.562651604327
-9230.46958845597
-8765.096959815695
-7213.3174709735495
-4825.664737328663
11250.0
11250.0
11250.0
11250.0
11250.0
-10986.815103632263
-11250.0
-8924.38536618512
-7257.497402698202
11250.0
11250.0
11250.0
11250.0
11250.0
-11000.696559320935
-11250.0
-11250.0
-6351.086098494005
-2671.0507793064044
11250.0
11250.0
11250.0
11250.0
11250.0
-11020.941239507054
-10992.463535193241
-11250.0
-11250.0
-11250.0
11250.0
11250.0
11250.0
11250.0
11250.0
11250.0
-11250.0
-11250.0
-11250.0
-11250.0
-11250.0
-11250.0
-11250.0
11250.0
11250.0
11250.0
11250.0
11250.0
11250.0
11250.0
11250.0
11250.0
-11250.0
-11250.0
-11250.0
11250.0
11250.0
11250.0
11250.0
-10722.439325380506
-10283.798641363104
-10348.591010026368
-11250.0
11250.0
11250.0
11250.0
11250.0
11250.0
-10392.41362840312
-9752.12894223682
-9329.034908876569
11250.0
11250.0
11250.0
11250.0
11250.0
-11250.0
-11250.0
-11250.0
11250.0
11250.0
11250.0
11250.0
11250.0
-10810.034305317331
11250.0
11250.0
-11250.0
-11250.0
11250.0
11250.0
-11250.0
-10432.00952461944
-10648.27378495055
-11250.0
-10838.592104324242
-11250.0
-11250.0
-11250.0
11250.0
11250.0
11250.0
11250.0
11250.0
11250.0
11250.0
11250.0
11250.0
-9966.753986412
-10139.789309640215
-10637.013598614783
-11250.0
-10402.475261282565
-11250.0
-11250.0
-11250.0
11250.0
11250.0
11250.0
11250.0
11250.0
11250.0
11250.0
11250.0
11250.0
-11250.0
-11250.0
-11250.0
-11250.0
11250.0
11250.0
11250.0
11250.0
11250.0
-10974.185074810284
-11250.0
-11250.0
11250.0
11250.0
11250.0
11250.0
11250.0
-10899.87714987715
-11250.0
11250.0
11250.0
11250.0
-11250.0
-11250.0
11250.0
11250.0
11250.0
-10989.65391431252
-11250.0
-11250.0
-10340.64807656499
-11250.0
-8504.874380889243
11250.0
11250.0
11250.0
11250.0
11250.0
11250.0
11250.0
-10543.163666455257
-10744.819163780874
-10698.626321516826
-10941.927838642801
-11250.0
-11250.0
-11250.0
-11250.0
11250.0
11250.0
11250.0
11250.0
11250.0
11250.0
11250.0
11250.0
11250.0
-11250.0
-11250.0
-11250.0
-11250.0
-11250.0
11250.0
11250.0
11250.0
11250.0
11250.0
-10936.302486750923
-11250.0
11250.0
11250.0
-11250.0
-11250.0
-11250.0
-11250.0
-9701.538972560065
-1920.731496261269
11250.0
11250.0
11250.0
11250.0
11250.0
11250.0
11250.0
11250.0
-11009.147971050086
-11250.0
-10646.752035705005
-10533.287333296004
-10321.470940305226
-6135.217867543568
-4501.558387955516
11250.0
11250.0
11250.0
11250.0
11250.0
11250.0
11250.0
-11250.0
-9663.429322520231
-7701.74854817502
-5878.922795625811
-3454.3738249640824
-1099.370812583782
-57.92445764303011
3590.1059758712718
10359.618095268146
9837.758434706806
8798.956031190231
6700.4664520913575
10103.67582700707
-7159.09090909091
-1417.934028137499
-1610.3099058191547
-2279.9592362965577
-3422.0788454050185
-1501.2168218569077
357.59525248399314
2318.198102991906
5774.137245241636
11250.0
2581.436572815719
11250.0
-5197.696139476964
-3231.008787935578
-1387.6849723832074
240.9091103101564
945.0716399558632
411.5522495220939
1437.3195570151556
3962.783775226691
4349.048654134545
982.4863054804482
1447.128648757247
11250.0
-8636.363636363638
-5476.85685890503
-5973.172474896051
-6159.19572777189
-6289.5816954099255
-6326.391390491652
-5719.784579484635
-6285.683043414749
-6609.324763021461
11250.0
11250.0
11250.0
11250.0
11250.0
11250.0
11250.0
-2097.8125969593693
11250.0
11250.0
-5537.305122494436
-3369.567634587315
-62.045367951199296
6806.797409801493
11250.0
-7386.363636363636
862.9078420148908
-789.0105608240192
1119.2610175639647
11250.0
11250.0
-9318.18181818182
-8093.9832663440275
-8590.509823952649
-9487.661983724054
-9330.402536463764
-4825.198878884741
11250.0
11250.0
11250.0
11250.0
11250.0
-10454.545454545456
-10479.922441831375
-10971.358277591658
-11250.0
-11250.0
-11250.0
-8315.344080423285
-9446.463930278194
-8244.699965314103
11250.0
11250.0
11250.0
11250.0
11250.0
11250.0