Demand
11250.0
11250.0
11250.0
11250.0
11250.0
11250.0
11250.0
11250.0
11250.0
11250.0
11250.0
-11250.0
-11250.0
11250.0
11250.0
11250.0
11250.0
11250.0
11250.0
11250.0
-11250.0
11250.0
11250.0
-11250.0
-11250.0
-11250.0
-11250.0
-11250.0
11250.0
11250.0
11250.0
11250.0
11250.0
-11250.0
-11250.0
-11250.0
-11250.0
-11250.0
11250.0
11250.0
11250.0
11250.0
11250.0
-11250.0
-11250.0
11250.0
11250.0
11250.0
-11250.0
-11250.0
-11250.0
-10471.574049096307
-9062.420197825963
-6013.3204503544375
11250.0
11250.0
11250.0
11250.0
11250.0
11250.0
11250.0
-9685.798983625074
-8212.124553253776
-7137.266314783119
-5005.895168986966
-4484.119770609659
11250.0
11250.0
11250.0
11250.0
11250.0
-11250.0
-11250.0
-11250.0
-11250.0
-11250.0
-11250.0
11250.0
11250.0
11250.0
11250.0
11250.0
11250.0
11250.0
11250.0
-11250.0
-11250.0
-11250.0
11250.0
11250.0
11250.0
11250.0
-11250.0
11250.0
-11250.0
-11250.0
-11250.0
-11250.0
-11250.0
11250.0
11250.0
11250.0
11250.0
11250.0
11250.0
-11250.0
-11250.0
11250.0
11250.0
11250.0
-11250.0
-10696.780977030088
11250.0
11250.0
11250.0
11250.0
-11250.0
-11250.0
-11250.0
-11250.0
-11250.0
11250.0
11250.0
11250.0
11250.0
11250.0
-10494.254566882733
-10681.189217875231
-10911.444711261775
-11250.0
-11250.0
-11250.0
11250.0
11250.0
11250.0
11250.0
11250.0
11250.0
-11250.0
-10688.219213025106
-10268.995559910247
-11250.0
-11250.0
-11250.0
11250.0
11250.0
11250.0
11250.0
11250.0
11250.0
11250.0
-10725.995914198164
-11250.0
11250.0
11250.0
11250.0
11250.0
11250.0
-10461.631719144869
-10566.081254959343
11250.0
11250.0
-11250.0
-11250.0
-11250.0
-11250.0
-11250.0
11250.0
11250.0
11250.0
11250.0
11250.0
11250.0
11250.0
-11250.0
-11250.0
-11250.0
-11250.0
-11250.0
11250.0
11250.0
11250.0
11250.0
11250.0
11250.0
11250.0
-10545.286647536479
-10991.542699184232
-11250.0
-11250.0
-11250.0
-11250.0
11250.0
11250.0
11250.0
11250.0
11250.0
11250.0
11250.0
-10503.637245392823
-11250.0
-11250.0
-11250.0
-11250.0
-11250.0
11250.0
11250.0
11250.0
11250.0
11250.0
11250.0
-11250.0
11250.0
11250.0
-11250.0
11250.0
11250.0
-11250.0
-11250.0
-11250.0
-11250.0
-10681.26385809313
-9641.606858643718
11250.0
11250.0
11250.0
11250.0
11250.0
11250.0
-11250.0
-10861.423454553063
-11250.0
11250.0
11250.0
11250.0
11250.0
11250.0
-11250.0
11250.0
11250.0
-11250.0
-11250.0
-11250.0
-11250.0
-9044.226044226052
11250.0
11250.0
11250.0
11250.0
11250.0
11250.0
11250.0
-11250.0
-11250.0
-11250.0
-11250.0
-11250.0
11250.0
11250.0
11250.0
11250.0
11250.0
11250.0
-11250.0
-11250.0
-11250.0
-11250.0
-11250.0
11250.0
11250.0
11250.0
11250.0
11250.0
11250.0
-11250.0
-11250.0
-11250.0
-11250.0
11250.0
11250.0
11250.0
11250.0
11250.0
11250.0
-10953.331020124919
-11250.0
11250.0
11250.0
11250.0
11250.0
-11250.0
-11250.0
-11250.0
-10128.134516944214
-9721.905075705814
-9384.200429983066
11250.0
11250.0
11250.0
11250.0
11250.0
11250.0
11250.0
-11250.0
-11250.0
-11250.0
11250.0
11250.0
11250.0
-11250.0
-11250.0
-11250.0
-11250.0
-11250.0
-11250.0
-11250.0
11250.0
11250.0
11250.0
11250.0
11250.0
11250.0
11250.0
11250.0
11250.0
-11250.0
-10617.880613362544
-8840.707653827638
-8349.08612976558
-5795.136052630325
11250.0
11250.0
11250.0
11250.0
11250.0
11250.0
-11250.0
-11250.0
-10646.983561495203
-10555.403122694577
-10827.314551708994
-11250.0
-11250.0
11250.0
11250.0
11250.0
11250.0
11250.0
11250.0
11250.0
11250.0
11250.0
-11250.0
-11250.0
11250.0
11250.0
11250.0
-11250.0
11250.0
11250.0
-11250.0
-11250.0
-11250.0
-9707.452139921821
-7446.676421062959
11250.0
11250.0
11250.0
-11250.0
11250.0
11250.0
11250.0
-11250.0
-11250.0
-11250.0
11250.0
11250.0
11250.0
11250.0
11250.0
-11250.0
11250.0
-11250.0
-11250.0
-11250.0
11250.0
11250.0
11250.0
-11250.0
-10915.064897756656
-9975.66534401778
-8766.671958158444
-8481.664600853033
11250.0
11250.0
11250.0
11250.0
11250.0
11250.0
11250.0
-11250.0
-11250.0
-11250.0
-11250.0
-11250.0
-11250.0
11250.0
11250.0
11250.0
11250.0
11250.0
11250.0
11250.0
-10477.306198955685
-9737.42096866078
-9714.616454645678
-10054.422586658638
-5383.503268102871
11250.0
11250.0
11250.0
11250.0
11250.0
-9853.992525175694
-9472.597671435353
-9262.312921074405
-8602.378304613256
-8779.55929545749
-8835.363539086291
-9645.867596526776
11250.0
11250.0
11250.0
11250.0
11250.0
11250.0
-10262.393130012242
-10180.05589771584
-10658.52160937238
-9893.645703715283
-10438.774673226653
-10176.85140788477
-10372.504978977933
-11250.0
11250.0
11250.0
11250.0
11250.0
11250.0
11250.0
11250.0
11250.0
-10929.169580215672
-10793.51310312128
-11250.0
11250.0
11250.0
11250.0
11250.0
11250.0
-11250.0
-10985.20583190395
-10655.915606978728
-11250.0
-11250.0
-11250.0
-11250.0
11250.0
11250.0
11250.0
11250.0
11250.0
11250.0
11250.0
11250.0
-10727.873223954732
-11250.0
-11250.0
-11250.0
-11250.0
11250.0
11250.0
11250.0
11250.0
11250.0
11250.0
-10743.063866711564
-10387.83788433507
-10566.458498829743
-11250.0
-11250.0
-11250.0
11250.0
11250.0
11250.0
11250.0
11250.0
11250.0
-10746.401813152308
-10413.285432179568
-10613.290947710502
-9711.638898036694
-10744.47766296755
-11250.0
-11250.0
11250.0
11250.0
11250.0
11250.0
11250.0
11250.0
11250.0
-10966.996051756942
-11250.0
-11250.0
-11250.0
-11250.0
11250.0
11250.0
11250.0
11250.0
11250.0
11250.0
-11250.0
-11250.0
-11250.0
-11250.0
-11250.0
-11250.0
11250.0
11250.0
11250.0
11250.0
11250.0
11250.0
11250.0
-10202.134743270493
-10654.76125490727
-11250.0
-10264.339378646044
-11250.0
11250.0
11250.0
11250.0
11250.0
11250.0
11250.0
11250.0
-9060.499359795147
11250.0
11250.0
-11250.0
-11250.0
11250.0
11250.0
-11250.0
-11250.0
-11250.0
-10439.28529098021
-10627.929952437782
-4573.567326420727
11250.0
11250.0
11250.0
11250.0
11250.0
11250.0
-11250.0
11250.0
11250.0
-11250.0
-11250.0
-11250.0
11250.0
11250.0
11250.0
11250.0
-11250.0
-11250.0
-10863.388742948195
-11250.0
-11250.0
11250.0
11250.0
11250.0
11250.0
11250.0
-11250.0
-11250.0
-11250.0
11250.0
11250.0
11250.0
11250.0
11250.0
-11007.355027906538
-11250.0
-11250.0
-11250.0
-11250.0
-11250.0
-11250.0
-11250.0
11250.0
11250.0
11250.0
11250.0
11250.0
11250.0
11250.0
11250.0
11250.0
-11250.0
11250.0
-11250.0
-11250.0
-11250.0
-11250.0
-10211.79065813973
-10422.03257261994
-11250.0
11250.0
11250.0
11250.0
11250.0
11250.0
11250.0
11250.0
11250.0
-9460.913109207391
-9268.071926798631
-9628.00369639714
-10058.504187191014
-10691.598101096104
-11250.0
11250.0
11250.0
11250.0
11250.0
11250.0
11250.0
11250.0
-9399.350649350654
-10017.61514999421
-9663.410237002347
-9348.949083433134
2914.614758571738
11250.0
11250.0
11250.0
11250.0
11250.0
-9731.534328086342
-7913.695666161567
-6315.383087636881
-4304.682403774748
-2532.437226422773
-2013.3544143200543
287.0093496447844
5571.472793886383
10967.569198299017
9055.613189574093
7429.680844492137
8349.798137054528
6492.759158852365
-7045.454545454546
3575.773422877882
3943.1517943517442
9191.597297396878
-8181.818181818182
-4068.715710488114
-4181.100701232341
-4499.442314193477
-3999.59772877501
-1486.4414334362355
528.681273415048
3689.7733382478464
11250.0
9438.180603826237
6612.299418379287
4418.561044744225
11250.0
-1627.5420979888877
-125.79448428347132
277.9865851186878
-1975.1943235184553
-3269.326046609005
-4204.786503542771
-3774.754057791734
-3031.506107232459
-2582.492941644192
-271.6750838766093
7289.839654396136
11250.0
2972.970404560663
11250.0
11250.0
-11250.0
-11250.0
-11250.0
-8152.381751090241
6105.320521316789
11250.0
11250.0
11250.0
1613.6201144635343
11250.0
-6181.497826373338
-5245.57453800939
-4729.779446069186
-5195.890466752054
-4226.935800489797
-979.1814389820829
-762.9070707242863
-2783.3686274231623
-3529.4994656362956
-564.4342252122424
2329.3017104016226
4774.9909011622585
9791.26018015882
4534.00758168067
11250.0
11250.0
-9539.022298456264
-9542.61400335874
-8699.41097749144
-7787.53531270977
5162.859530950477
11250.0
11250.0
11250.0
11250.0
-11250.0
11250.0
11250.0
-10081.754417926764
-10738.56213566375
-10959.437531617117
-11250.0
-11250.0
-11250.0
11250.0
11250.0
11250.0