Demand
-11250.0
-11250.0
-11250.0
11250.0
11250.0
11250.0
11250.0
11250.0
11250.0
11250.0
11250.0
11250.0
11250.0
-11250.0
-11250.0
11250.0
11250.0
11250.0
-11250.0
-11250.0
-11250.0
-11250.0
-11250.0
-11250.0
-11250.0
11250.0
11250.0
11250.0
11250.0
11250.0
11250.0
11250.0
-11250.0
-11250.0
11250.0
11250.0
11250.0
11250.0
-11250.0
-11250.0
-10012.961176754285
11250.0
11250.0
11250.0
11250.0
-11250.0
-11250.0
11250.0
11250.0
11250.0
-11250.0
-10740.464839094162
-10093.124602968921
-9534.299886856013
-7713.96908108884
-4697.14717007113
6296.765235258979
11250.0
4698.972029228449
11250.0
11250.0
11250.0
11250.0
-8341.83673469388
-7532.7029356588755
-8496.071439167721
-5272.3423588511905
11250.0
7.451146735799739
11250.0
11250.0
11250.0
-11250.0
-11250.0
-11250.0
-11250.0
-11250.0
1022.7272727272366
11250.0
11250.0
11250.0
11250.0
11250.0
11250.0
-11250.0
-11250.0
11250.0
11250.0
-11250.0
11250.0
11250.0
-11250.0
-11250.0
-11250.0
-11250.0
11250.0
11250.0
11250.0
11250.0
11250.0
-11250.0
-11250.0
-10298.23747680891
-8744.978349292021
10068.064730424612
-11250.0
11250.0
11250.0
11250.0
11250.0
11250.0
11250.0
11250.0
11250.0
-11250.0
-11250.0
-11250.0
11250.0
11250.0
11250.0
11250.0
-11250.0
-11250.0
-11250.0
-11250.0
-9758.287292817684
-9840.207127334274
-9868.689916955416
-9573.326768957726
11250.0
11250.0
11250.0
11250.0
11250.0
11250.0
11250.0
11250.0
-11250.0
-11250.0
-10640.905133177665
-10179.994147781883
-11250.0
-11250.0
-11250.0
11250.0
11250.0
11250.0
11250.0
11250.0
11250.0
11250.0
11250.0
-11250.0
-11250.0
-11250.0
-11250.0
11250.0
11250.0
11250.0
11250.0
11250.0
-10998.996966435072
-11250.0
-11250.0
-11250.0
-11250.0
-11250.0
-11250.0
11250.0
11250.0
11250.0
11250.0
11250.0
11250.0
11250.0
11250.0
-11250.0
-11250.0
-11250.0
-11250.0
-11250.0
11250.0
11250.0
11250.0
11250.0
11250.0
11250.0
-11010.347566102962
-11250.0
-11250.0
-11250.0
-11250.0
-11250.0
-11250.0
-11250.0
11250.0
11250.0
11250.0
11250.0
11250.0
11250.0
11250.0
11250.0
11250.0
-11250.0
-11250.0
-11250.0
-9582.181899459505
-9347.661843113885
-9238.650909158263
11250.0
11250.0
11250.0
11250.0
11250.0
11250.0
-11250.0
-11250.0
-11250.0
-11250.0
11250.0
11250.0
11250.0
11250.0
11250.0
-11250.0
11250.0
11250.0
-11250.0
11250.0
-10991.865145924188
-11250.0
11250.0
11250.0
-11250.0
11250.0
11250.0
11250.0
-11250.0
-11250.0
-11250.0
-11250.0
11250.0
11250.0
11250.0
11250.0
11250.0
-10847.036028487644
11250.0
11250.0
11250.0
-11250.0
-11250.0
-11250.0
-11250.0
-11250.0
-11250.0
11250.0
11250.0
11250.0
11250.0
11250.0
11250.0
-11250.0
11250.0
11250.0
11250.0
-11250.0
-11250.0
-11250.0
-11250.0
11250.0
11250.0
11250.0
11250.0
11250.0
-11250.0
11250.0
11250.0
11250.0
-7788.617246187761
-8013.720764539383
-6151.520928477283
11250.0
11250.0
11250.0
-11250.0
-11250.0
11250.0
11250.0
11250.0
-11250.0
-11250.0
-9945.573206761273
-8945.026719639784
11250.0
11250.0
11250.0
11250.0
11250.0
11250.0
-11250.0
-11250.0
11250.0
11250.0
11250.0
11250.0
-11250.0
-11250.0
11250.0
11250.0
11250.0
-11250.0
-11250.0
-11250.0
-11250.0
-10741.757153047478
-9624.631677847447
-8500.965443430214
11250.0
11250.0
11250.0
11250.0
11250.0
11250.0
11250.0
11250.0
-9539.130003089791
-7066.080423677672
11250.0
11250.0
-10879.262453616615
11250.0
11250.0
11250.0
-11250.0
-11250.0
-11250.0
11250.0
11250.0
11250.0
11250.0
-11250.0
-11250.0
-11250.0
-11250.0
-11250.0
-11250.0
11250.0
11250.0
11250.0
11250.0
11250.0
11250.0
11250.0
11250.0
-11250.0
-11250.0
-11250.0
11250.0
11250.0
11250.0
11250.0
-10501.235777209804
-10164.557774417444
-9745.941490045909
-9878.753916279067
-10838.646146566007
-11250.0
-11250.0
-11250.0
11250.0
11250.0
11250.0
11250.0
11250.0
11250.0
11250.0
11250.0
11250.0
11250.0
-11250.0
11250.0
11250.0
-11250.0
-11250.0
-11250.0
-11250.0
-11250.0
-10691.079055173017
-8349.960534102469
8209.32528312667
11250.0
1930.6105882465463
11250.0
11250.0
11250.0
11250.0
11250.0
11250.0
-11250.0
11250.0
-11250.0
-11250.0
-11250.0
-11250.0
-11250.0
11250.0
11250.0
11250.0
11250.0
11250.0
11250.0
11250.0
-10102.90329505206
-10268.079581771573
-10715.187164750332
-10650.364423053245
-11250.0
-11250.0
-11250.0
-11250.0
11250.0
11250.0
11250.0
11250.0
11250.0
11250.0
11250.0
11250.0
-11005.760807465245
-11250.0
-11250.0
-10822.953921137985
-11250.0
11250.0
4130.310169588392
11250.0
11250.0
11250.0
11250.0
11250.0
11250.0
11250.0
-11250.0
11250.0
11250.0
-9735.832349468714
-9760.18137287864
-8893.281482195722
-7870.35014446425
11250.0
11250.0
11250.0
11250.0
11250.0
-11250.0
-11250.0
-11250.0
-11250.0
-11250.0
11250.0
11250.0
11250.0
11250.0
11250.0
11250.0
11250.0
-11250.0
-11250.0
-10566.62769012167
-8554.46649318461
-6379.9452952625725
-9354.996538104995
11250.0
11250.0
11250.0
11250.0
11250.0
11250.0
-11250.0
-11250.0
-11250.0
-10835.611424886065
-10088.260827706988
-10130.865395766963
11250.0
11250.0
11250.0
11250.0
11250.0
11250.0
11250.0
11250.0
-11250.0
-10261.941448382127
-9380.876327335947
-8106.187480886947
11250.0
11250.0
11250.0
11250.0
11250.0
-11250.0
-11250.0
-11250.0
-11250.0
-11250.0
-11250.0
11250.0
11250.0
11250.0
11250.0
11250.0
11250.0
-11250.0
-11250.0
-11250.0
-11250.0
-9408.013724134264
-8817.83866763311
11250.0
11250.0
11250.0
11250.0
11250.0
11250.0
11250.0
11250.0
-11250.0
-11250.0
-11250.0
-11250.0
11250.0
11250.0
11250.0
11250.0
11250.0
-11250.0
-8833.60810174284
11250.0
11250.0
-11250.0
-11250.0
-10898.317744095915
-10753.02987079035
-6870.217482372572
11250.0
11250.0
11250.0
11250.0
11250.0
11250.0
-11250.0
-11250.0
-11250.0
-11250.0
-11250.0
-9375.17131110097
3727.12590352002
11250.0
11250.0
11250.0
11250.0
11250.0
11250.0
11250.0
-11250.0
11250.0
-11007.02996021543
-11250.0
-11250.0
-11250.0
11250.0
11250.0
11250.0
11250.0
-11250.0
-11250.0
-10896.83861424787
-11250.0
-11250.0
11250.0
11250.0
11250.0
11250.0
11250.0
11250.0
-11250.0
11250.0
11250.0
-11250.0
-10321.728430804866
-10214.015284893874
11250.0
11250.0
11250.0
11250.0
-11250.0
-11250.0
-11250.0
-11250.0
-11250.0
-10196.309000534038
-9550.765769755653
-7994.786807632681
11250.0
11250.0
11250.0
11250.0
11250.0
11250.0
11250.0
11250.0
-11250.0
11250.0
11250.0
-11250.0
-10673.595505617981
-10912.083157293193
-11250.0
-11250.0
-11250.0
11250.0
11250.0
11250.0
11250.0
11250.0
11250.0
11250.0
-9605.923921890226
-9923.846067450904
-10290.266951276735
-10804.117065377111
-11250.0
11250.0
11250.0
11250.0
11250.0
11250.0
11250.0
11250.0
-9646.588676549385
-9958.271798988317
-3210.520264964773
11250.0
11250.0
-11000.005604306029
-11250.0
-11250.0
-11250.0
11250.0
11250.0
11250.0
11250.0
-5155.771503981352
-3487.069485411634
-2723.662088890418
366.04368297052133
8970.83539928871
10422.916814984497
6601.115933181714
10739.211248153628
-7727.272727272728
-1015.0188428286456
-51.71113356340538
110.51403051440684
-25.696224822386284
49.595503732329234
11250.0
713.8262409036943
11250.0
-5883.891213389121
-5617.208638716362
-3865.4727009240637
-2418.9403440719234
397.1936418038513
11250.0
6260.174805745126
7810.655646681499
-6704.545454545455
558.3007465339506
1593.5647788947417
4134.239212728309
4475.112727366106
1041.4047405610709
1497.6453132949555
11250.0
-8636.363636363638
-5285.063876053278
-5781.531649662222
-5952.237058549166
-6057.86475152188
-6051.982520440993
-5329.77093444948
-5806.89962738071
-5745.62397763148
11250.0
11250.0
11250.0
11250.0
11250.0
11250.0
11250.0
-5437.68472906404
-4223.262814668775
-4561.741605926392
-4143.372051550874
-1914.2241807860755
223.60836082993228
1137.067813296051
7516.670451656127
11250.0
5811.100965935868
3107.6236982007867
11250.0
-5929.159175770987
-5933.670518198207
-6700.857898808111
-7785.113960782858
-8348.04763597999
-9359.637234416114
-9292.338939110465
-5841.960806562432
193.83374067308796
11250.0
11250.0
11250.0
11250.0
11250.0
11250.0
11250.0
-11250.0
-11250.0
-11250.0
-9013.243950294313
-9844.075586298277
-7736.571728080562
11250.0
11250.0
11250.0
11250.0
11250.0
11250.0