Demand
-11250.0
11250.0
11250.0
11250.0
11250.0
11250.0
11250.0
11250.0
11250.0
11250.0
11250.0
11250.0
-11250.0
-11250.0
-11250.0
-11250.0
-11250.0
11250.0
11250.0
11250.0
11250.0
11250.0
11250.0
-11250.0
11250.0
11250.0
11250.0
-11250.0
-10958.314380401585
-10858.163829104578
-11250.0
11250.0
11250.0
11250.0
11250.0
11250.0
-11250.0
-11250.0
-11250.0
-11250.0
-4351.1296395911995
11250.0
11250.0
11250.0
11250.0
11250.0
-11250.0
-11250.0
-11250.0
-11250.0
-11250.0
-9712.860711656293
1418.890135918582
11250.0
11250.0
11250.0
11250.0
11250.0
11250.0
11250.0
-9551.232665639447
-9675.937186464384
-8349.272266902804
-7659.8615908693255
-6688.576843966432
-7984.330352096228
-5132.150829762046
-2110.9383008259083
11250.0
11250.0
-11250.0
11250.0
11250.0
11250.0
11250.0
-11250.0
-11250.0
-10890.9112669286
-11250.0
-11250.0
-11250.0
11250.0
11250.0
11250.0
11250.0
11250.0
11250.0
11250.0
-11250.0
11250.0
11250.0
-11250.0
11250.0
11250.0
-11250.0
-11250.0
-11250.0
-11250.0
-11250.0
11250.0
11250.0
11250.0
11250.0
11250.0
11250.0
-11250.0
-11250.0
11250.0
11250.0
11250.0
-11250.0
-10957.500781594015
-11250.0
-11250.0
-11250.0
-11250.0
11250.0
11250.0
11250.0
11250.0
11250.0
11250.0
11250.0
11250.0
-11250.0
-10255.469777747006
-10435.752149524924
-10641.101332696628
-10893.4772659857
-11250.0
-11250.0
-11250.0
11250.0
11250.0
11250.0
11250.0
11250.0
11250.0
11250.0
11250.0
-10532.10842749041
-11250.0
-11250.0
-11250.0
-11250.0
11250.0
11250.0
11250.0
11250.0
11250.0
-10449.144593883244
-10653.150660445623
-11250.0
-11250.0
-11250.0
-11250.0
11250.0
11250.0
11250.0
11250.0
11250.0
11250.0
11250.0
11250.0
-11250.0
-11250.0
-11250.0
-11250.0
11250.0
11250.0
11250.0
11250.0
11250.0
11250.0
-11250.0
-11250.0
-11250.0
-11250.0
-11250.0
-11250.0
-11250.0
11250.0
11250.0
11250.0
11250.0
11250.0
11250.0
11250.0
11250.0
-11250.0
-11250.0
-11250.0
-11250.0
-11250.0
-11250.0
11250.0
11250.0
11250.0
11250.0
11250.0
11250.0
11250.0
-11250.0
-11250.0
-11250.0
-11250.0
11250.0
11250.0
11250.0
11250.0
11250.0
-11250.0
-11250.0
11250.0
11250.0
-11250.0
-11250.0
11250.0
11250.0
11250.0
11250.0
-11008.499843079822
-10969.902763508322
-11250.0
-11250.0
-11250.0
11250.0
11250.0
11250.0
11250.0
11250.0
-11250.0
-11250.0
11250.0
11250.0
-11250.0
-11250.0
-11250.0
-11250.0
-11250.0
-11250.0
11250.0
11250.0
11250.0
11250.0
11250.0
11250.0
11250.0
-10506.743555221077
-11250.0
11250.0
11250.0
-11250.0
-11250.0
-11250.0
-11250.0
-11250.0
-11250.0
11250.0
11250.0
11250.0
11250.0
11250.0
11250.0
11250.0
11250.0
-11250.0
-11250.0
-11250.0
-11250.0
-11250.0
11250.0
11250.0
11250.0
11250.0
11250.0
11250.0
11250.0
-9206.537133752325
11032.79758978829
5351.006132280532
11250.0
-10297.265298542115
-10484.012224777449
-10971.377843350561
-11250.0
-11250.0
-11250.0
-11250.0
-11250.0
11250.0
11250.0
11250.0
11250.0
11250.0
11250.0
11250.0
11250.0
11250.0
-11250.0
-11250.0
-11250.0
-11250.0
11250.0
11250.0
11250.0
11250.0
11250.0
11250.0
-11250.0
-11250.0
-11250.0
-11250.0
-11250.0
11250.0
11250.0
11250.0
11250.0
11250.0
-11250.0
11250.0
11250.0
11250.0
-11250.0
-11250.0
-11250.0
-10422.275493269412
-6983.369947955372
7888.040598018364
11250.0
11250.0
11250.0
11250.0
11250.0
-11250.0
-11250.0
-11250.0
-11250.0
-10533.252608047693
-10368.763740395727
-10644.291422637129
-11250.0
11250.0
11250.0
11250.0
11250.0
11250.0
11250.0
11250.0
11250.0
11250.0
-11250.0
-11250.0
-11250.0
-11250.0
-11250.0
11250.0
11250.0
11250.0
11250.0
11250.0
11250.0
-11250.0
-10364.219114219115
-9747.948808700272
-8373.307827483277
-3987.1786104218336
11250.0
11250.0
11250.0
11250.0
11250.0
-11250.0
-11250.0
-11250.0
11250.0
11250.0
11250.0
-11250.0
-11250.0
-11250.0
11250.0
11250.0
11250.0
11250.0
11250.0
-11250.0
-11250.0
-11250.0
-10907.3375192038
-9997.81351850614
-9033.15316220461
-9469.704245849116
-7263.897687293662
11250.0
11250.0
11250.0
11250.0
11250.0
11250.0
11250.0
11250.0
-11250.0
-11250.0
-11250.0
-11250.0
-11250.0
11250.0
11250.0
11250.0
11250.0
11250.0
-10642.7136989938
-10111.348951136013
-8499.057350422376
-6448.882091145711
11250.0
11250.0
11250.0
11250.0
11250.0
11250.0
-11250.0
-9159.129725952957
-7780.3857340992245
-3742.64824577859
11250.0
11250.0
11250.0
11250.0
11250.0
-11250.0
-11250.0
-10959.583863157346
-11250.0
-9233.644630704293
-9173.75582865092
-8057.831158601094
-6955.956412897809
11250.0
11250.0
11250.0
11250.0
11250.0
11250.0
11250.0
11250.0
-9852.687488650809
-9967.291994933235
-9489.994027650053
-9477.741583032424
-10282.027574476953
-10256.91956730124
11250.0
11250.0
11250.0
11250.0
11250.0
11250.0
-11250.0
-11250.0
-10889.873639873644
-10217.191691169435
-11250.0
11250.0
11250.0
11250.0
11250.0
11250.0
11250.0
-10701.336898395723
-8247.74076061977
11250.0
11250.0
11250.0
-10760.327975258679
-11250.0
-11250.0
-11250.0
-11250.0
11250.0
11250.0
11250.0
11250.0
11250.0
11250.0
-10734.111021721645
-10313.177308702088
-10391.790304007249
-11250.0
11250.0
11250.0
11250.0
11250.0
11250.0
-10515.491962888016
-9906.490321257192
-8773.777361403736
11250.0
11250.0
11250.0
-10192.48608534323
-10900.553509228492
-11250.0
11250.0
11250.0
11250.0
11250.0
-11250.0
-10297.22925379705
-10848.21286659344
-10628.78189797607
-9036.916581932728
11250.0
11250.0
11250.0
11250.0
11250.0
11250.0
-10477.884991228351
11250.0
11250.0
-10994.877660632585
-11250.0
-11250.0
11250.0
11250.0
11250.0
-11250.0
-11250.0
-11250.0
-11250.0
11250.0
11250.0
11250.0
11250.0
11250.0
11250.0
11250.0
-10757.015183547956
-11250.0
-11250.0
11250.0
11250.0
11250.0
-10853.198388432087
11250.0
11250.0
11250.0
-10776.245798086518
-11250.0
-11250.0
11250.0
11250.0
11250.0
-11250.0
-11250.0
-11250.0
-10455.040480586395
-10648.508050831522
-5392.491100191509
11250.0
11250.0
11250.0
11250.0
11250.0
11250.0
-11250.0
-11250.0
-10910.282898919264
-11250.0
-11250.0
-11250.0
11250.0
11250.0
11250.0
11250.0
11250.0
11250.0
11250.0
-11250.0
-11250.0
-10678.851866285266
-11250.0
-10859.176857083621
-11250.0
-11250.0
-11250.0
11250.0
11250.0
11250.0
11250.0
11250.0
11250.0
11250.0
11250.0
-11250.0
-11250.0
-11250.0
-11250.0
-11250.0
-11250.0
11250.0
11250.0
11250.0
11250.0
11250.0
11250.0
11250.0
11250.0
-11250.0
-11250.0
-11250.0
-11250.0
11250.0
11250.0
11250.0
11250.0
11250.0
11250.0
-11250.0
-11250.0
-11250.0
11250.0
11250.0
11250.0
11250.0
-10759.975164433286
-10178.533496851822
-9157.88088853193
-8856.385937732484
-9192.818391730794
-9594.5418372731
-10269.265593010707
11250.0
11250.0
11250.0
11250.0
11250.0
11250.0
11250.0
11250.0
-9531.818181818184
-10170.533845080252
-10014.787046777561
-10128.093918113958
-9212.429173067965
-10341.13242812706
11250.0
11250.0
11250.0
11250.0
11250.0
11250.0
11250.0
-5994.21146096578
-4412.4212591285595
-3219.3382305486844
2694.731818471215
11250.0
11250.0
-8068.181818181819
11250.0
11250.0
-1400.5500868558247
-492.8385267826543
-342.944224501025
-477.25591926047855
-417.90828017618696
11250.0
188.6330711128794
11250.0
-6108.134155744025
-6089.541821483312
-4971.936842807525
-4528.5546762926315
-3936.7514105692476
-1078.6684728395576
1800.0659270939295
4269.42593235805
4947.352138344715
3725.722713632353
5176.907867475346
7590.728436439214
2792.2652426865598
11250.0
-4437.7709261859745
-5376.668913110574
-5267.593049777919
-5059.762705853776
-5314.104624385806
-5028.921145633036
-4197.619323016721
-1577.2549711366137
11250.0
2842.5247949952154
11250.0
11250.0
11250.0
-11250.0
-9700.905064671442
-7227.4970399951235
-4810.407588985234
-4348.288323826124
-1397.6769760056013
2006.4637612970664
2394.5856838469826
5290.231908845035
11250.0
6807.564590215753
6565.415505217017
11250.0
-7386.363636363636
-2746.276575705442
-4626.471527655756
-5695.203229730872
-4717.25123799516
-4536.169205586197
-5287.049088106429
-6429.2685761432585
-6744.475678054383
-7593.7230929324805
-3407.08452941874
11250.0
11250.0
11250.0
11250.0
11250.0
11250.0
11250.0
-10275.70270954672
-10480.301036033834
11250.0
11250.0
11250.0
-10088.39494140236
-10731.241196485662
-10943.499491975701
-11250.0
-11250.0
11250.0
11250.0
11250.0
11250.0