Demand
11250.0
11250.0
11250.0
11250.0
11250.0
11250.0
11250.0
11250.0
11250.0
11250.0
-11250.0
-11250.0
-11250.0
-11250.0
-11250.0
-11250.0
11250.0
11250.0
11250.0
11250.0
11250.0
11250.0
-11250.0
11250.0
11250.0
11250.0
-11250.0
-11250.0
-10811.452786869235
-10431.81603149556
11250.0
11250.0
11250.0
11250.0
11250.0
11250.0
-11250.0
-11250.0
-11250.0
-11250.0
-10423.114119922633
-10179.334399069907
-11250.0
-11250.0
11250.0
11250.0
11250.0
11250.0
11250.0
11250.0
11250.0
11250.0
11250.0
-9946.19404193971
-8940.307659934642
-7982.737024959634
-6277.765434606903
-5651.2101162759245
-4940.668431542856
-221.6562431974089
11250.0
4873.92572760756
11250.0
11250.0
11250.0
11250.0
11250.0
-9423.448626653106
-10075.957950762953
-10200.621325023563
-11250.0
-11250.0
11250.0
11250.0
11250.0
11250.0
11250.0
11250.0
11250.0
-11250.0
11250.0
-11250.0
-11250.0
-11250.0
-11250.0
-11250.0
11250.0
11250.0
11250.0
11250.0
11250.0
11250.0
-11250.0
11250.0
-11250.0
-11250.0
-11250.0
-11250.0
-11250.0
-11250.0
-11250.0
-11250.0
11250.0
11250.0
11250.0
11250.0
11250.0
11250.0
11250.0
11250.0
11250.0
-10286.438767843734
11250.0
-11250.0
-11250.0
-11250.0
-11250.0
-11250.0
-11250.0
11250.0
11250.0
11250.0
11250.0
11250.0
11250.0
11250.0
-10523.395618559796
-10718.538691154252
-10949.17713071814
-11250.0
-11250.0
-11250.0
-11250.0
11250.0
11250.0
11250.0
11250.0
11250.0
11250.0
11250.0
-10031.330036118321
11250.0
11250.0
-11250.0
-11250.0
-11250.0
-11250.0
-10805.335968379448
-9302.34178979649
-7129.511914448052
11250.0
11250.0
11250.0
11250.0
11250.0
11250.0
11250.0
11250.0
-10560.74041919881
-11000.270712898888
-10970.45533844507
-10923.831907140615
-11250.0
-11250.0
-11250.0
11250.0
11250.0
11250.0
11250.0
11250.0
11250.0
11250.0
-11250.0
-10963.637054502986
-11250.0
-11250.0
-11250.0
11250.0
11250.0
11250.0
11250.0
11250.0
11250.0
11250.0
-9766.025764646896
-9249.39702118095
-8988.034923737869
11250.0
11250.0
11250.0
-11250.0
-11250.0
11250.0
11250.0
11250.0
-11250.0
-10138.434129429894
-9917.859509782196
-9471.37586244399
-8893.406878034515
11250.0
11250.0
11250.0
11250.0
11250.0
11250.0
-11250.0
-9198.547054118906
11250.0
11250.0
11250.0
-11250.0
-11250.0
-11250.0
-11250.0
-11250.0
11250.0
11250.0
11250.0
11250.0
11250.0
11250.0
-10993.135252057924
-11250.0
-11250.0
-11250.0
-11250.0
11250.0
11250.0
11250.0
11250.0
11250.0
11250.0
-11250.0
-11250.0
-11250.0
-11250.0
-11250.0
11250.0
11250.0
11250.0
11250.0
11250.0
11250.0
-10763.62541264763
-11250.0
-10603.049809036482
-10834.973602239657
-9275.982534607392
-11250.0
11250.0
11250.0
11250.0
11250.0
11250.0
11250.0
-11250.0
-11250.0
-11250.0
-11250.0
-11250.0
-9865.065926302977
-11250.0
11250.0
11250.0
11250.0
11250.0
11250.0
11250.0
11250.0
11250.0
-11250.0
-11250.0
11250.0
11250.0
11250.0
-11250.0
-11250.0
-3345.53158705703
11250.0
11250.0
11250.0
11250.0
-10559.81044826693
-10988.47345376061
-11250.0
-11250.0
-11250.0
11250.0
11250.0
11250.0
11250.0
11250.0
-10535.998570890064
-10469.10576279577
-10664.993343792925
-11250.0
-11250.0
-11250.0
-11250.0
11250.0
11250.0
11250.0
11250.0
11250.0
11250.0
11250.0
-11250.0
-11250.0
-11250.0
-11250.0
-11250.0
-11250.0
-11250.0
-11250.0
11250.0
11250.0
11250.0
11250.0
11250.0
11250.0
11250.0
11250.0
11250.0
-11250.0
-11250.0
-10180.3586321935
-675.6807866868803
11250.0
11250.0
11250.0
11250.0
11250.0
-11250.0
-11250.0
-11250.0
11250.0
11250.0
11250.0
11250.0
-11012.54397333827
-11250.0
-11250.0
-11250.0
11250.0
11250.0
11250.0
11250.0
11250.0
-11250.0
-11250.0
-11250.0
-11250.0
-11250.0
-11250.0
11250.0
11250.0
11250.0
11250.0
11250.0
11250.0
-11250.0
-11250.0
-10229.758695363947
-9613.387349754357
-8579.758069204549
-7968.100226554266
-8933.06926850609
11250.0
11250.0
11250.0
11250.0
11250.0
11250.0
11250.0
11250.0
-10239.31255954449
-11250.0
11250.0
11250.0
-11250.0
-11250.0
-11250.0
-11250.0
-11250.0
11250.0
11250.0
11250.0
11250.0
11250.0
11250.0
11250.0
-10755.341921548967
-10905.453120773363
-11250.0
11250.0
11250.0
11250.0
-11250.0
-11250.0
-11250.0
-11250.0
-11250.0
11250.0
11250.0
11250.0
11250.0
11250.0
-11250.0
-11250.0
-11250.0
11250.0
11250.0
11250.0
11250.0
11250.0
11250.0
-10778.925619834714
-11250.0
-11250.0
-11250.0
-11250.0
-11250.0
11250.0
11250.0
11250.0
11250.0
11250.0
11250.0
11250.0
-11008.94367520832
-11250.0
-11250.0
-10706.02666040331
-11250.0
11250.0
11250.0
11250.0
11250.0
11250.0
-10734.771853421793
-10654.353511185891
-10880.523053705161
-11250.0
-11250.0
11250.0
11250.0
11250.0
11250.0
11250.0
11250.0
-10772.567373536473
-10988.246589144172
-10953.879577086129
-11250.0
-11250.0
-11250.0
-11250.0
11250.0
11250.0
11250.0
11250.0
11250.0
11250.0
11250.0
-11250.0
-11250.0
-11250.0
-11250.0
11250.0
11250.0
11250.0
11250.0
11250.0
11250.0
-10755.88546839396
-11250.0
-11250.0
11250.0
11250.0
11250.0
11250.0
-11250.0
-10992.406217168289
-10675.394741470067
-10918.60022190509
-10434.410926937755
-9566.827741577847
-9224.541577138072
11250.0
11250.0
11250.0
11250.0
11250.0
11250.0
11250.0
11250.0
-10442.210791517951
-10525.308558842487
-8978.31010879268
11250.0
11250.0
11250.0
11250.0
-11250.0
-11250.0
-11250.0
-11250.0
11250.0
11250.0
11250.0
11250.0
11250.0
11250.0
-11250.0
-11250.0
-11250.0
-11250.0
-11250.0
-5436.602870813411
11250.0
11250.0
11250.0
11250.0
11250.0
11250.0
-11250.0
11250.0
-11250.0
-11250.0
-11250.0
-11250.0
11250.0
11250.0
11250.0
11250.0
11250.0
11250.0
-11250.0
-10651.906205368858
-11250.0
-11250.0
-11250.0
11250.0
11250.0
11250.0
11250.0
11250.0
-8114.944400442462
11250.0
11250.0
11250.0
-11250.0
-11250.0
-11250.0
-11250.0
11250.0
11250.0
11250.0
11250.0
11250.0
-11014.937683284457
-11250.0
-11250.0
-11250.0
11250.0
11250.0
11250.0
11250.0
11250.0
-11250.0
-11250.0
11250.0
11250.0
11250.0
11250.0
-11250.0
-11250.0
-11250.0
-10910.974384731297
-11250.0
-11250.0
-6914.14864762099
11250.0
11250.0
11250.0
11250.0
11250.0
11250.0
11250.0
-11250.0
11250.0
11250.0
-10779.305978639852
-10616.553276618622
-10514.176718112718
11250.0
11250.0
11250.0
-11250.0
-11250.0
-11250.0
-11250.0
11250.0
11250.0
11250.0
11250.0
11250.0
-11250.0
11250.0
11250.0
-11250.0
11250.0
11250.0
-11250.0
-11250.0
-11250.0
-11250.0
-10484.46546887125
-10739.360112217906
-11250.0
-11250.0
11250.0
11250.0
11250.0
11250.0
11250.0
11250.0
11250.0
-9383.88959415539
-9216.662554290931
-9632.758099520728
-10125.857368797453
-10785.160278994841
-11250.0
-11250.0
11250.0
11250.0
11250.0
11250.0
11250.0
11250.0
11250.0
11250.0
11250.0
-10405.818035544504
-9693.89293763585
-10391.851305963144
11250.0
11250.0
11250.0
11250.0
-9776.386343118214
-8051.907422416486
-6593.18374197113
-4826.870725721192
-3382.5662780049765
-3156.626139223692
-1614.8263691827724
2055.4003771347525
7551.380301919388
10184.368373674144
7720.410356597927
8393.77475895917
8654.773006119824
2968.7338938800813
11250.0
-3200.2935816967015
-4293.659832770234
-2758.3696385398434
-1322.6385313094179
268.7720870025387
3795.819096759566
11250.0
5063.3502483033
11250.0
-5202.6789974459025
-3311.386700736873
-1579.6768969347067
-82.20197063856176
520.9831445792497
-70.11250517519329
738.2283941545156
2916.7470733795253
3426.6872404868905
472.994974777419
-421.952576257554
461.3367794902806
11250.0
158.8766657722972
11250.0
-7338.435810031529
-7610.248111854348
-7873.276329801429
-7840.847629295156
-8690.217832254642
-9715.068709001363
-11250.0
-11250.0
11250.0
11250.0
11250.0
11250.0
11250.0
11250.0
11250.0
-5136.021639099617
-4905.87105347071
-3215.037513255166
-1787.48181968861
-1486.777078790792
2406.4534537699383
11250.0
6135.585823638714
2285.213076901149
11250.0
-8750.0
-4396.510592276865
-2939.758914294127
11250.0
4076.0959933253926
11250.0
-10216.850606194872
-9172.207817413484
-9100.742388828814
-7841.041484444355
-6038.02695892148
11250.0
11250.0
11250.0
11250.0
-4383.456002304438
11250.0
-11250.0
-11250.0
-8225.96106584802
11250.0
11250.0
11250.0
11250.0
-11250.0
-11250.0
-11250.0
-11250.0