Demand
11250.0
11250.0
11250.0
11250.0
11250.0
11250.0
11250.0
11250.0
11250.0
11250.0
11250.0
11250.0
11250.0
11250.0
11250.0
11250.0
11250.0
11250.0
11250.0
11250.0
11250.0
-11250.0
-11250.0
-11250.0
11250.0
11250.0
11250.0
11250.0
11250.0
11250.0
11250.0
11250.0
11250.0
-11250.0
-11250.0
-11250.0
11250.0
11250.0
11250.0
11250.0
11250.0
-10692.593263310398
-11250.0
-11250.0
11250.0
11250.0
11250.0
11250.0
-11250.0
-11250.0
-11250.0
-10317.001106660467
-8036.746100318715
11250.0
11250.0
11250.0
11250.0
9251.471861739014
11250.0
-10113.636363636366
-9112.160660422294
-9017.975321363825
-6094.642650633722
-1536.1548090407723
11250.0
4360.900130428357
11250.0
11250.0
11250.0
11250.0
-11250.0
-11250.0
-11250.0
-11250.0
11250.0
11250.0
11250.0
11250.0
-11250.0
-11250.0
-11250.0
-11250.0
11250.0
11250.0
11250.0
11250.0
11250.0
-11250.0
-11250.0
-11250.0
-11250.0
11250.0
11250.0
11250.0
11250.0
11250.0
11250.0
11250.0
-11250.0
-11250.0
-11250.0
-11250.0
-9672.92490118578
11250.0
3159.126879451342
11250.0
11250.0
11250.0
11250.0
11250.0
-11250.0
11250.0
11250.0
-11250.0
-11250.0
-11250.0
-11250.0
-11250.0
-11250.0
11250.0
11250.0
11250.0
11250.0
11250.0
11250.0
-10253.762592547646
-10364.316338207089
-10463.470520218601
-10510.849075328115
11250.0
11250.0
11250.0
11250.0
11250.0
-11250.0
11250.0
11250.0
11250.0
-11250.0
11250.0
11250.0
11250.0
-11250.0
-11250.0
-11250.0
-11250.0
-11250.0
-10164.170811726111
11250.0
11250.0
11250.0
11250.0
11250.0
11250.0
11250.0
11250.0
-11250.0
-11250.0
-10338.220281823651
-10900.45248227354
-10821.430937610588
-10662.953526707497
-11250.0
11250.0
11250.0
11250.0
11250.0
11250.0
11250.0
11250.0
11250.0
11250.0
-11250.0
-10995.861532833365
-11250.0
-11250.0
-11250.0
-11250.0
-11250.0
11250.0
11250.0
11250.0
11250.0
11250.0
11250.0
11250.0
11250.0
-11002.3106635398
-11250.0
-11250.0
-11250.0
11250.0
11250.0
11250.0
11250.0
-11250.0
-10059.171219280925
-9824.584724070319
-9369.117859913607
-8903.350070548051
-11250.0
11250.0
11250.0
11250.0
11250.0
11250.0
11250.0
-10104.6944749076
-10131.67963854656
-10603.416580415553
11250.0
11250.0
11250.0
11250.0
11250.0
-11250.0
-11250.0
-11250.0
-11250.0
-11250.0
-11250.0
-10504.533829342017
-9415.506029527565
11250.0
11250.0
11250.0
11250.0
11250.0
11250.0
11250.0
11250.0
11250.0
-11250.0
-11250.0
-11250.0
-11250.0
11250.0
11250.0
11250.0
11250.0
11250.0
-11250.0
-11250.0
-11250.0
-10199.631449631452
-11250.0
11250.0
11250.0
11250.0
11250.0
11250.0
-11250.0
-11250.0
-11250.0
-11250.0
-11250.0
-11250.0
11250.0
11250.0
11250.0
11250.0
11250.0
11250.0
11250.0
-11250.0
-11250.0
-11250.0
-11250.0
-11250.0
-11250.0
11250.0
11250.0
11250.0
11250.0
11250.0
11250.0
-11250.0
-11250.0
11250.0
11250.0
11250.0
-9329.547736071872
-10226.145503757736
-10413.388574852645
-10938.471473766676
-11250.0
-11250.0
-11250.0
-11250.0
11250.0
11250.0
11250.0
11250.0
11250.0
11250.0
11250.0
11250.0
11250.0
-11250.0
-11250.0
-11250.0
-11250.0
11250.0
11250.0
11250.0
11250.0
-11250.0
-11250.0
11250.0
11250.0
11250.0
-11250.0
-11250.0
-11250.0
-11250.0
-11250.0
-10661.454270111517
-9112.542459824574
6247.686238618495
11250.0
11250.0
11250.0
11250.0
11250.0
11250.0
11250.0
11250.0
-9774.16570771001
-9809.741419645383
-9756.02193906629
-9975.920592147093
11250.0
11250.0
11250.0
11250.0
11250.0
-11250.0
-11250.0
-10547.947214076252
-10198.85303824634
-9598.317599311951
11250.0
11250.0
11250.0
11250.0
11250.0
-11250.0
-11250.0
-11250.0
-11250.0
-11250.0
11250.0
11250.0
11250.0
11250.0
11250.0
11250.0
11250.0
-11250.0
-11250.0
-11250.0
-11250.0
-11250.0
11250.0
11250.0
11250.0
11250.0
11250.0
11250.0
11250.0
11250.0
11250.0
-11250.0
-11250.0
11250.0
11250.0
11250.0
11250.0
-11250.0
-11250.0
-11250.0
-11250.0
-11250.0
11250.0
11250.0
11250.0
11250.0
11250.0
11250.0
11250.0
-10539.698552100643
-10222.486982438331
-10681.407663372593
-10922.929432607878
-11250.0
-11250.0
-11250.0
11250.0
11250.0
11250.0
11250.0
11250.0
11250.0
11250.0
11250.0
-11250.0
-11250.0
-11250.0
-11250.0
-11250.0
-11250.0
-11250.0
-5698.051948051958
11250.0
11250.0
11250.0
11250.0
11250.0
11250.0
11250.0
11250.0
11250.0
-11250.0
-9647.79934653085
-9176.421506755716
-8882.27575920539
-8004.132287683453
-8095.097289504702
-7899.261918284421
-7853.006336990125
11250.0
11250.0
11250.0
11250.0
11250.0
11250.0
11250.0
-10257.156847880702
-10708.242865449483
-10031.845592934482
-10542.156248761778
-10363.363208242015
-10611.879738148666
-11250.0
11250.0
11250.0
11250.0
11250.0
11250.0
11250.0
11250.0
11250.0
-10999.26686217009
-10971.874679735276
-11250.0
-11250.0
-11250.0
-11250.0
11250.0
11250.0
11250.0
11250.0
11250.0
11250.0
11250.0
11250.0
-11250.0
-11250.0
-11250.0
-11250.0
-9312.200956937806
11250.0
11250.0
11250.0
11250.0
11250.0
11250.0
-11250.0
11250.0
11250.0
-11250.0
-11250.0
-11250.0
-10753.566688785668
-9066.095347149832
11250.0
11250.0
11250.0
11250.0
11250.0
11250.0
-11250.0
-11250.0
-11250.0
-11250.0
-9353.478628265617
-3288.890192245155
11250.0
11250.0
11250.0
11250.0
11250.0
11250.0
-11250.0
11250.0
11250.0
-11250.0
-11250.0
-11250.0
-10056.688951685162
-10690.279113070286
-10024.456406460806
11250.0
11250.0
11250.0
11250.0
11250.0
11250.0
11250.0
-10518.767817548309
-10628.958265266534
-11250.0
11250.0
11250.0
11250.0
11250.0
-11250.0
-11250.0
-11250.0
-11250.0
-11250.0
-11250.0
11250.0
11250.0
11250.0
11250.0
11250.0
11250.0
11250.0
-10388.490819525305
11250.0
11250.0
11250.0
-11250.0
-10867.525721954367
-10539.46180368655
11250.0
11250.0
11250.0
11250.0
11250.0
-11250.0
-11250.0
11250.0
11250.0
-11250.0
-11250.0
-11250.0
-10544.030220460743
-10795.590803638926
-9104.012334785206
-9078.097849327354
11250.0
11250.0
11250.0
11250.0
11250.0
11250.0
11250.0
-11017.17048169361
-11250.0
-11250.0
-11250.0
-11250.0
11250.0
11250.0
11250.0
11250.0
11250.0
-11014.031427043552
-11250.0
-11250.0
-10605.878947808142
-11250.0
-10747.790274630122
-11250.0
-11250.0
11250.0
11250.0
11250.0
11250.0
11250.0
11250.0
11250.0
11250.0
-10744.685655986352
11250.0
11250.0
-11250.0
-11250.0
-11250.0
-11250.0
-11250.0
-9988.28004982289
-8049.689244441653
11250.0
11250.0
11250.0
11250.0
11250.0
11250.0
11250.0
-11250.0
11250.0
-11250.0
-11250.0
-11250.0
-11250.0
-10335.561497326209
-10579.808228273527
-11250.0
11250.0
11250.0
11250.0
11250.0
11250.0
11250.0
11250.0
11250.0
-9292.838456507525
-8868.85475819747
-8889.584263339442
-8146.215855519313
11250.0
11250.0
11250.0
11250.0
11250.0
-11250.0
11250.0
11250.0
-10787.796197855667
-9517.735538731344
-10183.166890825458
-10071.103858788745
-10243.573937392495
-9642.034035096312
-10728.967388491776
-11250.0
-11250.0
11250.0
11250.0
11250.0
11250.0
11250.0
11250.0
11250.0
11250.0
-6320.671018957539
-5312.887856460001
-3695.8623771965244
-1550.5778149166217
525.0515133495983
4021.8299612244555
9156.208069195673
5291.481339141799
5081.033566294178
11250.0
-5366.324732998131
-4645.862205169044
-4370.317314118807
-4570.049925433235
-5000.503251019727
-4761.983565922781
-2975.69163868362
-1902.8747261018343
-338.6697274476137
5317.90062379266
9231.557841330106
8866.477533304726
6338.564775018737
3846.809991359019
7691.018533445417
-6363.636363636365
84.81527110087154
-2152.483395745674
-3495.82859701919
-4529.151929605328
-4352.570850645172
-4055.2835423337565
-4296.498837769503
-3903.223337877774
-2906.684856346259
-183.1701057009941
11250.0
1170.1956251146203
11250.0
11250.0
11250.0
11250.0
-9868.129325468639
-7763.48765627616
-5851.1346319476
-5671.749625730314
-3706.976011746274
-1617.1305559005068
-1527.9289880089527
166.05078013622006
6044.7859349939545
8781.60831029401
5076.030775840177
11250.0
7517.199994321898
-7500.000000000001
-4471.458773784356
-5392.961410945321
-3984.1804437115884
-3201.710278670909
-3162.8013339264508
-2648.489279516045
11250.0
-1507.6225291008177
11250.0
11250.0
11250.0
-9651.613075526122
-9733.967915767316
-9790.79761649674
-8330.740390888448
-7605.653844813012
-7635.58165263509
11250.0
11250.0
11250.0
11250.0
11250.0
-10778.108491681782
-10993.692036890316
-11250.0
-11250.0
-11250.0
-11250.0
-11250.0
11250.0