Demand
3000.0
3000.0
3000.0
3000.0
3000.0
3000.0
3000.0
3000.0
3000.0
3000.0
3000.0
3000.0
3000.0
-2714.1123336860783
-3000.0
-3000.0
-3000.0
-3000.0
-3000.0
3000.0
3000.0
3000.0
3000.0
3000.0
3000.0
3000.0
3000.0
3000.0
3000.0
3000.0
-3000.0
-3000.0
-3000.0
3000.0
3000.0
3000.0
3000.0
3000.0
3000.0
3000.0
-3000.0
-3000.0
3000.0
3000.0
3000.0
3000.0
-3000.0
-3000.0
-3000.0
-3000.0
-3000.0
-3000.0
-1388.376202631063
-273.5287687861737
3000.0
-3000.0
3000.0
3000.0
3000.0
3000.0
3000.0
3000.0
-867.6624537013095
-833.815705578837
3000.0
3000.0
-1545.4545454545457
310.8108108108104
1053.4063676822989
1638.8697157840825
0.0
0.0
0.0
3000.0
3000.0
3000.0
3000.0
3000.0
0.0
0.0
0.0
0.0
0.0
0.0
0.0
0.0
0.0
-727.2727272727273
3000.0
3000.0
3000.0
-3000.0
-3000.0
-3000.0
-3000.0
-3000.0
3000.0
3000.0
3000.0
3000.0
3000.0
3000.0
3000.0
3000.0
3000.0
-3000.0
-3000.0
-3000.0
3000.0
3000.0
3000.0
3000.0
-3000.0
-3000.0
-3000.0
-3000.0
-3000.0
-3000.0
3000.0
3000.0
3000.0
3000.0
3000.0
3000.0
3000.0
-3000.0
-3000.0
-3000.0
3000.0
3000.0
3000.0
3000.0
3000.0
3000.0
3000.0
3000.0
3000.0
-3000.0
-3000.0
-3000.0
-3000.0
-3000.0
-3000.0
-3000.0
-3000.0
3000.0
3000.0
3000.0
3000.0
3000.0
3000.0
3000.0
3000.0
16.92549293316847
-321.60553049631017
-1674.0146833772515
-2778.8417174637216
-3000.0
-3000.0
3000.0
3000.0
3000.0
3000.0
3000.0
3000.0
3000.0
3000.0
-3000.0
-3000.0
-3000.0
-3000.0
-3000.0
-3000.0
-3000.0
3000.0
3000.0
3000.0
3000.0
3000.0
3000.0
3000.0
3000.0
-3000.0
-3000.0
-3000.0
-3000.0
-3000.0
3000.0
3000.0
3000.0
3000.0
3000.0
3000.0
3000.0
3000.0
3000.0
-3000.0
-3000.0
-3000.0
-3000.0
-3000.0
3000.0
3000.0
3000.0
3000.0
3000.0
3000.0
3000.0
3000.0
3000.0
3000.0
3000.0
0.0
0.0
0.0
0.0
-1151.5151515151515
-776.0617760617756
125.23343005717152
1554.3487997180946
3000.0
-1780.7486631016054
-2555.2072814069707
-2875.3497955993907
-3000.0
3000.0
3000.0
3000.0
3000.0
3000.0
-3000.0
-3000.0
-3000.0
-3000.0
-3000.0
3000.0
3000.0
3000.0
3000.0
3000.0
3000.0
3000.0
3000.0
3000.0
3000.0
3000.0
3000.0
0.0
0.0
0.0
0.0
0.0
0.0
0.0
0.0
0.0
3000.0
3000.0
3000.0
3000.0
3000.0
3000.0
0.0
0.0
0.0
0.0
0.0
0.0
0.0
0.0
0.0
0.0
-90.9090909090909
3000.0
3000.0
3000.0
3000.0
3000.0
0.0
-1121.2121212121212
3000.0
-621.4605067064122
3000.0
3000.0
861.1882287617889
3000.0
-2859.8780314848964
-338.95635172140646
3000.0
3000.0
-465.89784769185417
-169.89119780010742
-14.082644151767
224.04362073927314
77.2931330346023
86.53575929521321
1867.0192725347242
1171.578730215373
0.0
0.0
3000.0
3000.0
3000.0
3000.0
3000.0
3000.0
3000.0
0.0
0.0
0.0
0.0
0.0
0.0
0.0
0.0
0.0
-1121.2121212121212
967.741935483884
3000.0
3000.0
3000.0
3000.0
3000.0
3000.0
3000.0
3000.0
3000.0
3000.0
3000.0
-3000.0
-3000.0
-3000.0
3000.0
3000.0
3000.0
3000.0
3000.0
-3000.0
-3000.0
-3000.0
-3000.0
3000.0
3000.0
3000.0
3000.0
3000.0
3000.0
3000.0
-3000.0
-3000.0
-3000.0
3000.0
3000.0
3000.0
3000.0
3000.0
-3000.0
-3000.0
-3000.0
-3000.0
3000.0
3000.0
3000.0
3000.0
3000.0
-3000.0
-3000.0
-3000.0
-3000.0
3000.0
3000.0
3000.0
3000.0
3000.0
3000.0
3000.0
3000.0
3000.0
3000.0
-3000.0
-3000.0
3000.0
3000.0
3000.0
3000.0
3000.0
3000.0
3000.0
-3000.0
-3000.0
-3000.0
-3000.0
-3000.0
-3000.0
3000.0
3000.0
3000.0
3000.0
3000.0
3000.0
3000.0
3000.0
3000.0
3000.0
-3000.0
-3000.0
-3000.0
3000.0
3000.0
3000.0
3000.0
3000.0
3000.0
3000.0
-3000.0
-3000.0
-3000.0
-3000.0
-3000.0
3000.0
3000.0
3000.0
3000.0
3000.0
3000.0
3000.0
3000.0
3000.0
-3000.0
-3000.0
-3000.0
-3000.0
-3000.0
-3000.0
3000.0
3000.0
3000.0
3000.0
3000.0
3000.0
3000.0
3000.0
3000.0
3000.0
3000.0
-3000.0
3000.0
3000.0
3000.0
3000.0
3000.0
-3000.0
-3000.0
-3000.0
-3000.0
3000.0
3000.0
3000.0
3000.0
3000.0
3000.0
-3000.0
-3000.0
-3000.0
-3000.0
3000.0
3000.0
3000.0
3000.0
3000.0
3000.0
3000.0
-3000.0
-3000.0
-3000.0
-3000.0
-3000.0
3000.0
3000.0
3000.0
3000.0
3000.0
3000.0
3000.0
3000.0
-3000.0
-3000.0
-3000.0
-2890.7447973713024
-3000.0
3000.0
3000.0
3000.0
3000.0
3000.0
3000.0
-3000.0
-3000.0
-3000.0
3000.0
3000.0
3000.0
3000.0
3000.0
-3000.0
-3000.0
-3000.0
-3000.0
3000.0
3000.0
3000.0
3000.0
3000.0
3000.0
3000.0
-3000.0
-3000.0
-3000.0
-3000.0
-3000.0
-3000.0
3000.0
3000.0
3000.0
3000.0
3000.0
3000.0
3000.0
3000.0
3000.0
3000.0
-3000.0
-3000.0
-3000.0
-3000.0
-3000.0
3000.0
3000.0
3000.0
3000.0
3000.0
3000.0
3000.0
3000.0
3000.0
-3000.0
-3000.0
-3000.0
-3000.0
3000.0
3000.0
3000.0
3000.0
3000.0
3000.0
3000.0
3000.0
3000.0
-3000.0
-3000.0
-3000.0
-3000.0
-3000.0
3000.0
3000.0
3000.0
3000.0
3000.0
3000.0
3000.0
3000.0
3000.0
-3000.0
-3000.0
-3000.0
3000.0
3000.0
3000.0
-3000.0
-3000.0
-3000.0
-3000.0
3000.0
3000.0
3000.0
3000.0
3000.0
3000.0
3000.0
3000.0
3000.0
3000.0
-3000.0
-3000.0
-3000.0
-3000.0
-3000.0
-3000.0
-3000.0
3000.0
3000.0
3000.0
3000.0
3000.0
3000.0
3000.0
3000.0
3000.0
3000.0
3000.0
3000.0
3000.0
3000.0
3000.0
3000.0
3000.0
3000.0
3000.0
3000.0
3000.0
3000.0
-3000.0
-3000.0
-3000.0
-3000.0
3000.0
3000.0
3000.0
3000.0
3000.0
3000.0
3000.0
3000.0
-1532.5824617860017
3000.0
-970.3943904483939
-647.454443349045
-1571.8328722514877
-2651.0642767985764
-3000.0
-3000.0
-3000.0
3000.0
3000.0
3000.0
3000.0
3000.0
3000.0
3000.0
3000.0
-1939.1553328561204
-1678.947635220764
-1162.089183628722
-5.527121983461711
970.5644003099344
1721.804934545391
3000.0
3000.0
1821.10580953449
1146.746554133769
3000.0
-2625.8615031178215
-3000.0
-3000.0
-3000.0
3000.0
3000.0
3000.0
3000.0
3000.0
-3000.0
-3000.0
-3000.0
-3000.0
3000.0
3000.0
3000.0
3000.0
2369.076547058149
3000.0
3000.0
3000.0
-2242.4242424242425
361.13519905399926
823.9663578226864
-770.9632517401878
-626.8425529187189
-1730.2179423638115
-3000.0
3000.0
3000.0
3000.0
3000.0
3000.0
3000.0
3000.0
3000.0
3000.0
3000.0
973.5381988903109
-566.1995845384877
500.5776873256102
1047.7441377785838
3000.0
3000.0
2053.4785921335347
897.1747682056221
-426.9264345322508
-842.9959911320493
-1232.5819675908654
3000.0
3000.0
3000.0
3000.0
-3000.0
-3000.0
3000.0
3000.0
3000.0
-3000.0
-3000.0
3000.0
3000.0
3000.0
3000.0
-3000.0
-3000.0
-3000.0
3000.0
3000.0
3000.0
3000.0
3000.0
3000.0
-3000.0
-3000.0
-3000.0
-3000.0
-3000.0
-3000.0
3000.0
3000.0
3000.0
3000.0