Demand
-3750.0
-3750.0
-3750.0
-3750.0
-3750.0
-3750.0
-3750.0
-3750.0
3750.0
3750.0
3750.0
3750.0
3750.0
3750.0
3750.0
3750.0
3750.0
3750.0
-3750.0
-3750.0
-3750.0
-3750.0
3750.0
3750.0
3750.0
3750.0
3750.0
3750.0
3750.0
3750.0
-3750.0
-3750.0
-3750.0
-3750.0
3750.0
3750.0
3750.0
3750.0
3750.0
3750.0
-1608.752817430506
3750.0
3750.0
3750.0
3750.0
-3750.0
-3750.0
3750.0
3750.0
3750.0
3750.0
3750.0
3750.0
-3750.0
-3045.3103107228226
-1397.9952963148144
3750.0
3750.0
3750.0
3750.0
797.2025702310948
1386.110448865932
3750.0
0.0
0.0
3750.0
560.8129072292888
-691.9993563230728
-484.3937827328764
3750.0
-578.3673621258288
3750.0
-3431.053456186817
-3750.0
-3750.0
-3750.0
-3750.0
-3750.0
-3750.0
1652.9837006938117
3750.0
3750.0
3750.0
3750.0
3750.0
3750.0
3750.0
3750.0
-3750.0
3750.0
3750.0
-3750.0
-3750.0
-3750.0
-3750.0
-3750.0
-3750.0
-3750.0
3750.0
3750.0
3750.0
3750.0
3750.0
3750.0
3750.0
3750.0
-3750.0
-3750.0
-3750.0
-3750.0
3750.0
3750.0
3750.0
3750.0
3750.0
3750.0
-3750.0
3750.0
3750.0
3750.0
3750.0
-3750.0
-3750.0
-3750.0
-3750.0
-3750.0
-3547.585227272728
-2991.0190022654806
3750.0
3750.0
3750.0
3750.0
3750.0
3750.0
3750.0
3750.0
3750.0
-3750.0
-3750.0
-3750.0
-3750.0
3750.0
3750.0
3750.0
3750.0
3750.0
3750.0
3750.0
-3750.0
-3750.0
-3750.0
-3618.2588597842823
-3750.0
-3750.0
-3750.0
3750.0
3750.0
3750.0
3750.0
3750.0
3750.0
3750.0
3750.0
3750.0
-3750.0
3750.0
3750.0
-3750.0
-3750.0
-3750.0
-3750.0
-3750.0
3750.0
3750.0
3750.0
3750.0
3750.0
3750.0
-3750.0
-3750.0
-3750.0
3750.0
3750.0
3750.0
3750.0
3750.0
-3750.0
-3750.0
-3750.0
3750.0
3750.0
3750.0
-3750.0
-3750.0
-3750.0
-3750.0
-3750.0
3750.0
3750.0
3750.0
3750.0
3750.0
3750.0
3750.0
3750.0
3750.0
3750.0
3750.0
3750.0
3750.0
3750.0
3750.0
3750.0
3750.0
-3750.0
-3750.0
-3750.0
-3750.0
-3750.0
-3750.0
3750.0
3750.0
3750.0
3750.0
3750.0
3750.0
3750.0
-3750.0
3750.0
3750.0
-1854.2128603104275
3750.0
3750.0
3750.0
3750.0
3750.0
3750.0
-3750.0
-3750.0
-3750.0
-3750.0
3750.0
3750.0
3750.0
3750.0
3750.0
3750.0
-3750.0
-3750.0
-3750.0
3750.0
3750.0
3750.0
3750.0
3750.0
3750.0
3750.0
-3750.0
-3750.0
-3750.0
-3750.0
-3750.0
3750.0
3750.0
3750.0
3750.0
3750.0
3750.0
3750.0
3750.0
3750.0
3750.0
3750.0
-3750.0
-3750.0
-3750.0
-273.1671554252198
-109.76083333390534
3072.543001441447
3750.0
3750.0
986.5533679746777
-1118.0660221169776
-1355.885427303024
-1623.8131089997014
-1266.0201429439576
319.6962073413722
3750.0
3750.0
3750.0
-3750.0
-3750.0
-3750.0
-3750.0
3750.0
3750.0
3750.0
3750.0
3750.0
3750.0
3750.0
-3750.0
-3750.0
-3750.0
3750.0
3750.0
3750.0
3750.0
3750.0
3750.0
3750.0
-3750.0
-3750.0
-3750.0
-3750.0
3750.0
3750.0
3750.0
3750.0
3750.0
3750.0
3750.0
-3750.0
-3750.0
-1467.260712855431
3750.0
3750.0
3750.0
3750.0
3750.0
3750.0
3750.0
3750.0
-3144.647408666102
-3750.0
3750.0
3750.0
3750.0
-3750.0
-3750.0
-3750.0
-3750.0
-3750.0
-3750.0
3750.0
3750.0
3750.0
3750.0
3750.0
3750.0
3750.0
3750.0
3750.0
3750.0
-3750.0
-3750.0
-3750.0
-3750.0
-3750.0
-3750.0
-3750.0
3750.0
3750.0
3750.0
3750.0
3750.0
3750.0
3750.0
3750.0
3750.0
3750.0
3750.0
-3750.0
-3750.0
-3750.0
-3750.0
-3750.0
-3750.0
3750.0
3750.0
3750.0
3750.0
3750.0
3750.0
3750.0
-3750.0
-3750.0
-3750.0
-3750.0
3750.0
3750.0
3750.0
3750.0
3750.0
3750.0
-3750.0
3750.0
3750.0
-3424.09948542024
-3498.3422744993504
3750.0
3750.0
3750.0
-3750.0
-3750.0
-3750.0
-3750.0
-3750.0
3750.0
3750.0
3750.0
3750.0
3750.0
3750.0
3750.0
3750.0
3750.0
3750.0
3750.0
3750.0
-526.4471057884239
-1967.2562255882258
-632.8553631690147
1386.3921526331578
1399.2524479784543
1657.5051847388122
471.3987832941366
-139.7441039973828
-421.36738267600595
3750.0
3750.0
-3295.454545454546
-2407.911259941401
-2339.8052190011977
-1996.1771863425874
3750.0
3750.0
3750.0
3750.0
2162.161266299408
3750.0
3750.0
21.576524741079766
3750.0
3750.0
3750.0
1781.8964018772813
663.7712715085781
-420.6844177379792
-670.2559689584687
-1122.9014339501566
-1872.7142864863072
-1868.421159207991
-1366.5768483093805
3750.0
3750.0
3750.0
-3750.0
-3750.0
-3750.0
-3750.0
-2802.1064301552115
3750.0
3750.0
3750.0
3750.0
3750.0
3750.0
-3750.0
-3750.0
1882.411067193667
3750.0
3750.0
1374.5635065409058
3750.0
3750.0
-3116.2159758050184
-3585.5327713546476
-3750.0
-3750.0
3750.0
3750.0
3750.0
3750.0
3750.0
3750.0
3750.0
-3255.473155192676
-3294.219106031217
-3750.0
-3750.0
3750.0
3750.0
3750.0
3750.0
3750.0
3750.0
3750.0
3750.0
3750.0
-3750.0
-3081.4741451209356
-3565.0951327804005
-3750.0
3750.0
3750.0
3750.0
3750.0
3750.0
3750.0
3750.0
-3750.0
-3054.267161410022
-2059.5292180135175
3750.0
3750.0
-254.7826929386115
-1132.0556868956248
3750.0
3750.0
3750.0
3750.0
3750.0
-3750.0
-3750.0
-3750.0
-3750.0
-3750.0
-3750.0
3750.0
3750.0
3750.0
3750.0
3750.0
3750.0
3750.0
3750.0
3750.0
-2656.369915579433
1901.5251132375217
1171.3284792691202
-2292.7987691784047
-2584.3241137570394
-1101.8360387172595
3750.0
-2085.684898616015
3750.0
3750.0
3750.0
-3750.0
-3750.0
-3750.0
-3750.0
-3750.0
3750.0
3750.0
3750.0
3750.0
3750.0
3750.0
3750.0
3750.0
3750.0
3750.0
3750.0
-2992.7276942874205
753.7083641706158
3750.0
3750.0
3750.0
3750.0
3750.0
3750.0
3750.0
3750.0
3750.0
-3750.0
-3750.0
-3750.0
-3750.0
-3750.0
-3750.0
3750.0
3750.0
3750.0
3750.0
3750.0
3750.0
3750.0
-1516.7269439421334
-1120.446055498762
-1249.4671195755425
-1744.1746734159933
-2613.691494795289
-3023.6626139975333
-3750.0
3750.0
3750.0
3750.0
3750.0
3750.0
3750.0
3750.0
-3750.0
-3750.0
-3446.581105616684
3750.0
3750.0
3750.0
3750.0
3750.0
3750.0
-3750.0
-3212.0949984271792
3750.0
3750.0
3750.0
3750.0
-3750.0
-3750.0
3750.0
3750.0
3750.0
3750.0
3750.0
-3750.0
-3750.0
-3750.0
-3750.0
-3750.0
-2039.0222984562633
566.5364831396055
3750.0
3750.0
3750.0
3750.0
3750.0
3750.0
-1332.8835774865065
-344.81516072938757
-1493.8220102376033
-1480.7514379375725
-1487.7978540827517
-1830.9597815816985
3750.0
3750.0
3750.0
3750.0
3750.0
3750.0
-2872.4538133585984
-3234.4007913602736
-3367.5850316350716
-2083.4140413683244
-1418.0830285814254
2802.3785256976053
3750.0
3258.254969626644
3750.0
3750.0
0.0
0.0
0.0
0.0
3750.0
3750.0
3121.204568113839
2312.926678567097
-2007.5757575757575
-951.1661807580169
-666.248218543132
2261.7149345559947
1249.2434374528293
3750.0
142.68292682926835
805.2027312183354
1132.3006201596277
1402.1074490544092
3216.6702965269837
3750.0
0.0
0.0
0.0
0.0
0.0
-378.7878787878788
-478.7234042553216
-607.0632488158353
3750.0
-2067.591499409684
645.5305024607951
1824.4044463145678
1587.8164530647828
3750.0
-333.61053685148545
3750.0
3750.0
3750.0
-3750.0
-3750.0
-3313.329928498468
124.58289911844622
3750.0
3750.0
3750.0
3750.0
1982.3899520007208
-303.03030303030306
3750.0
3750.0
0.0
0.0
0.0
-568.1818181818182
-884.9557522123894
-1563.3212289168132
-1763.7974279667214
-1859.7195538557035
-1346.640510216331
3750.0
3750.0
3750.0
-3525.8175075851223
-3488.1338580420797
-3587.418502381707
-3750.0
-3750.0
3750.0
3750.0
3750.0
3750.0
3750.0
3750.0
3750.0
3750.0
3750.0
3750.0
-3481.9749216300934
-3750.0
3750.0
3750.0
3750.0
-3750.0
-3750.0