Demand
3750.0
3750.0
3750.0
3750.0
3750.0
3750.0
3750.0
3750.0
3750.0
3750.0
3750.0
3750.0
3750.0
3750.0
3750.0
3750.0
3750.0
3750.0
3750.0
3750.0
3750.0
3750.0
3750.0
3750.0
3750.0
-3750.0
-3750.0
-3750.0
-3750.0
3750.0
3750.0
3750.0
3750.0
3750.0
3750.0
3750.0
3750.0
3750.0
3750.0
3750.0
3750.0
-2825.4257907542587
-3194.7024155338268
-3750.0
-3750.0
3750.0
3750.0
3750.0
3750.0
3750.0
3750.0
3750.0
3750.0
-3750.0
-3179.7338758087117
-1968.2930490663848
3750.0
3750.0
3071.217179823698
1824.2636624592215
53.97327079785828
611.9302495452159
0.0
0.0
0.0
3750.0
957.0863918690004
-537.0178294777209
-930.0949894296793
-494.35284173080527
-733.4924685556753
3750.0
1145.7360454257644
3750.0
3750.0
3750.0
-3750.0
-3750.0
-3750.0
-3132.299819385913
-3426.993160007676
-3750.0
3750.0
3750.0
3750.0
3750.0
3750.0
3750.0
3750.0
3750.0
3750.0
3750.0
-3750.0
-3750.0
-3750.0
-3750.0
-3750.0
-3750.0
3750.0
3750.0
3750.0
3750.0
3750.0
3750.0
3750.0
-3750.0
-3750.0
-3750.0
-3750.0
-3750.0
-3750.0
-2657.4479737130378
3750.0
3750.0
3750.0
3750.0
3750.0
3750.0
3750.0
-3750.0
-3750.0
3750.0
3750.0
3750.0
-3750.0
-3750.0
-3603.5912388700262
-3325.6446661738173
-2836.2893020082074
3750.0
3750.0
3750.0
3750.0
3750.0
3750.0
3750.0
3750.0
-3750.0
3750.0
3750.0
3750.0
3750.0
-3750.0
-3750.0
-3750.0
-3750.0
-3750.0
-3750.0
-3750.0
3750.0
3750.0
3750.0
3750.0
3750.0
3750.0
3750.0
3750.0
3750.0
-1555.8169375534644
-1290.598324116683
-1799.0239322808138
-2175.0430074795113
-2633.139052302492
3750.0
3750.0
3750.0
3750.0
3750.0
-3750.0
-3750.0
-3750.0
-3750.0
3750.0
3750.0
3750.0
3750.0
3750.0
3750.0
3750.0
3750.0
3750.0
-3567.5416133162626
-3750.0
-3750.0
-3750.0
-3750.0
-3750.0
-3750.0
3750.0
3750.0
3750.0
3750.0
3750.0
3750.0
3750.0
3750.0
3750.0
3750.0
-3425.595689786007
-3080.547380514756
-3379.4200578796454
-3362.83208906453
3750.0
3750.0
3750.0
3750.0
3750.0
3750.0
3750.0
-3750.0
-3750.0
-3750.0
-3750.0
3750.0
3750.0
3750.0
3750.0
3750.0
3750.0
-3750.0
-3750.0
-3750.0
-3750.0
-3750.0
-3750.0
3750.0
3750.0
3750.0
3750.0
3750.0
3750.0
3750.0
3750.0
3750.0
3750.0
-3750.0
-3750.0
-3750.0
-3750.0
-3750.0
3750.0
3750.0
3750.0
3750.0
3750.0
3750.0
3750.0
-3750.0
-3750.0
-3750.0
-3750.0
-3750.0
-3750.0
3750.0
3750.0
3750.0
3750.0
3750.0
3750.0
3750.0
3750.0
3750.0
3750.0
3750.0
3750.0
-3750.0
-3750.0
-3750.0
-3750.0
-3750.0
-3750.0
-3750.0
3750.0
3750.0
3750.0
3750.0
3750.0
3750.0
3750.0
3750.0
3750.0
2179.109750353272
-530.3458959970656
-842.732632671625
-1222.7658975191762
-1016.7146370323362
-751.7006522217973
3750.0
-2548.9170109006136
3750.0
3750.0
3750.0
-3750.0
-3750.0
-3750.0
-3750.0
3750.0
3750.0
3750.0
3750.0
3750.0
3750.0
3750.0
3750.0
3750.0
-3750.0
-3750.0
3750.0
3750.0
3750.0
3750.0
3750.0
3750.0
-3750.0
-3750.0
-3750.0
-3750.0
-3750.0
-3750.0
-3750.0
3750.0
3750.0
3750.0
3750.0
3750.0
3750.0
3750.0
3750.0
-1060.7408605629244
-1047.143571845483
-1673.7521914629199
-1937.373939662916
-2491.620662539077
-3040.698577317007
-3750.0
3750.0
3750.0
3750.0
3750.0
-3750.0
-3750.0
-3750.0
-3750.0
-3750.0
3750.0
3750.0
3750.0
3750.0
3750.0
3750.0
-3750.0
-3237.4561640140273
-3750.0
-3750.0
-3750.0
3750.0
3750.0
3750.0
3750.0
3750.0
3750.0
3750.0
-3750.0
-3750.0
-3750.0
-3750.0
3750.0
3750.0
3750.0
3750.0
3750.0
3750.0
3750.0
3750.0
-3750.0
-3750.0
-3750.0
-3750.0
-3750.0
-3750.0
3750.0
3750.0
3750.0
3750.0
3750.0
3750.0
3750.0
3750.0
3750.0
3750.0
3750.0
-3582.844574780059
3750.0
3750.0
-3750.0
-3750.0
-3750.0
-3750.0
-1457.1600965406315
3750.0
3750.0
3750.0
3750.0
3750.0
3750.0
3750.0
3750.0
3750.0
3750.0
-3750.0
-3750.0
-3750.0
-3750.0
-3750.0
-2696.4676889375696
3750.0
3750.0
3750.0
3750.0
3750.0
3750.0
3750.0
3750.0
-2159.0909090909095
1073.6953455571236
1341.3273601009532
292.2663784266026
-484.479658200843
-1330.177609705932
-218.57659740898316
-278.8932444970633
702.6304651309295
3750.0
3750.0
616.1132787299869
3750.0
3750.0
-2738.6444286728183
-2586.1927829200813
-2193.92189934635
-1689.0560228559007
2788.333332822369
3092.408697715053
-109.28073078213856
3750.0
3750.0
3750.0
3750.0
-2121.2121212121215
2063.2845188284564
942.7764000505665
-421.2028021447834
-81.28512729130944
1620.3738419568883
3750.0
823.5856623384161
3750.0
3750.0
-3750.0
-3750.0
-3750.0
-2905.138339920949
3750.0
3750.0
3750.0
3750.0
3750.0
-3750.0
-3750.0
3750.0
3750.0
3750.0
1983.9791356184755
-1372.5749398293308
3750.0
3750.0
-3195.031712473574
-3622.1564920412293
-3750.0
-3750.0
-3750.0
3750.0
3750.0
3750.0
3750.0
3750.0
3750.0
3750.0
3750.0
3750.0
3750.0
-3750.0
-3750.0
-3750.0
-3750.0
3750.0
3750.0
3750.0
3750.0
-3750.0
-3750.0
-2850.3787878787907
-3471.755166241798
-3750.0
3750.0
3750.0
3750.0
3750.0
3750.0
3750.0
3750.0
3750.0
-3109.329884044834
-1978.6636360860093
3750.0
3750.0
900.9095969139403
3750.0
3750.0
-3712.1212121212125
3750.0
3750.0
3750.0
-3750.0
-3750.0
3750.0
3750.0
3750.0
3750.0
3750.0
-3750.0
-3750.0
-3750.0
3750.0
3750.0
3750.0
3750.0
3750.0
3750.0
3750.0
-2083.3333333333335
-2632.240547063556
-2971.4888300916145
-2554.4111789876815
-2759.820094168199
-3378.044346961183
3750.0
3750.0
3750.0
3750.0
3750.0
-3750.0
3750.0
3750.0
-3750.0
-3750.0
-3750.0
-3750.0
3750.0
3750.0
3750.0
3750.0
3750.0
3750.0
3750.0
3750.0
-3393.4528773978327
-3750.0
-2988.9324883833006
3750.0
3750.0
3750.0
3750.0
3750.0
3750.0
3750.0
3750.0
3750.0
-3750.0
-3750.0
-3750.0
-3750.0
-2282.656663724627
-1709.9786882461067
3750.0
3750.0
3750.0
3750.0
3750.0
3750.0
2869.606122471924
1307.5595188480036
3750.0
-2890.8268733850127
-3297.137971102562
-3750.0
-3750.0
3750.0
3750.0
3750.0
3750.0
3750.0
3750.0
3750.0
3750.0
-3642.8195356766773
-3750.0
-3750.0
-3750.0
-3750.0
-3750.0
3750.0
3750.0
3750.0
3750.0
3750.0
3750.0
3750.0
3750.0
3750.0
3750.0
-3750.0
3750.0
3750.0
3750.0
-3750.0
-3750.0
3750.0
3750.0
3750.0
3750.0
3750.0
3750.0
3750.0
-2093.2067323662923
-3609.8371570757126
-3454.1546877670844
3750.0
3750.0
3750.0
3750.0
3750.0
-2300.945698596708
-2538.4234740277125
3750.0
3750.0
3750.0
3750.0
-3672.854287261067
-3665.7207690248133
-2709.412767933747
-3108.5862458196343
-3231.276532159907
-1073.0446984622506
774.248478288034
3750.0
3750.0
3750.0
3750.0
3750.0
0.0
0.0
3750.0
3750.0
0.0
-227.27272727272728
2046.6101694915242
-871.2121212121214
-145.52238805970092
-1211.0259055358472
-1170.8317132849318
265.97026889539734
659.7310639657442
770.9427131032887
2353.360901606983
-1818.1818181818182
1972.5930948158966
2228.2733649168968
3750.0
3750.0
3750.0
0.0
0.0
0.0
0.0
-378.7878787878788
-563.4715025906746
-1104.150799695355
-1353.746843440607
3750.0
-3106.0606060606065
-2324.2871435717852
-2635.1182936091545
-2856.9504686197715
-3163.656466180155
3750.0
3750.0
3750.0
3750.0
3750.0
-3509.209192294694
-2448.3346891967994
1002.2229630223208
593.7582205601955
3750.0
3750.0
798.076587037812
-303.03030303030306
3750.0
0.0
0.0
0.0
0.0
-568.1818181818182
-446.42857142856633
3750.0
-1904.4865864939866
-2246.4701263722554
-2510.72312557688
-2796.62958797636
-3007.4071675444384
-3276.4147078104606
-3254.32055714769
-1913.6255605167999
3750.0
3750.0
3750.0
3750.0
3750.0
3750.0
3750.0
-3489.170225747407
-1750.9666271190756
-2350.7686171309206
-1609.4264182594818
3278.9846203215884
891.3649191966269
3750.0
3750.0
3750.0
-3750.0
-3750.0
3750.0
3750.0