Demand
-3750.0
-3750.0
3750.0
3750.0
3750.0
3750.0
3750.0
3750.0
3750.0
-3750.0
-3750.0
-3750.0
-3750.0
-3750.0
3750.0
3750.0
3750.0
3750.0
3750.0
3750.0
3750.0
3750.0
3750.0
3750.0
-3750.0
-3750.0
-3750.0
-3750.0
3750.0
3750.0
3750.0
3750.0
3750.0
3750.0
-3750.0
-3750.0
3750.0
3750.0
3750.0
-3333.3333333333335
-2890.012070006035
-2984.7128836376523
-3304.6193769944075
-3750.0
-3750.0
-3750.0
3750.0
3750.0
3750.0
3750.0
3750.0
3750.0
-3750.0
-3750.0
-3088.457471094459
-1703.8525877065351
3750.0
3750.0
3750.0
3217.02396537974
964.0479948983902
1587.1715467809788
3750.0
0.0
0.0
-1363.6363636363637
892.8571428571504
3750.0
-993.7137330754351
-702.9337425528081
-1179.5986236664667
1054.9568679817303
3750.0
3750.0
3750.0
3750.0
3750.0
-3750.0
-3750.0
-3422.0368239355585
-3619.857679744745
-3750.0
-3750.0
-3750.0
3750.0
3750.0
3750.0
3750.0
3750.0
3750.0
3750.0
3750.0
-3750.0
-3750.0
-3750.0
-3750.0
-3750.0
3750.0
3750.0
3750.0
3750.0
3750.0
3750.0
3750.0
3750.0
-3750.0
3750.0
3750.0
3750.0
3750.0
3750.0
3750.0
3750.0
-3499.2668621700877
3750.0
3750.0
3750.0
3750.0
-3750.0
-3750.0
3750.0
3750.0
3750.0
-3750.0
-3750.0
-3750.0
-3441.09543700002
435.6806815767902
3750.0
3750.0
3750.0
3750.0
3750.0
3750.0
3750.0
3750.0
-3750.0
3750.0
3750.0
3750.0
3750.0
3750.0
3750.0
-3750.0
-3750.0
-3750.0
3750.0
3750.0
3750.0
3750.0
-3750.0
-3578.700225394441
-3750.0
3750.0
3750.0
3750.0
3750.0
3750.0
3750.0
3750.0
-2122.048743335873
-2634.547912759949
-3286.1714602538023
-3510.7930346857847
-3750.0
3750.0
3750.0
3750.0
3750.0
3750.0
3750.0
3750.0
-3750.0
-3750.0
3750.0
3750.0
3750.0
3750.0
3750.0
3750.0
3750.0
-3444.3881806267136
-3750.0
-3750.0
3750.0
3750.0
3750.0
3750.0
3750.0
3750.0
3750.0
-3750.0
-3750.0
-3750.0
3750.0
3750.0
3750.0
3750.0
-3506.4499064051442
-3307.5414581467885
-3553.381628240404
-3635.8399742686615
-3607.8693744099464
-3547.5622580500158
-3750.0
3750.0
3750.0
3750.0
3750.0
3750.0
3750.0
3750.0
3750.0
-3750.0
-3750.0
-3750.0
-3750.0
3750.0
3750.0
3750.0
3750.0
3750.0
-3750.0
-3750.0
-3750.0
-3750.0
3750.0
3750.0
3750.0
3750.0
3750.0
3750.0
3750.0
-3750.0
-3750.0
-3750.0
-3750.0
-3750.0
3750.0
3750.0
3750.0
3750.0
3750.0
3750.0
3750.0
-3750.0
-3750.0
-3750.0
-3750.0
3750.0
3750.0
3750.0
3750.0
3750.0
-3750.0
-3502.0661157024806
3750.0
3750.0
3750.0
3750.0
-3750.0
-3750.0
-3750.0
-3750.0
3750.0
3750.0
3750.0
3750.0
3750.0
-3750.0
-3750.0
-3750.0
-3750.0
-3750.0
3750.0
3750.0
3750.0
3750.0
3750.0
3750.0
3750.0
3750.0
3750.0
3750.0
-2205.5048488305774
-2350.859506423545
-2684.1188062650835
-3066.5586208019686
-3598.6110425574743
-3750.0
3750.0
3750.0
3750.0
3750.0
3750.0
3750.0
-3750.0
-3750.0
-3750.0
-3750.0
3750.0
3750.0
3750.0
3750.0
3750.0
3750.0
-3750.0
3750.0
3750.0
3750.0
-3750.0
-3750.0
-3750.0
-3750.0
-3750.0
-3750.0
-3750.0
3750.0
3750.0
3750.0
3750.0
3750.0
3750.0
3750.0
3750.0
-2563.927679644874
3491.209102253978
3729.0806857822818
-482.83449855554204
-459.25919694627987
-1220.5477746834974
-1537.0475937655858
-2219.604739022124
-2910.991049665523
-3750.0
3750.0
3750.0
3750.0
3750.0
3750.0
3750.0
-3750.0
-3750.0
-3750.0
-3750.0
3750.0
3750.0
3750.0
3750.0
3750.0
3750.0
3750.0
-3750.0
-3750.0
-3750.0
3750.0
3750.0
3750.0
3750.0
-3750.0
3750.0
3750.0
3750.0
3750.0
-3750.0
-3750.0
-3750.0
3750.0
3750.0
3750.0
3750.0
3750.0
3750.0
-3750.0
-3750.0
-3750.0
-3750.0
-3750.0
3750.0
3750.0
3750.0
3750.0
3750.0
3750.0
3750.0
-3750.0
-3750.0
-3750.0
-3750.0
3750.0
3750.0
3750.0
3750.0
3750.0
-3750.0
-3750.0
-3750.0
-3750.0
3750.0
3750.0
3750.0
3750.0
3750.0
-3750.0
-3750.0
3750.0
3750.0
3750.0
3750.0
3750.0
-3750.0
-3750.0
-3750.0
-3750.0
-3136.7670790747725
-1400.284763282694
3750.0
3750.0
3750.0
3750.0
3750.0
3750.0
3750.0
673.5033259423465
1396.9292725899722
3750.0
-198.4927605032035
-904.1080558169588
-1704.0454569520052
-1002.1183283495056
-1290.9583039898507
-1301.6360321554557
-119.54754594277301
3750.0
3750.0
3750.0
379.30463211496044
3750.0
3750.0
846.7741935483664
3750.0
3750.0
-1938.7261674495721
-2685.285062991343
-2964.9308209521178
3750.0
2124.6655963774465
947.3533120885822
-204.2621359198156
-480.423642945839
-981.3029962129749
-1810.892714260612
-1936.142260852478
-1955.337882020055
-1518.926118314318
3750.0
3750.0
3750.0
3750.0
-3750.0
-3750.0
-3093.5196560196564
-3750.0
3750.0
3750.0
3750.0
3750.0
3750.0
3750.0
3750.0
3750.0
3750.0
1583.2563243617851
-1491.1313763309015
-520.0218353002756
-1001.1642038332936
3750.0
-2380.410037653458
3750.0
3750.0
3750.0
3750.0
-3750.0
-3750.0
-3750.0
-3750.0
-3750.0
3750.0
3750.0
3750.0
3750.0
3750.0
3750.0
3750.0
3750.0
-3327.4445616559515
3750.0
3750.0
3750.0
3750.0
3750.0
-3255.5517002081897
-3619.9227119903826
-3750.0
3750.0
3750.0
3750.0
3750.0
3750.0
-3750.0
-3750.0
-3750.0
-2914.222873900295
-131.66875989734353
3750.0
3750.0
3750.0
3750.0
3750.0
-3651.909045018585
-3750.0
-3750.0
-3750.0
-3750.0
-3750.0
3750.0
3750.0
3750.0
3750.0
3750.0
3750.0
3750.0
3750.0
3750.0
3750.0
-3094.073647871116
-2416.318105438765
-2591.1473990692057
-1882.7139290336054
3750.0
3750.0
-1049.3631940551386
3750.0
3750.0
-3190.810987573578
-3624.835072340683
-3464.0380147805554
3750.0
3750.0
3750.0
3750.0
-3750.0
-3750.0
-3750.0
-3750.0
3750.0
3750.0
3750.0
3750.0
3750.0
3750.0
-3750.0
-3750.0
3750.0
3750.0
3750.0
3750.0
3750.0
3750.0
-3750.0
-3750.0
-3750.0
3750.0
3750.0
3750.0
3750.0
3750.0
3750.0
3750.0
-3750.0
-3750.0
-3750.0
-2681.8984902023785
-2491.1577821055535
2366.30029564929
1917.2886537508173
3750.0
3750.0
2912.5600807305627
3750.0
3459.2329228558347
-23.046218515555665
3750.0
-3012.749445676277
-2467.7658290354384
3750.0
3750.0
-3750.0
-3750.0
-3750.0
3750.0
3750.0
3750.0
3750.0
3750.0
3750.0
3750.0
3750.0
-3750.0
-3750.0
-3750.0
-3750.0
3750.0
3750.0
3750.0
3750.0
-3750.0
-3750.0
-3750.0
-3750.0
-3750.0
-3750.0
-3750.0
-3750.0
3750.0
3750.0
3750.0
3750.0
3750.0
3750.0
3750.0
3750.0
-3566.24758220503
-3345.671466087114
-2048.4572900696085
-3623.7947933188098
-3594.2591711925525
3750.0
546.9342712618252
2561.9133593635524
55.00071726815304
560.3372557696896
1463.5708541037795
2030.0185854495294
3750.0
3750.0
3750.0
3750.0
3750.0
-3654.511949966496
-2535.217320106438
-2975.6298793177248
-3080.955887964814
281.8317813391461
3427.3628529042053
3750.0
3750.0
3750.0
3750.0
3750.0
0.0
0.0
3750.0
3750.0
3750.0
3750.0
3333.060824068018
2947.6258710705797
97.41279964587102
-1057.9330466474694
-1133.8003836045575
-4.563500754554752
168.01504973717488
55.957446883778175
564.4910376733994
1323.0022323677767
1587.2583202715525
1691.1332579553857
3233.264627042274
0.0
0.0
0.0
0.0
3750.0
3750.0
3008.2329745284032
-2196.969696969697
-737.4476987447704
-887.6748706911512
3750.0
3750.0
-2572.3140495867774
-2923.7127314131494
-3218.500624379656
-3555.264359304808
-3750.0
-3750.0
-3750.0
-3750.0
-3750.0
3750.0
3750.0
3750.0
3750.0
3750.0
3750.0
3750.0
3750.0
3750.0
3750.0
3750.0
3750.0
0.0
-568.1818181818182
-836.6141732283452
-1412.6829046623643
-1080.4978829640295
3750.0
3750.0
3750.0
3750.0
3750.0
-3574.6153846153857
-3549.309525098194
-3628.316518457713
-3750.0
-3750.0
3750.0
3750.0
3750.0
3750.0
3750.0
3750.0
3750.0
-2770.6185567010316
-2601.6943168318494
-2916.633938713835
-3398.4211371482406
-3750.0
-3750.0
-3750.0
-3750.0
3750.0
3750.0