Demand
3750.0
3750.0
3750.0
3750.0
3750.0
3750.0
3750.0
3750.0
3750.0
3750.0
3750.0
3750.0
3750.0
3750.0
3750.0
3750.0
3750.0
3750.0
3750.0
3750.0
3750.0
3750.0
3750.0
3750.0
3750.0
-3750.0
3750.0
3750.0
3750.0
3750.0
3750.0
3750.0
3750.0
3750.0
3750.0
3750.0
-2108.803496507043
-1662.8218118841069
-1821.3384367486742
-790.3267999522175
2229.409588034444
3750.0
-332.62580067076715
3750.0
3750.0
3750.0
3750.0
3750.0
3750.0
3750.0
3750.0
-3750.0
-3750.0
-3750.0
-625.2855185016026
3750.0
3750.0
3750.0
3750.0
3750.0
3750.0
3750.0
3750.0
3750.0
0.0
-1363.6363636363637
2792.0835785756362
356.5572853807764
-43.3726266072581
981.4203294585004
993.2337586786009
3750.0
3750.0
3750.0
3750.0
-3750.0
-3750.0
-3750.0
-3750.0
3750.0
3750.0
3750.0
3750.0
3750.0
-3750.0
-3750.0
-3750.0
3750.0
3750.0
3750.0
3750.0
3750.0
3750.0
3750.0
-3750.0
3750.0
-3750.0
-3750.0
-3750.0
-3750.0
3750.0
3750.0
3750.0
3750.0
3750.0
3750.0
-3750.0
-3750.0
-3750.0
-3750.0
3750.0
3750.0
3750.0
3750.0
3750.0
3750.0
3750.0
3750.0
-3750.0
-3750.0
-3750.0
3750.0
3750.0
3750.0
3750.0
3750.0
-3636.363636363636
-3449.248120300753
-3247.463024937927
-1891.020204980152
3750.0
3750.0
3750.0
3750.0
3750.0
3750.0
3750.0
3750.0
3750.0
3750.0
3750.0
3750.0
3750.0
3750.0
3750.0
-3750.0
-3750.0
-3750.0
-3750.0
-3750.0
3750.0
3750.0
3750.0
3750.0
3750.0
3750.0
3750.0
-2053.1550862481517
-1390.6730048755537
-1220.7499323888048
-1880.0020071759309
-2471.296960701222
-3222.520006041407
-3486.96908001862
-3750.0
3750.0
3750.0
3750.0
3750.0
3750.0
3750.0
3750.0
3750.0
3750.0
-3750.0
-3750.0
-3750.0
-3417.0342107720917
-3750.0
3750.0
3750.0
3750.0
3750.0
3750.0
3750.0
3750.0
3750.0
3750.0
-3750.0
-3750.0
-3750.0
3750.0
3750.0
3750.0
3750.0
3750.0
3750.0
-3504.803556065387
-3293.844765066786
-2698.463339997649
-3025.6792443727227
3750.0
3246.657227946566
3750.0
3750.0
3750.0
3750.0
3750.0
3750.0
3750.0
-3750.0
3750.0
3750.0
3750.0
3750.0
3750.0
3750.0
-3750.0
-3750.0
-3750.0
3750.0
3750.0
3750.0
3750.0
3750.0
3750.0
-3750.0
-3750.0
-3750.0
-3517.0690305545095
-3052.657789094721
-3750.0
-3750.0
-3750.0
3750.0
3750.0
3750.0
3750.0
3750.0
3750.0
3750.0
3750.0
3750.0
-3750.0
-3750.0
-3750.0
-3750.0
3750.0
3750.0
3750.0
3750.0
3750.0
3750.0
3750.0
-3750.0
-3645.1520601700468
-3750.0
-3750.0
-3750.0
3750.0
3750.0
3750.0
3750.0
3750.0
3750.0
-3750.0
-3750.0
-3750.0
-3750.0
-3750.0
-3750.0
3750.0
3750.0
3750.0
3750.0
3750.0
3750.0
3750.0
3750.0
2974.4968771686326
3476.1211638805917
601.8877958527055
-1317.9702393014177
-1560.4865884573592
-1842.961484309744
-1625.7467944257662
-805.0455856065892
3750.0
3750.0
3750.0
-3750.0
-3750.0
-3750.0
-3750.0
-3750.0
3750.0
3750.0
3750.0
3750.0
3750.0
-3750.0
-3750.0
-3750.0
-3750.0
-3750.0
-3750.0
-3750.0
3750.0
3750.0
3750.0
3750.0
3750.0
3750.0
3750.0
-3750.0
-3750.0
-3750.0
-3750.0
3750.0
3750.0
3750.0
3750.0
3750.0
3750.0
3750.0
3750.0
3750.0
3750.0
-2424.2424242424245
3750.0
-376.4204545454552
-622.1521592145098
-1298.4550352875458
-1594.58105118406
3750.0
3750.0
3750.0
3750.0
3750.0
-3750.0
-3750.0
-3750.0
-3750.0
-3750.0
3750.0
3750.0
3750.0
3750.0
3750.0
3750.0
3750.0
3750.0
3750.0
-3750.0
-3750.0
-3750.0
-3750.0
3750.0
3750.0
3750.0
3750.0
3750.0
3750.0
-3750.0
-3750.0
-3750.0
-3750.0
-3750.0
-3750.0
3750.0
3750.0
3750.0
3750.0
3750.0
3750.0
3750.0
3750.0
3750.0
-3750.0
-3750.0
-3750.0
-3750.0
3750.0
3750.0
3750.0
3750.0
3750.0
-3750.0
-3750.0
-3750.0
-2694.8786507610102
3750.0
3750.0
3750.0
3750.0
3750.0
3750.0
3750.0
3750.0
3750.0
-3363.1221719457017
-3584.0525924576177
-3750.0
-3750.0
3750.0
3750.0
3750.0
3750.0
3750.0
3750.0
3750.0
3750.0
-3750.0
-3750.0
-3399.564927516959
-2942.0558715664074
-2535.6580443095554
3750.0
3750.0
3750.0
3750.0
3750.0
3750.0
-160.3333047725141
-51.58958658052234
267.8402474180384
-455.7725566748529
-825.2066288330252
-643.7498721497714
3750.0
3750.0
-1935.3555005305989
-1207.378237421065
3750.0
3750.0
3750.0
-1040.915358787488
3750.0
-2805.257906261717
-2553.9792833667234
-2297.4827605426963
168.84035301425865
1420.154738952564
-234.70076674757274
3750.0
3750.0
3750.0
3750.0
-2121.2121212121215
1160.8983799705466
402.01727877712347
-609.8818645330839
722.1927881124302
3750.0
3750.0
-3560.606060606061
-3647.6010170803165
-3750.0
-3750.0
-3750.0
-3750.0
3750.0
3750.0
3750.0
3750.0
3750.0
3750.0
3750.0
3750.0
3750.0
3750.0
3750.0
-2386.363636363637
-1971.121837549934
-843.9544470808517
863.5431516767867
3750.0
3750.0
3750.0
-3750.0
-3750.0
-3750.0
-3750.0
-3750.0
-3750.0
-3750.0
-3750.0
3750.0
3750.0
3750.0
3750.0
3750.0
3750.0
3750.0
3750.0
3750.0
-3750.0
-3750.0
-3750.0
3750.0
3750.0
3750.0
3750.0
3750.0
3750.0
-3750.0
-3750.0
-3750.0
3750.0
3750.0
3750.0
3750.0
3750.0
3750.0
3750.0
3750.0
-2008.2123758594353
-2910.0098307970684
-3184.5714774079743
-3568.1267301332455
-3750.0
-3750.0
3750.0
3750.0
3750.0
3750.0
3750.0
3750.0
3750.0
3750.0
3750.0
-3750.0
-3750.0
-3106.9913546482376
-2969.368147373477
-2344.1035828096783
321.2362418522205
1249.1401017113913
3750.0
3750.0
3750.0
3750.0
-1249.2476399794493
3750.0
-881.3349247477202
3750.0
3750.0
3750.0
3750.0
3750.0
-3750.0
-3750.0
-3750.0
3750.0
3750.0
3750.0
3750.0
3750.0
3750.0
3750.0
-3515.0453421269585
-3750.0
-3750.0
-3750.0
3750.0
3750.0
3750.0
3750.0
3750.0
3750.0
3750.0
3750.0
-3750.0
-3750.0
-3750.0
-3750.0
-3750.0
-3750.0
-3750.0
-3750.0
3750.0
3750.0
3750.0
3750.0
3750.0
3750.0
3750.0
3750.0
3750.0
3750.0
3750.0
3750.0
3750.0
3750.0
-3353.9374638100753
-3750.0
-3750.0
-3750.0
-3750.0
3750.0
3750.0
3750.0
3750.0
3750.0
3750.0
3750.0
3750.0
3750.0
3750.0
3750.0
3750.0
-3750.0
-3750.0
3750.0
3750.0
3750.0
3750.0
3750.0
3750.0
-3750.0
-3750.0
3750.0
3750.0
3750.0
3750.0
-3750.0
-3750.0
-3750.0
3750.0
3750.0
3750.0
3750.0
3750.0
3750.0
-2598.9499192245557
-3667.35473307708
-3655.1533114969225
3750.0
-1512.4031428481485
-410.05153595533125
-1366.1627030968257
-576.818497809083
3750.0
-440.7991406547087
3750.0
3750.0
-3277.4937828129323
-3665.9358464050983
-3658.094907059456
-3647.0334248199943
-2432.858273959462
-2908.7356756860663
-3022.9202145684485
580.5435302009232
3443.7309620882675
3750.0
3750.0
3750.0
3750.0
3750.0
3750.0
0.0
0.0
3750.0
3750.0
3750.0
-871.2121212121214
3750.0
3750.0
-809.9613152804632
-475.5793487826313
2751.8789406927826
866.2201821816716
3750.0
-313.30749354005184
269.6614705296445
572.5267405212344
836.4503903257028
2497.710882412257
0.0
0.0
0.0
0.0
0.0
0.0
-378.7878787878788
-478.7234042553216
-607.0632488158353
3750.0
-2612.210562336033
-1143.1595273912599
-325.95290013360955
1543.4208741390664
3750.0
3750.0
3750.0
3750.0
-3750.0
-3750.0
-3750.0
-2633.2288401253936
3750.0
3750.0
3750.0
3750.0
3750.0
3750.0
3750.0
3750.0
3750.0
0.0
0.0
3750.0
2808.604629925575
-2348.4848484848485
-1567.8879310344828
-1864.543713230265
-2154.714050191159
-2338.4158999911415
-2495.217784502367
-2324.9701045443417
3750.0
3750.0
3750.0
3750.0
3750.0
-3750.0
-3750.0
-2303.299492385787
-2105.6786541346
-2913.1736881835814
-3165.705092622841
3750.0
194.56890415743646
3750.0
3750.0
1941.5885191600864
3750.0
3750.0
3750.0
-3750.0
3750.0
-3750.0
-3750.0