Demand
-3750.0
3750.0
3750.0
3750.0
3750.0
3750.0
3750.0
3750.0
3750.0
3750.0
3750.0
3750.0
3750.0
3750.0
3750.0
3750.0
-3750.0
-3750.0
-3750.0
-3750.0
-3750.0
-3750.0
-3750.0
3750.0
3750.0
3750.0
3750.0
3750.0
3750.0
3750.0
3750.0
3750.0
3750.0
3750.0
3750.0
-3750.0
3750.0
3500.6784260515406
898.0930304606347
3750.0
3750.0
3750.0
3750.0
-3750.0
3750.0
3750.0
3750.0
3750.0
-3750.0
-3750.0
-3750.0
-3750.0
-3750.0
-3750.0
3750.0
3750.0
3750.0
3750.0
3750.0
3750.0
3750.0
3750.0
3750.0
3750.0
3750.0
-1363.6363636363637
-654.7619047619039
-1616.234926306387
-1942.9368539317209
-1808.9624000593021
-2108.1725520247965
134.3509615081307
3750.0
3750.0
3750.0
-3750.0
-3750.0
-3750.0
3750.0
3750.0
3750.0
3750.0
3750.0
3750.0
3750.0
3750.0
3750.0
-3750.0
-3750.0
-3750.0
-3750.0
-3750.0
-3750.0
3750.0
3750.0
3750.0
3750.0
3750.0
3750.0
3750.0
3750.0
3750.0
-3750.0
-3750.0
-3750.0
-3750.0
3750.0
3750.0
3750.0
3750.0
3750.0
3750.0
3750.0
-2989.831073571905
-3750.0
3750.0
3750.0
3750.0
3750.0
3750.0
3750.0
3750.0
-3750.0
-3750.0
-3750.0
-3750.0
-3337.178869677933
3750.0
3750.0
3750.0
3750.0
3750.0
3750.0
3750.0
-3750.0
-3750.0
3750.0
3750.0
3750.0
3750.0
3750.0
3750.0
-3750.0
3750.0
3750.0
-3750.0
-3750.0
-3750.0
-3750.0
-3750.0
-3750.0
3750.0
3750.0
3750.0
3750.0
3750.0
3750.0
3750.0
-1249.9999999999998
-625.0000000000002
-719.69696969697
2889.3442622951097
2035.036880926824
3750.0
3750.0
-3750.0
-3750.0
-3750.0
3750.0
3750.0
3750.0
3750.0
3750.0
3750.0
3750.0
-3750.0
-3750.0
-3365.211521152117
-3750.0
3750.0
3750.0
3750.0
3750.0
3750.0
-3750.0
-3750.0
-3750.0
-3750.0
-3750.0
-3750.0
3750.0
3750.0
3750.0
3750.0
3750.0
3750.0
3750.0
3750.0
-3468.087611869996
-3224.0027380560496
-3507.6401374342313
-3600.298188639097
-3539.94401151246
-3339.89785881821
3750.0
3750.0
3750.0
3750.0
3750.0
3750.0
3750.0
3750.0
3750.0
-3750.0
-3750.0
-3750.0
-3750.0
-3750.0
-3750.0
3750.0
3750.0
3750.0
3750.0
3750.0
3750.0
3750.0
3750.0
3750.0
3750.0
-3579.918440421724
-3250.1890911937626
-3750.0
-3750.0
-3750.0
3750.0
3750.0
3750.0
3750.0
3750.0
-3750.0
3750.0
3750.0
-3750.0
-3750.0
-3750.0
3750.0
3750.0
3750.0
3750.0
3750.0
3750.0
3750.0
3750.0
-3750.0
3750.0
3750.0
-3750.0
-3750.0
-3750.0
-3750.0
3750.0
3750.0
3750.0
3750.0
3750.0
3750.0
-3750.0
-3750.0
-3750.0
-3750.0
-3750.0
-3750.0
3750.0
3750.0
3750.0
3750.0
3750.0
3750.0
3750.0
3750.0
3750.0
3750.0
1617.9055750878904
1142.6342546047747
1311.7354791311989
3750.0
357.1307936325918
3750.0
-3667.0807036390497
-3750.0
-3750.0
-3750.0
-3750.0
-3750.0
3750.0
3750.0
3750.0
3750.0
3750.0
3750.0
3750.0
3750.0
-3750.0
-3750.0
3750.0
3750.0
3750.0
3750.0
3750.0
3750.0
-3750.0
-3750.0
-3750.0
3750.0
3750.0
3750.0
3750.0
-3750.0
-3750.0
-3750.0
-3750.0
3750.0
3750.0
3750.0
3750.0
3750.0
3750.0
3750.0
3750.0
3750.0
3750.0
-1774.0922090302465
-2384.826353784453
-2998.7989281824093
-3750.0
3750.0
3750.0
3750.0
3750.0
3750.0
-3750.0
-3750.0
-3750.0
-3750.0
-3750.0
3750.0
3750.0
3750.0
3750.0
3750.0
3750.0
3750.0
3750.0
3750.0
3750.0
3750.0
3750.0
-3750.0
-3750.0
-3750.0
-3750.0
-3750.0
3750.0
3750.0
3750.0
3750.0
3750.0
3750.0
-3750.0
-3750.0
-3750.0
-3750.0
-3750.0
3750.0
3750.0
3750.0
3750.0
3750.0
3750.0
3750.0
3750.0
3750.0
3750.0
3750.0
3750.0
3750.0
-3750.0
-3750.0
-3750.0
-3750.0
-3372.944622944625
-2754.7324547657963
3750.0
3750.0
3750.0
3750.0
3750.0
3750.0
-2374.296057924378
3750.0
3750.0
3750.0
-3750.0
-3750.0
-3750.0
-3750.0
-3750.0
-3750.0
3750.0
3750.0
3750.0
3750.0
3750.0
3750.0
3750.0
-3308.3677685950424
-3363.7374466320307
-2666.113442349929
-2394.1239499185576
-2006.889932978589
2380.27230420445
-551.01238854386
2559.6000589053074
3750.0
3750.0
3276.2285983525226
972.777253114811
326.95877396930314
854.3781133422381
3750.0
3750.0
-1483.8987543069197
1216.5568406693264
3750.0
3750.0
3750.0
3750.0
-2868.7384044526916
-2735.136777618505
-2375.0165771091024
-1833.6580137715684
3689.3990331859095
2563.1204024567587
1.8005027173444432
3750.0
3750.0
3750.0
3750.0
3750.0
3750.0
3750.0
3750.0
-463.02578018995996
2907.7117007581146
2471.8854198831045
3750.0
3750.0
-3750.0
-3750.0
-3750.0
-3750.0
-2980.423042304231
-3750.0
3750.0
3750.0
3750.0
3750.0
3750.0
3750.0
3750.0
-1891.4741552424794
3003.473236770885
2201.5542906125474
-1330.02761874558
3194.4703911441375
-118.41241592894812
3750.0
3750.0
-3750.0
-3750.0
-3750.0
3750.0
3750.0
3750.0
-3750.0
-3750.0
-3750.0
-2681.5838800374904
-1925.6043311416915
3750.0
3750.0
3750.0
3750.0
3750.0
3750.0
3750.0
3750.0
3750.0
-3750.0
-3750.0
-3750.0
-3127.1853146853164
-3593.9963872847584
-3750.0
-3750.0
3750.0
3750.0
3750.0
3750.0
3750.0
3750.0
3750.0
3750.0
-3047.4869512683426
-1562.3347107293273
-1086.9567276984274
-2253.166120552515
-3015.401594583598
-3233.4288068960686
-3562.66021645392
-3750.0
3750.0
3750.0
3750.0
3750.0
3750.0
3750.0
-3750.0
-3750.0
-3750.0
-3750.0
-3750.0
-3750.0
3750.0
3750.0
3750.0
3750.0
3750.0
3750.0
3750.0
3750.0
3750.0
3750.0
-2207.7922077922094
-2390.87591240876
-3103.891947916669
3750.0
3750.0
3750.0
3750.0
3750.0
3750.0
-3750.0
-3750.0
-3750.0
-3750.0
-3750.0
3750.0
3750.0
3750.0
3750.0
3750.0
3750.0
3750.0
3750.0
3750.0
3750.0
-3750.0
-3573.420074349443
-3750.0
-3750.0
-3750.0
-3750.0
3750.0
3750.0
3750.0
3750.0
3750.0
3750.0
3750.0
-3750.0
-3750.0
-1773.882896764256
109.56522986582695
3750.0
3750.0
3750.0
3750.0
3750.0
3750.0
3750.0
3750.0
-1993.6318816762532
-2800.542027304521
-3217.1231512325794
-3750.0
3750.0
3750.0
3750.0
3750.0
3750.0
3750.0
3750.0
3750.0
-3750.0
-3653.213166144201
-3750.0
-3750.0
-3750.0
-3750.0
-3750.0
3750.0
3750.0
3750.0
3750.0
3750.0
3750.0
3750.0
3750.0
-3750.0
-3750.0
3750.0
3750.0
3750.0
3750.0
-3750.0
-3750.0
-3750.0
-3750.0
3750.0
3750.0
3750.0
3750.0
3750.0
3750.0
3750.0
3750.0
3750.0
-1883.76987839102
-1243.2463393975077
-2151.6484884089086
-2308.830999364265
-2580.827955975302
-3180.794917120834
-3544.078199149736
-3218.6723055805087
3750.0
3750.0
3750.0
3750.0
3750.0
3750.0
3750.0
-2449.878351190755
-2064.6382121286742
539.8980661320641
3750.0
1478.470259509826
3580.3562865627896
3750.0
0.0
0.0
0.0
0.0
0.0
-227.27272727272728
3750.0
3117.469879518073
99.15247402309319
-1049.7260239022644
-1076.2272895988074
193.79808208306804
432.2493069247487
367.24470538269
1049.710726688566
1882.484104345981
1592.3467252806058
790.1159550537518
-643.939393939394
3750.0
3750.0
0.0
0.0
0.0
0.0
-378.7878787878788
-579.8969072164962
-1160.240008899521
-1603.2349929247594
-2246.0141608126723
3750.0
3750.0
-2260.9717868338566
-2182.283763277692
3750.0
3750.0
3750.0
3750.0
3750.0
-3750.0
-3063.6664659843473
3750.0
3750.0
3750.0
3750.0
3750.0
3750.0
3750.0
0.0
3750.0
3750.0
0.0
0.0
-568.1818181818182
-859.3749999999993
-1489.4034536891675
-1499.9207238017223
-617.1040931167481
3750.0
3750.0
-3290.493612799207
-3501.663905131305
-3565.8055174875526
-3536.523981655926
-3617.722484476267
-3750.0
-3750.0
3750.0
3750.0
3750.0
3750.0
3750.0
3750.0
3750.0
-2712.8820960698704
-2453.696347349397
-2708.9569048276353
-3207.9424443325606
-3750.0
3750.0
3750.0
3750.0
3750.0
3750.0