Demand
3750.0
3750.0
3750.0
3750.0
3750.0
3750.0
3750.0
3750.0
3750.0
3750.0
3750.0
3750.0
3750.0
-3750.0
3750.0
3750.0
3750.0
3750.0
3750.0
3750.0
3750.0
3750.0
3750.0
3750.0
3750.0
3750.0
3750.0
3750.0
3750.0
-3750.0
-3750.0
-3750.0
-3750.0
-3750.0
-3750.0
3750.0
3750.0
3750.0
3750.0
3750.0
3750.0
-2933.9656406585555
-3266.8273509344417
-3750.0
-3750.0
3750.0
3750.0
3750.0
3750.0
3750.0
3750.0
3750.0
-3750.0
-3750.0
-3110.795454545456
-1684.4967726512077
3750.0
3750.0
3750.0
2674.5452544169066
437.8876725932014
1030.4681095424019
3750.0
0.0
0.0
3750.0
3750.0
3750.0
3750.0
3750.0
3750.0
3750.0
-3394.9188089206373
-3750.0
-3750.0
-3750.0
-3750.0
-3750.0
-3750.0
3750.0
3750.0
3750.0
3750.0
3750.0
3750.0
3750.0
3750.0
3750.0
-3750.0
-3750.0
3750.0
3750.0
3750.0
3750.0
3750.0
-3750.0
-3750.0
-3750.0
-3750.0
-3750.0
3750.0
3750.0
3750.0
3750.0
3750.0
-3750.0
-3750.0
-3750.0
3750.0
3750.0
3750.0
3750.0
3750.0
3750.0
3750.0
-3750.0
-3750.0
-3750.0
3750.0
3750.0
3750.0
3750.0
3750.0
-3750.0
-3750.0
-3750.0
-3461.538461538463
-2181.21480289622
3750.0
3750.0
3750.0
3750.0
3750.0
3750.0
3750.0
3750.0
3750.0
3750.0
-3750.0
-3750.0
3750.0
3750.0
3750.0
3750.0
3750.0
3750.0
3750.0
-3750.0
-3750.0
-3750.0
-3750.0
-3605.915065722954
-3750.0
-3750.0
3750.0
3750.0
3750.0
3750.0
3750.0
3750.0
3750.0
3750.0
3750.0
-3619.146005509643
3750.0
3750.0
3750.0
-3750.0
-3750.0
3750.0
3750.0
-3750.0
-3750.0
-3750.0
-3750.0
-3750.0
-3750.0
-3089.428277105334
-3750.0
3750.0
3750.0
3750.0
3750.0
3750.0
3750.0
3750.0
3750.0
-3750.0
-3750.0
-3750.0
-3750.0
-3750.0
3750.0
3750.0
3750.0
3750.0
3750.0
3750.0
-3457.303157093952
-3151.8772702913247
-3421.21716923696
-3403.951588707505
3750.0
3750.0
3750.0
3750.0
3750.0
3750.0
-3750.0
-3750.0
-3750.0
-3750.0
-3750.0
-3750.0
3750.0
3750.0
3750.0
3750.0
3750.0
3750.0
3750.0
3750.0
3750.0
3750.0
3750.0
3750.0
-3750.0
-3750.0
-3750.0
-3402.047332832459
-2539.0432733697817
-3750.0
-3750.0
3750.0
3750.0
3750.0
3750.0
3750.0
3750.0
3750.0
3750.0
3750.0
3750.0
-3750.0
-3750.0
3750.0
3750.0
3750.0
3750.0
3750.0
3750.0
3750.0
3750.0
3750.0
3750.0
3750.0
3750.0
3750.0
3750.0
3750.0
3750.0
3750.0
3750.0
3750.0
-3750.0
-3750.0
-3750.0
-3750.0
-3750.0
3750.0
3750.0
3750.0
3750.0
3750.0
3750.0
3750.0
3750.0
3750.0
2012.3897841289152
2928.360215196755
3571.8400229215267
774.6927671062313
-1215.6906455094343
-1519.9857196427065
-1904.1271107845832
-1956.3739045953644
-2191.812371517636
-2350.8586448728165
3750.0
3750.0
3750.0
3750.0
3750.0
-3750.0
-3750.0
-3750.0
-3750.0
-3750.0
-3750.0
3750.0
3750.0
3750.0
3750.0
3750.0
3750.0
3750.0
3750.0
3750.0
3750.0
3750.0
-3750.0
-3750.0
-3750.0
-3750.0
3750.0
3750.0
3750.0
3750.0
3750.0
3750.0
3750.0
3750.0
3750.0
-3750.0
-3141.2337662337677
-894.4759206798917
3750.0
3750.0
3750.0
-2462.121212121212
-1158.6197490452814
-1516.2724912349859
-2249.1144844282207
-2985.1610716275027
-3750.0
-3750.0
3750.0
3750.0
3750.0
3750.0
3750.0
3750.0
3750.0
3750.0
3750.0
-3750.0
-3750.0
-3750.0
-3750.0
-3750.0
-3750.0
3750.0
3750.0
3750.0
3750.0
3750.0
3750.0
3750.0
3750.0
3750.0
3750.0
-3750.0
-3750.0
-3750.0
-3750.0
-3750.0
3750.0
3750.0
3750.0
3750.0
3750.0
3750.0
3750.0
3750.0
3750.0
3750.0
-3750.0
-3750.0
-3750.0
-3750.0
-3750.0
3750.0
3750.0
3750.0
3750.0
3750.0
-3750.0
-3750.0
-3750.0
3750.0
3750.0
3750.0
3750.0
3750.0
3750.0
-3750.0
-3750.0
-3750.0
-3293.7871006469704
-3476.4358850140898
-3204.3753206177234
-3454.9513979432213
-3750.0
3750.0
3750.0
3750.0
3750.0
3750.0
3750.0
3750.0
3750.0
-3750.0
-3750.0
-3750.0
3750.0
3750.0
3750.0
3750.0
3750.0
3750.0
3750.0
-993.7137330754347
3269.848957017325
3750.0
2138.692123516408
1370.5518475700585
-2424.2424242424245
-788.1062355658198
-1671.13394497611
-1096.4771440669656
-1531.0139554725329
-1833.7644440613492
-1767.7496688244955
-1532.0908591671712
-660.2333478593109
3750.0
3750.0
3750.0
3750.0
3750.0
3750.0
3750.0
3750.0
-3257.575757575758
-2476.836532097949
3750.0
3750.0
3750.0
446.0286015016827
649.0298270331771
3750.0
-1924.191580231849
-2165.897252371081
-2412.8807670298565
-2677.5869596543125
-2993.9348483239546
-3510.0014499488107
-3750.0
3750.0
3750.0
3750.0
3750.0
3750.0
3750.0
-3750.0
-3750.0
3750.0
3750.0
3750.0
3750.0
3750.0
3750.0
-518.8431660718043
-2359.612086495682
-2103.3348792688203
-2692.038665512333
-3007.697237706241
-3517.4362508933737
-3750.0
3750.0
3750.0
3750.0
3750.0
3750.0
3750.0
-3750.0
-3750.0
-3326.8583724463087
-3377.230917659439
-3750.0
-3750.0
-3750.0
3750.0
3750.0
3750.0
3750.0
3750.0
3750.0
3750.0
3750.0
-3750.0
-3263.7267204162044
-3632.0967419777444
-3750.0
-3750.0
3750.0
3750.0
3750.0
3750.0
3750.0
3750.0
-3750.0
3750.0
3750.0
3750.0
3750.0
-1948.7472490265793
-2877.5025945453835
-3157.184152135519
-3555.8465158807703
-3750.0
-3750.0
3750.0
3750.0
3750.0
3750.0
3750.0
3750.0
3750.0
3750.0
3750.0
-3750.0
-3750.0
-3070.7864497689034
-2929.9025607213052
-2299.81333683521
200.13824840928305
664.196783113809
3750.0
3750.0
3750.0
3750.0
-547.3721360985037
3750.0
3750.0
-3635.3580048270333
-3590.1315341586014
-3750.0
3750.0
3750.0
3750.0
3750.0
3750.0
3750.0
-3750.0
-3750.0
3750.0
3750.0
3750.0
3750.0
3750.0
3750.0
3750.0
-3750.0
-1261.7793791574295
-3338.452183100918
-3120.5994342577224
-3750.0
3750.0
3750.0
3750.0
3750.0
3750.0
3750.0
3750.0
3750.0
-3750.0
-3750.0
-3750.0
-3750.0
-3750.0
-3750.0
3750.0
3750.0
3750.0
3750.0
3750.0
3750.0
3750.0
-1772.0820189274455
-1417.9364733281448
-1519.1747951361704
-1936.6131289792836
-2688.420563131005
-2983.85992577827
3750.0
3750.0
3750.0
3750.0
3750.0
3750.0
-3750.0
-3750.0
-3750.0
-3750.0
-3576.431181485993
-3750.0
-3750.0
3750.0
3750.0
3750.0
3750.0
3750.0
3750.0
3750.0
3750.0
3750.0
-3750.0
-3750.0
-3750.0
-3750.0
-3750.0
-3750.0
-3750.0
3750.0
3750.0
3750.0
3750.0
3750.0
3750.0
3750.0
3750.0
3750.0
3750.0
-2373.8887833696854
-3650.7995981089625
-3635.711065590367
3750.0
-965.1665599070359
288.33518822394217
-1041.747975623275
-811.4639205894464
-280.5056557862299
2688.722099165454
3750.0
3750.0
3750.0
3750.0
3750.0
-3665.1713581086824
-2720.757961979055
-3130.1659577790124
-3271.4371214345274
-1518.7364481521802
-422.18085943509595
3750.0
3750.0
3750.0
3750.0
3750.0
3750.0
0.0
0.0
0.0
3750.0
-227.27272727272728
2096.153846153844
-871.2121212121214
192.85714285714585
-790.3777041787014
3750.0
3750.0
3750.0
1070.2959830866787
1619.0447741739251
2420.9403597673904
2598.828746047194
2635.7121023880554
3750.0
3750.0
0.0
0.0
0.0
0.0
0.0
-378.7878787878788
-435.54517605234355
-1127.321861667644
-1804.0136208537242
-2855.1417922289556
-2063.025865971211
-2090.47862605306
-2461.1376192058924
-2749.287366152712
-3191.9715459066847
-3750.0
3750.0
3750.0
3750.0
3750.0
3750.0
3750.0
2747.5460079558457
1801.402840999107
3750.0
3750.0
829.6949304003467
-303.03030303030306
3750.0
0.0
0.0
3750.0
3750.0
3750.0
-242.7937915742782
-680.8570972744003
3750.0
-3106.0606060606065
3750.0
3750.0
3750.0
3750.0
3750.0
3750.0
-3611.695244257524
-3750.0
-3750.0
3750.0
3750.0
3750.0
3750.0
3750.0
3750.0
3750.0
3572.2092926606265
3221.099567278201
1027.2209391459103
3750.0
3750.0
3750.0
-3750.0
-3750.0
3750.0
3750.0