Demand
3750.0
3750.0
3750.0
3750.0
3750.0
3750.0
3750.0
3750.0
3750.0
3750.0
3750.0
3750.0
3750.0
3750.0
3750.0
-3750.0
-3750.0
-3750.0
-3750.0
-3750.0
-3750.0
3750.0
3750.0
3750.0
3750.0
3750.0
3750.0
3750.0
3750.0
3750.0
-3750.0
-3750.0
-3750.0
-3750.0
-3750.0
-3750.0
1623.7373737373719
3750.0
1190.9848697114057
3750.0
3750.0
1767.3332586397246
3750.0
3750.0
3750.0
-3750.0
-3750.0
-3750.0
-3750.0
-3750.0
3750.0
3750.0
3750.0
3750.0
3750.0
3750.0
3750.0
3750.0
3750.0
3750.0
3750.0
3750.0
3750.0
3750.0
0.0
-1363.6363636363637
2014.3770888555975
46.878990893986156
-396.45352225660736
227.70524605236528
-21.908183748532338
3750.0
3750.0
-3750.0
3750.0
3750.0
-3750.0
-3750.0
-3750.0
-3334.7597190871184
-3571.886684520826
-3750.0
-3750.0
3750.0
3750.0
3750.0
3750.0
3750.0
3750.0
3750.0
3750.0
3750.0
-3750.0
-3750.0
3750.0
3750.0
3750.0
3750.0
3750.0
3750.0
-3750.0
-3750.0
-3750.0
-3750.0
-3750.0
3750.0
3750.0
3750.0
3750.0
3750.0
3750.0
3750.0
3750.0
3750.0
-3750.0
-3750.0
-3750.0
-3750.0
-3750.0
3750.0
3750.0
3750.0
3750.0
3750.0
3750.0
3750.0
-3610.549075861216
-3304.972349165191
-1938.738503470252
3750.0
3750.0
3750.0
3750.0
3750.0
3750.0
3750.0
3750.0
3750.0
3750.0
3750.0
3750.0
3750.0
-3750.0
-3750.0
-3750.0
-3750.0
-3750.0
-3750.0
3750.0
3750.0
3750.0
3750.0
3750.0
3750.0
3750.0
3750.0
3750.0
3750.0
3750.0
-1839.5795246800735
-2348.1094103237856
-2802.997300970631
-3365.7938728588942
-3562.9286317526867
-3750.0
3750.0
3750.0
3750.0
3750.0
3750.0
3750.0
-3750.0
-3750.0
-3750.0
-3750.0
-3750.0
3750.0
3750.0
3750.0
3750.0
3750.0
3750.0
3750.0
3750.0
3750.0
-3750.0
3750.0
3750.0
3750.0
3750.0
3750.0
-3750.0
-3750.0
-3750.0
-3750.0
3750.0
3750.0
3750.0
3750.0
3750.0
3750.0
3750.0
-3581.9773611602413
-3482.994962100317
-3750.0
3750.0
3750.0
3750.0
3750.0
3750.0
3750.0
3750.0
3750.0
-3750.0
3750.0
-3750.0
-3750.0
-3750.0
-3750.0
-3750.0
-3750.0
-3750.0
3750.0
3750.0
3750.0
3750.0
3750.0
3750.0
3750.0
3750.0
-3138.3774496718806
-3750.0
-3750.0
-3750.0
3750.0
3750.0
3750.0
3750.0
3750.0
3750.0
3750.0
3750.0
3750.0
-3750.0
-3750.0
-3750.0
3750.0
3750.0
3750.0
3750.0
3750.0
3750.0
-3750.0
-3750.0
-3750.0
3750.0
3750.0
3750.0
3750.0
3750.0
-3750.0
-3750.0
-3750.0
-3750.0
3750.0
3750.0
3750.0
3750.0
3750.0
3750.0
-3750.0
-3750.0
-3750.0
-3750.0
-3750.0
-3750.0
3750.0
3750.0
3750.0
3750.0
3750.0
3750.0
-603.1468531468538
-974.3788819875772
-1445.4922816057795
-1505.5751716513987
-1822.6839915600394
-2137.3138010405664
-2622.214315841208
3750.0
3750.0
3750.0
3750.0
3750.0
3750.0
-3750.0
-3750.0
-3750.0
-3750.0
3750.0
3750.0
3750.0
3750.0
3750.0
3750.0
-3750.0
3750.0
3750.0
3750.0
3750.0
-3750.0
-3750.0
-3750.0
-3750.0
-3750.0
3750.0
3750.0
3750.0
3750.0
3750.0
3750.0
3750.0
3750.0
3750.0
3750.0
2638.5429638854166
3750.0
3750.0
-2424.2424242424245
336.3086870958675
-618.9307286946466
-989.5053894589134
-1813.39600414471
-2644.556483768999
-3750.0
3750.0
3750.0
3750.0
3750.0
3750.0
3750.0
3750.0
-3750.0
-3750.0
-3750.0
-3750.0
-3750.0
-3750.0
-3750.0
3750.0
3750.0
3750.0
3750.0
3750.0
3750.0
3750.0
3750.0
3750.0
-3750.0
3750.0
3750.0
3750.0
-3750.0
-3750.0
-3750.0
-3750.0
-3750.0
-3750.0
3750.0
3750.0
3750.0
3750.0
3750.0
3750.0
3750.0
3750.0
3750.0
-3750.0
-3750.0
-3750.0
-3750.0
-3750.0
3750.0
3750.0
3750.0
3750.0
3750.0
3750.0
3750.0
-3750.0
-3167.7732379979598
722.6434581086903
3750.0
3750.0
3750.0
3750.0
3750.0
3750.0
3750.0
-3588.78787878788
-3486.222133286351
-3651.9449026595157
-3750.0
-3750.0
-3750.0
-3750.0
3750.0
3750.0
3750.0
3750.0
3750.0
3750.0
3750.0
3750.0
-3365.9029649595686
-2928.5477554041763
-2786.3851063430584
1824.428338715964
3750.0
3750.0
3750.0
3750.0
3750.0
3750.0
1795.8465711050899
-2083.3333333333335
3750.0
3750.0
3750.0
-768.6799501868018
-980.8157432883384
-723.8556704419218
2465.287315796558
3750.0
1360.0190746261078
3750.0
3750.0
3750.0
-2652.1571648690315
-2220.2366324186896
-1498.926847339465
3750.0
3750.0
-153.25149479308402
3750.0
3750.0
3750.0
784.090909090909
-343.75173717271673
-585.9997858403594
-1024.0109123125114
-1744.7373204215592
-1488.1885281511832
2576.226798397627
3750.0
3750.0
-3654.511949966496
-3750.0
-3750.0
-3750.0
-3750.0
3750.0
3750.0
3750.0
3750.0
3750.0
3750.0
3750.0
3750.0
-3750.0
-2226.9203664552497
759.6297131225667
753.5888617358924
-1811.5773937119984
-1258.8985133481465
-1957.8153294671383
-2007.2256629238245
3750.0
3750.0
3750.0
3750.0
3750.0
3750.0
3750.0
-3750.0
-3750.0
-3750.0
-3132.1975342094574
-2988.3344365271596
-3750.0
3750.0
3750.0
3750.0
3750.0
3750.0
3750.0
-3750.0
3750.0
3750.0
-3750.0
-3750.0
-3206.9638004049757
-3625.498410619688
-3750.0
-3750.0
-3750.0
3750.0
3750.0
3750.0
3750.0
3750.0
3750.0
3750.0
3750.0
3750.0
3750.0
-2377.3329319686945
-2911.889084670316
1229.769980317092
3750.0
3750.0
-3750.0
-3750.0
-3750.0
-3750.0
-3750.0
-3750.0
-3750.0
-3750.0
3750.0
3750.0
3750.0
3750.0
3750.0
3750.0
3750.0
3750.0
1693.0863254392505
3750.0
3750.0
3750.0
2931.6445912771214
3750.0
3750.0
2468.1818181818535
3750.0
3750.0
3750.0
3750.0
3750.0
3750.0
3750.0
-3750.0
-3750.0
-3750.0
-3750.0
-3750.0
3750.0
3750.0
3750.0
3750.0
3750.0
3750.0
-3750.0
-1792.838456507523
-3453.0471121772043
-3414.0301684513306
-3750.0
-3408.7267110490575
-3750.0
-3750.0
3750.0
3750.0
3750.0
3750.0
3750.0
3750.0
3750.0
3750.0
3750.0
-3750.0
-3750.0
-2406.8730008577704
-2067.287356469954
3750.0
3101.1828819795946
3306.438379371387
3750.0
3307.9803413510776
3750.0
3612.8831124924436
768.0107410442993
3750.0
3750.0
-3495.3234838555945
-3750.0
-3750.0
-3750.0
-3750.0
3750.0
3750.0
3750.0
3750.0
3750.0
3750.0
-3671.5763221838415
-3750.0
-3750.0
-3750.0
-3750.0
-3750.0
-3750.0
3750.0
3750.0
3750.0
3750.0
3750.0
3750.0
3750.0
3750.0
-3750.0
-3750.0
-3750.0
3750.0
3750.0
3750.0
3750.0
3750.0
-3750.0
-3750.0
3316.11570247929
454.6673819744053
3750.0
3750.0
3750.0
3750.0
3750.0
3750.0
-96.15384615382982
3750.0
3750.0
3750.0
2138.4297520660984
3750.0
3750.0
-3645.947426067909
-3045.414560141702
-3615.144503696747
-3583.0969262737353
-3519.5720552960574
818.0850320945822
-38.91598241841302
3750.0
3750.0
3750.0
3750.0
3750.0
3750.0
3750.0
3750.0
3750.0
0.0
3750.0
3750.0
3750.0
3750.0
2634.860275910859
-871.2121212121214
27.372262773724742
-1018.4223643765063
764.7834491270942
3750.0
-342.33251091288776
-454.03946201962844
-43.130012802437705
607.0417276909905
916.7765484409065
1148.556718331535
2796.604131170232
0.0
0.0
0.0
0.0
0.0
0.0
3750.0
143.9616102372704
-546.1841674886734
-971.0800719869264
-1314.417735055059
3750.0
3750.0
3750.0
3750.0
3750.0
3750.0
3750.0
-3750.0
-3750.0
-3750.0
3750.0
3750.0
3750.0
3750.0
3750.0
3750.0
3750.0
3750.0
3750.0
3750.0
3750.0
0.0
0.0
-568.1818181818182
-446.42857142856633
3750.0
-2012.1951219512193
-2280.760192642152
-2444.909937223728
-2564.538727688865
-2224.517867320389
3750.0
3750.0
3750.0
3750.0
-3750.0
-3750.0
-3750.0
-1092.657342657345
-414.85462771367816
-1846.1211623460404
-1465.0138157109604
3750.0
3750.0
3750.0
3750.0
3750.0
3750.0
3750.0
3750.0
3750.0
-3750.0
-3750.0
-3750.0