Demand
-3750.0
-3750.0
-3750.0
-3750.0
3750.0
3750.0
3750.0
3750.0
3750.0
-3750.0
-3750.0
-3750.0
3750.0
3750.0
3750.0
3750.0
3750.0
3750.0
-3750.0
3750.0
3750.0
3750.0
3750.0
3750.0
3750.0
3750.0
3750.0
-3750.0
-3750.0
-3750.0
-3750.0
3750.0
3750.0
3750.0
3750.0
3750.0
3750.0
-2454.545454545455
-2662.300005947779
-2381.281361399445
-1872.994363235427
924.7865147011771
3750.0
3750.0
3750.0
3750.0
-3750.0
-3750.0
-3750.0
-3750.0
-3750.0
-3750.0
-3750.0
-3750.0
3750.0
3750.0
3750.0
3750.0
3750.0
3750.0
3750.0
3750.0
3750.0
3750.0
3750.0
1422.6952624839932
-673.7420019153412
-1630.0319532490494
-1956.6168152043222
-1827.9640524122406
-2131.8123615297036
-50.25520757736558
3750.0
3750.0
3750.0
-3750.0
-3750.0
-3750.0
-3750.0
-3140.1569186875895
-3415.0917982232786
-3750.0
3750.0
3750.0
3750.0
3750.0
3750.0
3750.0
3750.0
3750.0
3750.0
-3750.0
-3750.0
-3750.0
-3750.0
-3750.0
3750.0
3750.0
3750.0
3750.0
3750.0
3750.0
3750.0
3750.0
3750.0
3750.0
-3750.0
-3750.0
-3750.0
-3750.0
3750.0
3750.0
3750.0
3750.0
3750.0
3750.0
-3750.0
-3750.0
-3750.0
-3750.0
3750.0
3750.0
3750.0
3750.0
3750.0
3750.0
3750.0
3750.0
-3565.1237142062837
-3646.58195082377
-3750.0
-3750.0
-3750.0
-3750.0
3750.0
3750.0
3750.0
3750.0
3750.0
3750.0
3750.0
3750.0
3750.0
-3750.0
-3750.0
-3750.0
-3750.0
3750.0
3750.0
3750.0
3750.0
3750.0
3750.0
3750.0
-3750.0
-3657.02479338843
-2404.4493234160773
-1804.5251363474445
-942.8336946000118
-628.4762970147528
-1335.0856742711255
-1918.021936149726
-2760.8422407555518
1454.8428525822194
3750.0
3750.0
3750.0
3750.0
3750.0
3750.0
3750.0
-3750.0
-3750.0
-3750.0
-3750.0
3750.0
3750.0
3750.0
3750.0
3750.0
3750.0
-3590.0673400673404
-3750.0
-3750.0
-3750.0
-3750.0
-3750.0
-3750.0
-3750.0
3750.0
3750.0
3750.0
3750.0
3750.0
3750.0
3750.0
3750.0
3750.0
-3474.3713733075438
-3227.0905730444274
-3501.926847018096
-3586.6446010061736
-3476.678956882415
-1923.134086610262
3750.0
3750.0
3750.0
3750.0
3750.0
3750.0
3750.0
-3750.0
-3750.0
-3750.0
-3750.0
-3750.0
-3750.0
3750.0
3750.0
3750.0
3750.0
3750.0
3750.0
3750.0
3750.0
3750.0
3750.0
-3750.0
-3750.0
3652.597402597359
3750.0
-3750.0
3750.0
3750.0
-3750.0
-3750.0
3750.0
3750.0
3750.0
3750.0
3750.0
-3750.0
-3750.0
-3750.0
-3750.0
3750.0
3750.0
3750.0
3750.0
3750.0
3750.0
3750.0
3750.0
3750.0
3750.0
3750.0
-3750.0
3750.0
3750.0
3750.0
3750.0
3750.0
-3750.0
-3750.0
-3750.0
-3750.0
3750.0
3750.0
3750.0
3750.0
3750.0
3750.0
-3750.0
-3750.0
-3750.0
-3750.0
3750.0
3750.0
3750.0
3750.0
3750.0
3750.0
1169.4476409666258
1148.9387627215035
2425.144053560295
3750.0
-3333.3333333333335
-2612.527716186255
-3209.6361874038157
3750.0
3750.0
3750.0
3750.0
3750.0
-3750.0
-3750.0
-3750.0
-3750.0
-3750.0
-3750.0
3750.0
3750.0
3750.0
3750.0
3750.0
3750.0
3750.0
-3750.0
-3750.0
-3750.0
-3750.0
-3750.0
-3750.0
3750.0
3750.0
3750.0
3750.0
3750.0
3750.0
3750.0
-3750.0
3750.0
3750.0
3750.0
3750.0
3750.0
3750.0
3750.0
3750.0
3750.0
3750.0
-1775.221729490021
-2430.1650342775574
-3084.1571094299998
-3750.0
-3750.0
3750.0
3750.0
3750.0
3750.0
3750.0
3750.0
-3750.0
-3750.0
-3750.0
-3750.0
3750.0
3750.0
3750.0
3750.0
3750.0
3750.0
-3750.0
-3750.0
-3750.0
-3750.0
-3750.0
-3750.0
3750.0
3750.0
3750.0
3750.0
3750.0
3750.0
3750.0
-3750.0
-3750.0
-3750.0
3750.0
3750.0
3750.0
3750.0
3750.0
3750.0
-3750.0
-3750.0
3750.0
3750.0
3750.0
3750.0
3750.0
3750.0
3750.0
3750.0
-3750.0
-3750.0
-3750.0
-3750.0
3750.0
3750.0
3750.0
3750.0
3750.0
3750.0
3750.0
3750.0
3750.0
3750.0
3750.0
-3544.2466818459498
-3392.4640091948186
-3604.396608213773
-3750.0
-3750.0
3750.0
3750.0
3750.0
3750.0
3750.0
3750.0
3750.0
3750.0
3750.0
-3750.0
-3448.5517465827725
-3173.2795319008956
-3197.698230571581
-1938.7567164516586
-936.4026237024048
1386.3998131024516
3750.0
3750.0
3750.0
3750.0
3750.0
3750.0
-374.96446706740903
3750.0
-1623.7220226581937
-816.7304248147304
-1031.4927640707513
-795.3327868130398
2224.6756466030156
3750.0
2250.973345799661
3750.0
3750.0
3750.0
-2568.734457032332
-2224.99533582842
-1863.5969952775722
1385.89705280543
2336.5617090507485
-146.78585597623714
929.9668593605168
3750.0
3750.0
3750.0
3750.0
3750.0
-2537.878787878788
-1581.5217391304366
-1456.8935182470068
-306.5440402424065
3750.0
3750.0
3750.0
-3750.0
-3750.0
-3750.0
-3750.0
-1550.1715265866217
3750.0
3750.0
3750.0
3750.0
3750.0
3750.0
3750.0
3750.0
3750.0
3750.0
3750.0
-399.68652037617926
3750.0
3750.0
-3297.0438652256844
-3647.8241784088923
-3750.0
-3750.0
-3750.0
-3750.0
3750.0
3750.0
3750.0
3750.0
3750.0
3750.0
3750.0
-3750.0
-3750.0
-3750.0
3750.0
3750.0
3750.0
3750.0
3750.0
3750.0
3750.0
-3750.0
-3750.0
3750.0
3750.0
3750.0
3750.0
3750.0
-3750.0
-3750.0
-3750.0
-3750.0
-3750.0
-3750.0
3750.0
3750.0
3750.0
3750.0
3750.0
3750.0
-3302.5200188412628
-3610.604734615543
-3750.0
-3750.0
3750.0
3750.0
3750.0
3750.0
3750.0
3750.0
3750.0
-3750.0
-3750.0
-3750.0
-3750.0
-2821.4207864245327
-2498.5641341751407
-975.4314157474762
3750.0
3750.0
3334.2345805977584
3750.0
3750.0
1216.275548679305
3750.0
3750.0
3750.0
-3663.3475220431746
-3655.3929969982737
-3750.0
-3750.0
-3750.0
-3750.0
-3750.0
-3750.0
3750.0
3750.0
3750.0
3750.0
3750.0
3750.0
3750.0
3750.0
3750.0
-3750.0
-3750.0
-703.4711275582849
-3251.2284735733847
-2989.510648306864
-3750.0
3750.0
3750.0
3750.0
3750.0
3750.0
3750.0
3750.0
3750.0
-3750.0
-3750.0
-3750.0
-3750.0
-3750.0
-3750.0
3750.0
3750.0
3750.0
3750.0
3750.0
3750.0
3750.0
3750.0
3750.0
-2954.545454545455
-1654.4117647058813
-2551.2653604627876
-2959.875603848276
-3750.0
3750.0
3750.0
3750.0
3750.0
3750.0
3750.0
3750.0
-3750.0
-3750.0
3750.0
3750.0
3750.0
3750.0
3750.0
3750.0
3750.0
-3750.0
-3331.468531468531
-3750.0
3750.0
3750.0
3750.0
3750.0
3750.0
3750.0
-3750.0
-3750.0
-3750.0
-3063.016528925624
3750.0
3750.0
3750.0
3750.0
3750.0
3750.0
3750.0
-3374.9495296914974
3750.0
3750.0
3750.0
3750.0
2313.8297872340418
-1798.4002564252005
-1129.0077844034392
-2080.659026034479
-2248.1717010036973
-2537.8799740764807
-3167.0519699360584
-3546.696215768171
-3319.5304548683234
3750.0
3750.0
3750.0
3750.0
3750.0
3750.0
3750.0
3750.0
-2290.7896233928777
-159.5549686625418
3750.0
729.8098773665606
2642.8115007896104
0.0
0.0
0.0
0.0
0.0
0.0
-227.27272727272728
2126.2886597938104
-871.2121212121214
789.4736842105358
3750.0
-590.3547671840358
979.7417367610469
1198.1099495254596
1018.0482908538618
1693.9588875832474
2347.5247286826534
1707.5846873472383
800.3153533615962
-643.939393939394
3750.0
3750.0
3750.0
3750.0
3750.0
0.0
-378.7878787878788
-288.2440075410723
-992.9499458553382
-1666.8951674680436
-2753.778519252731
-1677.1949941947312
-1400.5232287844426
-1271.8768115723994
3750.0
-1349.5709372774618
3750.0
3750.0
3750.0
-3750.0
-3750.0
-3435.1617599160772
-1863.776041122389
3750.0
2541.468785088767
3750.0
3750.0
1654.4862365947236
3750.0
0.0
0.0
0.0
0.0
3750.0
3633.7612768910485
-891.3234545477119
-1568.5904086973198
-1769.533492821668
-1867.0586594400156
-1363.4622517521505
3750.0
3750.0
3750.0
-3587.049742710121
-3564.261472628007
-3637.5839676878586
-3750.0
-3750.0
3750.0
3750.0
3750.0
3750.0
3750.0
3750.0
-2735.436893203884
-2609.328443464191
-2291.517800670541
-2537.498532062501
-3064.877356412031
-3750.0
3750.0
3750.0
3750.0
3750.0
3750.0