Demand
-3750.0
-3750.0
3750.0
3750.0
3750.0
3750.0
3750.0
3750.0
3750.0
3750.0
-3750.0
-3750.0
3750.0
3750.0
3750.0
-3750.0
-3750.0
3750.0
3750.0
3750.0
3750.0
-3750.0
-3750.0
-3750.0
-3750.0
-3750.0
-3750.0
-3750.0
3750.0
3750.0
3750.0
3750.0
3750.0
3750.0
3750.0
3750.0
3750.0
-1853.184776178269
-2039.5589821276144
-1271.683004228388
729.90283541915
3750.0
2042.0531270045308
3750.0
3750.0
3750.0
3750.0
3750.0
3750.0
3750.0
3750.0
-3750.0
-3750.0
-3750.0
-3090.8287825248963
-1683.0193234928272
3750.0
3750.0
3750.0
3141.420387427759
852.2408030639967
1465.919290984457
3750.0
0.0
0.0
-1363.6363636363637
3750.0
-993.7137330754351
-1431.367080817017
-1325.4939044544224
-1895.8204595286008
-1533.372047504402
2792.2677824097564
3750.0
3750.0
3750.0
3750.0
3750.0
-3750.0
-3360.2500651211258
-3542.046625823308
-3750.0
3750.0
3750.0
3750.0
3750.0
3750.0
3750.0
3750.0
-3750.0
-3750.0
3750.0
3750.0
3750.0
3750.0
3750.0
3750.0
-3750.0
-3750.0
-3750.0
-3750.0
3750.0
3750.0
3750.0
3750.0
3750.0
3750.0
3750.0
-3750.0
3750.0
-3750.0
-3657.1102642531214
-3750.0
-3372.7616436212884
-3750.0
-3750.0
-3750.0
3750.0
3750.0
3750.0
3750.0
3750.0
3750.0
3750.0
3750.0
-3750.0
-3644.5296562443154
-3480.200509226801
-3336.4472096451245
-3076.501023439245
3750.0
3750.0
3750.0
3750.0
3750.0
3750.0
-3750.0
3750.0
-3750.0
3750.0
3750.0
3750.0
3750.0
-3750.0
-3750.0
3750.0
3750.0
3750.0
-3750.0
-3750.0
-3750.0
-3586.363636363637
-3750.0
-3750.0
3750.0
3750.0
3750.0
3750.0
3750.0
3750.0
3750.0
3750.0
3750.0
3750.0
-3750.0
-3750.0
-3750.0
-3750.0
3750.0
3750.0
3750.0
3750.0
3750.0
3750.0
3750.0
-3750.0
-3750.0
-3546.3121783876513
-3750.0
-3750.0
-3750.0
3750.0
3750.0
3750.0
3750.0
3750.0
3750.0
3750.0
-3750.0
-3750.0
3750.0
3750.0
3750.0
3750.0
3750.0
-3750.0
-3750.0
-3080.761489433079
3750.0
3750.0
3750.0
3750.0
3750.0
3750.0
3750.0
-3750.0
-3750.0
-3750.0
-3750.0
3750.0
3750.0
3750.0
3750.0
3750.0
3750.0
3750.0
-3750.0
-3750.0
-3750.0
-3750.0
-3750.0
3750.0
3750.0
3750.0
3750.0
3750.0
3750.0
3750.0
3750.0
3750.0
-3133.116883116885
-3750.0
-3750.0
3750.0
3750.0
3750.0
3750.0
3750.0
3750.0
-3750.0
-3750.0
-3750.0
-3750.0
-3750.0
-3750.0
3750.0
3750.0
3750.0
3750.0
3750.0
3750.0
3750.0
3750.0
-3750.0
-3750.0
-3528.1755915317563
-3750.0
3750.0
3750.0
3750.0
3750.0
3750.0
3750.0
3750.0
3750.0
3750.0
-3750.0
-3750.0
-3750.0
-3750.0
-3750.0
-3750.0
3750.0
3750.0
3750.0
3750.0
3750.0
3750.0
3750.0
3750.0
3750.0
-1742.4242424242427
-636.8840521077773
-944.4784467797833
-1321.3719267710997
-1149.233814173863
-953.4224922386375
3750.0
-2785.6330949969933
3750.0
3750.0
3750.0
-3750.0
-3750.0
-3750.0
-3750.0
-3750.0
-3750.0
3750.0
3750.0
3750.0
3750.0
3750.0
3750.0
3750.0
3750.0
-3750.0
-3750.0
3750.0
3750.0
3750.0
3750.0
-3750.0
-3750.0
-3750.0
3750.0
3750.0
3750.0
3750.0
3750.0
3750.0
3750.0
-3750.0
-3750.0
-2345.290251916761
3750.0
3750.0
3750.0
3750.0
3750.0
3339.070653954642
629.628504911562
3750.0
3750.0
-3750.0
3750.0
3750.0
3750.0
3750.0
3750.0
-3750.0
-3750.0
-3750.0
3750.0
3750.0
3750.0
3750.0
3750.0
3750.0
3750.0
-3750.0
-3190.55944055944
-3750.0
-3750.0
3750.0
3750.0
3750.0
3750.0
3750.0
3750.0
-3750.0
-3750.0
-3750.0
-3750.0
-3750.0
-3750.0
-3750.0
3750.0
3750.0
3750.0
3750.0
3750.0
3750.0
3750.0
3750.0
3750.0
-3750.0
-3750.0
-3750.0
-3750.0
-3750.0
-3750.0
3750.0
3750.0
3750.0
3750.0
3750.0
3750.0
3750.0
-3750.0
-3519.3832504201537
-3474.6219998280376
-3571.782293398841
-3750.0
-3750.0
3750.0
3750.0
3750.0
3750.0
3750.0
3750.0
3750.0
3750.0
3750.0
-3750.0
-3750.0
-3750.0
-3750.0
3750.0
3750.0
3750.0
3750.0
3750.0
3750.0
-3475.390733620422
-3201.2138954541288
-3171.7250063428064
-1255.75733024315
3750.0
3709.0542842056584
3750.0
1972.4577236338446
3750.0
-2159.0909090909095
222.9311107833007
504.87796463770565
-314.0918402132088
-907.9019326880898
-1533.4875965877955
67.06217425494174
1558.2594587275134
3750.0
3750.0
-3446.969696969697
-3260.906872092137
-2959.216483466318
-3175.283972374871
-2672.2415346020325
-2510.366590630304
-2100.8102640501165
-1602.7073761797965
2705.6267035718183
3075.8388419808025
-73.14767479219518
2051.7222704640562
3750.0
3750.0
3750.0
3750.0
-2272.727272727273
573.9142802958502
-497.17247484704535
940.2417536237695
3750.0
3750.0
-3560.606060606061
-3625.8710801393718
-3750.0
-3750.0
-3750.0
3750.0
3750.0
3750.0
3750.0
3750.0
3750.0
3750.0
-3750.0
-3750.0
-3750.0
-2217.31299557646
792.6287037805439
784.4817958880849
-1799.2167766254834
-1239.493788151099
-1940.7698393683877
-1979.141224445174
3750.0
3750.0
3750.0
3750.0
3750.0
3750.0
3750.0
-3750.0
-3750.0
-3750.0
-2489.557739557741
-112.62245320332568
3750.0
3750.0
3750.0
3750.0
3750.0
3750.0
3750.0
3750.0
-3750.0
-3750.0
-3750.0
-3750.0
-1598.8762160348915
75.45598632965198
3750.0
3750.0
3750.0
3750.0
3750.0
3750.0
3750.0
3750.0
-3750.0
-3300.4495504495517
-2838.8096233463257
-707.5154849080627
120.07887952815577
-1503.9405959196276
-2477.1016836718654
-2302.073648612113
3750.0
3750.0
3750.0
3750.0
3750.0
3750.0
-3750.0
-3750.0
-3750.0
-3750.0
-3750.0
-3750.0
3750.0
3750.0
3750.0
3750.0
3750.0
3750.0
3750.0
3750.0
1379.4765840220361
774.3012864725451
-2395.8885964938363
-2637.925797910354
-783.3724977610543
3750.0
3750.0
3750.0
3750.0
-3750.0
-3750.0
-3750.0
-3750.0
-3750.0
-3750.0
-3750.0
3750.0
3750.0
3750.0
3750.0
3750.0
3750.0
3750.0
3750.0
3750.0
3750.0
3750.0
3750.0
3750.0
-3500.4742448562683
-3750.0
-3750.0
-3750.0
3750.0
3750.0
3750.0
3750.0
3750.0
3750.0
3750.0
3750.0
3750.0
-3750.0
-2770.9790209790217
-2523.5849056603784
3750.0
1594.01699202902
3750.0
3750.0
3245.950321748105
3750.0
-2840.9090909090914
-395.17937219730925
-158.73701648196766
3372.362361327935
-44.41019170430309
3750.0
3750.0
-3750.0
-3750.0
-3750.0
-3750.0
3750.0
3750.0
3750.0
3750.0
3750.0
-3750.0
-3750.0
-3750.0
-3750.0
-3750.0
-3750.0
3750.0
3750.0
3750.0
3750.0
3750.0
3750.0
3750.0
3750.0
3750.0
3750.0
-3750.0
-3750.0
-3440.0826446281
3750.0
3750.0
3750.0
3750.0
3750.0
-3182.0949386706816
-3436.7453424893165
-3510.9830037870506
-3173.2170634408267
-946.2850722350533
-3513.7026890797115
-3212.7293575248696
3750.0
3750.0
3750.0
3750.0
3750.0
3750.0
3750.0
3750.0
3750.0
-2589.8914518317515
3750.0
3750.0
3750.0
-2545.774647887323
-2995.3081176774813
-3122.1493988844995
-333.96123631080036
1977.031924476074
3750.0
3750.0
3750.0
3750.0
3750.0
3750.0
0.0
0.0
3750.0
3750.0
3750.0
-871.2121212121214
2179.778933680105
-2007.5757575757575
-1088.2624768946391
-1027.8078442071926
533.6882127907329
923.0101373781579
952.467809283585
2390.936715908757
-1818.1818181818182
975.0452157436916
1256.7377939456046
3063.5890803681214
3750.0
0.0
0.0
0.0
0.0
0.0
-378.7878787878788
-563.4715025906746
-1104.150799695355
-1353.746843440607
3750.0
-3106.0606060606065
1576.6286934852287
1224.2938018683128
3750.0
-1227.5564683411628
3750.0
3750.0
3750.0
3750.0
-3750.0
-3454.5834402077717
-2012.8139197143973
3198.0783978484524
2114.1269263259437
3750.0
3750.0
1390.4725362299096
3522.021599033191
0.0
0.0
0.0
0.0
3750.0
3528.808148373366
-758.4519063226069
-1514.2307682409794
-1835.2381394975328
-2157.1425332532444
-2388.4788179230554
-2630.6987916571725
-2746.794251125878
-2802.4856133958338
3750.0
3750.0
3750.0
3750.0
3750.0
3750.0
-284.45280833816014
3223.9713216957543
-818.0583043457546
3750.0
3750.0
3750.0
3750.0
-2019.9812111576848
-2050.527140111826
-1833.3601777289568
3750.0
3750.0
3750.0
3750.0
3750.0
3750.0