Demand
3750.0
3750.0
3750.0
3750.0
3750.0
3750.0
3750.0
3750.0
3750.0
3750.0
3750.0
3750.0
3750.0
3750.0
3750.0
3750.0
3750.0
3750.0
3750.0
3750.0
3750.0
3750.0
3750.0
3750.0
3750.0
3750.0
3750.0
3750.0
3750.0
3750.0
3750.0
3750.0
3750.0
-3750.0
-3750.0
-3750.0
3750.0
3750.0
3750.0
3750.0
-2693.3293516500253
-2810.99178408892
-3209.3475671943734
-3750.0
-3750.0
-3750.0
3750.0
3750.0
3750.0
3750.0
3750.0
3750.0
3750.0
3750.0
3750.0
3750.0
2443.3555740895195
2889.281358422936
2007.0558483917612
1442.8866830708344
31.818076746082625
576.9486744840524
3750.0
0.0
0.0
-1363.6363636363637
-499.9999999999991
-1389.2251815980626
-1074.401715492558
3750.0
3750.0
-3057.5521360599314
-3309.0509559495476
-3750.0
3750.0
3750.0
3750.0
3750.0
-3750.0
-3336.116758640721
-3560.6900371666225
-3750.0
3750.0
3750.0
3750.0
3750.0
3750.0
3750.0
3750.0
3750.0
-3750.0
-3750.0
-3750.0
-3750.0
-3750.0
-3750.0
-3750.0
3750.0
3750.0
3750.0
3750.0
3750.0
3750.0
3750.0
3750.0
3750.0
-3750.0
-3750.0
3750.0
3750.0
3750.0
3750.0
3750.0
3750.0
-3750.0
-3750.0
-3750.0
-3750.0
3750.0
3750.0
3750.0
3750.0
3750.0
3750.0
3750.0
3750.0
3750.0
-3534.6889952153115
-3503.718906240357
-3602.5377195381443
-3750.0
-3750.0
-3750.0
3750.0
3750.0
3750.0
3750.0
3750.0
3750.0
3750.0
3750.0
3750.0
3750.0
-3750.0
-3750.0
-3750.0
-3750.0
-3750.0
3750.0
3750.0
3750.0
3750.0
3750.0
3750.0
3750.0
3750.0
-2356.6539637968217
-1740.8059150424594
-864.8361321766872
-564.8099843641146
-1312.6136518914127
-1945.4910386162583
-2844.777942279811
-2540.319633603942
3750.0
3750.0
3750.0
3750.0
3750.0
3750.0
3750.0
3750.0
-3750.0
-3750.0
-3750.0
-3750.0
-3750.0
3750.0
3750.0
3750.0
3750.0
3750.0
3750.0
3750.0
3750.0
3750.0
-3750.0
-3750.0
-3750.0
3750.0
3750.0
3750.0
-3750.0
-3750.0
3750.0
3750.0
3750.0
3750.0
3750.0
3750.0
3750.0
3750.0
-3672.6337696808832
-3661.3103216215313
-3750.0
-3750.0
-3750.0
3750.0
3750.0
3750.0
3750.0
3750.0
-3750.0
-3750.0
-3750.0
3750.0
3750.0
3750.0
3750.0
3750.0
-3750.0
-3750.0
-3750.0
-3750.0
-3750.0
3750.0
3750.0
3750.0
3750.0
3750.0
3750.0
3750.0
3750.0
3750.0
3750.0
3750.0
3750.0
3750.0
3750.0
-3750.0
-3750.0
-3750.0
-3750.0
3750.0
3750.0
3750.0
3750.0
3750.0
3750.0
-3750.0
-3750.0
-3750.0
-3750.0
3750.0
3750.0
3750.0
3750.0
3750.0
3750.0
3750.0
3750.0
-3750.0
-3750.0
-3750.0
-3750.0
-3750.0
3750.0
3750.0
3750.0
3750.0
3750.0
-3750.0
-3750.0
-3750.0
-3750.0
-3750.0
3750.0
3750.0
3750.0
3750.0
3750.0
3750.0
-645.875689805406
-705.7973794024163
-429.2733517352217
3750.0
732.704799323943
3750.0
-3665.073579975244
-3750.0
-3750.0
-3750.0
-3750.0
-3750.0
3750.0
3750.0
3750.0
3750.0
3750.0
3750.0
3750.0
3750.0
-3750.0
-3750.0
-3750.0
-3750.0
-3750.0
3750.0
3750.0
3750.0
3750.0
3750.0
3750.0
3750.0
3750.0
3750.0
3750.0
-3750.0
-3750.0
-3750.0
-3750.0
-3750.0
-3750.0
-3750.0
3750.0
3750.0
3750.0
3750.0
3750.0
3750.0
3750.0
3750.0
3750.0
3750.0
3750.0
3750.0
3750.0
-3750.0
-3750.0
-3750.0
-3750.0
-3750.0
-3750.0
3750.0
3750.0
3750.0
3750.0
3750.0
3750.0
-3750.0
-3750.0
-3359.9706744868045
-3750.0
-3750.0
-3750.0
-3750.0
-3750.0
3750.0
3750.0
3750.0
3750.0
3750.0
3750.0
3750.0
3750.0
3750.0
-3750.0
-3750.0
-3750.0
-3750.0
-3750.0
-3750.0
3750.0
3750.0
3750.0
3750.0
3750.0
3750.0
3750.0
3750.0
3750.0
-3750.0
-3750.0
-3750.0
-3750.0
-3750.0
3750.0
3750.0
3750.0
3750.0
3750.0
-3347.9741720588645
3750.0
3750.0
3750.0
3750.0
-3750.0
-3750.0
-3287.65520683846
-3476.3323964009023
-3219.9726587781606
-3484.9352807065525
-3750.0
3750.0
3750.0
3750.0
3750.0
3750.0
3750.0
3750.0
3750.0
3750.0
-3750.0
-3750.0
-3184.5239961243087
-1809.0702345439595
3750.0
3750.0
3750.0
3750.0
3750.0
3750.0
3750.0
673.5033259423465
890.9388357226555
1400.480723979371
220.29046352584965
3750.0
-1944.5422058584654
-1449.9372653530602
-1821.4114651772143
-2075.1236815909033
-1990.2162014821533
-1681.2853852516084
-196.38798916493943
3750.0
3750.0
3750.0
3750.0
3750.0
3750.0
3750.0
-2000.7560932218476
-2710.300905494232
-2966.0247025025483
3750.0
2129.828038218777
837.1493476113853
-319.28073373741836
-546.9261406988453
-952.4206515616861
-1592.5632857205883
-479.35319572352273
3750.0
3750.0
-3362.9820749592627
-3664.584364294964
-3750.0
-3750.0
-3750.0
-3750.0
3750.0
3750.0
3750.0
3750.0
3750.0
3750.0
-3750.0
-3750.0
-3750.0
1794.8313049870187
3750.0
3750.0
1474.5004082123633
3750.0
3750.0
-3144.647408666101
-3599.8204937529854
-3750.0
-3750.0
3750.0
3750.0
3750.0
3750.0
3750.0
3750.0
3750.0
3750.0
-3365.211521152116
-3750.0
3750.0
3750.0
3750.0
-3750.0
-3750.0
-1798.0113925338574
3750.0
3750.0
3750.0
3750.0
-3750.0
-3232.2788161461085
-3632.4914949245194
-3750.0
-3750.0
-3750.0
-3750.0
3750.0
3750.0
3750.0
3750.0
3750.0
3750.0
3750.0
3750.0
3750.0
-2271.8057118045926
-3059.1537803929696
-3312.5659344840788
-3623.9810170037463
-3750.0
-3750.0
-3750.0
3750.0
3750.0
3750.0
3750.0
3750.0
3750.0
3750.0
3750.0
3750.0
3750.0
-3156.6620402498265
-3078.0335008341717
-2691.207169017691
-1433.671282955367
-1616.9927123965983
26.478102520540915
3750.0
3750.0
2625.463456167569
1380.6976225965684
3750.0
3750.0
3750.0
3750.0
-3750.0
-3750.0
-3750.0
-3750.0
-3750.0
-3750.0
3750.0
3750.0
3750.0
3750.0
3750.0
3750.0
3750.0
3750.0
3750.0
3750.0
-3750.0
-1879.8433463878016
-3467.396352131711
-3433.474454439255
-3750.0
-3442.4237277186394
-3750.0
-3750.0
3750.0
3750.0
3750.0
3750.0
3750.0
3750.0
3750.0
3750.0
3750.0
-3750.0
-3750.0
-3031.728172817284
-2973.5627140553925
-594.8336889606951
545.3981597295635
3750.0
3750.0
3750.0
1960.9106461707206
3750.0
-2036.1479134053689
-2465.040304817724
-3107.1281116091877
-3443.395790675513
-3750.0
-3750.0
-3750.0
-3750.0
3750.0
3750.0
3750.0
3750.0
3750.0
3750.0
3750.0
3750.0
-3750.0
-3750.0
-3750.0
-3750.0
-3750.0
-3750.0
39.63660560823769
3750.0
3750.0
3750.0
3750.0
3750.0
3750.0
3750.0
3750.0
-3750.0
-3750.0
-3574.9385749385756
-3750.0
3750.0
3750.0
3750.0
3750.0
3750.0
3750.0
3750.0
3750.0
-2266.6551006245672
-3629.050154150178
-3538.432168428176
3750.0
3750.0
3750.0
3750.0
3750.0
-2704.3416225030587
-3244.876890895933
-3569.256543521491
-3287.2206932272875
3750.0
3750.0
3750.0
3750.0
3750.0
3750.0
-3385.0832266325224
-2072.033295951732
-1183.59290412121
3750.0
3750.0
3047.2353847451495
3533.4523590609588
0.0
0.0
3750.0
0.0
0.0
0.0
-227.27272727272728
3750.0
2248.1011155945894
-2007.5757575757575
-1035.0678733031673
-898.9593486612009
1031.237488926546
1449.4633374034474
1214.2423016439586
3750.0
1916.2248557617347
2174.445082493171
2300.802973020911
3750.0
3750.0
0.0
0.0
0.0
0.0
0.0
-378.7878787878788
3750.0
2384.5291479820453
492.49926281255784
3750.0
3750.0
-2357.0381231671554
-2755.2916009907694
-3093.233495285206
-3499.5452182099552
-3750.0
-3750.0
-3750.0
3750.0
3750.0
3750.0
3750.0
3750.0
3750.0
3750.0
3750.0
3750.0
3750.0
3750.0
0.0
0.0
0.0
0.0
-568.1818181818182
-903.846153846154
-1611.2630666738878
-1892.4177795327112
-2160.9074237549867
-2307.668593187539
-2376.210808878309
-1605.5834322308237
3750.0
3750.0
3750.0
3750.0
-3750.0
-3750.0
-3750.0
-444.96790225719724
1375.139087552214
-404.8725745041447
3750.0
3750.0
3750.0
3750.0
3750.0
3750.0
-3445.902688860436
-3750.0
3750.0
3750.0
3750.0
3750.0
-3750.0