Demand
-3750.0
-3750.0
-3750.0
-3750.0
-3750.0
-3750.0
3750.0
3750.0
3750.0
3750.0
3750.0
3750.0
3750.0
3750.0
3750.0
3750.0
3750.0
3750.0
3750.0
-3750.0
3750.0
3750.0
3750.0
3750.0
3750.0
-3750.0
-3750.0
-3750.0
3750.0
3750.0
3750.0
3750.0
3750.0
3750.0
-3750.0
-3750.0
3750.0
2837.0570107858143
3750.0
-3333.3333333333335
-2800.9490509490524
-2925.4285005738775
-3291.106321884329
-3750.0
-3750.0
-3750.0
-3750.0
3750.0
3750.0
3750.0
3750.0
3750.0
3750.0
3750.0
3750.0
3750.0
3750.0
3708.1297976273563
2496.0305600386364
1765.9440413079537
206.70591189444735
776.5632740721778
3750.0
0.0
0.0
-1363.6363636363637
-138.88888888888687
-463.4831460674086
3750.0
-1570.730671197961
3750.0
3750.0
-3406.833232992174
-3750.0
-3750.0
-3750.0
-3750.0
-3750.0
-3750.0
3750.0
3750.0
3750.0
3750.0
3750.0
3750.0
3750.0
3750.0
-3750.0
3750.0
3750.0
3750.0
-3750.0
-3750.0
-3750.0
-3750.0
-3750.0
-3750.0
3750.0
3750.0
3750.0
3750.0
3750.0
3750.0
-3750.0
-3750.0
-3750.0
-3750.0
3750.0
3750.0
3750.0
3750.0
3750.0
3750.0
3750.0
3750.0
-3750.0
-3750.0
-3750.0
-3750.0
-3750.0
-3750.0
3750.0
3750.0
3750.0
3750.0
3750.0
3750.0
3750.0
3750.0
3750.0
-3750.0
3750.0
3750.0
-3750.0
-3750.0
3750.0
3750.0
3750.0
3750.0
3750.0
-3750.0
-3750.0
-3750.0
-3750.0
-3750.0
-3750.0
3750.0
3750.0
3750.0
3750.0
3750.0
3750.0
3750.0
3750.0
3750.0
-3671.038961038961
-2645.243735258842
-2204.5280314203455
-1600.2435324514636
-1438.3768812895314
-2030.217796205745
-2559.4610493305636
-3244.256171748957
-3471.9028940201197
-3750.0
3750.0
3750.0
3750.0
3750.0
3750.0
3750.0
3750.0
-3750.0
-3750.0
-3750.0
-3750.0
-3750.0
-3059.7236278150667
-3750.0
3750.0
3750.0
3750.0
3750.0
3750.0
3750.0
3750.0
3750.0
3750.0
-3750.0
-3750.0
-3750.0
-3750.0
-3750.0
3750.0
3750.0
3750.0
3750.0
3750.0
3750.0
3750.0
3750.0
-3655.9717314315294
-3644.1560921731607
-3626.026582860958
-3750.0
-3750.0
-3750.0
3750.0
3750.0
3750.0
3750.0
3750.0
3750.0
3750.0
3750.0
3750.0
-3750.0
-3750.0
-3750.0
-3750.0
-3750.0
3750.0
3750.0
3750.0
3750.0
3750.0
3750.0
3750.0
3750.0
3750.0
3750.0
-3750.0
3750.0
3750.0
-3750.0
-3750.0
-3750.0
-3750.0
-3750.0
3750.0
3750.0
3750.0
3750.0
3750.0
3750.0
3750.0
3750.0
3750.0
3750.0
-3750.0
-3750.0
3750.0
3750.0
3750.0
3750.0
-3662.172573189522
-3750.0
-3750.0
-3750.0
-3750.0
-3750.0
-3750.0
3750.0
3750.0
3750.0
3750.0
3750.0
3750.0
3750.0
3750.0
-3750.0
-3750.0
-3750.0
-3750.0
-3750.0
3750.0
3750.0
3750.0
3750.0
3750.0
3750.0
3750.0
3750.0
3750.0
-1774.5877717787844
-1873.433927023313
-2204.5520577107063
-2582.7301309814547
-3311.7298552418397
3750.0
3750.0
3750.0
3750.0
3750.0
3750.0
3750.0
3750.0
3750.0
-3750.0
-3750.0
-3750.0
-3750.0
-3750.0
3750.0
3750.0
3750.0
3750.0
3750.0
3750.0
3750.0
3750.0
-3750.0
-3750.0
-3750.0
-3750.0
3750.0
3750.0
3750.0
3750.0
3750.0
3750.0
-3750.0
3750.0
3750.0
3750.0
3750.0
3750.0
3750.0
-294.51427723066263
-285.14914660749037
-1103.6360848601842
-1464.9574456057408
-2209.991429991942
-2959.7287582358786
-3750.0
-3750.0
3750.0
3750.0
3750.0
3750.0
3750.0
3750.0
3750.0
-3750.0
-3750.0
-3750.0
-3750.0
-3750.0
-3750.0
3750.0
3750.0
3750.0
3750.0
3750.0
3750.0
3750.0
3750.0
3750.0
-3750.0
-3750.0
3750.0
3750.0
3750.0
3750.0
3750.0
3750.0
3750.0
-3750.0
-3750.0
-3750.0
-3750.0
-3750.0
3750.0
3750.0
3750.0
3750.0
3750.0
3750.0
-3750.0
-3750.0
-3750.0
-3750.0
-3750.0
-3750.0
-3750.0
3750.0
3750.0
3750.0
3750.0
3750.0
3750.0
3750.0
3750.0
3750.0
3750.0
-3750.0
-3750.0
-3750.0
-3226.584022038569
-3413.897078531226
-2962.5677550836426
-2999.560940819225
3750.0
3750.0
3750.0
3750.0
3750.0
3750.0
3750.0
3750.0
-3750.0
-3750.0
-3750.0
-3750.0
3750.0
3750.0
3750.0
3750.0
3750.0
-2373.4259099534256
648.55064109623
-1338.492939865573
548.1312698688416
3204.9699038081326
2714.8576078651145
2670.280606566662
1051.5065224490581
151.0806567237462
-631.3627439252505
2501.6923169842157
1558.3729024405995
3750.0
3750.0
-3446.969696969697
-3049.0758682366977
-2468.4718525724375
-2632.9042791440806
-657.8316373832304
3009.2065741910765
3750.0
3348.0085633396884
3750.0
3750.0
355.0628376625955
3750.0
3750.0
2154.452690166975
1024.3123388294132
-131.06208285119283
-429.45565495353617
-966.8694714442884
-1846.7406878599131
-2077.9272506866782
-2308.3305648689957
-2546.602204928271
-2820.7935862726927
-3337.2702235267952
3750.0
3750.0
3750.0
3750.0
3750.0
3750.0
-3750.0
-3750.0
3750.0
3750.0
3750.0
-3750.0
-3750.0
-1612.718089990818
3750.0
2922.6315291595038
-1256.599914169402
3703.074526351048
-881.5278250184929
3750.0
3750.0
-3750.0
-3750.0
-3750.0
-3750.0
3750.0
3750.0
3750.0
3750.0
3750.0
3750.0
3750.0
3750.0
-3750.0
-3750.0
-3750.0
-3750.0
-3750.0
-3577.528240989781
-3750.0
3750.0
3750.0
3750.0
3750.0
3750.0
3750.0
3750.0
3750.0
-3750.0
-3750.0
-3750.0
-3750.0
-3750.0
3750.0
3750.0
3750.0
3750.0
3750.0
3750.0
3750.0
3750.0
-3222.7104532839985
-3580.225536049983
-3750.0
-3750.0
3750.0
3750.0
3750.0
3750.0
3750.0
3750.0
3750.0
3750.0
-3750.0
-3750.0
-3750.0
-2705.5688975630555
-2093.63875320615
2909.0743754543155
3750.0
3750.0
3750.0
3750.0
3750.0
-1364.4683575108493
3750.0
-2603.580048270317
-2864.2576871596484
-3501.4052575166634
3750.0
3750.0
3750.0
3750.0
3750.0
3750.0
-3750.0
-3750.0
-3750.0
-3750.0
3750.0
3750.0
3750.0
3750.0
3750.0
3750.0
3750.0
3750.0
-1955.687007056872
-3477.403553238525
-3440.497977416546
-3750.0
-3422.2048075289913
-3750.0
-3750.0
3750.0
3750.0
3750.0
3750.0
3750.0
3750.0
3750.0
-3750.0
-3750.0
-3750.0
-3750.0
-32.31068184809874
3750.0
3750.0
3750.0
3750.0
3750.0
3750.0
3750.0
3750.0
1927.1668673399633
3750.0
-3484.8484848484854
-3467.6523566496553
-3750.0
-3750.0
-3750.0
-3750.0
3750.0
3750.0
3750.0
3750.0
3750.0
3750.0
3750.0
-3750.0
-3750.0
-3750.0
-3750.0
-3750.0
-3750.0
-3750.0
3750.0
3750.0
3750.0
3750.0
3750.0
3750.0
3750.0
3750.0
-3750.0
-3750.0
-3750.0
-3627.305015426563
-3750.0
-3750.0
-3750.0
3750.0
3750.0
3750.0
3750.0
3750.0
3750.0
3750.0
3750.0
3750.0
1369.7604790419116
-2916.6666666666665
3750.0
-2398.912437255999
3750.0
-2539.294817332202
-3112.7510978300134
-3446.6938317543145
3750.0
3750.0
3750.0
3750.0
3750.0
3750.0
-3230.664102044949
-3364.2606398502667
-2065.0698398899885
-1386.9481729665188
2906.9773312209527
3750.0
3322.8029838853245
3750.0
3750.0
0.0
0.0
0.0
0.0
3750.0
3520.8070444944306
-871.2121212121214
2179.778933680105
-2007.5757575757575
-1088.2624768946391
-1027.8078442071926
533.6882127907329
923.0101373781579
952.467809283585
2390.936715908757
-1818.1818181818182
1491.4732014903984
1769.7627039921383
3705.403190481956
3750.0
3750.0
0.0
0.0
0.0
0.0
-378.7878787878788
-563.4715025906746
-1104.150799695355
-1353.746843440607
3750.0
-3106.0606060606065
-2318.10569408262
-2652.9218849280314
-2916.3802699306525
-3304.1855202065353
-3750.0
3750.0
3750.0
3750.0
3750.0
3750.0
-1773.9280763505792
3750.0
2810.070175299159
3750.0
3750.0
2396.009693847239
3750.0
3750.0
0.0
0.0
0.0
0.0
-568.1818181818182
-86.63366336633635
-992.2130695399555
-1332.48292179851
-1657.3236994801766
-1826.8640526259205
-1921.144778378842
-1264.7302470059585
3750.0
3750.0
3750.0
3750.0
3750.0
3750.0
3750.0
3750.0
-2471.665999199039
-3163.022318448884
-3424.4033780805084
-1369.0491661027738
-2210.1208815182645
-1881.0255746723606
-1078.5947838379304
-1171.5289959312577
-1485.7941840487845
3750.0
3750.0
3750.0
3750.0
3750.0
3750.0