Demand
3750.0
3750.0
3750.0
3750.0
3750.0
3750.0
3750.0
3750.0
3750.0
3750.0
3750.0
3750.0
3750.0
3750.0
3750.0
3750.0
3750.0
3750.0
3750.0
-3750.0
-3750.0
-3750.0
-3750.0
-3750.0
-3750.0
-3750.0
3750.0
3750.0
3750.0
3750.0
3750.0
3750.0
3750.0
3750.0
3750.0
-3750.0
-2151.0762537210894
-1528.8439138920721
-1242.9242436464745
3750.0
3126.293148819387
3632.227087464992
-1467.9460951866768
3750.0
-3750.0
-3750.0
-3750.0
-3750.0
-3750.0
3750.0
3750.0
3750.0
3750.0
3750.0
3750.0
3750.0
3750.0
3750.0
3750.0
3750.0
1595.454545454543
2026.6367137355555
3750.0
0.0
0.0
3750.0
3750.0
-832.8538550057535
-1343.623610241483
-1329.623835568238
-2029.2385935978646
-2097.9520546712074
-2358.5431367583533
-3750.0
3750.0
3750.0
3750.0
3750.0
3750.0
3750.0
3750.0
-3750.0
-3750.0
-3750.0
-3750.0
-3750.0
3750.0
3750.0
3750.0
3750.0
3750.0
3750.0
3750.0
3750.0
-3750.0
-3750.0
-3750.0
-3750.0
-3750.0
3750.0
3750.0
3750.0
3750.0
3750.0
3750.0
3750.0
3750.0
3750.0
-3750.0
-3750.0
-3750.0
-3579.8248024421937
-3750.0
-1579.2824745144817
3750.0
3750.0
3750.0
3750.0
3750.0
3750.0
3750.0
3750.0
3750.0
-3750.0
-3750.0
-3750.0
-3564.6040006505127
-2945.562775324841
3750.0
3750.0
3750.0
3750.0
3750.0
3750.0
3750.0
-3750.0
-3750.0
-3750.0
-3750.0
-3750.0
3750.0
3750.0
3750.0
3750.0
3750.0
3750.0
3750.0
-3750.0
-3750.0
-3750.0
-3750.0
-3390.151515151517
-3750.0
3750.0
3750.0
3750.0
3750.0
3750.0
3750.0
3750.0
3750.0
3750.0
640.2439024390185
3750.0
3750.0
3750.0
3750.0
3750.0
3750.0
3750.0
-3750.0
-3750.0
-3750.0
-3750.0
-3750.0
3750.0
3750.0
3750.0
3750.0
3750.0
3750.0
3750.0
3750.0
-3750.0
3750.0
3750.0
3750.0
3750.0
3750.0
-3750.0
-3750.0
-3750.0
3750.0
3750.0
3750.0
3750.0
-3750.0
-3417.4445740956835
-3016.9514018096943
-1119.238301018803
3750.0
3750.0
3750.0
3750.0
3750.0
3750.0
3750.0
3750.0
3750.0
-3750.0
-3750.0
-3750.0
-3750.0
3750.0
3750.0
3750.0
3750.0
3750.0
-3750.0
-3750.0
-3750.0
-3750.0
-3750.0
3750.0
3750.0
3750.0
3750.0
3750.0
3750.0
3750.0
-3233.88265121333
-3750.0
-3750.0
-3750.0
3750.0
3750.0
3750.0
3750.0
3750.0
3750.0
3750.0
-3750.0
-3750.0
-3750.0
-3750.0
3750.0
3750.0
3750.0
3750.0
3750.0
-3750.0
-3750.0
3750.0
3750.0
3750.0
3750.0
3750.0
-3750.0
-3750.0
-3750.0
-3750.0
-3750.0
3750.0
3750.0
3750.0
3750.0
3750.0
3750.0
3750.0
3750.0
-3750.0
-3750.0
-3750.0
-3750.0
3750.0
3750.0
3750.0
3750.0
3750.0
3750.0
3750.0
2753.5674744741054
-387.9128236026763
-542.6281483034033
-565.1087651816115
1784.108023391973
3750.0
-328.3592768272342
3750.0
-3750.0
-3750.0
-3750.0
-3750.0
-3750.0
-3750.0
3750.0
3750.0
3750.0
3750.0
3750.0
3750.0
3750.0
3750.0
3750.0
-3750.0
-3750.0
3750.0
3750.0
3750.0
3750.0
3750.0
3750.0
3750.0
-3750.0
-3750.0
-3750.0
-3750.0
-3750.0
3750.0
3750.0
3750.0
3750.0
3750.0
3750.0
3750.0
2007.575757575767
3750.0
1944.8694869486944
-2424.2424242424245
-1039.4521668029429
-1698.1258169654404
-2018.13098619489
-2625.631449865349
-3216.0930426562754
-3750.0
-3750.0
-3750.0
3750.0
3750.0
3750.0
3750.0
3750.0
3750.0
-3750.0
-3750.0
-3750.0
3750.0
3750.0
3750.0
3750.0
3750.0
-3226.584022038569
3750.0
3750.0
-3750.0
-3750.0
-3750.0
-3750.0
-3750.0
-3750.0
-3750.0
-3750.0
3750.0
3750.0
3750.0
3750.0
3750.0
3750.0
3750.0
3750.0
3750.0
-3750.0
-3750.0
-3750.0
-3750.0
-3750.0
-3750.0
3750.0
3750.0
3750.0
3750.0
3750.0
3750.0
3750.0
3750.0
3750.0
3750.0
-3750.0
-3750.0
-3750.0
-3326.253186066272
-2274.018876295734
3750.0
3750.0
3750.0
3750.0
3750.0
3750.0
-3326.5956231072514
-3504.8629533877765
-3293.992941697461
-3539.794284408258
-3750.0
3750.0
3750.0
3750.0
3750.0
3750.0
3750.0
3750.0
3750.0
3750.0
-3750.0
-3750.0
-3093.765990107455
-1404.482161758209
3750.0
3750.0
3750.0
3750.0
3750.0
3750.0
3750.0
3750.0
263.31545167161676
579.0745536041798
-237.44988108200369
-732.0203517095051
-1051.1898986296171
3750.0
1396.9626614448407
3750.0
-2623.517786561266
-2636.180804460375
-2549.334412805606
466.4636658508307
3750.0
3750.0
3750.0
3750.0
3750.0
-2916.6666666666665
3750.0
3750.0
3750.0
3750.0
3335.3432282003723
1856.0300785167267
454.73630335920257
103.38730947548083
-515.9474416681189
-1522.857276610677
-1753.7548704497012
-1971.524073806759
-2172.6749338871396
-2338.657577910207
-1968.0034243743048
3750.0
3750.0
3750.0
3750.0
3750.0
3750.0
-3750.0
-3750.0
-3750.0
3750.0
3750.0
3750.0
3750.0
-2635.91669225401
-629.844210850112
-642.4364642020264
-2418.0373391358744
-2198.3471330792563
-2776.9139392694697
-3102.653164605089
-3573.762047883828
-3750.0
3750.0
3750.0
3750.0
3750.0
3750.0
3750.0
3750.0
-3750.0
-3334.1750841750845
-3390.4183203633665
-3750.0
-3750.0
-3750.0
3750.0
3750.0
3750.0
3750.0
3750.0
3750.0
3750.0
3750.0
3750.0
-3177.9150682487298
-3602.598109632868
-3750.0
-3750.0
3750.0
3750.0
3750.0
3750.0
3750.0
3750.0
3750.0
3750.0
-2664.798892994135
37.47938357619955
1107.9354547185985
-984.1725764326727
-2095.4225046125166
-1094.8166761382809
3750.0
3750.0
3750.0
3750.0
3750.0
3750.0
3750.0
3750.0
-3750.0
3750.0
3750.0
3750.0
3750.0
3750.0
-3201.078582434515
-3113.488772149716
-2695.2517437473516
-1170.421309004283
-847.357099122378
3750.0
3750.0
3750.0
2043.0715701926456
3750.0
3750.0
-3250.2532829365236
-3659.9390820635654
-3649.510966986646
-3750.0
-3750.0
-3750.0
-3750.0
3750.0
3750.0
3750.0
3750.0
3750.0
3750.0
3750.0
3750.0
3750.0
3750.0
3750.0
-3750.0
-3750.0
-254.7693206151448
-3181.0487811449766
-2857.2535443079014
-3750.0
3750.0
3750.0
3750.0
3750.0
3750.0
3750.0
3750.0
3750.0
3750.0
-3750.0
-3750.0
3750.0
3750.0
3750.0
3750.0
3750.0
3750.0
3750.0
-2724.5582286565896
-201.11840929917253
-2376.1659962983267
-1685.135694324283
-1278.9675311729695
-1340.046482885912
-1722.7351997721735
-2458.8800028033347
-2344.8002530591957
3750.0
3750.0
3750.0
3750.0
3750.0
-3750.0
-3750.0
-3750.0
-3750.0
-3750.0
-3176.06444188723
3750.0
3750.0
3750.0
3750.0
3750.0
3750.0
3750.0
-3245.2774498229046
3750.0
3750.0
3750.0
3750.0
-3750.0
3750.0
3750.0
3750.0
3750.0
-3750.0
-3628.6678019386954
-3750.0
-3750.0
-3750.0
-3750.0
3750.0
3750.0
3750.0
3750.0
3750.0
3750.0
3750.0
3750.0
3750.0
-1688.8414460626875
-940.9218085703594
-1936.2295544488804
-2064.970913628259
-2312.665888994842
-2974.7186380538815
-3352.3705093219332
3750.0
3750.0
3750.0
3750.0
3750.0
3750.0
3750.0
-3257.535758855717
-1272.4644606900056
346.74114600827943
3750.0
3750.0
3750.0
3750.0
3750.0
0.0
0.0
3750.0
0.0
3750.0
3750.0
2955.19038282943
2525.5080808126713
-181.51082412871574
-1247.1141982818851
-1287.8891570553087
-150.98151084009214
67.45830283687837
20.03097031530342
658.7656079314231
1518.7173192384773
1442.3013665514968
766.88064530676
-643.939393939394
3750.0
3750.0
0.0
0.0
0.0
0.0
-378.7878787878788
-608.6833144154377
-1243.2459968730789
-1845.7534525244293
-2824.799718621297
-1711.9986269500241
-1081.1143816942738
1728.6809986696035
3750.0
3750.0
3750.0
-3750.0
-3750.0
-3750.0
-3750.0
-3198.7427466150875
1753.9328480864078
3750.0
3750.0
3750.0
3750.0
3750.0
3750.0
0.0
3750.0
3750.0
3750.0
3750.0
3093.9108061749557
-2348.4848484848485
-1503.5657686212369
-1739.0550306620098
-1914.9121403097581
-1778.7213320008434
153.0210308575854
3750.0
3750.0
3750.0
-3563.603662524527
-3646.452372123972
-3750.0
-3750.0
-3750.0
921.6542525803188
2546.1611838802364
-707.1493438364862
3750.0
3750.0
3750.0
3750.0
3750.0
3750.0
3750.0
-3750.0
-3750.0
-3750.0
-3750.0
-3750.0
-3750.0