Demand
3750.0
3750.0
3750.0
3750.0
3750.0
3750.0
3750.0
3750.0
3750.0
3750.0
3750.0
3750.0
3750.0
3750.0
3750.0
3750.0
3750.0
3750.0
3750.0
3750.0
3750.0
3750.0
3750.0
3750.0
3750.0
3750.0
3750.0
3750.0
3750.0
3750.0
3750.0
3750.0
3750.0
3750.0
3750.0
3750.0
3750.0
3750.0
3167.893637587585
3426.8188807267634
2542.642513130154
3232.6265448526674
208.00592559530241
3750.0
3750.0
3750.0
3750.0
3750.0
-3750.0
-3750.0
-3750.0
-3750.0
-3750.0
-3750.0
3750.0
3750.0
3750.0
3750.0
3750.0
3750.0
3750.0
3750.0
3750.0
3750.0
3750.0
1025.2659574468082
-2272.727272727273
-1638.086642599278
-2007.7246638886709
-1989.4057266901145
-2465.0542464288937
-2393.472078329077
-1714.9004808902719
3750.0
3750.0
3750.0
3750.0
-3750.0
-3750.0
-3046.585767174003
-3063.4102206331236
3750.0
3750.0
3750.0
3750.0
3750.0
3750.0
3750.0
-3750.0
-3750.0
-3750.0
-3750.0
-3750.0
3750.0
3750.0
3750.0
3750.0
3750.0
3750.0
-3750.0
-3750.0
-3750.0
-3750.0
-3750.0
-3750.0
-3750.0
3750.0
3750.0
3750.0
3750.0
3750.0
3750.0
3750.0
3750.0
-3750.0
3750.0
3750.0
3750.0
3750.0
3750.0
3750.0
-3750.0
-3750.0
-3750.0
-3750.0
-3750.0
3750.0
3750.0
3750.0
3750.0
3750.0
3750.0
3750.0
3750.0
-3750.0
-3750.0
-3750.0
-3750.0
-3750.0
3750.0
3750.0
3750.0
3750.0
3750.0
-3750.0
-3750.0
-3750.0
-3750.0
-3750.0
-3750.0
3750.0
3750.0
3750.0
3750.0
3750.0
3750.0
3750.0
3750.0
-69.94261119082148
611.0438008885842
-167.38305717323328
-270.3935926172526
3750.0
-824.3363283949618
3750.0
3750.0
3750.0
3750.0
-3750.0
-3750.0
-3750.0
3750.0
3750.0
3750.0
3750.0
3750.0
3750.0
3750.0
3750.0
3750.0
3750.0
3750.0
3750.0
-3750.0
-3750.0
3750.0
3750.0
3750.0
3750.0
3750.0
-3750.0
-3750.0
-3750.0
-3750.0
-3750.0
-3750.0
3750.0
3750.0
3750.0
3750.0
3750.0
3750.0
3750.0
3750.0
3750.0
-3750.0
3750.0
3750.0
3750.0
3750.0
3750.0
-3750.0
-3750.0
-3750.0
-3750.0
3750.0
3750.0
3750.0
3750.0
3750.0
-3750.0
-3750.0
3750.0
3750.0
3750.0
3750.0
3750.0
3750.0
3750.0
-3389.1491516839724
3750.0
-3750.0
3750.0
3750.0
3750.0
-3750.0
-3750.0
-3750.0
-3750.0
-3750.0
-3750.0
3750.0
3750.0
3750.0
3750.0
3750.0
3750.0
3750.0
3750.0
-3750.0
-3750.0
-3750.0
-3750.0
3750.0
3750.0
3750.0
3750.0
3750.0
3750.0
3750.0
3750.0
-3750.0
-3750.0
-3750.0
-3750.0
-3750.0
-3750.0
-3750.0
-3750.0
3750.0
3750.0
3750.0
3750.0
3750.0
3750.0
3750.0
3750.0
3750.0
3750.0
3750.0
3750.0
2514.2918745612296
-331.9291780596859
-741.9100141001252
-1259.519112370962
-1336.2183393698285
-1703.8073017928918
-2105.3273050951857
-2933.615027664827
3750.0
3750.0
3750.0
3750.0
3750.0
3750.0
3750.0
3750.0
3750.0
3750.0
3750.0
3750.0
3750.0
3750.0
-3750.0
-3750.0
-3750.0
3750.0
3750.0
3750.0
3750.0
3750.0
-3750.0
-3750.0
-3750.0
-3750.0
-3750.0
-3750.0
3750.0
3750.0
3750.0
3750.0
3750.0
3750.0
3750.0
-3135.069044879174
-1788.5548335107467
3750.0
3750.0
2192.72073308306
1924.6659839386666
525.6987520361911
2710.5199099330785
988.4339998655785
3750.0
-3750.0
-3750.0
-3750.0
-3750.0
-3750.0
-3750.0
-3750.0
3750.0
3750.0
3750.0
3750.0
3750.0
3750.0
3750.0
-3750.0
-3750.0
-3750.0
3750.0
3750.0
3750.0
3750.0
3750.0
3750.0
3750.0
3750.0
-3750.0
-3750.0
-3750.0
-3750.0
-3750.0
-3750.0
-3750.0
-3750.0
3750.0
3750.0
3750.0
3750.0
3750.0
3750.0
3750.0
3750.0
-3750.0
-3750.0
-3750.0
-3750.0
3750.0
3750.0
3750.0
3750.0
3750.0
3750.0
3750.0
-3750.0
-3750.0
-3750.0
-3750.0
-3204.545454545457
-865.3846153846164
3750.0
3750.0
3750.0
3750.0
3750.0
3750.0
3750.0
-48.70129870130995
3750.0
3750.0
-3750.0
-3750.0
-3750.0
-3750.0
-3750.0
3750.0
3750.0
3750.0
3750.0
3750.0
3750.0
-3750.0
-3341.3001912045893
-2853.6612690503953
-2643.587566687381
3750.0
3750.0
3426.9139675264314
3750.0
3750.0
3750.0
3750.0
971.8046273312457
3750.0
-1029.963921634434
-1596.485237611608
-2245.8075414665727
-1850.0091729051026
-2164.3556680863467
-2378.498644084969
-2304.434919247875
-1979.5896872172116
570.1500078087129
3750.0
3750.0
3750.0
3750.0
3750.0
846.7741935483664
3750.0
3750.0
3750.0
3750.0
3750.0
3750.0
3750.0
290.7442298633996
-44.01882831421108
-639.4523403921403
-1611.1122462193116
-1842.6509864607815
-2065.160363485229
-2279.8155326463348
-2488.6703579547157
-2713.439817897448
3750.0
3750.0
3750.0
3750.0
3750.0
3750.0
-3750.0
3750.0
3750.0
3750.0
-3750.0
3750.0
3750.0
3750.0
3750.0
3750.0
-2586.41807294502
-2296.5955156539876
-2683.622774627467
-2400.206191835746
3750.0
3750.0
3750.0
-3750.0
-3750.0
-3750.0
-3750.0
3750.0
3750.0
3750.0
3750.0
3750.0
3750.0
-3750.0
3750.0
3750.0
3750.0
3750.0
3750.0
3750.0
3750.0
3750.0
-3750.0
-3750.0
3750.0
-1734.8484848484968
3750.0
3750.0
3750.0
3750.0
3750.0
3750.0
3750.0
-3750.0
-3750.0
-3109.775523207373
-2292.7687317328455
2029.1458451985382
3220.056575055576
-310.9998205398065
-1451.5124774500807
3750.0
3750.0
3750.0
3750.0
3750.0
3750.0
3750.0
3750.0
3750.0
3750.0
3750.0
3750.0
-3750.0
-3750.0
-3750.0
3750.0
3750.0
3750.0
3750.0
3750.0
3750.0
3750.0
3750.0
3750.0
3750.0
-2679.376408715254
-3040.3003483957245
-3613.9619078922815
-3581.149546987256
-3750.0
-3750.0
3750.0
3750.0
3750.0
3750.0
3750.0
3750.0
3750.0
3750.0
3750.0
3750.0
3750.0
-3577.7648277648286
-3750.0
-3750.0
-3750.0
3750.0
3750.0
3750.0
3750.0
3750.0
3750.0
3750.0
-3750.0
-3750.0
3750.0
3750.0
3750.0
3750.0
-3750.0
-3750.0
-3750.0
-3750.0
3750.0
3750.0
3750.0
3750.0
3750.0
3750.0
3750.0
-1736.2154347875394
3750.0
3750.0
-1416.848588803992
-1870.2931752444692
-2673.827729860239
-3036.306722147411
-3750.0
3750.0
3750.0
3750.0
3750.0
3750.0
3750.0
-3750.0
-3750.0
-3750.0
-3572.4734033240356
-3750.0
-3750.0
3750.0
3750.0
3750.0
3750.0
3750.0
3750.0
3750.0
3750.0
-3750.0
3750.0
3750.0
3750.0
3750.0
3750.0
3750.0
-3750.0
-3645.5771483487324
-3750.0
-3750.0
-3750.0
-3750.0
-3750.0
3750.0
3750.0
3750.0
3750.0
3750.0
3750.0
3750.0
3750.0
3750.0
-901.2197566129707
-1927.0257766361422
-2090.696939317999
-2386.725422878647
-3073.029853801044
-3493.368466190943
-2914.3231549033644
3750.0
3750.0
3750.0
3750.0
3750.0
3750.0
3750.0
3750.0
-2181.6551368488617
326.96819755530214
3750.0
1025.0937732193672
2914.095327160908
0.0
0.0
0.0
0.0
0.0
3750.0
3750.0
2784.593724859209
-871.2121212121214
-50.268096514743775
-1109.4737825321745
-633.2855773635972
3750.0
-2159.0909090909095
411.9341229920501
959.1401129683945
1748.700826647496
1951.4656765388
1972.7089859004693
3491.7453445594874
0.0
0.0
0.0
0.0
3750.0
3750.0
-378.7878787878788
-617.5721561969442
-1265.7526105238949
-1895.7200190924343
-2885.9814396697966
-2066.9519617999013
-2009.5753363576941
-2252.111957111597
-2165.1272238898837
3750.0
3750.0
3750.0
3750.0
3750.0
-3750.0
-3279.638289093661
245.39811933500846
3750.0
3750.0
3750.0
3750.0
3750.0
-303.03030303030306
3750.0
3750.0
3750.0
3750.0
0.0
-568.1818181818182
-874.3523316062174
-1534.0619152917152
-1670.7219406984143
-1555.643770771374
1944.7925688065197
3750.0
3750.0
-3485.6215213358073
-3541.2778347597514
-3475.445137081908
-3515.2404268949576
3750.0
3750.0
3750.0
3750.0
3750.0
3750.0
-3453.3310201249133
-1493.0831981741865
-2214.5296482242957
-1629.7390528118833
392.7873475512117
3441.3802040326364
-1068.958735808112
3750.0
3750.0
3750.0
3750.0
-3750.0
-3750.0