Demand
3750.0
3750.0
3750.0
3750.0
3750.0
3750.0
3750.0
3750.0
3750.0
3750.0
3750.0
3750.0
3750.0
3750.0
3750.0
3750.0
3750.0
3750.0
3750.0
3750.0
3750.0
-3750.0
-3750.0
-3750.0
3750.0
3750.0
3750.0
3750.0
3750.0
3750.0
3750.0
3750.0
3750.0
-3750.0
-3750.0
-3750.0
-2063.1358863061787
-1691.2164629719407
-1977.8121888504286
-1463.8243887956935
-726.0733870481499
819.1933465236662
3750.0
-3750.0
3750.0
3750.0
3750.0
3750.0
3750.0
3750.0
-3750.0
-3750.0
-3750.0
-3750.0
-1622.1157762629618
3750.0
3750.0
3750.0
3750.0
3750.0
3750.0
3750.0
3750.0
3750.0
3750.0
-1363.6363636363637
2608.6956521739203
51.921446736367216
1584.254010285759
3750.0
3750.0
-2635.6304985337247
-2948.950845152518
-3750.0
3750.0
3750.0
3750.0
3750.0
3750.0
3750.0
-3671.196515230912
-3750.0
-3750.0
3750.0
3750.0
3750.0
3750.0
-3750.0
-3750.0
-3750.0
-3750.0
-3750.0
-3750.0
-3750.0
3750.0
3750.0
3750.0
3750.0
3750.0
3750.0
3750.0
-3750.0
-3750.0
-3750.0
3750.0
3750.0
3750.0
3750.0
3750.0
3750.0
3750.0
3750.0
3750.0
3750.0
-3750.0
-3750.0
-3750.0
-3750.0
-3750.0
3750.0
3750.0
3750.0
3750.0
3750.0
3750.0
-3750.0
-3647.561380225614
-3512.060194901008
-3457.848498229854
-3549.7267010467685
-3750.0
3750.0
3750.0
3750.0
3750.0
3750.0
3750.0
3750.0
3750.0
3750.0
-3750.0
-3750.0
-3750.0
3750.0
3750.0
3750.0
-3750.0
-3750.0
3750.0
3750.0
3750.0
3750.0
3750.0
3750.0
3750.0
-3650.7314524555904
-2306.9277852791283
-1658.758369389744
-732.1405204756456
-407.8903694547698
-1186.146396990637
-1834.3325079851393
-2761.863599053416
-1932.8106334327467
3750.0
3750.0
3750.0
3750.0
3750.0
3750.0
3750.0
3750.0
-3750.0
-3750.0
-3750.0
-3750.0
-3750.0
3750.0
3750.0
3750.0
3750.0
3750.0
3750.0
-3750.0
-3750.0
-3750.0
-3750.0
-3750.0
3750.0
3750.0
3750.0
3750.0
3750.0
3750.0
3750.0
-3750.0
-3750.0
-3345.170454545457
-2644.734007217624
3750.0
3545.2950632682087
1256.3259549787317
3750.0
3750.0
3750.0
3750.0
3750.0
3750.0
-3750.0
-3750.0
-3750.0
-3750.0
3750.0
3750.0
3750.0
3750.0
3750.0
3750.0
-3750.0
-3750.0
-3750.0
-3750.0
-3750.0
3750.0
3750.0
3750.0
3750.0
3750.0
3750.0
3750.0
3750.0
3750.0
-3750.0
-3750.0
-3750.0
-3750.0
-3750.0
3750.0
3750.0
3750.0
3750.0
3750.0
3750.0
-3750.0
-3750.0
-3750.0
-3750.0
-3750.0
3750.0
3750.0
3750.0
3750.0
3750.0
3750.0
-3750.0
-3610.1021009228343
-3750.0
3750.0
3750.0
3750.0
3750.0
-3750.0
-3750.0
-3750.0
-3750.0
3750.0
3750.0
3750.0
3750.0
3750.0
3750.0
3750.0
-3750.0
-3750.0
-3750.0
-3750.0
3750.0
3404.2952270257865
3750.0
3750.0
3750.0
3750.0
1.2244830025949796
-156.87324588714546
-137.22280107368124
2777.5715257267852
1847.2870064012664
3750.0
3750.0
-3750.0
-3750.0
-3750.0
-3750.0
-3750.0
-3750.0
3750.0
3750.0
3750.0
3750.0
3750.0
3750.0
3750.0
3750.0
3750.0
3750.0
-3750.0
-3750.0
-3750.0
-3750.0
-3750.0
3750.0
3750.0
3750.0
3750.0
3750.0
3750.0
3750.0
3750.0
-3750.0
-3750.0
-3750.0
-3750.0
-3750.0
-3750.0
3750.0
3750.0
3750.0
3750.0
3750.0
3750.0
3750.0
3750.0
3750.0
3750.0
-3750.0
3750.0
-3750.0
-3750.0
-3750.0
3750.0
3750.0
3750.0
3750.0
3750.0
3750.0
-3750.0
-3750.0
3750.0
3750.0
3750.0
3750.0
3750.0
3750.0
3750.0
-3750.0
-3750.0
-3750.0
-3750.0
3750.0
3750.0
3750.0
3750.0
3750.0
-3750.0
-3750.0
-3750.0
-3750.0
3750.0
3750.0
3750.0
3750.0
3750.0
3750.0
3750.0
3750.0
3750.0
-3750.0
-3750.0
3750.0
3750.0
3750.0
3750.0
3750.0
3750.0
3750.0
-3750.0
-3750.0
-3750.0
-3750.0
-3750.0
-3317.4609197146783
-2907.348109204412
3750.0
3750.0
3750.0
3750.0
3750.0
3750.0
3750.0
3750.0
3750.0
-3667.406036827322
-3750.0
-3750.0
-3750.0
-3750.0
-3750.0
3750.0
3750.0
3750.0
3750.0
3750.0
3750.0
3750.0
3750.0
-3162.225705329156
-3157.267221801668
-1553.5284514037558
587.1408476073295
3750.0
3750.0
3750.0
3750.0
3750.0
2594.058984211515
-2083.3333333333335
644.9184902335119
-86.75472740568057
-666.1174416875574
3750.0
351.2710502704963
3750.0
3750.0
-3120.3744615044734
-3245.2097677909906
-2924.793057759969
-3141.3127425911125
-2580.159651222366
-2356.228318669274
-1780.0012551856398
-891.7653257552026
3750.0
3750.0
748.5124855855329
3750.0
3750.0
3750.0
3750.0
-2121.2121212121215
974.4261830546911
192.22714116050406
-1014.4235128668327
-1199.8086531398076
-1307.0896176522474
-1206.7255951509305
346.3784726822423
3750.0
3750.0
3750.0
3750.0
3750.0
3750.0
-3750.0
-3750.0
-3750.0
-3750.0
-3344.0170940170938
-3750.0
-3750.0
-3750.0
3750.0
3750.0
3750.0
3750.0
3750.0
3750.0
3750.0
3750.0
-3750.0
-3750.0
-3750.0
-3750.0
-3750.0
-3750.0
-3750.0
-3750.0
3750.0
3750.0
3750.0
3750.0
3750.0
3750.0
3750.0
3750.0
3750.0
-3602.0347714958925
-3750.0
-3750.0
3750.0
3750.0
3750.0
3750.0
3750.0
3750.0
3750.0
3750.0
-3750.0
-3750.0
-3750.0
-3750.0
-3750.0
-3750.0
3750.0
3750.0
3750.0
3750.0
3750.0
3750.0
3750.0
3750.0
3750.0
-3750.0
-3750.0
3750.0
3750.0
3750.0
3750.0
3750.0
3750.0
3750.0
3750.0
-3750.0
-3750.0
-3025.270184361094
-2759.027941809896
-1284.7762873218453
3750.0
3750.0
3750.0
3750.0
3750.0
-3257.575757575758
3750.0
3750.0
-3108.2687015261454
-3625.0786229576534
-3588.9567194893334
-3750.0
-3750.0
3750.0
3750.0
3750.0
3750.0
3750.0
3750.0
3750.0
3750.0
-3750.0
-3750.0
-3750.0
-1545.251732513807
3750.0
3750.0
3750.0
3750.0
3750.0
-3400.8020589706684
3750.0
-3411.4393551381518
-3750.0
3750.0
3750.0
3750.0
3750.0
3750.0
3750.0
3750.0
-3750.0
-3750.0
-3750.0
-3750.0
-3750.0
-836.5279299014237
3750.0
3750.0
3750.0
3750.0
3750.0
3750.0
3401.0429549015216
-2840.9090909090914
-157.08377801494316
-661.2425368208881
-1649.0696009055398
418.3309610709721
3750.0
3750.0
3750.0
3750.0
3750.0
3750.0
-3750.0
-3750.0
-3750.0
-3750.0
-3531.9100091827377
-3750.0
3750.0
3750.0
3750.0
3750.0
3750.0
3750.0
3750.0
3750.0
3750.0
-3750.0
-3750.0
-3750.0
3750.0
3750.0
3750.0
3750.0
3750.0
3750.0
3750.0
-3750.0
-3750.0
-3750.0
-3750.0
-2766.1104718066754
-3040.328041092692
-2618.761690669655
3750.0
3750.0
3750.0
3750.0
3750.0
3750.0
3750.0
3750.0
-757.2007200720109
1566.2312657561513
3750.0
3750.0
3750.0
3750.0
-3625.4370629370633
-3567.055750910842
-3270.2681393598305
3750.0
3750.0
3750.0
3750.0
3750.0
3750.0
3750.0
3750.0
3750.0
3750.0
3750.0
0.0
0.0
3750.0
3750.0
3445.741545144275
-871.2121212121214
2121.244635193134
-2007.5757575757575
-1188.6339381003206
-1239.524386645727
-104.99730436690834
97.33031593309147
26.005572754413606
610.6868515268025
1427.6143070100009
1534.1278888281865
1287.1988396560403
-643.939393939394
3750.0
3750.0
0.0
0.0
0.0
0.0
-378.7878787878788
3750.0
-1304.30410297667
-1948.9621446870099
-2933.6538162902425
-2256.448053656619
-2330.7406322916495
-2706.5795334533004
-3024.445260268376
-3444.133991305852
-3750.0
-3750.0
3750.0
3750.0
3750.0
3750.0
3750.0
3750.0
3750.0
3750.0
0.0
-1477.2727272727275
3628.3783783783765
0.0
0.0
0.0
0.0
0.0
-568.1818181818182
3750.0
3750.0
-1271.7391304347846
3750.0
166.49048625792625
3750.0
3750.0
3750.0
-3594.8557430593364
-3568.8310438320505
-3633.526010269342
-3750.0
3750.0
3750.0
3750.0
3750.0
3750.0
-3500.1878287002255
-2017.95087027498
-2670.7086118238667
-2536.3782280549694
-2203.080418780357
-2478.3348622337307
-3058.256479810073
-3750.0
3750.0
3750.0
3750.0
3750.0
3750.0