Demand
3750.0
3750.0
3750.0
3750.0
3750.0
3750.0
3750.0
3750.0
3750.0
3750.0
3750.0
3750.0
3750.0
3750.0
3750.0
3750.0
3750.0
3750.0
3750.0
3750.0
3750.0
3750.0
3750.0
3750.0
3750.0
-3750.0
-3750.0
-3750.0
3750.0
3750.0
3750.0
3750.0
3750.0
3750.0
-3750.0
-3750.0
-1045.606845490086
3750.0
1999.3608100208494
3750.0
3750.0
-3136.7670790747725
-3417.437476814496
-3750.0
-3750.0
-3750.0
-3750.0
-3750.0
3750.0
3750.0
3750.0
3750.0
3750.0
3750.0
-3161.492376723242
-2008.1749672633305
3750.0
3750.0
3256.241958004136
2347.9074806440176
588.0501015232519
1198.7170803950692
3750.0
0.0
0.0
-1363.6363636363637
-387.9310344827579
-1180.1295160190878
3193.415318829507
-3068.1818181818185
-2763.3974733624063
-2969.008544803758
-3311.6965076327906
-3750.0
-3750.0
-3750.0
-3750.0
3750.0
3750.0
3750.0
3750.0
3750.0
3750.0
3750.0
3750.0
-3750.0
-3750.0
3750.0
3750.0
3750.0
-3750.0
-3750.0
-3750.0
-3750.0
-3750.0
3750.0
3750.0
3750.0
3750.0
3750.0
3750.0
3750.0
-3750.0
-3750.0
-3750.0
-3750.0
-3750.0
-3750.0
3750.0
3750.0
3750.0
3750.0
3750.0
3750.0
3750.0
3750.0
-3750.0
3750.0
3750.0
3750.0
3750.0
-3750.0
-3750.0
-3750.0
3750.0
3750.0
3750.0
3750.0
3750.0
3750.0
3750.0
-3750.0
-3750.0
-3750.0
-3750.0
-3750.0
-3750.0
3750.0
3750.0
3750.0
3750.0
3750.0
3750.0
3750.0
3750.0
3750.0
-3750.0
-3750.0
-3750.0
-3750.0
-3750.0
-3579.320876751707
-3750.0
-3750.0
3750.0
3750.0
3750.0
3750.0
3750.0
3750.0
3750.0
3750.0
-3403.2236321478586
-3607.1078421083994
-3750.0
-3750.0
3750.0
3750.0
3750.0
3750.0
3750.0
3750.0
3750.0
3750.0
-3750.0
-3750.0
-3750.0
18.595041322304496
3750.0
3750.0
3750.0
3750.0
3750.0
3750.0
3750.0
3750.0
-3750.0
3750.0
3750.0
3750.0
3750.0
-3750.0
3750.0
3750.0
3750.0
3750.0
3750.0
-3584.2702074045364
-3472.6830258268246
-3215.661024794851
-3489.336068023247
-3566.3957238791
-3357.144514575454
3750.0
3750.0
3750.0
3750.0
3750.0
3750.0
3750.0
-3750.0
-3750.0
3750.0
3750.0
-3750.0
-3750.0
-3750.0
-3750.0
3750.0
3750.0
3750.0
3750.0
3750.0
3750.0
3750.0
-3750.0
-3750.0
-3750.0
-3750.0
3750.0
3750.0
3750.0
3750.0
3750.0
-3750.0
-3750.0
-3750.0
3750.0
3750.0
3750.0
3750.0
-3750.0
-3750.0
-3750.0
-3750.0
-3750.0
3750.0
3750.0
3750.0
3750.0
3750.0
3750.0
-3750.0
-3750.0
-3750.0
-3388.897687678178
3750.0
3750.0
3750.0
3750.0
3750.0
3750.0
3750.0
3750.0
-3750.0
-3750.0
-3750.0
-3750.0
-3750.0
-3750.0
-3750.0
3750.0
3750.0
3750.0
3750.0
3750.0
3750.0
3750.0
626.6838580555759
1409.4602469914346
-757.5757575757576
340.27128157156244
-1451.6969364558981
-1745.029723741568
-2113.4552740997206
-2199.5962602674017
-2463.366749008256
-2730.4802075500993
-3145.252220050562
3750.0
3750.0
3750.0
3750.0
-3750.0
-3750.0
-3750.0
-3750.0
3750.0
3750.0
3750.0
3750.0
3750.0
-3750.0
-3750.0
-3750.0
-3750.0
3750.0
3750.0
3750.0
3750.0
3750.0
3750.0
3750.0
-3750.0
-3750.0
-3750.0
-3750.0
-3750.0
-3750.0
-3750.0
3750.0
3750.0
3750.0
3750.0
3750.0
3750.0
3750.0
3750.0
3750.0
-980.9867893961384
-1439.5989229069555
-932.0087066633607
3750.0
3750.0
-3750.0
-3750.0
-3750.0
-3750.0
-3750.0
-3750.0
-3750.0
3750.0
3750.0
3750.0
3750.0
3750.0
3750.0
3750.0
3750.0
3750.0
-3750.0
-3346.3530140745333
-3750.0
-3750.0
-3750.0
3750.0
3750.0
3750.0
3750.0
3750.0
-3750.0
-3750.0
-3750.0
-3750.0
-3750.0
3750.0
3750.0
3750.0
3750.0
3750.0
3750.0
3750.0
-3750.0
-3750.0
-3750.0
3750.0
3750.0
3750.0
3750.0
3750.0
3750.0
3750.0
-3750.0
-3750.0
-3750.0
3750.0
3750.0
3750.0
3750.0
3750.0
3750.0
-3566.356118777856
-3645.172349092705
-3750.0
-3750.0
-3750.0
3750.0
3750.0
3750.0
3750.0
3750.0
3750.0
3750.0
3750.0
-3750.0
-3750.0
-3750.0
-3750.0
-3750.0
-3750.0
3750.0
3750.0
3750.0
3750.0
3750.0
3750.0
3750.0
3750.0
-2459.876543209876
-2081.7278125580406
2202.956892170313
-616.6658351440565
2657.9990926836654
3750.0
3750.0
2831.1792229073017
716.4356529279205
458.7108955392282
3750.0
-2954.545454545455
3750.0
3750.0
3750.0
-2838.927637314736
-2932.5217526561582
-2125.906369084889
-2105.645252452264
3750.0
3243.8953940348338
3750.0
2723.042364886467
3750.0
3750.0
334.799128933
3750.0
3750.0
1983.803768485849
742.131783797691
-385.19201359195154
-610.9203732081169
-1013.1841414290475
-1650.2289533695678
-657.5348940015208
3750.0
3750.0
-3214.688204357627
-3629.9326773451985
-3750.0
-3750.0
-3750.0
-3750.0
3750.0
3750.0
3750.0
3750.0
3750.0
3750.0
3750.0
3750.0
3750.0
3750.0
3750.0
3750.0
-892.3796791443885
3750.0
3750.0
3750.0
-3652.2298456260723
-3750.0
-3750.0
-3750.0
-3750.0
-3750.0
-3750.0
3750.0
3750.0
3750.0
3750.0
3750.0
3750.0
3750.0
3750.0
3750.0
3750.0
-3750.0
3750.0
3750.0
3750.0
3750.0
3750.0
3750.0
3750.0
3750.0
3750.0
-3750.0
-3750.0
-3750.0
-3750.0
-3750.0
3750.0
3750.0
3750.0
3750.0
3750.0
3750.0
3750.0
3750.0
-2707.680250783701
-2846.636687277499
-2978.307746923153
3750.0
3750.0
3750.0
3750.0
3750.0
3750.0
-3750.0
-3750.0
-3750.0
-3750.0
3750.0
3750.0
3750.0
3750.0
3750.0
3750.0
3750.0
3750.0
-1626.7482706205544
3750.0
3750.0
-863.6394283592915
1345.7863212916964
3750.0
3750.0
3750.0
3750.0
-3750.0
-3750.0
-3750.0
3750.0
3750.0
3750.0
3750.0
3750.0
-3750.0
-3750.0
-3750.0
-3750.0
-3750.0
-1830.808080808093
3750.0
3750.0
3750.0
3750.0
3750.0
3750.0
3750.0
3750.0
3750.0
3750.0
3750.0
3750.0
-3750.0
-3750.0
-3750.0
3750.0
3750.0
3750.0
3750.0
3750.0
3750.0
3750.0
3750.0
-2406.452563347084
-2560.8934403729745
-2406.892722637038
1384.539379410363
-1788.9667643752703
-240.8163815791445
1341.6685218661287
1816.3842160623392
1681.9888800239262
3750.0
-764.5075475259182
3750.0
3750.0
3750.0
3750.0
-3750.0
-3750.0
-3750.0
-3750.0
3750.0
3750.0
3750.0
3750.0
3750.0
-3750.0
-3750.0
-3750.0
-3750.0
-3750.0
-3245.9653362985728
-3750.0
-3750.0
3750.0
3750.0
3750.0
3750.0
3750.0
3750.0
3750.0
3750.0
3750.0
-3750.0
-3750.0
-3750.0
-3750.0
-3750.0
3750.0
3750.0
3750.0
3750.0
3750.0
3750.0
3750.0
3750.0
3750.0
3750.0
3750.0
-2340.4380593499764
-2439.543411718515
-2772.4499069866333
3750.0
3750.0
3750.0
3750.0
-3638.4602482388464
-3619.3577751026214
-1955.748212599793
-2515.9869273664626
-2477.2399616384837
3750.0
3750.0
3750.0
3750.0
3750.0
3750.0
3750.0
3750.0
3750.0
0.0
3750.0
3750.0
3750.0
2719.5340501792098
2301.253520720581
-2007.5757575757575
-1151.8944519621118
-1166.2961417310598
95.3540868416826
358.8694800147175
334.53252539605273
1111.9278981717111
1959.9000984174136
1006.7327164843691
-1515.1515151515152
3750.0
3750.0
3750.0
3750.0
3750.0
3750.0
0.0
-378.7878787878788
-579.8969072164962
-1160.240008899521
-1603.2349929247594
-2246.0141608126723
3750.0
3750.0
3750.0
3750.0
3750.0
-3750.0
3750.0
-3750.0
-3750.0
-3750.0
-3266.220294228594
-431.21165230959014
3750.0
3750.0
3750.0
3750.0
3750.0
3750.0
3750.0
3750.0
0.0
0.0
0.0
3750.0
-107.76457584968284
-847.8391889808338
-611.5153944836429
2239.370964205282
3750.0
-3409.0909090909095
-3158.7136929460585
-3400.055138400783
-3442.2296720808463
-3225.0689525499074
-917.0408543963592
3750.0
3750.0
3750.0
3750.0
3750.0
3750.0
-2392.0676949720155
3750.0
-2530.0793807885448
-2362.2042695769132
-1956.5193855625064
-2255.0349072750587
-2916.0291501244265
-3750.0
3750.0
3750.0
3750.0
3750.0
3750.0