Demand
3750.0
3750.0
3750.0
3750.0
3750.0
3750.0
3750.0
3750.0
3750.0
3750.0
3750.0
3750.0
3750.0
3750.0
3750.0
3750.0
3750.0
3750.0
3750.0
3750.0
3750.0
3750.0
3750.0
3750.0
3750.0
3750.0
3750.0
3750.0
3750.0
3750.0
3750.0
3750.0
-3750.0
-3750.0
-3750.0
-3750.0
3750.0
3750.0
3750.0
3750.0
3750.0
3750.0
3750.0
3750.0
3750.0
3750.0
3750.0
-3750.0
-3750.0
-3750.0
-3750.0
-3750.0
-3750.0
-3750.0
-1159.0909090909117
3750.0
3750.0
3750.0
3750.0
3750.0
3750.0
3750.0
3750.0
0.0
3750.0
3750.0
577.4284601907746
-763.0046128136776
-1085.9983743223502
-538.2725733382786
-346.42508537449976
3750.0
3750.0
3750.0
3750.0
-3750.0
-3750.0
-3750.0
-3750.0
-3104.42464512232
-3347.182077155054
3750.0
3750.0
3750.0
3750.0
3750.0
3750.0
3750.0
3750.0
3750.0
-3750.0
-3750.0
-3750.0
-3750.0
-3750.0
-3750.0
-3750.0
3750.0
3750.0
3750.0
3750.0
3750.0
3750.0
3750.0
3750.0
3750.0
-3750.0
3750.0
3750.0
3750.0
3750.0
-3539.9262899262912
-3750.0
3750.0
3750.0
3750.0
3750.0
3750.0
-3750.0
-3750.0
3750.0
3750.0
3750.0
3750.0
3750.0
3750.0
3750.0
-3591.048522030118
-3574.20951818743
-3649.363742744018
-3750.0
-3750.0
-3750.0
3750.0
3750.0
3750.0
3750.0
3750.0
3750.0
3750.0
-3750.0
-3750.0
-3750.0
-3750.0
-3750.0
3750.0
3750.0
3750.0
3750.0
3750.0
3750.0
3750.0
3750.0
3750.0
-3750.0
-3654.955645968119
-2271.767750940897
-1403.2289932681822
118.12189245361901
1133.7533986712344
458.9422887049286
2024.1530910381402
3750.0
3750.0
-3750.0
3750.0
-3750.0
-3750.0
-3750.0
-3750.0
3750.0
3750.0
3750.0
3750.0
3750.0
3750.0
3750.0
-3568.252674838802
-3750.0
-3750.0
-3750.0
3750.0
3750.0
3750.0
3750.0
3750.0
3750.0
-3750.0
-3750.0
-3750.0
-3750.0
-3750.0
3750.0
3750.0
3750.0
3750.0
3750.0
3750.0
3750.0
3750.0
-3581.3609467455626
-3654.4431542611483
-3635.475944671439
-3597.8776110290173
-3750.0
-3750.0
3750.0
3750.0
3750.0
3750.0
3750.0
3750.0
-3750.0
-3750.0
-3750.0
3750.0
3750.0
3750.0
3750.0
-3750.0
-3750.0
-3750.0
-3750.0
-3750.0
-3750.0
3750.0
3750.0
3750.0
3750.0
3750.0
3750.0
3750.0
3750.0
3750.0
3750.0
-3750.0
-3750.0
-3750.0
-3750.0
-3750.0
3750.0
3750.0
3750.0
3750.0
3750.0
3750.0
3750.0
3750.0
3750.0
3750.0
-3750.0
-3750.0
-3750.0
-3750.0
3750.0
3750.0
3750.0
3750.0
3750.0
3750.0
3750.0
3750.0
-3750.0
-3750.0
-3750.0
-3750.0
-3750.0
-3750.0
3750.0
3750.0
3750.0
3750.0
3750.0
3750.0
3750.0
3750.0
-1121.5415019762852
-1036.2653307379067
1262.9491948755403
2107.8359730580405
2730.0952103140407
281.3814175134587
-2613.636363636364
-1646.6346153846152
-1974.4054394057403
-1934.0443373965309
-1920.1816668297552
654.140068331337
3750.0
3750.0
3750.0
-3750.0
-3750.0
-3750.0
-3750.0
-3750.0
3750.0
3750.0
3750.0
3750.0
3750.0
3750.0
3750.0
3750.0
3750.0
3750.0
-3750.0
-3750.0
-3750.0
-3750.0
3750.0
3750.0
3750.0
3750.0
3750.0
3750.0
3750.0
3750.0
3750.0
-3750.0
-3750.0
-3750.0
-3750.0
3750.0
3750.0
3750.0
3750.0
3750.0
3750.0
3750.0
3750.0
-1727.2888573456357
-2408.9909619266855
-3086.3341580874658
-3750.0
-3750.0
3750.0
3750.0
3750.0
3750.0
3750.0
3750.0
3750.0
-3750.0
-3750.0
-3750.0
-3750.0
-3750.0
-3750.0
-3750.0
3750.0
3750.0
3750.0
3750.0
3750.0
3750.0
3750.0
3750.0
3750.0
3750.0
-3750.0
-3750.0
-3750.0
-3750.0
3750.0
3750.0
3750.0
3750.0
3750.0
-3750.0
-3750.0
-3750.0
-3750.0
-3750.0
-3750.0
-3750.0
3750.0
3750.0
3750.0
3750.0
3750.0
3750.0
3750.0
3750.0
3750.0
3750.0
-3750.0
-3750.0
-3750.0
-3750.0
-2623.5177865612704
3750.0
3750.0
3750.0
3750.0
3750.0
3750.0
3750.0
3750.0
3750.0
3750.0
-2572.3140495867665
3750.0
3750.0
-3750.0
3750.0
3750.0
3750.0
3750.0
3750.0
3750.0
-3750.0
-3750.0
-3750.0
-3401.707515785186
-3046.5617876200167
-3012.8561874494035
-795.1347570479445
2336.0200412336117
3750.0
3750.0
3750.0
3750.0
3750.0
3750.0
890.2939169317749
3750.0
-636.2961963852179
-1290.197784711071
706.9873591166715
2150.1351487642714
3750.0
243.79748916896187
3750.0
-3259.7789386506984
-2907.6973533231285
-3073.070539199478
-2172.2011495275956
-839.8954132844437
3750.0
3750.0
3750.0
3750.0
-3257.575757575758
-2752.049074026042
3750.0
3750.0
2229.1806934544247
669.0452099726544
304.40236928103855
-324.0075183403269
-1340.4556328838137
-1452.8943411594937
-1420.9558276501564
-806.58593359114
3750.0
3750.0
3750.0
3750.0
3750.0
-3750.0
-3189.4667832167834
-3750.0
3750.0
3750.0
3750.0
3750.0
3750.0
3750.0
3750.0
3750.0
193.53029169783122
219.64351104467187
-2025.0114563952675
-1540.5644641160413
-2147.3772784814364
-2132.905723924846
3750.0
3750.0
3750.0
3750.0
3750.0
3750.0
-3750.0
-3750.0
-3750.0
-3750.0
-2880.150425114455
-1716.4105679232125
3750.0
3750.0
3750.0
3750.0
3750.0
3750.0
-3625.835027592215
-3750.0
3750.0
3750.0
3750.0
3750.0
3750.0
-3667.962003454232
-3750.0
-3750.0
-3750.0
-3750.0
-3750.0
3750.0
3750.0
3750.0
3750.0
3750.0
3750.0
-1641.3782534605725
-1226.271533744062
-2356.8883946628084
-3096.7097061214818
-3333.313339644639
-3628.131480106882
-3750.0
-3750.0
-3750.0
3750.0
3750.0
3750.0
3750.0
3750.0
3750.0
3750.0
3750.0
-3750.0
-3750.0
-3031.5338328110774
-2844.5710508085986
-1993.0783504955507
2295.011541278117
1660.2039553616085
3750.0
3750.0
3750.0
3212.906486232829
589.5628238086322
3750.0
-3271.5801842802257
-3664.3224346395145
-3655.3202179298296
-3750.0
-3750.0
-3750.0
-3750.0
-3750.0
3750.0
3750.0
3750.0
3750.0
3750.0
3750.0
3750.0
3750.0
-3576.5094146993315
-3750.0
-3750.0
3750.0
3750.0
3750.0
3750.0
-3750.0
3750.0
-3750.0
3750.0
3750.0
3750.0
3750.0
3750.0
3750.0
3750.0
3750.0
-3750.0
-3750.0
-3750.0
-3750.0
3750.0
3750.0
3750.0
3750.0
3750.0
3750.0
3522.727272727271
2361.1111111111586
3750.0
-1764.2667551426687
-2215.0455166656184
-2940.7335192366063
-3321.0656928237086
-3750.0
-3750.0
3750.0
3750.0
3750.0
3750.0
3750.0
3750.0
3750.0
-3750.0
-3640.602418113801
-3750.0
-3750.0
-3750.0
-3750.0
3750.0
3750.0
3750.0
3750.0
3750.0
3750.0
3750.0
3750.0
-3750.0
3750.0
3750.0
3750.0
3750.0
3750.0
-3646.426981371317
-3750.0
-3750.0
-3750.0
-3750.0
3750.0
3750.0
3750.0
3750.0
3750.0
3750.0
3750.0
3750.0
3750.0
-750.0000000000007
1221.5909090909088
-219.36656282451077
3750.0
32.27006900776246
3750.0
3750.0
-3469.598583234948
3750.0
3750.0
3750.0
3750.0
3750.0
-3291.88247901411
-3417.617195758655
-2350.0603168277867
-1859.1391155318595
1346.229908303184
3750.0
2096.5468641211346
3750.0
3750.0
0.0
0.0
0.0
0.0
3750.0
3750.0
2268.0040008890865
-871.2121212121214
-160.92327698309418
-1226.5363903250816
-1223.665606224294
64.5089965237787
370.7533758126301
405.94549310596926
1395.2287421051012
2035.96738082871
-1666.6666666666667
1298.3367359193003
3068.1616138327745
0.0
0.0
0.0
0.0
0.0
0.0
-378.7878787878788
-294.94382022472473
3750.0
-1606.442119032048
-2704.97307775795
-1445.5617987994167
-862.5012776315698
357.6057274936504
3750.0
3750.0
3750.0
3750.0
-3750.0
-3750.0
-3750.0
-3423.185959100465
-1806.646319153594
3750.0
2723.2965613932292
3750.0
3750.0
2081.7179786241177
3750.0
0.0
0.0
0.0
0.0
0.0
3750.0
-604.3515549257954
-1350.637640546539
-1579.5429463335813
-1728.9185739992963
-1466.3835391643972
2373.5195033494783
3750.0
3750.0
3750.0
-3522.266273280473
-3614.514010729532
-3750.0
-3750.0
-3750.0
3750.0
3750.0
3750.0
3750.0
3750.0
3750.0
3750.0
3750.0
3750.0
2578.856030064111
3750.0
3750.0
3750.0
3750.0
-3750.0
-3750.0