Demand
3750.0
3750.0
3750.0
3750.0
3750.0
3750.0
3750.0
3750.0
3750.0
3750.0
3750.0
3750.0
3750.0
3750.0
3750.0
-3750.0
3750.0
3750.0
3750.0
3750.0
3750.0
-3750.0
-3750.0
-3750.0
-3750.0
-3750.0
-3750.0
-3750.0
-3750.0
3750.0
3750.0
3750.0
3750.0
3750.0
3750.0
3750.0
3750.0
-2485.4565174521795
-2632.638955464361
-2105.523412044956
1132.1836729177385
3750.0
3750.0
3750.0
-3750.0
-3750.0
-3750.0
3750.0
3750.0
3750.0
3750.0
3750.0
-3750.0
-3750.0
-2981.805929919138
-1178.4726699979676
3750.0
3750.0
3750.0
3750.0
1710.022641069444
2193.080912212355
3750.0
0.0
0.0
-1363.6363636363637
-414.16566626650547
-1320.626946408035
-944.6444637475813
3750.0
3750.0
-3096.371918200931
-3378.14546873008
-3750.0
-3750.0
-3750.0
3750.0
3750.0
3750.0
3750.0
3750.0
-3750.0
-3750.0
-3750.0
-3750.0
-3750.0
-3750.0
3750.0
3750.0
3750.0
3750.0
3750.0
3750.0
3750.0
3750.0
3750.0
3750.0
3750.0
3750.0
-3750.0
-3750.0
-3750.0
3750.0
3750.0
3750.0
3750.0
3750.0
3750.0
3750.0
-3750.0
-3750.0
-3594.2963286713293
-3750.0
-1745.4292992625462
3750.0
3750.0
3750.0
3750.0
3750.0
3750.0
3750.0
3750.0
-3750.0
-3750.0
-3750.0
3750.0
3750.0
3750.0
3750.0
3750.0
3750.0
3750.0
-3750.0
3750.0
3750.0
3750.0
3750.0
3750.0
3750.0
-3750.0
-3750.0
-3750.0
-3750.0
3750.0
3750.0
3750.0
3750.0
3750.0
3750.0
3750.0
-3750.0
-3647.2880439679266
-3750.0
-3750.0
3750.0
3750.0
3750.0
3750.0
3750.0
3750.0
3750.0
3750.0
3750.0
-3641.138273491214
-3750.0
3750.0
3750.0
3750.0
-3750.0
-3750.0
-3750.0
-3750.0
-3750.0
-3750.0
-3750.0
3750.0
3750.0
3750.0
3750.0
3750.0
3750.0
3750.0
3750.0
3750.0
-3750.0
3750.0
3750.0
3750.0
3750.0
-3750.0
3750.0
3750.0
3750.0
3750.0
3750.0
-3750.0
-3750.0
-3417.1208876776336
-3045.924599561409
-1571.19179012518
517.6980989017306
3750.0
3750.0
3750.0
3750.0
3750.0
3750.0
3750.0
3750.0
3750.0
-3750.0
-3750.0
-3750.0
-3750.0
3750.0
3750.0
3750.0
3750.0
3750.0
3750.0
-3750.0
-3750.0
-3750.0
-3750.0
-3750.0
3750.0
3750.0
3750.0
3750.0
3750.0
3750.0
3750.0
3750.0
3750.0
3750.0
3750.0
-3750.0
-3750.0
-3750.0
-3750.0
-3750.0
-3750.0
-3750.0
3750.0
3750.0
3750.0
3750.0
3750.0
3750.0
3750.0
-3750.0
-3750.0
-3750.0
-3750.0
-3750.0
-3085.664335664338
3750.0
3750.0
3750.0
3750.0
3750.0
3750.0
3750.0
3750.0
3750.0
3750.0
-3750.0
-3750.0
-3750.0
-3750.0
-3750.0
3750.0
3750.0
3750.0
3750.0
3750.0
3750.0
-980.2085442397256
1471.656256828853
2251.8527580714335
2652.345687618412
-1742.4242424242427
-1178.5714285714294
-1191.8529106029098
-562.8219816787723
3750.0
3750.0
-3123.8884820587937
-3610.0896825520895
-3750.0
3750.0
3750.0
3750.0
3750.0
3750.0
-3750.0
3750.0
3750.0
3750.0
-3750.0
3750.0
3750.0
3750.0
3750.0
3750.0
-3750.0
-3750.0
-3750.0
-3750.0
3750.0
3750.0
3750.0
3750.0
3750.0
3750.0
3750.0
3750.0
-3750.0
-3750.0
-3750.0
-3750.0
-3750.0
-3750.0
3750.0
3750.0
3750.0
3750.0
3750.0
3750.0
3750.0
3750.0
3750.0
-2116.093366093367
-2774.766942882512
-3750.0
3750.0
3750.0
3750.0
3750.0
3750.0
-3750.0
-3750.0
-3750.0
-3750.0
3750.0
3750.0
3750.0
3750.0
3750.0
3750.0
3750.0
960.7438016528804
3750.0
3750.0
3750.0
3750.0
-3750.0
-3750.0
3750.0
3750.0
3750.0
3750.0
-3750.0
-3750.0
-3750.0
-3750.0
-3750.0
3750.0
3750.0
3750.0
3750.0
3750.0
3750.0
3750.0
3750.0
3750.0
3750.0
-3750.0
-3750.0
-3750.0
-3750.0
-3750.0
-3750.0
3750.0
3750.0
3750.0
3750.0
3750.0
3750.0
3750.0
3750.0
3750.0
-3651.9523522834797
-3750.0
-3750.0
-3750.0
3750.0
3750.0
3750.0
3750.0
3750.0
3750.0
3750.0
-3750.0
-3750.0
-3750.0
3750.0
3750.0
3750.0
3750.0
3750.0
3750.0
-3750.0
-3750.0
3750.0
3750.0
3750.0
3750.0
3750.0
3750.0
3750.0
3750.0
3750.0
3750.0
2946.5034965034856
2180.075885958622
433.280584304036
1587.6283383334073
3750.0
-1971.9251336898415
-2328.4284959802835
-2610.48524984109
-2710.3515525210505
-2811.6003710470677
-2916.7192456910834
-2135.3068863260687
-2208.106119708842
1944.2209473756402
3750.0
3750.0
3399.3661909405173
3750.0
3750.0
275.54136223056094
3750.0
3750.0
3750.0
3750.0
3750.0
-271.2105161787358
-831.7495397269752
-1749.271275363143
-1981.0185063528925
-2209.0525099923852
-2439.752418961939
-2694.6234294057385
-3177.3958792557014
3750.0
3750.0
3750.0
3750.0
3750.0
3750.0
3750.0
3750.0
-3750.0
-3309.6661267591335
-3750.0
-3750.0
3750.0
3750.0
3750.0
3750.0
3750.0
3750.0
3750.0
3750.0
3750.0
-3750.0
-3750.0
-3750.0
3750.0
3750.0
3750.0
3750.0
-3750.0
-3750.0
-1727.8270509977883
3750.0
3750.0
3750.0
3750.0
3750.0
3750.0
3750.0
3750.0
-3750.0
-3750.0
-3750.0
-3750.0
3750.0
3750.0
3750.0
3750.0
3750.0
3750.0
3750.0
3750.0
3750.0
-3750.0
-3750.0
-3750.0
-3239.643645914166
-2685.041473993805
-52.09182753094774
992.9449085838451
-1039.388877806843
-2136.203005506174
-1261.3389811243906
3750.0
3750.0
3750.0
3750.0
3750.0
3750.0
-3750.0
-3750.0
-3750.0
3750.0
3750.0
3750.0
3750.0
3750.0
-3246.8022913642253
-3205.34968479514
-2948.4250000488173
-2167.574111381101
-2460.981535930586
-2016.9958654204675
3750.0
3750.0
-1642.2386423889866
-1765.9622490696663
3750.0
1274.177880655906
3750.0
3750.0
3750.0
3750.0
-3750.0
-3750.0
-3750.0
-3750.0
3750.0
3750.0
3750.0
3750.0
3750.0
3750.0
3750.0
3750.0
-3750.0
-3750.0
-3750.0
3750.0
3750.0
3750.0
3750.0
3750.0
3750.0
-3750.0
-3750.0
-3750.0
-3750.0
3750.0
3750.0
3750.0
3750.0
3750.0
-3750.0
-3750.0
-3750.0
-2159.0909090909126
-1576.0869565217445
3750.0
3750.0
3750.0
3750.0
3750.0
3750.0
3750.0
994.5972495088245
3750.0
3750.0
-3517.283614589004
-3750.0
-3750.0
-3750.0
3750.0
3750.0
3750.0
3750.0
3750.0
-3750.0
-3750.0
-3646.363636363637
-3750.0
-3750.0
-3750.0
-3750.0
3750.0
3750.0
3750.0
3750.0
3750.0
3750.0
3750.0
3750.0
3750.0
-3750.0
-3750.0
-3750.0
-3750.0
-3750.0
3750.0
3750.0
3750.0
3750.0
3750.0
3750.0
3750.0
3750.0
3750.0
3750.0
3750.0
-3646.363636363637
-3629.27977892527
3750.0
-753.8812676490681
626.9248129234195
-830.3825396667744
-532.5071780111018
150.137463208363
3623.116916556407
-1984.7192794129815
3750.0
3750.0
3750.0
3750.0
-3662.590746654545
-2605.234038606841
-2979.3745395152246
-2971.127831795403
3750.0
3750.0
3750.0
3750.0
3750.0
-681.8181818181819
3750.0
3750.0
3750.0
3750.0
3750.0
0.0
-227.27272727272728
2066.326530612243
-871.2121212121214
-50.268096514743775
-1109.4737825321745
-633.2855773635972
3750.0
-2159.0909090909095
598.1946092558046
1159.4384699993045
1954.711578784672
2115.578468653142
2090.743107357721
3593.2801406122207
0.0
0.0
0.0
0.0
3750.0
3750.0
3750.0
-564.3402399127583
-1218.063020860361
-1849.136380343486
-2853.0274981292687
-1945.500218824769
-1789.1342067109538
-1856.08502009752
-150.13735948372914
3750.0
3750.0
3750.0
3750.0
-3750.0
-3750.0
-3443.450721058083
-1837.8397482480623
3750.0
2794.8898573456663
3750.0
3750.0
-1477.2727272727275
3750.0
0.0
0.0
3750.0
3750.0
3750.0
3750.0
3750.0
3750.0
3750.0
3750.0
3750.0
3750.0
3750.0
3750.0
3750.0
-3366.1616161616175
-3329.20861690759
3750.0
3750.0
3750.0
3750.0
3750.0
3750.0
3750.0
-1862.2284794851178
-2561.7428007053322
-2388.4564805107875
-1965.941266246482
-2222.707482802609
-2831.1046145925457
-3750.0
3750.0
3750.0
3750.0
3750.0
3750.0