Demand
-3750.0
-3750.0
-3750.0
3750.0
3750.0
3750.0
3750.0
3750.0
3750.0
3750.0
3750.0
3750.0
3750.0
3750.0
3750.0
3750.0
3750.0
3750.0
3750.0
-3750.0
-3750.0
-3750.0
-3750.0
3750.0
3750.0
3750.0
3750.0
3750.0
3750.0
3750.0
-3750.0
-3750.0
-3750.0
-3750.0
-3750.0
3750.0
3750.0
3750.0
3750.0
3750.0
3750.0
3750.0
3750.0
-3750.0
-3750.0
-3750.0
-3750.0
-3750.0
3750.0
3750.0
3750.0
3750.0
3750.0
3750.0
3750.0
3750.0
3750.0
3189.9350649350654
2193.022995678743
1567.7467003401844
99.82399541602013
655.0233421676403
3750.0
0.0
0.0
-1363.6363636363637
-387.9310344827579
-1180.1295160190878
3193.415318829507
-3068.1818181818185
-2697.1032745591947
-2892.923517805566
-3245.532478150004
-3750.0
-3750.0
-3750.0
3750.0
3750.0
3750.0
3750.0
3750.0
3750.0
3750.0
-3750.0
3750.0
3750.0
3750.0
3750.0
3750.0
-3750.0
-3750.0
-3750.0
-3750.0
-3750.0
-3750.0
3750.0
3750.0
3750.0
3750.0
3750.0
3750.0
-3750.0
-3750.0
-3750.0
-3750.0
-3750.0
3750.0
3750.0
3750.0
3750.0
3750.0
3750.0
3750.0
-2639.610389610393
3750.0
3750.0
3750.0
-3750.0
-3750.0
-3750.0
3750.0
3750.0
3750.0
3750.0
3750.0
3750.0
-3659.537963447896
-3525.4730391267576
-3423.412943638459
-3314.961472414456
3750.0
3750.0
3750.0
3750.0
3750.0
-3750.0
-3750.0
-3750.0
-3750.0
3750.0
3750.0
3750.0
3750.0
3750.0
-3750.0
-3750.0
3750.0
3750.0
3750.0
3750.0
3750.0
3750.0
3750.0
-3750.0
3750.0
-3630.9829746225514
-1876.0588241707128
-802.4854479672204
889.5360675211596
1551.2472257752322
302.6723858711059
-144.95257464710676
1030.5397678445754
3750.0
3750.0
3750.0
3750.0
3750.0
3750.0
-3750.0
-3750.0
-3750.0
-3750.0
-3750.0
-3750.0
3750.0
3750.0
3750.0
3750.0
3750.0
3750.0
3750.0
3750.0
3750.0
-3750.0
3750.0
3750.0
3750.0
-3750.0
-3750.0
-3750.0
-3750.0
3750.0
3750.0
3750.0
3750.0
3750.0
-3583.649496570846
-3471.423161570159
-3212.595741728066
-3487.3470265859532
-3564.195595440802
-3345.6109090081154
3750.0
3750.0
3750.0
3750.0
3750.0
3750.0
3750.0
-3750.0
3750.0
3750.0
3750.0
-3750.0
-3750.0
-3750.0
-3750.0
3750.0
3750.0
3750.0
3750.0
3750.0
-3750.0
-3750.0
-3750.0
-3750.0
-3750.0
-3750.0
-3123.1671554252216
3750.0
-3750.0
3750.0
3750.0
3750.0
3750.0
3750.0
3750.0
3750.0
3750.0
3750.0
3750.0
3750.0
-3750.0
-3750.0
-3750.0
-3750.0
3750.0
3750.0
3750.0
3750.0
3750.0
3750.0
3750.0
3750.0
-3623.365408044796
-3750.0
-3750.0
-3750.0
3750.0
3750.0
3750.0
3750.0
3750.0
3750.0
3750.0
3750.0
3750.0
-3750.0
-3750.0
-3750.0
-3750.0
3750.0
3750.0
3750.0
3750.0
3750.0
3750.0
3750.0
3750.0
3750.0
3750.0
3750.0
-1509.6981488032072
-1969.1198769727853
-2148.878402544977
-2549.710019946332
-3007.4479343060257
-3599.67888881374
-3750.0
-3750.0
3750.0
3750.0
3750.0
3750.0
3750.0
3750.0
3750.0
3750.0
3750.0
-3750.0
-3750.0
-3750.0
-3750.0
-3750.0
3750.0
3750.0
3750.0
3750.0
3750.0
3750.0
3750.0
3750.0
3750.0
-3750.0
-3750.0
-3750.0
-3750.0
-3750.0
3750.0
3750.0
3750.0
3750.0
3750.0
3750.0
3750.0
2504.2761481912776
2682.7488022119255
-974.4993572780659
-902.5132804169377
-1488.182027584857
-1577.6735630296705
-1758.1297905385081
3750.0
3750.0
3750.0
-3750.0
-3750.0
-3750.0
-3750.0
-3750.0
-3750.0
-3750.0
3750.0
3750.0
3750.0
3750.0
3750.0
3750.0
3750.0
3750.0
3750.0
-3750.0
-3750.0
-3750.0
-3750.0
-3750.0
-3750.0
3750.0
3750.0
3750.0
3750.0
3750.0
3750.0
-3750.0
-3750.0
-3750.0
-3750.0
-3750.0
3750.0
3750.0
3750.0
3750.0
3750.0
3750.0
3750.0
3750.0
3750.0
-3750.0
-3750.0
-3750.0
3750.0
3750.0
3750.0
3750.0
3750.0
3750.0
-3750.0
-3750.0
3750.0
3750.0
3750.0
3750.0
3750.0
3750.0
3750.0
3750.0
3750.0
3750.0
-3429.002413515689
-2768.749868814565
3750.0
3750.0
3750.0
3750.0
3750.0
3750.0
-3750.0
-3750.0
3750.0
3750.0
3750.0
3750.0
3750.0
3750.0
3750.0
-3332.3359874945063
-2570.817467081257
-2267.7820576042086
-1837.5083744961194
2973.424126923689
-346.8948690199486
2800.252246645939
3750.0
3750.0
3750.0
1231.6832380721341
362.0591300102558
16.04179463695641
3750.0
3750.0
-3295.454545454546
-2742.062244577178
-2786.7128157546977
-2782.925209256311
-1107.3511771681806
3750.0
3750.0
3750.0
2844.3941498613112
3750.0
-2916.6666666666665
-132.94937232721531
-1303.907684557178
-968.2783875204311
3750.0
3750.0
3750.0
3750.0
3750.0
-2537.878787878788
-50.41724617524733
-35.08769123472075
418.99414659176546
2692.9222720443213
2378.3996624701076
3750.0
3750.0
3750.0
3750.0
-3750.0
-3014.7420147420153
-3750.0
3750.0
3750.0
3750.0
3750.0
3750.0
3750.0
-3750.0
-2312.5285942854534
402.3125363179747
392.8430335037842
-1970.4419514358042
-1577.5025623703104
-2304.447801907746
-2651.0529706587477
-3315.608863650429
3750.0
3750.0
3750.0
3750.0
3750.0
3750.0
3750.0
3750.0
-3750.0
-3220.0413223140504
-3196.9444489364496
-3750.0
3750.0
3750.0
3750.0
3750.0
3750.0
3750.0
3750.0
-3750.0
-3750.0
-3750.0
-3750.0
-3157.5665188470084
-3607.0733592236274
-3750.0
-3750.0
3750.0
3750.0
3750.0
3750.0
3750.0
3750.0
3750.0
3750.0
3750.0
-1449.0875650886162
-950.5667349826883
-2179.2931470225603
-2982.2907343613933
-3216.52983919954
-3563.7824374996108
-3750.0
3750.0
3750.0
3750.0
3750.0
3750.0
3750.0
3750.0
-3750.0
-3750.0
-3750.0
-3750.0
-3750.0
3750.0
2837.0570107858052
3750.0
3750.0
3750.0
3750.0
-1893.939393939394
3750.0
-1680.4979253112042
-1818.9215673641138
3750.0
817.971521580597
3750.0
3750.0
3750.0
3750.0
-3750.0
-3750.0
-3750.0
-3750.0
-3750.0
3750.0
3750.0
3750.0
3750.0
3750.0
-3750.0
-3498.9429175475707
-3750.0
3750.0
3750.0
3750.0
3750.0
-3303.2915360501565
-3750.0
1052.4404416036703
3750.0
3750.0
3750.0
3750.0
3750.0
3750.0
-3750.0
-3750.0
-3750.0
3750.0
3750.0
3750.0
3750.0
3750.0
3750.0
3750.0
3750.0
-2538.423806409418
2312.342110376998
-1714.8285065797054
3750.0
3750.0
-2125.8480325644514
-2541.5843219388416
-3152.6132540363524
-3470.9314954861948
-3750.0
-3750.0
-3750.0
-3750.0
-3750.0
3750.0
3750.0
3750.0
3750.0
3750.0
3750.0
3750.0
3750.0
-3750.0
-3750.0
-3750.0
-3750.0
3750.0
3750.0
3750.0
3750.0
3750.0
3750.0
-3750.0
-3750.0
-3750.0
3750.0
3750.0
3750.0
3750.0
3750.0
3750.0
-3750.0
-3750.0
-3750.0
-2221.654749744639
-963.8280344175155
3750.0
3750.0
3750.0
3750.0
3750.0
3750.0
-1529.2207792207791
-323.3088610576747
-1185.6742812967177
843.1162352921417
3750.0
3750.0
3750.0
-3649.3542528503685
-2922.511764342563
-3500.223659881649
3750.0
3750.0
3750.0
3750.0
3750.0
-1651.5315138425303
-662.3631943268863
3750.0
3750.0
3750.0
3750.0
3750.0
3750.0
0.0
0.0
0.0
3750.0
3750.0
3462.7872127872097
-871.2121212121214
192.85714285714585
-790.3777041787014
3750.0
751.1556240369791
968.0224734542558
819.541364617523
1462.471232739552
2222.8819417050718
1983.3649392158516
1480.4139855497294
-643.939393939394
3750.0
3750.0
3750.0
3750.0
0.0
0.0
-378.7878787878788
-612.2448979591845
-1252.4187648960524
-1866.742528302755
-2851.782386928314
-1885.0734443897445
-1598.4372869315396
-1254.9721379235789
3750.0
3750.0
3750.0
3750.0
-3750.0
-3750.0
-3750.0
3750.0
3750.0
3750.0
3750.0
3750.0
3750.0
3750.0
-303.03030303030306
3750.0
3750.0
0.0
0.0
0.0
-568.1818181818182
-903.846153846154
-1611.2630666738878
-1892.4177795327112
-2160.9074237549867
-2307.668593187539
-2376.210808878309
-1605.5834322308237
3750.0
3750.0
3750.0
3750.0
-3750.0
-3750.0
-3750.0
2994.9286250939103
3240.0171568805026
-798.0142396254823
3750.0
3750.0
3750.0
3750.0
3750.0
3750.0
3750.0
-3750.0
-3750.0
-3750.0
-3750.0
-3750.0
-3750.0