Demand
3750.0
3750.0
3750.0
3750.0
3750.0
3750.0
3750.0
3750.0
3750.0
3750.0
3750.0
3750.0
3750.0
3750.0
3750.0
3750.0
-3750.0
-3750.0
-3750.0
3750.0
3750.0
3750.0
3750.0
3750.0
3750.0
-3750.0
-3750.0
-3750.0
-3750.0
3750.0
3750.0
3750.0
3750.0
3750.0
3750.0
3750.0
108.80077369439869
3750.0
3750.0
3750.0
3750.0
-2891.7278373800127
-3203.0132423264013
-3750.0
-3750.0
3750.0
3750.0
3750.0
3750.0
3750.0
-3750.0
-3750.0
-3750.0
-3750.0
3750.0
3750.0
3750.0
3750.0
3750.0
3750.0
3750.0
3750.0
3750.0
3750.0
3750.0
1666.356106147303
-627.7114952222519
-1539.3339726996908
-1639.270430908073
57.12343135477954
3750.0
3750.0
-3437.2141942564485
-3750.0
-3750.0
-3750.0
-3750.0
3750.0
3750.0
3750.0
3750.0
3750.0
-3750.0
3750.0
-3750.0
-3750.0
-3750.0
-3750.0
-3750.0
3750.0
3750.0
3750.0
3750.0
3750.0
3750.0
3750.0
3750.0
3750.0
-3750.0
-3750.0
-3750.0
-3750.0
-3750.0
3750.0
3750.0
3750.0
3750.0
3750.0
3750.0
3750.0
-3750.0
-3655.268406182484
-3750.0
-3345.7262301960445
-3750.0
-3750.0
3750.0
3750.0
3750.0
3750.0
3750.0
3750.0
3750.0
3750.0
-3750.0
-3750.0
-3624.6334310850452
-3293.398582287484
3750.0
3750.0
3750.0
3750.0
3750.0
-3750.0
-3750.0
-3750.0
-3750.0
3750.0
3750.0
3750.0
3750.0
3750.0
3750.0
3750.0
3750.0
3750.0
-3750.0
-3750.0
-3750.0
-3750.0
-3750.0
-3483.992906477508
-3750.0
3750.0
3750.0
3750.0
3750.0
3750.0
3750.0
3750.0
3750.0
3750.0
3750.0
3750.0
3750.0
-3750.0
-3750.0
-3750.0
3750.0
3750.0
3750.0
3750.0
3750.0
3750.0
-3750.0
-3750.0
-3750.0
-3340.5172413793116
-3750.0
-3750.0
3750.0
3750.0
3750.0
3750.0
3750.0
3750.0
3750.0
3750.0
3750.0
-3750.0
-3750.0
-3750.0
3750.0
3750.0
3750.0
3750.0
3750.0
3750.0
3750.0
3750.0
-3589.9580450612184
-3661.3789616557615
-3647.996624420817
-3624.991359080417
-3750.0
-3750.0
3750.0
3750.0
3750.0
3750.0
3750.0
3750.0
3750.0
-3750.0
3750.0
3750.0
3750.0
3750.0
3750.0
-3750.0
-3750.0
3750.0
3750.0
3750.0
3750.0
3750.0
3750.0
3750.0
-3750.0
-3510.655049338654
-1843.3146140328854
3750.0
3750.0
3750.0
-3750.0
-3750.0
-3750.0
-3750.0
-3750.0
-3750.0
-3750.0
-3750.0
3750.0
3750.0
3750.0
3750.0
3750.0
3750.0
3750.0
3750.0
3750.0
-3750.0
3750.0
-3750.0
-3750.0
-3534.4900016803904
-3750.0
3750.0
3750.0
3750.0
3750.0
3750.0
3750.0
3750.0
3750.0
-3750.0
-3750.0
-3750.0
-3750.0
-3750.0
-3750.0
3750.0
3750.0
3750.0
3750.0
3750.0
3750.0
3750.0
3050.3907067606206
3750.0
3750.0
1111.4025631434158
-1048.2699338248894
-1317.4868890913776
-1642.9665617842327
-1472.1775319575052
-1121.4390593653527
3750.0
3750.0
3750.0
3750.0
-3750.0
-3750.0
-3750.0
-3750.0
-3750.0
3750.0
3750.0
3750.0
3750.0
3750.0
-3750.0
-3750.0
-3750.0
-3750.0
-3750.0
3750.0
3750.0
3750.0
3750.0
3750.0
3750.0
3750.0
3750.0
3750.0
3750.0
-3750.0
-3750.0
-3750.0
-3750.0
3750.0
3750.0
3750.0
3750.0
3750.0
-2675.1198239962296
2691.9715691011515
3053.0838397781026
-713.2398784833915
-707.9510613529994
-1427.9168019591443
-1754.0293739083909
-2413.8242747308486
-3073.5362276660653
-3750.0
-3750.0
3750.0
3750.0
3750.0
3750.0
3750.0
3750.0
-3750.0
-3750.0
-3750.0
-3750.0
-3750.0
3750.0
3750.0
3750.0
3750.0
3750.0
3750.0
-3750.0
-3750.0
-3750.0
-3750.0
-3750.0
-3750.0
3750.0
3750.0
3750.0
3750.0
3750.0
3750.0
3750.0
3750.0
3750.0
3750.0
3750.0
3750.0
3750.0
3750.0
3750.0
-3750.0
-3750.0
-3750.0
-3750.0
-3750.0
3750.0
3750.0
3750.0
3750.0
3750.0
3750.0
3750.0
-3750.0
-3750.0
-3750.0
-3750.0
-2060.2766798419116
3750.0
3750.0
3750.0
3750.0
3750.0
3750.0
-3750.0
-2824.796600429482
-2064.6852145466464
3750.0
3750.0
3750.0
3750.0
3750.0
3750.0
-3750.0
-3750.0
-3750.0
-3750.0
-3750.0
-3750.0
-3750.0
-3750.0
3750.0
3750.0
3750.0
3750.0
3750.0
3750.0
3750.0
3750.0
3750.0
101.12580366016459
170.8041218057449
439.49582135220726
-371.1788404184283
-985.3299998951579
-1660.7918886018085
-533.9001760232775
-107.20179880423348
3750.0
1260.5705686090948
3750.0
3750.0
-3000.7751763807137
-3206.187910785701
-2730.659340218911
-2574.9252977179103
-2174.501027354261
-1653.9130843901285
2956.9613228938815
3091.9387265200603
-109.22588751222384
3750.0
3750.0
3750.0
3750.0
-2121.2121212121215
3750.0
1614.7058823529499
3750.0
-2251.855287569574
-2496.3175733067046
-2758.6587436702594
-3069.6932439152106
-3548.802502183965
-3750.0
3750.0
3750.0
3750.0
3750.0
3750.0
3750.0
-3750.0
3750.0
3750.0
-3750.0
3750.0
3750.0
3750.0
3750.0
3750.0
3750.0
3750.0
3750.0
3750.0
-3659.2395227378884
-3750.0
-3750.0
-3750.0
-3750.0
-3750.0
-3750.0
3750.0
3750.0
3750.0
3750.0
3750.0
3750.0
3750.0
3750.0
3750.0
-3750.0
-3750.0
-3587.4378055109464
-3750.0
3750.0
3750.0
3750.0
3750.0
3750.0
-3641.1943032267473
-3750.0
-3750.0
-3750.0
3750.0
3750.0
3750.0
3750.0
3750.0
3750.0
-2905.766075078057
-1339.915035486306
3750.0
3750.0
2940.1018014448464
-675.4834466974844
3750.0
3750.0
3750.0
3750.0
-3750.0
-3750.0
3750.0
3750.0
3750.0
3750.0
3750.0
-3750.0
-3750.0
-3750.0
-3750.0
-1797.9452054794529
451.16311942166885
3750.0
3750.0
3750.0
3750.0
3750.0
3750.0
3750.0
2242.8384691868014
3750.0
3750.0
-3534.603757287844
-2874.910352875394
3750.0
3750.0
3750.0
3750.0
3750.0
3750.0
-3750.0
-3750.0
-3750.0
-3750.0
-3750.0
-3750.0
3750.0
3750.0
3750.0
3750.0
3750.0
3750.0
3750.0
3750.0
3750.0
-3545.2749620879567
-3750.0
-3750.0
-3750.0
3750.0
3750.0
3750.0
3750.0
3750.0
3750.0
-3750.0
-3750.0
-3750.0
-3750.0
3750.0
1855.1601005636103
3750.0
3750.0
3750.0
3750.0
3750.0
-1775.4041570438822
-315.32927597208027
3750.0
3750.0
3750.0
3750.0
3750.0
3750.0
-3750.0
-3750.0
-3750.0
-3750.0
-3750.0
-3750.0
3750.0
3750.0
3750.0
3750.0
3750.0
3750.0
3750.0
3750.0
3750.0
-3750.0
-3473.8491021058526
-3750.0
-3750.0
-3750.0
-3750.0
-3750.0
-3750.0
3750.0
3750.0
3750.0
3750.0
3750.0
3750.0
3750.0
3750.0
3750.0
-3750.0
-2942.3237549943915
-3234.1720887047595
-3213.881159006535
-218.68642566876997
3750.0
3750.0
3750.0
3750.0
3750.0
3750.0
3750.0
3750.0
-1890.4958677685954
3750.0
3750.0
3750.0
-3279.3059786398508
-3665.8976611618345
-3657.380954729767
-3645.000188789367
-2378.9809269164243
-2850.200289708414
-2921.4385901152955
2260.416837687226
3750.0
3750.0
3750.0
3750.0
3750.0
3750.0
0.0
0.0
3750.0
3750.0
3750.0
3750.0
-871.2121212121214
3750.0
570.2689046091652
-733.5636655751841
-811.869859477486
466.67174993278286
644.8774230610952
496.62917557503147
1036.0485799342753
1824.7315979115972
2047.2816854188168
2109.290937228576
3750.0
0.0
0.0
0.0
0.0
0.0
3750.0
3750.0
58.47916562202249
-725.347281049606
-1474.8917816961293
-2672.5517523996496
-1570.6525280686783
-1418.8076273633549
-1646.7357616360914
-1229.8899697295672
3750.0
3750.0
3750.0
3750.0
3750.0
3750.0
-3389.4838927306464
-1425.741961717148
3750.0
3750.0
3750.0
3750.0
2270.4031341714117
3750.0
0.0
0.0
0.0
3750.0
0.0
-568.1818181818182
-446.42857142856633
3750.0
-1645.8162428219848
-1939.201119674036
-2097.827200713492
-2184.539066151011
-1544.9372881122226
3750.0
3750.0
3750.0
3750.0
3750.0
-3750.0
-3750.0
-1510.9427609427637
-964.508447230025
-2145.977306688156
-1891.194695432062
3750.0
3750.0
3750.0
3750.0
3750.0
3750.0
3750.0
3750.0
-3750.0
-3750.0
-3750.0
-3750.0