Demand
3750.0
3750.0
3750.0
3750.0
3750.0
3750.0
3750.0
3750.0
3750.0
3750.0
3750.0
3750.0
3750.0
3750.0
3750.0
3750.0
3750.0
3750.0
3750.0
3750.0
3750.0
3750.0
3750.0
3750.0
3750.0
3750.0
3750.0
3750.0
3750.0
3750.0
3750.0
3750.0
3750.0
3750.0
-3750.0
-3750.0
-2379.320133484508
-2131.3767043054268
-2413.0302501889355
-2151.3789555488
-1876.4227158572942
-1483.0239893094488
-896.1177850415645
3750.0
3750.0
3750.0
3750.0
3750.0
3750.0
3750.0
-3750.0
-3750.0
-3750.0
-3750.0
3750.0
3750.0
3750.0
3750.0
3750.0
3095.898004434591
1078.2606895790395
1727.8504691645426
3750.0
3750.0
0.0
-1363.6363636363637
-563.725490196078
-1489.9011419805684
-1573.818859698354
326.36763668000776
3750.0
3750.0
-3299.407114624507
-3750.0
-3750.0
-3750.0
-3750.0
3750.0
3750.0
3750.0
3750.0
3750.0
3750.0
3750.0
3750.0
3750.0
3750.0
3750.0
3750.0
3750.0
3750.0
-3750.0
-3750.0
-3750.0
3750.0
3750.0
3750.0
3750.0
-3750.0
-3750.0
-3750.0
-3750.0
-3750.0
-3750.0
3750.0
3750.0
3750.0
3750.0
3750.0
3750.0
3750.0
3750.0
3750.0
3750.0
-3750.0
-3750.0
-3750.0
-3750.0
-3750.0
-3750.0
3750.0
3750.0
3750.0
3750.0
3750.0
3750.0
3750.0
3750.0
3750.0
3750.0
3750.0
-3750.0
-3750.0
-3750.0
-3750.0
-3750.0
-3750.0
-3750.0
3750.0
3750.0
3750.0
3750.0
3750.0
3750.0
3750.0
3750.0
3750.0
-3750.0
-3750.0
-3750.0
3750.0
3750.0
3750.0
3750.0
3750.0
3750.0
3750.0
-2354.3899066712765
-1776.376262082238
-1573.6737882168982
-2060.019588605739
-2454.403046179302
-2993.9565665428745
3750.0
3750.0
3750.0
3750.0
3750.0
-3750.0
-3750.0
-3750.0
3750.0
3750.0
3750.0
3750.0
3750.0
3750.0
3750.0
-3750.0
-3750.0
-3750.0
-3514.676740153581
-3750.0
-3750.0
-3750.0
3750.0
3750.0
3750.0
3750.0
3750.0
3750.0
3750.0
-3750.0
-3750.0
-3750.0
-3750.0
-3750.0
3750.0
3750.0
3750.0
3750.0
3750.0
-3636.833252619729
-3605.6848779575776
-3750.0
-3750.0
3750.0
3750.0
3750.0
3750.0
3750.0
3750.0
3750.0
-3750.0
-3750.0
-3750.0
-3750.0
-3750.0
-3750.0
-3750.0
3750.0
3750.0
3750.0
3750.0
3750.0
3750.0
3750.0
3750.0
3750.0
3750.0
-3261.1492281303617
-3750.0
-3750.0
-3750.0
-3750.0
-3750.0
-3750.0
3750.0
3750.0
3750.0
3750.0
3750.0
3750.0
3750.0
3750.0
3750.0
3750.0
-3750.0
-3750.0
-3750.0
-3750.0
-3750.0
-3750.0
3750.0
3750.0
3750.0
3750.0
3750.0
3750.0
3750.0
3750.0
3750.0
3750.0
3750.0
3750.0
3750.0
-3750.0
-3750.0
-3750.0
-3750.0
-3750.0
-3750.0
-3750.0
3750.0
3750.0
3750.0
3750.0
3750.0
3750.0
3750.0
3750.0
1079.4788447191725
-1092.5637112074376
-1211.9002873064128
-1151.2552558851976
3085.7842641338584
944.4181264528386
3750.0
-3641.3816758981666
-3750.0
-3750.0
-3750.0
-3750.0
-3750.0
3750.0
3750.0
3750.0
3750.0
3750.0
3750.0
3750.0
3750.0
3750.0
3750.0
-3750.0
-3750.0
-3750.0
-3750.0
-3750.0
-3750.0
-3750.0
3750.0
3750.0
3750.0
3750.0
3750.0
3750.0
3750.0
3750.0
3750.0
-3750.0
-3750.0
-3750.0
3750.0
3750.0
3750.0
3750.0
2434.75073313783
-1032.9919115796076
-989.5684025279427
-1592.8167195016856
-1778.717872562116
-2214.850793800566
-2289.583741922287
3750.0
3750.0
3750.0
-3750.0
-3750.0
-3750.0
3750.0
3750.0
3750.0
3750.0
3750.0
3750.0
-3750.0
-3750.0
-3750.0
-3750.0
-3750.0
-3091.801385681294
-3750.0
-3750.0
3750.0
3750.0
3750.0
3750.0
3750.0
3750.0
3750.0
3750.0
3750.0
-3750.0
-3750.0
-3750.0
-3750.0
3750.0
3750.0
3750.0
3750.0
3750.0
3750.0
3750.0
3750.0
3750.0
3750.0
3750.0
3750.0
-3750.0
-3750.0
-3750.0
3750.0
3750.0
3750.0
3750.0
3750.0
-3750.0
-3750.0
-3750.0
-3463.8873396542112
-3323.55391701812
-3195.346305992234
3750.0
3750.0
3750.0
3750.0
3750.0
3750.0
3750.0
-3473.9362847097655
-3639.464980599091
-3750.0
-3750.0
3750.0
3750.0
3750.0
3750.0
3750.0
3750.0
-3750.0
-3750.0
-3750.0
3750.0
3750.0
3750.0
3750.0
3750.0
3750.0
-2477.0866288266507
698.747897633144
-1224.1445676699268
1794.8173901042771
3750.0
3110.293977469748
1710.8204354092477
166.35445931748768
3750.0
-2179.271279853032
-1753.51961325722
-2071.9270286607925
-2280.301807137799
-2162.4417720354268
-1688.2396125903633
3499.051551865795
3750.0
1779.7264528099313
3750.0
3750.0
3750.0
-2033.1325301204824
1639.4057338143152
2989.648470350374
-135.56740094488032
3750.0
3750.0
3750.0
-1628.787878787879
693.6386710782745
310.53520013729803
-355.1028902090402
-1426.8488204382784
-1695.4184742566513
-1965.2311236378928
-2250.1201302796253
-2592.723046323643
-3266.849791484482
3750.0
3750.0
3750.0
3750.0
3750.0
3750.0
3750.0
3750.0
-3750.0
-3443.262538566407
-3750.0
-3750.0
-3750.0
3750.0
3750.0
3750.0
3750.0
3750.0
3750.0
3750.0
-3521.582321960156
-3750.0
3750.0
3750.0
3750.0
3750.0
3750.0
3750.0
-3750.0
-3750.0
-3135.8075372860903
-3137.9067752953915
-3750.0
-3750.0
3750.0
3750.0
3750.0
3750.0
3750.0
3750.0
3750.0
3750.0
3750.0
-3750.0
-2662.147142295804
-3257.004782848532
3750.0
3750.0
3750.0
3750.0
3750.0
3750.0
3750.0
-3750.0
-3750.0
-3013.946280991737
-1914.128442688435
3750.0
3750.0
219.73055080997187
-772.9116058245581
3750.0
3750.0
3750.0
3750.0
3750.0
3750.0
3750.0
3750.0
-3750.0
-3750.0
-3750.0
-3750.0
-3750.0
-3750.0
-3750.0
3750.0
3750.0
3750.0
3750.0
3750.0
3750.0
3750.0
3750.0
3750.0
3750.0
3750.0
3750.0
3750.0
3750.0
3750.0
3750.0
3750.0
-3750.0
-3750.0
3750.0
3750.0
3750.0
3750.0
3750.0
3750.0
-3750.0
-3750.0
-3522.505543237252
-3750.0
-3750.0
-3750.0
3750.0
3750.0
3750.0
3750.0
3750.0
3750.0
-3750.0
-3750.0
-3750.0
-3750.0
-3750.0
-3750.0
-3750.0
3750.0
3750.0
3750.0
3750.0
3750.0
3750.0
3750.0
3750.0
-2038.4839873992976
-1692.2628734629043
3750.0
-842.1930681222193
1778.648443154569
3134.7633307700553
1849.9645858308832
1224.3019613806919
2871.3956148580355
3750.0
-3750.0
3750.0
3750.0
3750.0
-3750.0
-3750.0
-3750.0
-3750.0
3750.0
3750.0
3750.0
3750.0
3750.0
3750.0
3750.0
3750.0
3750.0
-3750.0
-2665.4334038054976
3750.0
3750.0
3750.0
3750.0
3750.0
3750.0
-3750.0
-3750.0
3750.0
3750.0
3750.0
3750.0
3750.0
3750.0
-3750.0
-3750.0
-3143.1203931203936
-3404.7177657450775
-3471.793409865415
-3004.5270614812007
767.8791436047838
-3337.292998993378
3750.0
3750.0
3750.0
3750.0
3750.0
3750.0
3750.0
3750.0
-3664.5317453517264
-3655.5948534923346
-3105.0505902605846
-3624.2956055210043
-3587.528785624777
-3498.0492235890624
3750.0
364.3676889818598
3750.0
3750.0
3750.0
3750.0
3750.0
3750.0
3750.0
3750.0
0.0
0.0
0.0
0.0
0.0
-227.27272727272728
3750.0
3750.0
3750.0
3750.0
1512.0010550378029
3750.0
2806.145528973787
1823.2335610655537
2270.1318571335005
2351.4658781703856
913.2086300332705
-1515.1515151515152
3750.0
3750.0
3750.0
3750.0
3750.0
0.0
0.0
-378.7878787878788
-598.462664714496
-1215.6837103594369
-1776.7968342715167
-2719.77703314096
-573.0101601047727
3750.0
3750.0
-3522.727272727273
-3350.420609884334
3750.0
3750.0
3750.0
3750.0
-3750.0
-3326.253186066271
-98.8078798860156
3750.0
3750.0
3750.0
3750.0
1654.5875186153398
-303.03030303030306
3750.0
3750.0
3750.0
0.0
0.0
-568.1818181818182
-898.9726027397264
-1599.368504323631
-1862.8801405014144
-2100.808863483614
-2174.381995697966
-1985.2793583759396
3750.0
3750.0
3750.0
-3674.2424242424245
-3658.7389380530976
-3750.0
-3750.0
-3750.0
2674.3033666582814
3574.652960225362
-985.2520038931304
3750.0
3750.0
3750.0
3750.0
3750.0
-2483.9362208472166
-2942.3949972553155
3750.0
3750.0
3750.0
3750.0
3750.0
3750.0