Demand
-3750.0
-3750.0
-3750.0
-3750.0
3750.0
3750.0
3750.0
3750.0
3750.0
3750.0
3750.0
3750.0
3750.0
-3750.0
-3750.0
-3750.0
3750.0
3750.0
3750.0
3750.0
-3750.0
-3750.0
-3750.0
-3750.0
-3750.0
-3750.0
3750.0
3750.0
3750.0
3750.0
3750.0
3750.0
3750.0
3750.0
3750.0
3750.0
-2600.449891405525
-2426.171007679157
-2690.725275248411
-2548.5724657771234
-2452.9228254278505
-2404.1187086059736
-2668.500817371134
-3750.0
3750.0
3750.0
3750.0
3750.0
3750.0
3750.0
-3750.0
-3750.0
3750.0
3750.0
3750.0
3750.0
3750.0
3750.0
3750.0
3750.0
3750.0
3750.0
3750.0
0.0
3750.0
2055.8481152993345
-406.87923309558573
-1401.8301856833039
-1601.0696123577318
-813.9500889374167
3750.0
-312.02856821931255
3750.0
-3750.0
-3750.0
-3750.0
-3750.0
3750.0
3750.0
3750.0
3750.0
3750.0
3750.0
3750.0
-3750.0
-3750.0
-3750.0
-3750.0
-3750.0
-3750.0
3750.0
3750.0
3750.0
3750.0
3750.0
3750.0
3750.0
3750.0
-3750.0
-3750.0
-3750.0
-3750.0
-3750.0
-3750.0
-3750.0
3750.0
3750.0
3750.0
3750.0
3750.0
3750.0
3750.0
-3750.0
-3346.850245190495
-3750.0
3750.0
3750.0
3750.0
3750.0
-3750.0
-3750.0
3750.0
3750.0
3750.0
3750.0
3750.0
-3650.041185621998
-3521.9489061460863
-3478.5444917177847
-3575.3075433938893
-3750.0
-3750.0
3750.0
3750.0
3750.0
3750.0
3750.0
3750.0
3750.0
3750.0
3750.0
-3750.0
-3750.0
-3750.0
-3750.0
-3750.0
3750.0
3750.0
3750.0
3750.0
3750.0
3750.0
3750.0
-3750.0
-3750.0
-3637.5690365565006
-1825.673396109637
-292.558003753667
2788.309328374261
2796.234165792237
712.1946016451627
3750.0
-1570.7362070332513
3750.0
3750.0
-3750.0
-3750.0
-3750.0
-3750.0
-3750.0
3750.0
3750.0
3750.0
3750.0
3750.0
3750.0
3750.0
-3567.1122994652414
-3750.0
-3750.0
-3750.0
-3377.6163280615274
-3750.0
-3750.0
3750.0
3750.0
3750.0
3750.0
3750.0
3750.0
3750.0
3750.0
3750.0
-3750.0
-3750.0
-3750.0
-3750.0
-3197.8556275882283
-802.9429432591369
3750.0
3750.0
3750.0
3750.0
3750.0
3750.0
3750.0
3750.0
-3750.0
-3750.0
-3750.0
-3750.0
-3750.0
-3750.0
-3750.0
3750.0
3750.0
3750.0
3750.0
3750.0
3750.0
3750.0
3750.0
-3750.0
-3750.0
-3750.0
-3750.0
-3750.0
-3750.0
3750.0
3750.0
3750.0
3750.0
3750.0
3750.0
3750.0
3750.0
3750.0
3750.0
-3750.0
-3750.0
-3750.0
3750.0
3750.0
3750.0
3750.0
3750.0
3750.0
3750.0
3750.0
3750.0
3750.0
-3750.0
-3750.0
-3750.0
3750.0
3750.0
3750.0
3750.0
3750.0
3750.0
3750.0
3750.0
3750.0
-3750.0
3750.0
-3750.0
-3750.0
-3750.0
-3750.0
3750.0
3750.0
3750.0
3750.0
3750.0
3750.0
3750.0
3750.0
3750.0
3750.0
3750.0
3750.0
1220.4940329940312
-969.2796360755558
-1332.3513312237192
-1793.560933409548
-1936.033090495128
-2321.6156837678063
-2779.440301322539
-3505.0098165769796
-3750.0
3750.0
3750.0
3750.0
3750.0
3750.0
3750.0
3750.0
3750.0
3750.0
-3750.0
-3750.0
3750.0
3750.0
3750.0
3750.0
3750.0
3750.0
3750.0
3750.0
3750.0
3750.0
-3750.0
-3750.0
-3750.0
-3750.0
3750.0
3750.0
3750.0
3750.0
3750.0
3750.0
-3750.0
-3750.0
-3750.0
-2766.7327928238765
984.580989443584
3750.0
3750.0
3750.0
3750.0
2494.1247418638177
1825.9286080404036
3750.0
3750.0
3750.0
3750.0
-3750.0
-3750.0
-3750.0
-3750.0
-3750.0
3750.0
3750.0
3750.0
3750.0
3750.0
3750.0
3750.0
3750.0
3750.0
3750.0
-3345.170454545454
-3750.0
3750.0
3750.0
-3750.0
-3750.0
-3750.0
-3750.0
3750.0
3750.0
3750.0
3750.0
3750.0
3750.0
3750.0
3750.0
3750.0
-3750.0
-3750.0
-3750.0
-3750.0
3750.0
3750.0
3750.0
3750.0
3750.0
3750.0
-3750.0
-3750.0
-3750.0
-3750.0
-3750.0
3750.0
3750.0
3750.0
3750.0
3750.0
3750.0
3750.0
3750.0
3750.0
-3366.7294244217364
3750.0
3750.0
3750.0
3750.0
3750.0
-3415.6891495601176
-3564.1196749116943
-3426.0609715797073
-3616.370277300427
-3750.0
-3750.0
3750.0
3750.0
3750.0
3750.0
3750.0
3750.0
3750.0
-3750.0
-3750.0
-3750.0
-3346.221959858324
-2893.0244436927724
-2769.5056457383025
1292.839616395825
3750.0
3750.0
3750.0
3750.0
3750.0
3750.0
3750.0
1033.7094828112902
3750.0
3750.0
3750.0
3750.0
3750.0
-3295.454545454546
-2851.725632337879
-2899.2151306368805
-2901.2704300882024
-1382.0607262024816
3750.0
3750.0
3750.0
3750.0
-3333.3333333333335
-1494.0633245382594
-1183.1778713626243
-2149.028035515312
-2409.741306410084
3750.0
3750.0
3750.0
1797.8424331755937
1143.0109170459466
478.03034228021875
3.9299262386102782
3750.0
3750.0
-2897.840531561462
-3211.0619403644832
-3618.1745581262385
-3750.0
-3750.0
3750.0
3750.0
3750.0
3750.0
3750.0
3750.0
3750.0
-3478.2263191354095
-3750.0
-3750.0
-3750.0
-1415.8298412577199
3750.0
2942.635807028547
-1100.267763723092
28.530671743898438
-717.6593143571581
2190.748324168354
3750.0
3750.0
3750.0
3750.0
3750.0
3750.0
-3750.0
-3750.0
-3750.0
-3750.0
3750.0
3750.0
3750.0
3750.0
3750.0
3750.0
3750.0
3750.0
-3643.055486065944
-3750.0
-3750.0
-3750.0
-3750.0
-3750.0
3750.0
3750.0
3750.0
3750.0
3750.0
3750.0
3750.0
3750.0
3750.0
3750.0
-3750.0
-2803.18191620205
135.25041592544744
3750.0
3750.0
3750.0
3750.0
-345.1636630170942
3750.0
-3750.0
-3750.0
-3750.0
-3750.0
-3750.0
-3750.0
-3750.0
3750.0
3750.0
3750.0
3750.0
3750.0
3750.0
3750.0
3750.0
3750.0
-2605.7499283051347
-2884.894034054857
-2723.568295602591
1255.997123226479
706.8814609047793
-2422.9364569711006
-2820.0699140381676
-2319.1875682919963
-2594.425660020932
-3385.519328480852
3750.0
3750.0
3750.0
3750.0
3750.0
3750.0
3750.0
-3750.0
-3750.0
-3750.0
-3750.0
-3750.0
3750.0
3750.0
3750.0
3750.0
3750.0
3750.0
3750.0
3750.0
-3424.7812856599467
3750.0
3750.0
-3750.0
-3750.0
-3750.0
-3750.0
3750.0
3750.0
3750.0
3750.0
3750.0
3750.0
3750.0
3750.0
-3750.0
-2867.0222182880425
-2785.4606596483354
131.08674618568534
745.6301637868999
3750.0
3750.0
2870.8060156849806
3750.0
3554.0084035697373
-179.69081218845486
3750.0
-2976.1442979053536
-3354.355917158553
-3750.0
-3750.0
3750.0
3750.0
3750.0
3750.0
3750.0
3750.0
3750.0
3750.0
-3650.434748854904
-3750.0
-3750.0
-3750.0
3750.0
3750.0
3750.0
3750.0
3750.0
3750.0
-3750.0
-3750.0
3750.0
3750.0
3750.0
3750.0
3750.0
3750.0
-3750.0
-3633.3878887070396
-3750.0
-3750.0
-3750.0
3750.0
3750.0
3750.0
3750.0
3750.0
3750.0
3750.0
3750.0
-3270.2020202020212
3750.0
3750.0
3750.0
3750.0
3750.0
3750.0
3750.0
-3646.363636363635
-3511.171049573629
3750.0
3750.0
3750.0
-3663.882413882414
-2702.1625950085318
-3117.0882883647264
-3258.8616529862456
-1439.3428998345814
-277.33951370104614
3750.0
3750.0
3750.0
3750.0
3750.0
3750.0
0.0
0.0
0.0
3750.0
3750.0
3750.0
3242.5103305785096
-249.0721788699575
-1255.246903846154
-873.9978052478164
3750.0
-2159.0909090909095
190.42232277526296
688.4617355763678
1444.8445993610983
1733.3660193266624
1896.3860252622044
3635.2350275228414
0.0
0.0
0.0
0.0
0.0
0.0
3750.0
3750.0
2483.7662337662377
542.0616113744111
430.3858672578672
3750.0
3750.0
-2946.478917361069
-3207.2310000306807
-3531.065132200303
-3750.0
-3750.0
3750.0
3750.0
3750.0
3750.0
3750.0
1623.4997262251043
1116.3482025576561
3750.0
3750.0
1314.3576343001787
3674.474359823106
0.0
0.0
0.0
0.0
0.0
-568.1818181818182
-446.42857142856633
3750.0
-2046.5517241379312
-2366.8635835011582
-2614.7145866963538
-2880.9026644261394
-3076.8087154931563
-3322.8364989468037
-3302.5468390291817
-1893.3420995067809
3750.0
3750.0
3750.0
3750.0
3750.0
3750.0
-2014.9098296813054
3750.0
3750.0
3750.0
-2891.0958904109593
-2728.7280581977266
-2989.6674985645122
-3411.8374379842726
-3750.0
-3750.0
3750.0
3750.0
3750.0
3750.0