Demand
3750.0
3750.0
3750.0
3750.0
3750.0
3750.0
3750.0
3750.0
3750.0
3750.0
3750.0
3750.0
3750.0
3750.0
3750.0
3750.0
3750.0
3750.0
3750.0
3750.0
3750.0
3750.0
-3750.0
-3750.0
-3750.0
-3750.0
3750.0
3750.0
3750.0
3750.0
3750.0
3750.0
3750.0
3750.0
3750.0
3750.0
3750.0
3750.0
-2428.1076066790347
-2139.382190804158
-1786.1578203751633
-1114.606106074448
2067.0790699535746
3750.0
3750.0
3750.0
3750.0
3750.0
3750.0
-3750.0
-3750.0
-3750.0
-3750.0
-3750.0
3750.0
3750.0
3750.0
3750.0
3750.0
3750.0
3750.0
3750.0
3750.0
3750.0
3750.0
1397.8761413259235
-646.865759256516
-1636.7769583719762
-2031.4449800409739
-2062.959580805619
-2585.4325127134553
-2698.6295121781914
-2964.778808022651
-3750.0
3750.0
3750.0
3750.0
3750.0
3750.0
-3494.0565668311538
-3647.4684083713964
-3750.0
-3750.0
3750.0
3750.0
3750.0
3750.0
3750.0
-3750.0
3750.0
3750.0
-3750.0
-3750.0
-3750.0
-3750.0
3750.0
3750.0
3750.0
3750.0
3750.0
-3750.0
-3750.0
-3750.0
-3750.0
-3750.0
3750.0
3750.0
3750.0
3750.0
3750.0
3750.0
3750.0
-3750.0
-2255.2447552447493
3750.0
3750.0
3750.0
-3750.0
-3750.0
-3750.0
-3750.0
-3750.0
-3750.0
3750.0
3750.0
3750.0
3750.0
3750.0
3750.0
3750.0
3750.0
-3750.0
-3750.0
-3750.0
3750.0
3750.0
3750.0
3750.0
3750.0
-3750.0
-3750.0
-3750.0
-3750.0
3750.0
3750.0
3750.0
3750.0
3750.0
3750.0
3750.0
-3750.0
-3618.0179538330012
-3750.0
-3750.0
-3750.0
3750.0
3750.0
3750.0
3750.0
3750.0
3750.0
3750.0
3750.0
3750.0
3750.0
-3750.0
-3750.0
-3750.0
3750.0
3750.0
3750.0
3750.0
3750.0
3750.0
-3750.0
-3750.0
-3750.0
-3377.207325049053
-3750.0
3750.0
3750.0
3750.0
3750.0
3750.0
-3750.0
-3750.0
-3750.0
-3750.0
3750.0
3750.0
3750.0
3750.0
3750.0
3750.0
3750.0
-3750.0
-3750.0
-3177.0707791393916
-338.1002013398447
3750.0
3750.0
3750.0
3750.0
3750.0
3750.0
3750.0
3750.0
-3750.0
-3750.0
-3750.0
3750.0
3750.0
3750.0
3750.0
3750.0
3750.0
3750.0
3750.0
-3750.0
-3750.0
-3750.0
-3750.0
-3750.0
3750.0
3750.0
3750.0
3750.0
3750.0
3750.0
3750.0
3750.0
3750.0
3750.0
3750.0
-3750.0
-3750.0
3750.0
3750.0
3750.0
3750.0
3750.0
-3750.0
-3750.0
-3750.0
-3750.0
3750.0
3750.0
3750.0
3750.0
3750.0
3750.0
-3750.0
3750.0
3750.0
-3750.0
-3618.840271877656
-3750.0
-3750.0
-3750.0
3750.0
3750.0
3750.0
3750.0
3750.0
3750.0
3750.0
3750.0
3750.0
3750.0
-3750.0
-3750.0
-3750.0
-3750.0
-3750.0
-3750.0
-3750.0
3750.0
3750.0
3750.0
3750.0
3750.0
3750.0
3750.0
3750.0
3750.0
-2132.487078139253
-2535.849863098868
-2997.268718411582
-3597.0124563357267
-3750.0
-3750.0
3750.0
3750.0
3750.0
3750.0
3750.0
3750.0
3750.0
3750.0
3750.0
-3750.0
-3750.0
-3750.0
-3750.0
-3750.0
-3750.0
3750.0
3750.0
3750.0
3750.0
3750.0
3750.0
3750.0
3750.0
3750.0
3750.0
-3750.0
-3750.0
-3750.0
3750.0
3750.0
3750.0
3750.0
3750.0
3750.0
3750.0
3750.0
3750.0
3750.0
3750.0
-1463.903743315508
-982.6145937455403
3750.0
3750.0
-3750.0
-3750.0
-3750.0
-3750.0
-3750.0
-3750.0
3750.0
3750.0
3750.0
3750.0
3750.0
3750.0
3750.0
-3750.0
-3750.0
-3750.0
3750.0
3750.0
3750.0
3750.0
3750.0
-3750.0
-3750.0
-3750.0
-3750.0
3750.0
3750.0
3750.0
3750.0
3750.0
3750.0
3750.0
3750.0
3750.0
-3750.0
-3750.0
-3750.0
-3750.0
-3750.0
3750.0
3750.0
3750.0
3750.0
3750.0
3750.0
-3750.0
3750.0
3750.0
3750.0
3750.0
3750.0
3750.0
-3750.0
-3750.0
-3750.0
-3750.0
-3223.1977818854
-2588.2729118711904
3750.0
3750.0
3750.0
3750.0
3750.0
3750.0
3750.0
3750.0
3750.0
3750.0
-3750.0
3750.0
3750.0
-3750.0
-3750.0
-3750.0
-3750.0
-3750.0
-3750.0
-3750.0
3750.0
3750.0
3750.0
3750.0
3750.0
3750.0
3750.0
-2688.6353291678743
-510.3397216378255
-1976.3669688576274
-743.9820203628362
1064.6584798424858
1105.2353949066685
1379.866703166562
316.6867452157542
-420.59245581524647
-1183.8485947956933
497.70617245473477
1072.4910221470923
3750.0
1449.7780200465975
3750.0
3750.0
-2792.5256991902606
-3023.9505616478727
-2289.612896428909
-1900.3080880107373
-853.0585112781093
1146.721748929681
3750.0
3750.0
3629.9334322457526
543.3640368024978
3750.0
3750.0
3750.0
3750.0
-763.2084831948414
-1254.238806014727
-2054.5368080238713
-2282.1289058268976
-2512.963647354348
-2757.3792886637266
-3044.771201178609
-3516.643100486782
-3750.0
3750.0
3750.0
3750.0
3750.0
3750.0
3750.0
3750.0
3750.0
3750.0
-3750.0
-3750.0
3750.0
3750.0
3750.0
3750.0
3750.0
3750.0
3750.0
-3207.71670190275
-3613.2275071748372
-3750.0
-3750.0
3750.0
3750.0
3750.0
3750.0
3750.0
3750.0
-3750.0
-3308.469807704687
-3348.9713377171593
-3750.0
-3750.0
3750.0
3750.0
3750.0
3750.0
3750.0
3750.0
3750.0
3750.0
-3750.0
-3750.0
-2982.4107068865524
-3553.2226104077918
-3750.0
-3750.0
3750.0
3750.0
3750.0
3750.0
3750.0
3750.0
3750.0
3750.0
3750.0
3750.0
1663.137863768295
-607.2924198592618
427.4948665034419
3750.0
3750.0
3750.0
-3750.0
-3750.0
3750.0
3750.0
3750.0
3750.0
3750.0
3750.0
3750.0
3750.0
-3750.0
-3750.0
-2730.6259314456047
-2019.8902086263558
3750.0
3750.0
3750.0
3750.0
3750.0
3750.0
-3257.575757575758
3750.0
3750.0
3750.0
3750.0
-3530.1410623760203
-3750.0
3750.0
3750.0
3750.0
3750.0
3750.0
3750.0
-3750.0
-3750.0
-3750.0
3750.0
3750.0
3750.0
3750.0
3750.0
3750.0
-3750.0
-638.5982662213264
-3205.211796952458
-2470.204282211401
3750.0
3750.0
3750.0
3750.0
3750.0
3750.0
-3750.0
3750.0
3750.0
3750.0
3750.0
-3750.0
-3750.0
-3750.0
3750.0
3750.0
3750.0
3750.0
3750.0
3750.0
3750.0
3750.0
-871.2121212121201
3750.0
-1754.5565681262515
-2036.4122752066141
-2553.4008708258443
3677.7143794162303
-3750.0
3750.0
3750.0
3750.0
3750.0
3750.0
-3750.0
-3750.0
-3750.0
3750.0
3750.0
3750.0
3750.0
3750.0
3750.0
-3750.0
-3750.0
3750.0
3750.0
3750.0
3750.0
-3750.0
-3750.0
-3750.0
-3750.0
-3750.0
3750.0
3750.0
3750.0
3750.0
3750.0
3750.0
3750.0
-3750.0
-3750.0
-3067.516629711752
-3314.6270230312366
-3287.3072679516727
624.501211523909
3750.0
3750.0
3750.0
3750.0
3750.0
3750.0
-396.2851868943237
675.02735981193
3750.0
-1347.6974104515082
3750.0
3750.0
3750.0
3750.0
3750.0
3750.0
3750.0
-3224.308300395257
-3365.4981130236565
-2116.507673516351
-1538.7780016326678
2171.6022554062765
3750.0
3103.213853191167
3750.0
3750.0
3750.0
0.0
0.0
0.0
0.0
-227.27272727272728
3750.0
-871.2121212121214
3750.0
-823.7967914438495
-158.7453166678688
3750.0
-2159.0909090909095
-486.79690854443925
-88.36009151961025
547.6254181285865
859.0318579070863
1104.887324600103
2779.3440806277968
0.0
0.0
0.0
0.0
0.0
0.0
-378.7878787878788
288.52289041314316
-544.5118822623424
-1333.0611629305884
-2597.733658575902
-1375.752424201239
-1163.7273213920378
-1344.7083287109165
-526.8293637165789
3750.0
3750.0
3750.0
3750.0
3750.0
3750.0
-3460.1392583320294
-2101.1603167200774
2583.85914367239
1814.3178366425063
3750.0
3750.0
1658.6647428224926
3750.0
0.0
0.0
0.0
0.0
0.0
-568.1818181818182
3750.0
3750.0
3750.0
3750.0
3750.0
3750.0
3287.037037037024
3750.0
-3674.2424242424245
-3552.2664199815
-3638.9023973409867
-3750.0
-3750.0
-3750.0
2978.7040334289704
3214.6265817654457
-788.2999231574986
3750.0
3750.0
3750.0
3750.0
3750.0
3750.0
3750.0
-3750.0
-3750.0
-3750.0
-3750.0
-3750.0
-3750.0