Demand
3750.0
3750.0
3750.0
3750.0
3750.0
3750.0
3750.0
3750.0
3750.0
3750.0
3750.0
3750.0
3750.0
3750.0
3750.0
3750.0
3750.0
3750.0
3750.0
3750.0
3750.0
3750.0
3750.0
3750.0
3750.0
-3750.0
-3750.0
-3750.0
3750.0
3750.0
3750.0
3750.0
3750.0
3750.0
3750.0
3750.0
3750.0
3750.0
3750.0
-2610.0
-1899.2096367515478
3750.0
3750.0
3750.0
-3750.0
-3750.0
-3750.0
-3750.0
3750.0
3750.0
3750.0
3750.0
3750.0
3750.0
-2957.7627921342546
-876.8288549448123
3750.0
3750.0
3750.0
3750.0
1451.0284330533611
1802.4540595421033
0.0
0.0
3750.0
3750.0
3750.0
3750.0
3487.176231589622
1834.6837340696475
1615.425350354327
3750.0
3750.0
3750.0
-3750.0
-3750.0
-3750.0
-3750.0
-3750.0
-3134.3384338433852
-3275.4103712301603
3750.0
3750.0
3750.0
3750.0
3750.0
3750.0
3750.0
-3750.0
-3750.0
-3750.0
-3750.0
-3750.0
-3750.0
3750.0
3750.0
3750.0
3750.0
3750.0
3750.0
3750.0
3750.0
-3750.0
-3750.0
-3750.0
-3750.0
3750.0
3750.0
3750.0
3750.0
3750.0
3750.0
3750.0
3750.0
3750.0
-3750.0
-3750.0
-3750.0
-3750.0
3750.0
3750.0
3750.0
3750.0
3750.0
-3750.0
-3750.0
-3629.79365388359
-3457.9243581254023
-3362.666516333292
-3435.1585128533097
-3750.0
3750.0
3750.0
3750.0
3750.0
3750.0
3750.0
3750.0
3750.0
3750.0
-3750.0
-3750.0
-3750.0
-3750.0
3750.0
3750.0
3750.0
3750.0
3750.0
3750.0
3750.0
3750.0
-3750.0
-3750.0
-3750.0
-3635.003452264399
-1924.9902674169377
-838.0329159006878
938.6205499884406
1693.212116314221
434.2745091457382
273.0649253417969
3750.0
-371.0243304886062
3750.0
3750.0
3750.0
3750.0
-3750.0
-3750.0
-3750.0
-3750.0
3750.0
3750.0
3750.0
3750.0
3750.0
3750.0
3750.0
-3750.0
-3750.0
-3536.557787920121
-3750.0
-3750.0
-3750.0
-3750.0
3750.0
3750.0
3750.0
3750.0
3750.0
3750.0
3750.0
3750.0
3750.0
3750.0
-3750.0
-3578.5198555956686
-3457.31235290541
-3166.5588945896097
-3446.8681946581073
-3494.9847992388914
-668.3321354976445
3750.0
3750.0
3750.0
3750.0
3750.0
3750.0
-3750.0
-3750.0
-3750.0
-3750.0
3750.0
3750.0
3750.0
3750.0
3750.0
-3750.0
-3750.0
-3750.0
3750.0
3750.0
3750.0
3750.0
3750.0
3750.0
3750.0
3750.0
-3592.5936153761195
-3325.097158691521
-3750.0
-3750.0
-3750.0
-3750.0
-3750.0
-3750.0
3750.0
3750.0
3750.0
3750.0
3750.0
3750.0
3750.0
3750.0
-3750.0
-3750.0
-3750.0
-3750.0
3750.0
3750.0
3750.0
3750.0
3750.0
-3750.0
-3633.0746795872374
-3750.0
-3750.0
3750.0
3750.0
3750.0
3750.0
3750.0
-3750.0
-3750.0
3750.0
3750.0
-3750.0
-3750.0
-3750.0
-3750.0
-3750.0
3750.0
3750.0
3750.0
3750.0
3750.0
3750.0
3750.0
3750.0
3750.0
-1742.4242424242427
3750.0
-1485.2193261284176
1456.5907318253621
3750.0
3750.0
3750.0
3750.0
-3750.0
-3750.0
-3750.0
-3750.0
3750.0
3750.0
3750.0
3750.0
3750.0
-3750.0
-3750.0
-3750.0
-3750.0
-3750.0
-3750.0
3750.0
3750.0
3750.0
3750.0
3750.0
3750.0
-3750.0
-3750.0
-3750.0
-3750.0
3750.0
3750.0
3750.0
3750.0
-3750.0
-3750.0
-3750.0
-3750.0
-3750.0
-3750.0
3750.0
3750.0
3750.0
3750.0
3750.0
3750.0
3750.0
3750.0
3750.0
-3095.7300275482103
-3750.0
-3750.0
3750.0
3750.0
3750.0
3750.0
3750.0
-3750.0
-3750.0
-3750.0
-3750.0
-3750.0
3750.0
3750.0
3750.0
3750.0
3750.0
3750.0
3750.0
3750.0
3750.0
3750.0
-3750.0
-3750.0
-3750.0
-3750.0
3750.0
3750.0
3750.0
3750.0
3750.0
3750.0
3750.0
3750.0
3750.0
-3750.0
-3750.0
-3750.0
-3750.0
-3750.0
-3750.0
3750.0
3750.0
3750.0
3750.0
3750.0
3750.0
3750.0
-3750.0
-3750.0
-3750.0
3750.0
3750.0
3750.0
3750.0
3750.0
-3584.0680362638286
-3568.0901510885406
-3647.58318754416
-3750.0
-3750.0
-3750.0
-3750.0
3750.0
3750.0
3750.0
3750.0
3750.0
3750.0
3750.0
3750.0
-3750.0
3750.0
3750.0
-3750.0
-3750.0
-3750.0
-3750.0
3750.0
3750.0
3750.0
3750.0
3750.0
-2306.596606735884
1411.8468566256743
3750.0
3750.0
3750.0
-1205.537447743216
367.8940983972941
468.67717458905395
790.7765170807104
-83.03339542936101
-594.9735092073206
-898.4071259312286
3750.0
2465.060897495512
3750.0
-2988.4656493082366
-3072.4864619521923
-3153.8147738579264
-2579.8131546311533
-2492.957123999864
3750.0
3750.0
3750.0
2069.1041830813606
3750.0
-1159.0909090909117
-1831.6030652928084
-130.0769680462381
3750.0
3750.0
3750.0
109.43732941423104
34.6108478974586
498.75900421429014
3750.0
-1973.973607038125
-2137.298333309932
-2237.554309873968
-2040.898647860704
3750.0
3750.0
3750.0
3750.0
3750.0
-3394.0466278101585
-3750.0
-3750.0
-3750.0
3750.0
3750.0
3750.0
3750.0
3750.0
3750.0
3750.0
3750.0
3750.0
3750.0
-2570.1471941122363
-2939.12590340109
-3513.879495319905
-3750.0
3750.0
3750.0
3750.0
3750.0
3750.0
3750.0
3750.0
3750.0
-3358.662762410442
-3406.799661423217
-3750.0
-3750.0
-3750.0
3750.0
3750.0
3750.0
3750.0
3750.0
3750.0
3750.0
3750.0
3750.0
3750.0
-3664.2105328223324
-3750.0
-3750.0
-3750.0
-3750.0
3750.0
3750.0
3750.0
3750.0
3750.0
3750.0
3750.0
3750.0
3750.0
-2478.3881762409383
-2865.236750385674
3750.0
3750.0
-3750.0
-3750.0
-3750.0
-3750.0
-3750.0
-3750.0
-3750.0
3750.0
3750.0
3750.0
3750.0
3750.0
3750.0
3750.0
3750.0
-2781.435853865759
-1338.0705732143451
-794.3724643150911
3750.0
3750.0
3750.0
3750.0
-3446.969696969697
-2762.4312383592523
-3102.9382365330503
-3628.226915561362
-3603.9269642217496
-3750.0
-3750.0
-3750.0
3750.0
3750.0
3750.0
3750.0
3750.0
3750.0
3750.0
3750.0
3750.0
3750.0
-3490.5381615361357
3750.0
3750.0
3750.0
-363.542059600152
-3090.0022293001794
3750.0
3750.0
3750.0
3750.0
3750.0
3750.0
3750.0
3750.0
-3750.0
-3750.0
-3750.0
3750.0
3750.0
3750.0
3750.0
3750.0
-3187.75666317739
-3229.586621538422
-2217.832942945247
-2379.032937747931
-2178.656245495713
2360.2889563271387
-1503.2462405675415
252.11451990368755
1753.093240935731
1736.4696346313121
1229.1031475985203
2860.413078276314
3750.0
-3750.0
3750.0
-3750.0
-3750.0
3750.0
3750.0
3750.0
3750.0
-3750.0
-3750.0
-3163.4002516886894
3750.0
3750.0
3750.0
3750.0
3750.0
3750.0
3750.0
-3484.0131351538193
-3750.0
-3750.0
-3750.0
3750.0
3750.0
3750.0
3750.0
3750.0
3750.0
-3750.0
-3602.4844720496885
-3750.0
-3750.0
3750.0
3750.0
3750.0
3750.0
3750.0
3750.0
3750.0
3750.0
3750.0
-3655.8162590879056
3524.770683733911
-1548.3292261945535
-607.5333194565362
-1622.8373543899013
-1481.6105545846647
-1064.0531384194448
3750.0
-1953.5306192841044
3750.0
3750.0
3750.0
-3660.682609709944
-3650.5042055083313
-2488.1584536177643
-2951.458632602141
-3072.740565301963
102.13342468117412
2735.0186730766663
3750.0
3750.0
3750.0
3750.0
3750.0
3750.0
0.0
0.0
3750.0
3750.0
3750.0
3750.0
3750.0
64.28763260373262
-1079.7217789831675
-1147.5711440815178
-7.934846515957815
173.71638951835894
70.95393040837325
600.3760304873533
1374.6151287837945
1605.357524248184
1637.9673246361042
3014.3836027782236
0.0
0.0
0.0
3750.0
3750.0
3750.0
3750.0
-377.7056277056288
-1042.5158857486306
-1654.7727780835646
-2682.517560144829
-939.7013006599757
2102.5412447871995
3750.0
-575.2503168162323
3750.0
-3750.0
3750.0
3750.0
3750.0
3750.0
3750.0
3750.0
1246.4302712993822
802.7132245059929
3750.0
3750.0
1007.3855834277347
3259.8596911197533
0.0
0.0
0.0
0.0
0.0
-568.1818181818182
-446.42857142856633
3750.0
3750.0
3750.0
681.8181818181679
3750.0
3750.0
-3486.5772501335086
-3557.368589356429
-3532.6693534722963
-3622.338231781514
-3750.0
-3750.0
-3750.0
3750.0
3750.0
3750.0
3750.0
3750.0
3750.0
3750.0
3750.0
3750.0
-3491.6472416472416
-3750.0
-3750.0
-3750.0
3750.0
3750.0
3750.0