Demand
-3750.0
-3750.0
-3750.0
-3750.0
3750.0
3750.0
3750.0
3750.0
3750.0
-3750.0
3750.0
3750.0
-3750.0
-3750.0
3750.0
3750.0
3750.0
3750.0
3750.0
3750.0
-3750.0
-3750.0
-3750.0
-3750.0
-3750.0
3750.0
3750.0
3750.0
3750.0
3750.0
3750.0
3750.0
3750.0
-3750.0
3750.0
3750.0
3750.0
3750.0
3750.0
3750.0
-2883.475220431743
-2938.0877892285407
-3221.7252521843975
-3750.0
3750.0
3750.0
3750.0
3750.0
3750.0
-3750.0
-3750.0
-3750.0
-3750.0
3750.0
3750.0
3750.0
3750.0
3750.0
3750.0
3750.0
2661.8457300275504
2765.373624538423
3750.0
0.0
0.0
-1363.6363636363637
1175.988299946817
-343.0061188828636
-27.468141386229036
3750.0
148.8091283909539
3750.0
-3169.2233669195084
-3750.0
-3750.0
3750.0
3750.0
3750.0
3750.0
3750.0
3750.0
3750.0
-3750.0
-3750.0
-3750.0
-3750.0
3750.0
3750.0
3750.0
3750.0
3750.0
-3750.0
-3750.0
-3750.0
-3750.0
-3750.0
3750.0
3750.0
3750.0
3750.0
3750.0
3750.0
3750.0
-3750.0
-3750.0
-3750.0
-3750.0
-3750.0
-3750.0
3750.0
3750.0
3750.0
3750.0
3750.0
3750.0
3750.0
3750.0
3750.0
3750.0
3750.0
-3750.0
-3750.0
-3750.0
-3750.0
-3750.0
-3750.0
-2544.926004228335
3750.0
3750.0
3750.0
3750.0
3750.0
3750.0
3750.0
3750.0
-3750.0
-3750.0
-3750.0
-3750.0
-3750.0
-3750.0
3750.0
3750.0
3750.0
3750.0
3750.0
3750.0
3750.0
3750.0
3750.0
3750.0
-3665.8014687262603
-3750.0
-3750.0
-3750.0
-3585.9850801968287
-421.16159984395085
2895.522592167941
3750.0
3750.0
546.2348439067325
2075.343670474931
3750.0
3265.0179136363845
3750.0
3750.0
-3750.0
3750.0
3750.0
3750.0
-3750.0
-3750.0
-3750.0
-3750.0
-3750.0
3750.0
3750.0
3750.0
3750.0
3750.0
3750.0
3750.0
3750.0
3750.0
3750.0
3750.0
3750.0
3750.0
3750.0
-3750.0
3750.0
3750.0
3750.0
-3750.0
-3750.0
-3750.0
-3750.0
-3351.9553072625713
-2758.962047283866
2364.3411547564983
2695.824097466696
3750.0
3750.0
3750.0
3750.0
3750.0
3750.0
3750.0
3750.0
-3750.0
-3750.0
-3750.0
-3750.0
-3750.0
-3750.0
-3750.0
-3750.0
3750.0
3750.0
3750.0
3750.0
3750.0
3750.0
3750.0
3750.0
3750.0
3750.0
3750.0
-3750.0
-3316.3750475465977
-839.301586216332
3750.0
3750.0
3750.0
3750.0
3750.0
3750.0
3750.0
3750.0
3750.0
-3750.0
-3750.0
-3750.0
-3750.0
3750.0
3750.0
3750.0
3750.0
3750.0
3750.0
3750.0
3750.0
-3750.0
-3750.0
-3750.0
-3638.8021849395245
-3750.0
-3750.0
-3750.0
3750.0
3750.0
3750.0
3750.0
3750.0
3750.0
3750.0
-3750.0
-3750.0
-3750.0
-3750.0
-3750.0
3750.0
3750.0
3750.0
3750.0
3750.0
3750.0
801.9120532615989
3750.0
3750.0
3750.0
893.6100131752307
-1172.689419986072
-1369.6088169050342
-1546.5492641776984
-721.1312623253161
3750.0
3750.0
-3712.1212121212125
-3750.0
-3750.0
-3750.0
-3750.0
3750.0
3750.0
3750.0
3750.0
3750.0
3750.0
3750.0
3750.0
-3750.0
-3750.0
-3750.0
-3750.0
-3750.0
-3750.0
3750.0
3750.0
3750.0
3750.0
3750.0
3750.0
-3750.0
-3750.0
-3750.0
-3750.0
-3750.0
-3750.0
3750.0
3750.0
3750.0
3750.0
3750.0
3750.0
3750.0
3750.0
3750.0
3750.0
3750.0
827.5778991326697
1440.900451158796
3245.742858213366
-730.0794365067452
3750.0
-3750.0
-3750.0
3750.0
3750.0
3750.0
3750.0
3750.0
3750.0
-3750.0
3750.0
3750.0
3750.0
3750.0
3750.0
-3750.0
-3750.0
-2849.9323257387796
-3750.0
3750.0
3750.0
3750.0
3750.0
3750.0
3750.0
-3750.0
-3750.0
3750.0
3750.0
3750.0
-3750.0
-3750.0
-3750.0
-3750.0
3750.0
3750.0
3750.0
3750.0
3750.0
3750.0
3750.0
3750.0
-3750.0
-3750.0
-3750.0
3750.0
3750.0
3750.0
3750.0
3750.0
3750.0
-3750.0
-3750.0
-3750.0
-3750.0
-3750.0
3750.0
3225.5244755244803
3750.0
-3750.0
3750.0
3750.0
3750.0
3750.0
3750.0
-3441.1373938415063
-2957.2529659670627
-1667.1258350739902
3750.0
3750.0
3750.0
3750.0
3750.0
3750.0
-3750.0
-3750.0
-3750.0
-3750.0
-3750.0
-3750.0
3750.0
3750.0
3750.0
3750.0
3750.0
3750.0
3750.0
3750.0
3750.0
-269.0854377612127
-222.27440931206274
0.2254071115505667
-732.5772597736786
-1335.268176220972
-2025.0086557755358
-1466.9410284455826
-1721.8173823841278
-1747.8340260875168
-739.5257548093577
3750.0
3750.0
3750.0
3698.343705539619
-3371.2121212121215
-2537.337247893798
-2109.0724364020834
-1533.8105033604286
3545.541444037696
3018.326035267557
-101.10178307046408
3750.0
3750.0
3750.0
3750.0
-2121.2121212121215
3750.0
3750.0
-1630.165289256199
-1813.2219308908755
-1952.9012106021773
-1983.1553961714562
-1342.0446857100685
3750.0
3750.0
3750.0
3750.0
3750.0
-3417.832167832168
-3750.0
-3750.0
-3750.0
-3750.0
3750.0
3750.0
3750.0
3750.0
3750.0
3750.0
3750.0
3750.0
-1355.7728553734612
-2042.7201862659476
-2143.1667429994977
2030.1968932320146
3750.0
3750.0
3750.0
3750.0
3750.0
3750.0
-3750.0
-3750.0
-3750.0
-3301.6811955168123
-3348.7585778054154
-3750.0
-3750.0
-3750.0
3750.0
3750.0
3750.0
3750.0
3750.0
3750.0
3750.0
3750.0
-3750.0
-3065.624382342163
-3577.2617294985066
-3750.0
-3750.0
3750.0
3750.0
3750.0
3750.0
3750.0
3750.0
3750.0
3750.0
3750.0
-1275.4703462492196
-758.4382070732499
-2085.2334207927997
-2951.848037848179
-3219.160850977327
-3583.058702263048
-3750.0
-3750.0
3750.0
3750.0
3750.0
3750.0
3750.0
3750.0
3750.0
3750.0
3750.0
-3750.0
-3750.0
-3024.8091603053435
-2856.6536180109733
-2110.199391355278
1061.0222970573084
1317.0757906749106
3750.0
3750.0
3750.0
3677.466861873297
-547.0943888287284
3750.0
3750.0
-3607.6423576423585
-3518.958522108308
-3750.0
3750.0
3750.0
3750.0
3750.0
3750.0
3750.0
-3750.0
-3750.0
-3750.0
-3750.0
3750.0
3750.0
3750.0
3750.0
3750.0
3750.0
3750.0
3750.0
-3480.283911671924
-3750.0
-3494.681857212505
-3750.0
-3750.0
3750.0
3750.0
3750.0
3750.0
3750.0
3750.0
3750.0
-3750.0
-3750.0
-3750.0
-3750.0
-2662.6880313930687
-2458.3282009665772
2665.0849984351116
1890.2385289700155
3750.0
3750.0
2925.2129926336556
3750.0
3430.835662576782
26.29901399081291
3750.0
3750.0
3750.0
3750.0
-3750.0
-3750.0
-3750.0
3750.0
3750.0
3750.0
3750.0
3750.0
-3750.0
-3661.400275347515
-3750.0
-3750.0
-3750.0
-3750.0
-3750.0
3750.0
3750.0
3750.0
3750.0
3750.0
3750.0
3750.0
3750.0
3750.0
-3750.0
-3750.0
-3750.0
-3750.0
-3602.603149063327
-3750.0
-3750.0
3750.0
3750.0
3750.0
3750.0
3750.0
3750.0
3750.0
-2475.281719370987
-3658.4402701226954
-3645.222404407131
3750.0
-1242.1818452268315
-100.63924257786448
-1261.8325311322942
-967.1343137640886
-68.22317992994931
3750.0
3750.0
3750.0
3750.0
-3712.1212121212125
-3656.2808286747786
-3642.1272471757557
-2301.7113217652313
-2761.8881743553693
-2741.4220002967295
3750.0
3750.0
3750.0
3750.0
3750.0
3750.0
3750.0
0.0
3750.0
3750.0
3750.0
3750.0
3750.0
2618.3405856756417
-871.2121212121214
27.372262773724742
-1018.4223643765063
764.7834491270942
3750.0
1929.4458151451872
1579.9753334067925
2126.0644881306953
2838.200444697742
2723.348648928676
2478.301305050543
3750.0
0.0
0.0
0.0
0.0
3750.0
3750.0
3174.6519246519265
-2196.969696969697
-321.428571428572
1555.3602811950477
3750.0
-2204.545454545456
-2298.761609907122
-2703.2581864376343
-3047.505452867137
-3474.472589549626
-3750.0
-3750.0
-3750.0
3750.0
3750.0
3750.0
3750.0
3750.0
3750.0
3750.0
3750.0
3750.0
3750.0
3750.0
0.0
0.0
0.0
0.0
-568.1818181818182
-836.6141732283452
-1412.6829046623643
-1080.4978829640295
3750.0
3750.0
-820.5801735952507
3750.0
3750.0
3750.0
3750.0
3750.0
-3750.0
-3750.0
-3750.0
-1191.9797409924356
-375.065317621933
-1646.0127032392923
1747.5818969190855
3750.0
3750.0
3750.0
3750.0
3750.0
3750.0
3750.0
-3750.0
3750.0
3750.0
3750.0
3750.0