Demand
3750.0
3750.0
3750.0
3750.0
3750.0
3750.0
3750.0
3750.0
3750.0
3750.0
3750.0
3750.0
3750.0
3750.0
3750.0
3750.0
3750.0
3750.0
3750.0
3750.0
3750.0
3750.0
-3750.0
-3750.0
3750.0
3750.0
3750.0
3750.0
3750.0
3750.0
3750.0
3750.0
3750.0
3750.0
3750.0
3750.0
3750.0
3750.0
3750.0
-2880.0527755773037
-2877.117543879075
-2947.786013794771
-3251.806003384343
-3750.0
-3750.0
3750.0
3750.0
3750.0
3750.0
3750.0
-3750.0
-3750.0
-3750.0
3750.0
3750.0
3750.0
3750.0
3750.0
3750.0
2828.4801136363635
774.9546876740342
1393.1428075170318
3750.0
0.0
0.0
-1363.6363636363637
892.8571428571504
3750.0
277.3198304286436
3750.0
363.054532106079
3750.0
-3385.2807993306105
-3750.0
-3750.0
-3750.0
-3750.0
-3750.0
3750.0
3750.0
3750.0
3750.0
3750.0
3750.0
3750.0
3750.0
-3750.0
-3750.0
-3750.0
-3750.0
3750.0
3750.0
3750.0
3750.0
3750.0
3750.0
-3750.0
-3750.0
-3750.0
-3750.0
3750.0
3750.0
3750.0
3750.0
3750.0
3750.0
-3750.0
-3750.0
3750.0
3750.0
3750.0
3750.0
3750.0
3750.0
3750.0
-3750.0
-3750.0
-3750.0
-3750.0
-3750.0
3750.0
3750.0
3750.0
3750.0
3750.0
3750.0
3750.0
3750.0
-3490.649740649742
-3575.6783613772104
-3750.0
3750.0
3750.0
3750.0
3750.0
3750.0
3750.0
3750.0
3750.0
-3750.0
-3750.0
3750.0
3750.0
3750.0
3750.0
3750.0
3750.0
-3750.0
-3750.0
-3750.0
-3750.0
3750.0
3750.0
3750.0
3750.0
3750.0
3750.0
3750.0
3750.0
-1355.042016806723
-1858.7205214106816
-2240.5776474708637
-2728.7888900216367
3750.0
3750.0
3750.0
3750.0
3750.0
-3750.0
-3750.0
-3750.0
3750.0
3750.0
3750.0
3750.0
3750.0
3750.0
3750.0
-3750.0
-3750.0
-3750.0
-3466.959511077159
-3750.0
-3750.0
-3750.0
3750.0
3750.0
3750.0
3750.0
3750.0
3750.0
3750.0
3750.0
3750.0
3750.0
-3750.0
-3750.0
-3150.9458749343175
3750.0
3750.0
386.6031277266759
3750.0
3750.0
3750.0
3750.0
3750.0
-3750.0
3750.0
3750.0
3750.0
3750.0
-3750.0
-3750.0
-3750.0
3750.0
3750.0
3750.0
3750.0
3750.0
3750.0
-3750.0
-3750.0
-3750.0
-3750.0
3750.0
3750.0
3750.0
3750.0
3750.0
3750.0
-3204.927961239323
-3750.0
-3750.0
3750.0
3750.0
3750.0
3750.0
-3750.0
-3750.0
-3750.0
-3750.0
3750.0
3750.0
3750.0
3750.0
3750.0
3750.0
3750.0
3750.0
-3750.0
-3750.0
-3750.0
-3750.0
-3750.0
3750.0
3750.0
3750.0
3750.0
3750.0
3750.0
3750.0
-3750.0
-3750.0
-3750.0
3750.0
3750.0
3750.0
3750.0
3750.0
3750.0
3750.0
-3750.0
-3750.0
-3750.0
3750.0
3750.0
3750.0
3750.0
3750.0
3750.0
3750.0
1142.571798747574
-1062.7113891375766
-1177.8247542377403
-1102.7350588216789
3440.9638435794895
-478.35410260147546
3750.0
-3648.286937901499
-3750.0
-3750.0
-3750.0
-3750.0
3750.0
3750.0
3750.0
3750.0
3750.0
3750.0
3750.0
-3750.0
-3750.0
-3750.0
3750.0
3750.0
3750.0
3750.0
3750.0
3750.0
-3750.0
-3750.0
-3750.0
-3750.0
-3750.0
-3750.0
3750.0
3750.0
3750.0
3750.0
3750.0
3750.0
-3750.0
-3750.0
-3750.0
-2504.3706293706337
3750.0
3750.0
3750.0
3750.0
3750.0
359.9081510405042
3750.0
-2747.0674486803528
-3297.764312606875
-3750.0
-3750.0
-3750.0
-3750.0
-3750.0
3750.0
3750.0
3750.0
3750.0
3750.0
3750.0
3750.0
-3750.0
-3750.0
-3750.0
-3750.0
3750.0
3750.0
3750.0
3750.0
3750.0
3750.0
3750.0
-3750.0
-3750.0
-3750.0
-3750.0
-3750.0
-3750.0
-3750.0
3750.0
3750.0
3750.0
3750.0
3750.0
3750.0
3750.0
3750.0
3750.0
3750.0
3750.0
3750.0
3750.0
3750.0
3750.0
3750.0
-3750.0
-3750.0
3750.0
3750.0
3750.0
3750.0
-3750.0
-3750.0
-3750.0
-3750.0
3750.0
3750.0
3750.0
3750.0
3750.0
3750.0
3750.0
3750.0
3750.0
-3485.621521335808
-3230.4713270271477
-3478.6981984155636
-3750.0
3750.0
3750.0
3750.0
3750.0
3750.0
3750.0
3750.0
3750.0
-3750.0
-3750.0
-3750.0
-3289.2198797680994
-2719.0782833533885
-2441.9196406366154
3750.0
3750.0
3750.0
3750.0
3750.0
3750.0
3750.0
3750.0
1259.3333364602504
-2424.2424242424245
-173.1484350790206
-1170.9674239587391
-217.68926588810564
-584.114324760455
-574.222678082341
914.3171411004412
3750.0
2219.0181844414365
3750.0
3750.0
3750.0
3750.0
3750.0
3750.0
3750.0
-1336.0164141414145
-2286.62797542564
-2603.9626390349904
3750.0
3750.0
3262.4844679519574
1153.37484571185
724.2625377712811
62.16767937591885
-941.3024818068959
-491.81125686020096
2816.412994459276
3034.543147687092
3750.0
-3712.1212121212125
-3750.0
-3750.0
-3750.0
-3750.0
-3021.4103110353644
-3750.0
3750.0
3750.0
3750.0
3750.0
3750.0
3750.0
3750.0
-2467.0893001007844
209.19591700638694
329.0356129503257
-1916.7924778845518
-697.2623744875409
1334.33846108609
3750.0
3750.0
3750.0
-3750.0
-3750.0
-3750.0
-3750.0
-3750.0
-3750.0
3750.0
3750.0
3750.0
3750.0
3750.0
3750.0
-3750.0
-3750.0
3750.0
3750.0
3750.0
3750.0
3750.0
3750.0
3750.0
-3750.0
-3125.5477651183182
-3593.4448761409876
-3750.0
-3750.0
3750.0
3750.0
3750.0
3750.0
3750.0
3750.0
3750.0
3750.0
-2422.7805637819556
1542.397308804682
2910.1336887507323
-390.36929544911436
-1250.0837943439649
3750.0
3750.0
3750.0
3750.0
3750.0
3750.0
3750.0
3750.0
-3750.0
-3750.0
-3750.0
-3750.0
3750.0
3750.0
3750.0
3750.0
3750.0
3750.0
-2396.5400271370418
-2649.792832888612
-2265.4069921229557
3750.0
3178.9024926357906
-1948.9974282604026
-1753.8099829454775
3750.0
3750.0
3750.0
3750.0
-3750.0
-3750.0
3750.0
3750.0
-3750.0
-3750.0
-3750.0
3750.0
3750.0
3750.0
-3750.0
-3750.0
-3750.0
-1830.8080808080822
3750.0
3750.0
3750.0
3750.0
3750.0
3750.0
-3750.0
3750.0
3750.0
3750.0
-3750.0
-3750.0
3750.0
3750.0
3750.0
3750.0
3750.0
3750.0
3750.0
3750.0
-3750.0
-2993.171471927163
-2980.8124955547273
-1098.6486831209575
-957.655187843824
651.7197752410839
3750.0
3750.0
3750.0
3621.1648649780536
759.19959520881
3750.0
3750.0
-3493.9813151275603
-3750.0
-3750.0
-3750.0
-3750.0
-3750.0
-3750.0
3750.0
3750.0
3750.0
3750.0
3750.0
3750.0
3750.0
3750.0
3750.0
-3750.0
-3750.0
-3750.0
-3138.9365351629513
-3750.0
3750.0
3750.0
3750.0
3750.0
3750.0
3750.0
-3750.0
-3750.0
-3750.0
-3513.3140730584673
-3750.0
3750.0
3750.0
3750.0
3750.0
3750.0
3750.0
3750.0
-3399.5238773826723
-2202.6329105204113
-3626.3203231731804
-3554.13389619813
3750.0
3750.0
3750.0
3156.890418940153
1188.489836616917
3750.0
-3397.495361781077
-3646.0595285278077
-3612.5645525293385
-2310.965612259977
-2392.107421558476
3750.0
3750.0
3750.0
3750.0
3750.0
-2544.6898151728965
-2193.174000576353
202.49958935348218
3750.0
1027.4095491983448
2984.6745433119795
0.0
0.0
0.0
0.0
0.0
0.0
-227.27272727272728
3750.0
3750.0
2959.314227226186
-822.0281393190701
3750.0
568.1818181818189
746.9262295081958
589.9941696540789
1136.3068732276988
1929.0816041009275
2133.8839780850094
2175.2573026459986
3750.0
0.0
0.0
0.0
0.0
0.0
3750.0
3133.310719131612
-2196.969696969697
-909.763313609468
-1342.8245073213702
-1887.3790146314523
3750.0
3750.0
-2828.6240786240814
-3148.467136331966
-3524.6198335701465
-3750.0
-3750.0
-3750.0
-3750.0
3750.0
3750.0
3750.0
3750.0
3750.0
3750.0
3750.0
3750.0
3750.0
3750.0
3750.0
3750.0
3750.0
0.0
3750.0
3750.0
1074.4514106583022
1339.4376604764936
3750.0
-850.0619881287139
3750.0
-3215.0040225261473
-3455.6464086844035
-3525.9727754904598
-3480.1223209492564
-3571.6463605178888
-3750.0
-3750.0
3750.0
3750.0
3750.0
3750.0
3750.0
3750.0
3750.0
3750.0
-2178.823343593276
-2413.0131820367333
-2947.7085812056994
-3750.0
3750.0
3750.0
3750.0
3750.0
3750.0