Demand
3750.0
3750.0
3750.0
3750.0
3750.0
3750.0
3750.0
3750.0
3750.0
3750.0
3750.0
3750.0
3750.0
3750.0
3750.0
3750.0
3750.0
3750.0
3750.0
3750.0
3750.0
3750.0
3750.0
3750.0
3750.0
3750.0
3750.0
3750.0
3750.0
3750.0
-3750.0
-3750.0
-3750.0
-3750.0
3750.0
3750.0
3750.0
3750.0
3750.0
3750.0
3750.0
3750.0
3750.0
-3750.0
3750.0
3750.0
3750.0
3750.0
-3750.0
-3750.0
-3750.0
-3750.0
3750.0
3750.0
3750.0
3750.0
3750.0
3750.0
3750.0
3750.0
3750.0
945.498676081201
3750.0
3750.0
0.0
-1363.6363636363637
-694.4444444444443
-1665.9244745279666
-2046.9302393587259
-2061.5695223733655
-2562.2706126612256
-2623.5141745430437
-2758.7045550403564
3750.0
3750.0
3750.0
3750.0
3750.0
-3750.0
-3288.9841475250732
-3526.65531916476
-3750.0
3750.0
3750.0
3750.0
3750.0
3750.0
3750.0
3750.0
3750.0
-3750.0
-3750.0
-3750.0
-3750.0
-3750.0
-3750.0
-3750.0
3750.0
3750.0
3750.0
3750.0
3750.0
3750.0
3750.0
3750.0
-3750.0
-3750.0
-3750.0
-3750.0
-3750.0
3750.0
3750.0
3750.0
3750.0
3750.0
3750.0
3750.0
-3750.0
-3750.0
-3750.0
-3750.0
-3750.0
-3750.0
3750.0
3750.0
3750.0
3750.0
3750.0
3750.0
3750.0
3750.0
3750.0
3750.0
3750.0
3750.0
-3750.0
-3750.0
3750.0
3750.0
3750.0
3750.0
3750.0
3750.0
3750.0
-3750.0
-3750.0
-3750.0
-3750.0
-3750.0
3750.0
3750.0
3750.0
3750.0
3750.0
3750.0
3750.0
3750.0
-1235.1698057244569
683.7704735226068
2046.071261750697
872.3026245635754
3750.0
-1645.5112024852879
3750.0
3750.0
-3750.0
-3750.0
-3750.0
-3750.0
-3750.0
-3750.0
3750.0
3750.0
3750.0
3750.0
3750.0
3750.0
3750.0
3750.0
-3750.0
-3750.0
-3513.092269326685
-3750.0
-3750.0
-3750.0
3750.0
3750.0
3750.0
3750.0
3750.0
3750.0
3750.0
3750.0
-3750.0
-3750.0
-3750.0
3750.0
3750.0
3750.0
3750.0
3750.0
3750.0
-3667.9721228567914
-3660.073449311756
-3750.0
-3750.0
-3750.0
-3750.0
-3750.0
3750.0
3750.0
3750.0
3750.0
3750.0
3750.0
3750.0
3750.0
-3750.0
-3750.0
-3750.0
-3750.0
-3750.0
-3750.0
-3750.0
-3750.0
3750.0
3750.0
3750.0
3750.0
3750.0
3750.0
3750.0
3750.0
-3750.0
-3750.0
-3750.0
-3750.0
3750.0
3750.0
3750.0
3750.0
3750.0
3750.0
3750.0
3750.0
-3750.0
-3750.0
-3750.0
-3750.0
3750.0
3750.0
3750.0
3750.0
3750.0
3750.0
3750.0
-3750.0
3750.0
3750.0
3750.0
-3750.0
-3750.0
-3750.0
-3750.0
3750.0
3750.0
3750.0
3750.0
3750.0
3750.0
3750.0
-3750.0
-3750.0
3750.0
3750.0
-3750.0
-975.2646951442157
-884.7537212588286
1541.2618705469165
2419.3182716864976
3061.2282076329066
484.6144427593374
-1374.594778613485
-1658.5239287125578
-2013.4409496549843
-2044.8771014656904
-2218.092868625924
-2138.7505572884484
3750.0
3750.0
3750.0
3750.0
-3750.0
-3750.0
-3750.0
-3750.0
-3750.0
-3750.0
-3750.0
-3750.0
3750.0
3750.0
3750.0
3750.0
3750.0
3750.0
3750.0
3750.0
3750.0
3750.0
3750.0
3750.0
3750.0
-3750.0
-3750.0
-3750.0
-3750.0
-3750.0
3750.0
3750.0
3750.0
3750.0
3750.0
3750.0
3750.0
3750.0
2950.0000000000027
3154.0155247051825
-752.4589727441653
-701.9533400504351
-1371.203207218009
-1589.393786393405
-2117.138194096049
-2507.2217413671897
3750.0
3750.0
3750.0
3750.0
-3750.0
-3750.0
-3750.0
-3750.0
-3750.0
-3750.0
-3750.0
3750.0
3750.0
3750.0
3750.0
3750.0
3750.0
3750.0
3750.0
-3750.0
-3750.0
-3750.0
-3750.0
-3750.0
-3750.0
3750.0
3750.0
3750.0
3750.0
3750.0
3750.0
3750.0
3750.0
-3750.0
-3750.0
-3750.0
3750.0
3750.0
3750.0
3750.0
3750.0
3750.0
-3750.0
-3750.0
-3750.0
3750.0
3750.0
3750.0
3750.0
-3750.0
-3750.0
-3750.0
-3750.0
-3750.0
-3750.0
3750.0
3750.0
3750.0
3750.0
3750.0
3750.0
3750.0
3750.0
3750.0
3750.0
3750.0
-3412.05533596838
-3618.7800043609113
-3750.0
-3750.0
-3750.0
3750.0
3750.0
3750.0
3750.0
3750.0
3750.0
3750.0
3750.0
3750.0
3750.0
-3284.0091563113156
-3196.163847563994
3008.4100809590145
3750.0
2812.694200136939
3750.0
-1801.405419093443
-376.808086663993
1720.0454843512077
1678.1978304486101
1896.1263610948145
639.2656993408698
-139.42565375116055
-863.2963338325371
1873.0069485505167
2011.1908264945218
3750.0
772.8351081209194
3750.0
-3201.3368983957225
-2822.680877639773
-3032.4985776218564
-2243.7019824772124
-1680.212007834178
191.2487034315261
3750.0
3750.0
3750.0
1813.3610614825323
3750.0
3750.0
-1212.1212121212122
2824.3944636678243
623.1027316959362
380.6756816962627
137.11756854617965
1854.0408082037766
3750.0
-1939.149560117302
-642.9743669896807
3750.0
3750.0
3750.0
-3750.0
-3750.0
-3750.0
-3403.0032467532474
-3750.0
-3750.0
-3750.0
3750.0
3750.0
3750.0
3750.0
3750.0
3750.0
3750.0
3750.0
-2544.206986331091
-2374.2840062743326
-2911.0610997457807
-3221.23113979916
-3621.46628922082
-3750.0
-3750.0
3750.0
3750.0
3750.0
3750.0
3750.0
3750.0
3750.0
-3319.377990430624
-3368.860431188199
-3750.0
-3750.0
-3750.0
3750.0
3750.0
3750.0
3750.0
3750.0
3750.0
3750.0
3750.0
-3750.0
-2800.5878770718036
-3421.3186351617687
3750.0
3750.0
3750.0
3750.0
3750.0
3750.0
3750.0
3750.0
-3750.0
3750.0
3750.0
3750.0
3750.0
3750.0
-2875.0548211264986
-3163.667134322667
-3563.52188915211
-3750.0
-3750.0
3750.0
3750.0
3750.0
3750.0
3750.0
3750.0
3750.0
3750.0
3750.0
3750.0
-3750.0
-2866.9082427001795
-2397.907809042965
1344.2785773234111
3750.0
3750.0
3750.0
3750.0
3750.0
-3257.575757575758
3750.0
3750.0
3750.0
-3478.657569025707
3750.0
3750.0
3750.0
3750.0
3750.0
3750.0
-3750.0
-3750.0
-3750.0
-3750.0
-3750.0
-3750.0
-3750.0
3750.0
3750.0
3750.0
3750.0
3750.0
3750.0
3750.0
3750.0
-3750.0
-2936.1018562589297
3750.0
3750.0
3750.0
3750.0
3750.0
3750.0
-3750.0
-3750.0
-3750.0
-3750.0
-3750.0
-3750.0
-3750.0
3750.0
3750.0
3750.0
3750.0
3750.0
3750.0
3750.0
3750.0
3750.0
3750.0
-540.54054054054
-1822.0408706962755
-2132.6756769290314
3750.0
3750.0
3750.0
3750.0
3750.0
3750.0
3750.0
3750.0
3750.0
-3750.0
-3668.1202544633707
-3750.0
-3750.0
-3750.0
-3750.0
-3750.0
-3750.0
3750.0
3750.0
3750.0
3750.0
3750.0
3750.0
3750.0
3750.0
-3750.0
-3750.0
-3750.0
-3750.0
-3569.507636904863
-3750.0
-3750.0
3750.0
3750.0
3750.0
3750.0
3750.0
3750.0
3750.0
3750.0
-3667.913052231047
-3657.315750951948
3509.8878098462646
-1576.4695601701387
-600.14458880194
-1575.7426284756377
-1264.7301432804795
54.41309891791434
3750.0
3750.0
3750.0
3750.0
3750.0
3750.0
-3645.189761694617
-2323.0646743597526
-2750.047304030517
-2635.4436798978113
3750.0
3750.0
3750.0
3750.0
3750.0
3750.0
0.0
3750.0
3750.0
3750.0
0.0
0.0
-227.27272727272728
3750.0
3149.7794658172006
162.66794231989456
-1009.6937761653198
-1064.2027033572278
144.34888050427048
344.52554482403116
245.80328190552564
822.3195004064976
1625.9686981251555
1755.9572098867206
1623.7828649200244
2693.145369112509
0.0
0.0
3750.0
3750.0
3750.0
3750.0
3750.0
2573.051948051953
430.3359198506971
2595.603283317125
3750.0
-1431.8181818181836
-838.5093167701889
413.00356828875897
3750.0
3750.0
3750.0
3750.0
-3750.0
-3750.0
-3750.0
-3178.4759358288784
3534.132101632036
3750.0
3750.0
3750.0
3750.0
1424.3009174092429
-303.03030303030306
3750.0
3750.0
3750.0
3750.0
0.0
-568.1818181818182
-797.8723404255306
-1249.014584154512
1756.9414646394087
3750.0
-2285.573122529644
-2572.049743264949
-2752.7754296151334
-2982.258472338336
-1898.8756166577566
3750.0
3750.0
3750.0
3750.0
3750.0
3750.0
3750.0
3750.0
3750.0
3750.0
3750.0
3750.0
-2295.9183673469406
-2598.8763871286837
-3177.3506229084105
-3750.0
3750.0
3750.0
3750.0
3750.0
3750.0