Demand
3750.0
3750.0
3750.0
3750.0
3750.0
3750.0
3750.0
3750.0
3750.0
3750.0
3750.0
3750.0
3750.0
3750.0
3750.0
3750.0
3750.0
3750.0
3750.0
3750.0
3750.0
3750.0
3750.0
3750.0
3750.0
3750.0
-3750.0
3750.0
3750.0
3750.0
3750.0
3750.0
3750.0
3750.0
3750.0
3750.0
3750.0
3750.0
3750.0
-1055.7899990924925
3750.0
3750.0
3750.0
-3750.0
-3750.0
-3750.0
-3750.0
-3750.0
3750.0
3750.0
3750.0
3750.0
3750.0
3750.0
-3237.0789109367797
-2243.830088769775
3178.164891614987
3436.350566891996
2263.9179974305744
1554.5277604619064
48.390754535676706
598.2911483239739
0.0
0.0
0.0
-1363.6363636363637
892.8571428571504
3750.0
-1960.9227871939731
-2000.1502194803925
-2551.8218707888527
-2691.151711748241
-3008.6743780270626
-3750.0
3750.0
3750.0
3750.0
3750.0
3750.0
3750.0
-3628.929481733221
-3750.0
3750.0
3750.0
3750.0
3750.0
-3750.0
-3750.0
-3750.0
-3750.0
-3750.0
3750.0
3750.0
3750.0
3750.0
3750.0
3750.0
3750.0
3750.0
3750.0
3750.0
-3750.0
-3750.0
-3750.0
-3750.0
-3750.0
-3750.0
3750.0
3750.0
3750.0
3750.0
3750.0
3750.0
-2811.2648221343898
3750.0
3750.0
3750.0
3750.0
3750.0
-3750.0
-3750.0
-3750.0
-3750.0
3750.0
3750.0
3750.0
3750.0
3750.0
3750.0
3750.0
3750.0
3750.0
-3750.0
-3750.0
-3750.0
-3750.0
3750.0
3750.0
3750.0
3750.0
3750.0
3750.0
-3750.0
-3750.0
-3750.0
-3750.0
-3750.0
-3750.0
3750.0
3750.0
3750.0
3750.0
3750.0
3750.0
3750.0
3750.0
-2652.872371927747
-2223.4913161408604
-1640.7167288460032
-1498.844071972764
-2092.0820849850406
-2625.0739098460363
-3292.4424413393026
-3529.282602919593
-3750.0
3750.0
3750.0
3750.0
3750.0
3750.0
3750.0
3750.0
3750.0
-3750.0
-3750.0
-3750.0
-3750.0
-2856.5830721003176
3750.0
3750.0
3750.0
3750.0
3750.0
3750.0
-3750.0
-3750.0
-3750.0
3750.0
3750.0
3750.0
3750.0
3750.0
3750.0
-3750.0
-3750.0
-3750.0
-3750.0
3750.0
3750.0
3750.0
3750.0
3750.0
3750.0
3750.0
-3750.0
-3750.0
3750.0
3750.0
-3750.0
-3750.0
-3750.0
-3750.0
-3750.0
-3750.0
-3750.0
3750.0
3750.0
3750.0
3750.0
3750.0
3750.0
3750.0
3750.0
3750.0
3750.0
-3750.0
-3750.0
-3750.0
3750.0
3750.0
3750.0
3750.0
3750.0
3750.0
-3750.0
-3750.0
-3750.0
-3750.0
-3750.0
3750.0
3750.0
3750.0
3750.0
3750.0
3750.0
-3750.0
-3750.0
-3750.0
-3750.0
3750.0
3750.0
3750.0
3750.0
3750.0
3750.0
3750.0
-3750.0
-3750.0
-3750.0
-3750.0
-3750.0
-3750.0
-3750.0
-3750.0
3750.0
3750.0
3750.0
3750.0
3750.0
3750.0
3750.0
3750.0
3750.0
-3750.0
-3750.0
3750.0
3750.0
3750.0
3750.0
3750.0
2746.2491122159076
364.9594155696584
-1436.526955540144
-1740.1292385569805
-2122.3718561075584
-2233.234468060543
-2534.1296009965026
-2876.404040990341
-3470.421106710619
3750.0
3750.0
3750.0
3750.0
3750.0
-3750.0
-3750.0
-3750.0
-3750.0
-3750.0
-3750.0
3750.0
3750.0
3750.0
3750.0
3750.0
3750.0
3750.0
3750.0
3750.0
3750.0
3750.0
-3750.0
-3750.0
3750.0
3750.0
3750.0
-3750.0
-3750.0
-3750.0
-3750.0
-3750.0
-3750.0
3750.0
3750.0
3750.0
3750.0
3750.0
3750.0
3750.0
3750.0
3750.0
3750.0
3750.0
-3256.1799699665025
-3750.0
-3750.0
3750.0
3750.0
3750.0
3750.0
-3750.0
-3750.0
-3750.0
3750.0
3750.0
3750.0
3750.0
3750.0
3750.0
-3750.0
-3750.0
-3177.6666409206773
-3750.0
-3750.0
-3750.0
3750.0
3750.0
3750.0
3750.0
3750.0
3750.0
3750.0
3750.0
3750.0
3750.0
-3750.0
-3750.0
-3750.0
-3750.0
-3750.0
-3750.0
3750.0
3750.0
3750.0
3750.0
3750.0
3750.0
3750.0
3750.0
3750.0
3750.0
-3750.0
-3750.0
-3750.0
-3750.0
-3750.0
-3750.0
-3750.0
3750.0
3750.0
3750.0
3750.0
3750.0
3750.0
3750.0
3750.0
3750.0
-3750.0
-3364.8301648797196
-3535.820124037713
-3378.8723939009606
-3599.9840959757457
-3750.0
-3750.0
-3750.0
3750.0
3750.0
3750.0
3750.0
3750.0
3750.0
3750.0
3750.0
3750.0
-3325.511529584991
-2803.6545107688444
-2540.5649108246143
3750.0
3750.0
3750.0
3750.0
3750.0
3750.0
3750.0
1759.515812429362
-2083.3333333333335
282.2942867409265
-472.951697524858
-1281.7437422273144
29.647035354378886
202.41221555848688
2440.9164485962356
3750.0
1336.9217431390812
3750.0
3750.0
-3231.5039417828993
-2776.445007178122
-2621.3777966534326
-2214.65204855701
-1629.9806212372976
3750.0
2865.7004882990677
-106.03159185746745
3750.0
3750.0
3750.0
-1628.787878787879
-132.18102379406173
-413.2082911128498
-922.4070657316649
-1765.9131081779421
-1884.3789622324302
-1884.3534728519846
-1351.2065577186113
3750.0
3750.0
3750.0
3750.0
-3750.0
-3750.0
-3241.9786096256694
-3750.0
-3750.0
3750.0
3750.0
3750.0
3750.0
3750.0
3750.0
3750.0
3750.0
3750.0
3750.0
-1827.2474278967784
-2476.0570310657104
-2789.993934117303
-3374.5768057611986
3750.0
3750.0
3750.0
3750.0
3750.0
3750.0
3750.0
-3750.0
-3750.0
-3089.0538033395187
-3009.174483167835
-3750.0
3750.0
3750.0
3750.0
3750.0
3750.0
3750.0
3750.0
3750.0
-3750.0
-3750.0
-3750.0
-338.53872787477076
3750.0
3750.0
3750.0
3750.0
3750.0
3750.0
-3750.0
-3750.0
-3750.0
-3750.0
-1598.8762160348915
3750.0
3750.0
3750.0
3750.0
3750.0
1988.1839794945056
3750.0
3750.0
3750.0
-3750.0
3750.0
3750.0
3750.0
-3750.0
-3750.0
-3750.0
-3750.0
3750.0
3750.0
3750.0
3750.0
3750.0
3750.0
3750.0
-2773.8770916919484
-2562.889010654384
2235.3941283432337
1459.4695381584158
-2217.795383720988
-2622.152627335202
-1818.0270768025812
-1824.188894267175
-1007.57865109095
3750.0
3750.0
3750.0
3750.0
3750.0
3750.0
-3750.0
-3750.0
-3750.0
-3750.0
-3750.0
3750.0
3750.0
3750.0
3750.0
3750.0
3750.0
-3750.0
-1598.788984737891
-3416.9057725953326
-3351.689885516842
-3750.0
-3177.7006108272317
-3750.0
3750.0
3750.0
3750.0
3750.0
3750.0
3750.0
3750.0
3750.0
-3750.0
-3750.0
-3750.0
-3750.0
-2248.491024060182
-1447.0799107604844
3750.0
3750.0
3750.0
3750.0
3750.0
3750.0
3750.0
-2954.545454545455
2220.6703910614488
-138.1943854453648
3750.0
3750.0
3750.0
3750.0
3750.0
-3750.0
-3750.0
3750.0
3750.0
3750.0
-3750.0
-3580.53646934461
-3750.0
-3750.0
3750.0
3750.0
3750.0
3750.0
3750.0
3750.0
3750.0
-3750.0
3750.0
3750.0
3750.0
-3750.0
-3750.0
-3750.0
-3750.0
-3750.0
3750.0
3750.0
3750.0
3750.0
3750.0
3750.0
3750.0
3750.0
3750.0
-1963.1661442006316
3750.0
3750.0
-3594.1013143400387
3750.0
3750.0
3750.0
-1017.2653192208006
3750.0
-2989.884172826336
-3425.9277860415805
-3661.2418144723906
-3649.1854429948244
-3027.6836246977246
-3597.9951773339917
-3510.074650726102
-2851.209226767187
3750.0
3750.0
3750.0
3750.0
3750.0
3750.0
3750.0
3750.0
3750.0
3750.0
3750.0
3750.0
3750.0
3750.0
3750.0
3750.0
3750.0
3419.7280291117695
154.98364356537604
-1004.3667427089267
-974.309234442746
501.42258470153456
817.1830894887337
785.0366908894075
1741.7709083045256
1945.1368808903626
-1666.6666666666667
895.2250414382249
2595.6448930838224
0.0
0.0
0.0
0.0
0.0
0.0
-378.7878787878788
-563.4715025906746
-1104.150799695355
-1353.746843440607
3750.0
-3106.0606060606065
-1741.0714285714284
-1787.016264722377
262.6188036249175
3750.0
3750.0
3750.0
3750.0
-3750.0
-3750.0
-2853.1468531468545
3750.0
3750.0
3750.0
3750.0
3750.0
3750.0
3750.0
3750.0
0.0
0.0
0.0
0.0
-568.1818181818182
-892.8571428571422
-1583.9882121807466
-1822.4722499545078
-2010.5635678461751
-1931.1324987629741
-607.4072551292782
3750.0
3750.0
3750.0
-3575.645417839228
-3648.788270752336
-3750.0
-3750.0
-3750.0
3750.0
3750.0
3750.0
3750.0
3750.0
3750.0
-2753.2803436800095
-2564.727365437364
-2872.3855989232807
-3366.620772450422
-3750.0
-3750.0
-3750.0
3750.0
3750.0
3750.0