Demand
-3750.0
-3750.0
-3750.0
-3750.0
-3750.0
3750.0
3750.0
3750.0
3750.0
3750.0
3750.0
3750.0
-3750.0
-3750.0
3750.0
3750.0
3750.0
3750.0
3750.0
3750.0
3750.0
-3750.0
-3750.0
-3750.0
-3750.0
-3750.0
-3750.0
-3750.0
3750.0
3750.0
3750.0
3750.0
3750.0
3750.0
3750.0
3750.0
-2637.3396542108203
-2443.6469007097285
-2670.7683127473474
-2443.550884460119
-2134.3643154024776
-1314.557902398993
3750.0
3750.0
3750.0
3750.0
3750.0
-3750.0
-3750.0
-3750.0
-3750.0
-3750.0
3750.0
3750.0
3750.0
3750.0
3750.0
3750.0
3750.0
3130.861732751415
1184.0617045872743
1852.7057007151097
3750.0
3750.0
3750.0
-1363.6363636363637
-671.0526315789468
-1636.9926001967588
-1988.4548503556662
-1928.0245378468571
-2350.1410719987316
-1953.980326208376
3750.0
3750.0
3750.0
3750.0
-3750.0
-3750.0
-3750.0
-3395.35084687176
-3605.9401198165588
-3750.0
-3750.0
3750.0
3750.0
3750.0
3750.0
3750.0
3750.0
3750.0
3750.0
3750.0
-3750.0
-3750.0
-3750.0
3750.0
3750.0
3750.0
3750.0
3750.0
3750.0
3750.0
-3750.0
-3750.0
-3750.0
-3750.0
3750.0
3750.0
3750.0
3750.0
3750.0
3750.0
3750.0
3750.0
3750.0
-3750.0
-3750.0
-3750.0
3750.0
3750.0
3750.0
3750.0
3750.0
-3750.0
-3750.0
-3750.0
-2550.505050505053
3750.0
3750.0
3750.0
3750.0
3750.0
3750.0
3750.0
3750.0
-3750.0
-3750.0
-3750.0
-3750.0
-3750.0
-3750.0
3750.0
3750.0
3750.0
3750.0
3750.0
3750.0
3750.0
3750.0
3750.0
-3750.0
-3660.504003768253
-3750.0
-3750.0
-3750.0
-3472.214857376609
3750.0
3750.0
3750.0
3750.0
3750.0
1580.1113637910862
3750.0
3750.0
-3750.0
-3750.0
-3750.0
-3750.0
-3750.0
3750.0
3750.0
3750.0
3750.0
3750.0
-3750.0
-3750.0
-3750.0
-3502.604166666668
-3750.0
-3750.0
-3750.0
3750.0
3750.0
3750.0
3750.0
3750.0
3750.0
3750.0
3750.0
-3750.0
-3750.0
-3750.0
-3750.0
3750.0
3750.0
3750.0
3750.0
3750.0
3750.0
3750.0
3750.0
-3665.343915343916
-3653.6938135886767
-3634.280818496016
-3750.0
-3750.0
3750.0
3750.0
3750.0
3750.0
3750.0
3750.0
3750.0
-3750.0
-3750.0
-3750.0
-3750.0
-3750.0
-3750.0
3750.0
3750.0
3750.0
3750.0
3750.0
3750.0
3750.0
3750.0
-3750.0
-3750.0
3750.0
3750.0
3750.0
3750.0
-3750.0
-3750.0
3750.0
3750.0
3750.0
3750.0
3750.0
-3750.0
-3750.0
-3750.0
-3750.0
3750.0
3750.0
3750.0
3750.0
3750.0
3750.0
-3750.0
-3750.0
3750.0
3750.0
3750.0
3750.0
3750.0
-3750.0
-3750.0
-3750.0
3750.0
3750.0
3750.0
3750.0
3750.0
3750.0
3750.0
3750.0
-3750.0
-3750.0
-3750.0
-3750.0
-3750.0
-3750.0
3750.0
3750.0
3750.0
3750.0
3750.0
3750.0
3750.0
3750.0
3750.0
3750.0
-1521.0807950135259
-1415.1408790453252
-1351.8844980322383
1073.1106942072088
3750.0
3750.0
3750.0
3750.0
-3750.0
-3750.0
-3750.0
-3750.0
3750.0
3750.0
3750.0
3750.0
3750.0
3750.0
-3750.0
-3750.0
-3750.0
-3750.0
-3750.0
-3750.0
-3750.0
3750.0
3750.0
3750.0
3750.0
3750.0
3750.0
3750.0
3750.0
3750.0
-3750.0
-3750.0
-3750.0
-3750.0
-3750.0
3750.0
3750.0
3750.0
3750.0
3750.0
3750.0
3750.0
-1707.6167076167085
-2041.2455079520005
-2657.206884533073
-3246.4248813562763
-3750.0
-3750.0
-3750.0
-3750.0
3750.0
3750.0
3750.0
3750.0
3750.0
3750.0
3750.0
-3750.0
-3750.0
-3750.0
-3750.0
3750.0
3750.0
3750.0
3750.0
3750.0
3750.0
-3750.0
-3750.0
-3750.0
-3750.0
-3750.0
-3750.0
3750.0
3750.0
3750.0
3750.0
3750.0
3750.0
3750.0
3750.0
3750.0
3750.0
-3750.0
-3750.0
-3750.0
-3750.0
-3750.0
-3750.0
3750.0
3750.0
3750.0
3750.0
3750.0
3750.0
3750.0
-3750.0
-3750.0
-3750.0
-3750.0
-3750.0
-3750.0
3750.0
3750.0
3750.0
3750.0
3750.0
3750.0
3750.0
3750.0
3750.0
-3531.357882623707
-3308.346317240763
-3485.7199418238943
3750.0
3750.0
3750.0
3750.0
3750.0
3750.0
-3750.0
-3750.0
-3750.0
-3750.0
-3750.0
-3750.0
3750.0
3750.0
3750.0
3750.0
3750.0
3750.0
3750.0
-1675.4286638628298
861.9103688697321
3750.0
2199.4838918515757
1330.2124903056238
-2424.2424242424245
3750.0
3750.0
3750.0
708.9308996088828
3750.0
3750.0
-3446.969696969697
-3219.6852225151188
-2859.993391222186
-3067.933424511629
-2343.0647055160216
-1868.5872744509588
-364.4637061348958
3750.0
3750.0
3750.0
971.0355452298356
3750.0
3750.0
3750.0
2621.620850918216
944.5707472178046
535.7688994193936
-153.92558466873925
-1254.2397300555438
-1450.2086058237085
-1593.354491590827
-1608.1941615008657
-907.364742323093
3750.0
3750.0
3750.0
3750.0
3750.0
3750.0
-3750.0
-3750.0
-3750.0
-3750.0
-3333.107595622494
-3750.0
-3750.0
3750.0
3750.0
3750.0
3750.0
3750.0
3750.0
3750.0
-3278.5827709408504
-3645.7977661712403
-3750.0
-3750.0
-3750.0
-3750.0
-3750.0
3750.0
3750.0
3750.0
3750.0
3750.0
3750.0
3750.0
3750.0
3750.0
-3750.0
-3750.0
-3750.0
-3409.5357480488265
3750.0
3750.0
3750.0
3750.0
3750.0
-3255.5517002081897
-3595.570944918857
-3750.0
3750.0
3750.0
3750.0
-3750.0
-3750.0
-3750.0
-3750.0
-3750.0
-968.57978612633
3750.0
3750.0
3750.0
3750.0
3750.0
3750.0
3750.0
3750.0
3750.0
-3750.0
-3750.0
-3750.0
-3750.0
3750.0
3750.0
3750.0
3750.0
3750.0
3750.0
-3750.0
-3189.8034398034397
-3115.983320269841
-2749.1235624550654
-1541.5283940485185
-1668.1224362040066
228.28773895838822
3750.0
3750.0
3722.731672158445
-252.8081002326544
3750.0
3750.0
3750.0
-3655.5944055944055
-3750.0
-3750.0
-3750.0
3750.0
3750.0
3750.0
3750.0
3750.0
3750.0
-3750.0
-3750.0
-3750.0
-3750.0
3750.0
3750.0
3750.0
3750.0
3750.0
3750.0
3750.0
-3750.0
-3583.2288401253927
-3750.0
-3750.0
-3750.0
-3750.0
-3750.0
-3750.0
3750.0
3750.0
3750.0
3750.0
3750.0
3750.0
3750.0
3750.0
-3185.124824617972
-1715.373440818471
-1160.5056094983547
3750.0
3750.0
1972.1322041930243
3750.0
-770.0406622131868
-780.4205519142006
-1165.4855817918667
-1949.2857187445754
847.5713961676945
3750.0
3750.0
3750.0
3750.0
3750.0
-3750.0
-3750.0
-3750.0
-3750.0
-3750.0
3750.0
3750.0
3750.0
3750.0
3750.0
3750.0
-3750.0
3750.0
3750.0
3750.0
3750.0
-3750.0
-3750.0
-3750.0
-3750.0
-3750.0
-3750.0
-3750.0
3750.0
3750.0
3750.0
3750.0
3750.0
3750.0
3750.0
3750.0
3750.0
-3498.996966435074
-3057.2965049398117
972.469956964999
-3268.3516811999916
3750.0
3750.0
3750.0
3750.0
3750.0
3750.0
-2539.294817332202
-3178.4041938666487
-3559.847933515827
-3414.9145947900097
3750.0
522.656903316532
3750.0
3750.0
3750.0
3750.0
3750.0
3750.0
3750.0
-295.4545454545455
3750.0
598.6384230930919
2473.6424958109255
0.0
0.0
0.0
0.0
0.0
0.0
-227.27272727272728
2078.2208588957033
-871.2121212121214
27.372262773724742
-1018.4223643765063
764.7834491270942
3750.0
981.225296442688
805.471816999682
1376.628924043664
2169.726766289832
2278.0275118711215
2202.028762379563
3685.268881346052
0.0
0.0
0.0
0.0
3750.0
3750.0
-378.7878787878788
-615.1529193697872
-1259.7533698048946
-1882.8979183964802
-2871.2576160434846
-1993.0852238983298
-1855.9294344763546
-1950.3925811232982
-640.5696483694319
3750.0
3750.0
3750.0
3750.0
-3750.0
-3750.0
-3251.748251748252
2783.0088870080526
3750.0
3750.0
3750.0
3750.0
-1477.2727272727275
3750.0
3750.0
0.0
0.0
0.0
0.0
-568.1818181818182
-836.6141732283452
-1412.6829046623643
-1080.4978829640295
3750.0
3750.0
-2707.147503659133
-2900.5773855388816
-3152.4285717556622
-2867.6107735367623
3750.0
3750.0
3750.0
3750.0
3750.0
3750.0
3750.0
-3038.093255620317
-3314.0465319313716
140.85227585446978
-933.5529634908378
1467.1791561693835
3750.0
2199.367237656046
3750.0
-3750.0
3750.0
3750.0
3750.0
-3750.0
-3750.0