Demand
3750.0
3750.0
3750.0
3750.0
3750.0
3750.0
3750.0
3750.0
3750.0
3750.0
3750.0
3750.0
3750.0
3750.0
-3750.0
-3750.0
-3750.0
3750.0
3750.0
3750.0
3750.0
3750.0
3750.0
3750.0
3750.0
3750.0
3750.0
-3750.0
-3750.0
-3750.0
-3750.0
-3750.0
-3750.0
3750.0
3750.0
3750.0
3750.0
3750.0
3750.0
3750.0
3750.0
3750.0
-3354.44136016655
-3750.0
-3750.0
-3750.0
3750.0
3750.0
3750.0
3750.0
3750.0
3750.0
3750.0
-3750.0
-2369.0586063682513
3750.0
3750.0
3750.0
3750.0
3750.0
1771.15861637141
-1628.787878787879
3750.0
3750.0
3750.0
-1363.6363636363637
-499.9999999999991
-1389.2251815980626
-1074.401715492558
3750.0
3750.0
3750.0
3750.0
3750.0
3750.0
3750.0
-3750.0
-3750.0
-3750.0
-3144.8568732305766
-3356.8341593404048
3750.0
3750.0
3750.0
3750.0
3750.0
3750.0
3750.0
3750.0
-3750.0
-3750.0
-3750.0
3750.0
3750.0
3750.0
3750.0
3750.0
3750.0
-3750.0
-3750.0
-3750.0
3750.0
3750.0
3750.0
3750.0
3750.0
3750.0
3750.0
3750.0
-3750.0
-3750.0
-3481.233496793664
3750.0
3750.0
3750.0
3750.0
3750.0
-3750.0
-3750.0
-3750.0
-3750.0
3750.0
3750.0
3750.0
3750.0
3750.0
-3650.0
-3511.7686296931597
-3441.731068280744
-3508.130452862625
-3750.0
3750.0
3750.0
3750.0
3750.0
3750.0
3750.0
3750.0
-3750.0
-3750.0
3750.0
3750.0
3750.0
3750.0
-3750.0
-3750.0
-3750.0
-3750.0
-3750.0
-3750.0
3750.0
3750.0
3750.0
3750.0
3750.0
3750.0
3750.0
-2326.1167711598755
-1796.9219179619267
-1680.1553819541366
-2238.1632780812733
-2739.6117950073267
-3350.738409880304
-3570.5173003989858
-3750.0
3750.0
3750.0
3750.0
3750.0
3750.0
3750.0
3750.0
3750.0
-3750.0
-3750.0
-3750.0
3750.0
3750.0
3750.0
3750.0
3750.0
3750.0
-3750.0
-3750.0
-3750.0
-3750.0
3750.0
3750.0
3750.0
3750.0
3750.0
3750.0
3750.0
3750.0
-3750.0
-3750.0
-3750.0
-3473.061973655799
-3143.500034962355
-1463.3438669793886
3750.0
3750.0
3750.0
3750.0
3750.0
3750.0
3750.0
3750.0
3750.0
3750.0
-3750.0
3750.0
3750.0
3750.0
3750.0
3750.0
-3750.0
-3750.0
-3750.0
-3750.0
-3750.0
-3750.0
3750.0
3750.0
3750.0
3750.0
3750.0
3750.0
-3750.0
-3520.8608510882686
-3077.143474487757
-3750.0
-3750.0
-3750.0
3750.0
3750.0
3750.0
3750.0
3750.0
3750.0
3750.0
3750.0
3750.0
3750.0
-3750.0
-3750.0
-3750.0
-3750.0
3750.0
3750.0
3750.0
3750.0
3750.0
3750.0
-3750.0
-3610.058922558922
-3750.0
3750.0
3750.0
3750.0
3750.0
3750.0
3750.0
-3750.0
-3750.0
-3750.0
-3750.0
3750.0
3750.0
3750.0
3750.0
3750.0
3750.0
3750.0
3750.0
-3750.0
-952.4539877300615
-821.5258765407523
1755.4642801124369
2563.8796804400913
2995.1985846691223
-1742.4242424242427
-1244.432071269488
-1385.1659772891674
-1395.647819277985
1497.7932435133368
3750.0
3750.0
-3656.126482213439
-3750.0
-3750.0
-3750.0
3750.0
3750.0
3750.0
3750.0
3750.0
-3750.0
-3750.0
-3750.0
-3750.0
-3750.0
3750.0
3750.0
3750.0
3750.0
3750.0
3750.0
3750.0
3750.0
3750.0
3750.0
3750.0
-3750.0
-3750.0
-3750.0
3750.0
3750.0
3750.0
3750.0
3750.0
3750.0
-3750.0
-3750.0
3750.0
3750.0
3750.0
3750.0
-661.382214515731
-620.8851388779985
-1322.9839277094225
-1581.0987933518657
-2177.3757530544535
-2746.748797246769
-3750.0
3750.0
3750.0
3750.0
3750.0
-3750.0
-3750.0
-3750.0
-3750.0
3750.0
3750.0
3750.0
3750.0
3750.0
-3750.0
-3750.0
-3750.0
-2875.5849088323785
-3750.0
3750.0
3750.0
3750.0
3750.0
3750.0
-3750.0
-3750.0
3750.0
3750.0
3750.0
3750.0
3750.0
-3750.0
-3750.0
-3750.0
-3750.0
3750.0
3750.0
3750.0
3750.0
3750.0
3750.0
3750.0
-3750.0
-3750.0
-3750.0
-3750.0
-3750.0
3750.0
3750.0
3750.0
3750.0
3750.0
3750.0
3750.0
3750.0
-3750.0
-3528.3825816485232
-3478.4463405345577
-3563.3017818475882
-3750.0
3750.0
3750.0
3750.0
3750.0
3750.0
3750.0
3750.0
3750.0
-3750.0
-3750.0
-3750.0
-3750.0
-3750.0
-3750.0
-3750.0
3750.0
3750.0
3750.0
3750.0
3750.0
3750.0
3750.0
3750.0
3750.0
-2844.27966101695
-2541.7430385105727
1193.4096750543672
-833.0011904153118
3750.0
3750.0
-2159.0909090909095
588.9001660823023
-274.4581152854862
-982.2784681317853
-1789.2423229741687
-1202.1130587812695
-1565.1605497612954
-1769.168594784942
-1470.4786514636469
-400.51780156427867
3750.0
3750.0
3750.0
3750.0
3750.0
1465.2982616952622
3750.0
-763.9697322467994
-100.6254398073047
-1281.5605529184406
-930.7902481819947
3750.0
3750.0
3750.0
3750.0
3750.0
-2537.878787878788
3750.0
3750.0
3750.0
-2001.9309404815995
-2216.8481905113176
-2373.8729324164233
3750.0
3750.0
3750.0
3750.0
3750.0
3750.0
3750.0
-3750.0
-3750.0
-3296.183391373879
-3750.0
-3750.0
-3750.0
3750.0
3750.0
3750.0
3750.0
3750.0
3750.0
3750.0
3750.0
3750.0
-3750.0
-3750.0
-3750.0
-3750.0
-3750.0
-3750.0
3750.0
3750.0
3750.0
3750.0
3750.0
3750.0
3750.0
3750.0
3750.0
3750.0
-3488.5928761267087
3750.0
3750.0
3750.0
3750.0
3750.0
3750.0
-3649.7498632064417
-3750.0
-3750.0
-3750.0
3750.0
3750.0
3750.0
3750.0
3750.0
3750.0
-3319.9371720893396
-2901.44056537321
-1024.3394612271925
-370.99864522366147
-1825.9072808173187
-2758.325066522715
-2962.2025479830727
-3338.0565825736376
3750.0
3750.0
3750.0
3750.0
3750.0
3750.0
3750.0
-3750.0
-3750.0
3750.0
3750.0
3750.0
-3750.0
-3205.280568488116
-3143.4819264319076
-2818.2441143010446
-1787.1571532357639
-2013.698847388181
-960.4322541056456
3750.0
3750.0
593.3564869539262
3750.0
3750.0
-636.3513325469457
3750.0
3750.0
-3750.0
-3750.0
-3750.0
-3750.0
3750.0
3750.0
3750.0
3750.0
3750.0
3750.0
3750.0
-3750.0
-3750.0
-2225.9358288770154
3750.0
3750.0
3750.0
3750.0
3750.0
3750.0
3750.0
3750.0
3750.0
3750.0
-3750.0
-3750.0
-3750.0
-3750.0
-3750.0
-3750.0
3750.0
3750.0
3750.0
3750.0
3750.0
3750.0
3750.0
3750.0
-2402.727272727273
-2111.405000283051
3469.96074592894
-1391.3355019822384
1812.5798177602674
3750.0
916.5221743652621
3750.0
3750.0
-3133.1168831168834
3750.0
3750.0
3750.0
3750.0
-3750.0
-3750.0
3750.0
3750.0
-3750.0
-3750.0
-3626.0330578512394
-3750.0
-3750.0
-3750.0
3750.0
3750.0
3750.0
3750.0
3750.0
3750.0
3750.0
3750.0
3750.0
-3750.0
-3750.0
-3750.0
-3750.0
-3750.0
3750.0
3750.0
3750.0
3750.0
3750.0
3750.0
3750.0
3750.0
3750.0
-3576.1134838316057
-3370.829481456525
-2173.1254620600303
-3634.2648536513825
-3611.003029747754
3750.0
-108.94731136283644
1630.1788264310867
-296.19150229671914
149.0655727981516
1065.8197665109792
2893.141970257741
3750.0
3750.0
3750.0
3750.0
3750.0
-3657.862407862409
-2623.6459239345295
-3067.5201627616207
-3218.3880244664088
-1240.978694261742
-15.130024349832183
3750.0
3750.0
3750.0
3750.0
3750.0
3750.0
3750.0
0.0
0.0
0.0
3750.0
3750.0
3750.0
-2007.5757575757575
3750.0
3750.0
3750.0
3750.0
171.65856343454675
637.4415949128049
1371.8852726352934
1701.231468696501
1949.8875842072148
3750.0
3750.0
0.0
0.0
0.0
0.0
0.0
-378.7878787878788
-478.7234042553216
-607.0632488158353
3750.0
-2734.5261121856893
-1828.948017360427
-1863.2715798580848
-2295.8299236117427
-2646.3122201031683
-3184.8185926053466
-3750.0
3750.0
3750.0
3750.0
3750.0
3750.0
3750.0
3750.0
3750.0
3750.0
3750.0
2480.18461512801
3750.0
3750.0
3750.0
0.0
0.0
0.0
-568.1818181818182
-797.8723404255306
-1249.014584154512
1756.9414646394087
3750.0
-2486.480561239404
-2791.6881518321998
-3023.189431695232
-3311.294617207298
-3352.9033131868237
-3040.314508709106
1724.0499625862767
3750.0
3750.0
3750.0
3750.0
3750.0
3750.0
3750.0
3750.0
-1999.3857493857486
185.7027737721669
3750.0
3750.0
3750.0
3750.0
-3750.0
-3750.0
-3750.0
-3750.0
-3750.0