Demand
15000.0
15000.0
15000.0
15000.0
15000.0
15000.0
15000.0
15000.0
15000.0
15000.0
15000.0
15000.0
15000.0
15000.0
15000.0
15000.0
15000.0
15000.0
15000.0
15000.0
15000.0
15000.0
15000.0
-15000.0
-15000.0
15000.0
15000.0
15000.0
-15000.0
-14237.967914438505
-13603.733823251292
-13715.11045923115
-13689.542578768793
15000.0
15000.0
15000.0
15000.0
15000.0
15000.0
-15000.0
-13774.339983275593
-14401.599652136778
-12880.523175939954
15000.0
15000.0
15000.0
15000.0
15000.0
15000.0
-15000.0
-15000.0
-15000.0
-15000.0
-12892.141756548539
-9666.355512860027
15000.0
15000.0
15000.0
15000.0
15000.0
15000.0
15000.0
-12506.493506493505
-12349.934799983177
-12147.581032883205
-13438.084370395729
-11005.336975908365
-11387.503337066555
-11776.200176242222
-13128.68100328737
-15000.0
15000.0
15000.0
15000.0
15000.0
15000.0
15000.0
15000.0
15000.0
-13664.47985004686
-14238.729762911007
-15000.0
-15000.0
-15000.0
15000.0
15000.0
15000.0
15000.0
15000.0
15000.0
-14143.501126972205
-11631.255036999097
15000.0
15000.0
-15000.0
-15000.0
-15000.0
-15000.0
-15000.0
-15000.0
-11840.009862939081
15000.0
15000.0
15000.0
15000.0
15000.0
15000.0
15000.0
15000.0
15000.0
-15000.0
15000.0
15000.0
15000.0
15000.0
-14351.693882524982
-14207.259609334586
-14426.063626634157
-15000.0
15000.0
15000.0
15000.0
15000.0
-14327.96261642341
-13523.238982581996
-12097.150545344459
-11169.868323471132
-9773.015394936498
-10411.392839284275
-11115.103369147058
-15000.0
15000.0
15000.0
15000.0
15000.0
15000.0
15000.0
15000.0
-13992.375475728575
-5391.653800303945
15000.0
15000.0
15000.0
-15000.0
-15000.0
-15000.0
-15000.0
-15000.0
-15000.0
-12617.554858934182
15000.0
15000.0
15000.0
15000.0
15000.0
15000.0
15000.0
15000.0
-14035.532994923858
-14640.649346534803
-14155.208372922916
-11776.984124883882
-11889.561783482673
-11111.777854220483
15000.0
15000.0
15000.0
15000.0
15000.0
15000.0
-15000.0
-15000.0
-15000.0
-13496.207540947566
-11388.209099086544
-7278.1462420159805
15000.0
15000.0
15000.0
15000.0
15000.0
15000.0
-15000.0
-15000.0
-15000.0
-13762.140314894132
-14033.17039743872
-15000.0
-15000.0
-12474.33911463662
15000.0
15000.0
15000.0
15000.0
15000.0
15000.0
15000.0
15000.0
-14314.67503840759
-14596.279386977185
-14473.86231830293
-15000.0
-15000.0
15000.0
15000.0
15000.0
15000.0
15000.0
-14308.910638929265
-13484.920874998541
-14152.958807603518
-14505.795218457577
-15000.0
-15000.0
-15000.0
15000.0
15000.0
15000.0
15000.0
15000.0
15000.0
15000.0
15000.0
15000.0
-15000.0
-15000.0
-15000.0
-15000.0
15000.0
15000.0
15000.0
15000.0
-13938.876822835871
15000.0
15000.0
15000.0
-15000.0
-15000.0
-15000.0
-15000.0
-15000.0
-15000.0
-15000.0
15000.0
15000.0
15000.0
15000.0
15000.0
15000.0
15000.0
15000.0
-15000.0
-15000.0
-15000.0
-15000.0
15000.0
15000.0
15000.0
15000.0
15000.0
-15000.0
-15000.0
-14090.022172949008
-14402.132751344405
-15000.0
-15000.0
15000.0
15000.0
15000.0
15000.0
15000.0
15000.0
-15000.0
-15000.0
-15000.0
-15000.0
-14459.847212346685
-13601.82259280908
-11822.831248463022
2789.8449468726276
15000.0
15000.0
13066.495626007287
15000.0
-15000.0
15000.0
15000.0
15000.0
15000.0
-15000.0
-15000.0
-15000.0
-13340.871184287756
-12609.230551835473
-6171.822970812227
15000.0
15000.0
15000.0
15000.0
15000.0
15000.0
15000.0
-15000.0
-15000.0
-15000.0
15000.0
15000.0
15000.0
-13066.485753052923
-13553.030644739334
-14271.086173230473
-15000.0
15000.0
15000.0
15000.0
15000.0
15000.0
-15000.0
-15000.0
-15000.0
-15000.0
-15000.0
-15000.0
15000.0
15000.0
15000.0
15000.0
15000.0
15000.0
15000.0
-15000.0
-14583.918606209583
-15000.0
-15000.0
-15000.0
15000.0
15000.0
15000.0
15000.0
15000.0
15000.0
-13962.417600829063
-13746.939039701316
-12699.967375819568
-12696.19320957208
15000.0
15000.0
15000.0
15000.0
15000.0
-15000.0
-15000.0
-15000.0
-15000.0
15000.0
15000.0
15000.0
15000.0
-14424.242424242435
15000.0
15000.0
-15000.0
-15000.0
-14582.111436950152
-15000.0
-15000.0
-13341.923765223168
15000.0
15000.0
15000.0
15000.0
15000.0
15000.0
15000.0
-15000.0
15000.0
-14661.319073083781
-14590.53701646786
-15000.0
-15000.0
15000.0
15000.0
15000.0
15000.0
15000.0
-15000.0
-15000.0
-15000.0
-13623.280778262328
-13337.6990591281
-11328.309963744687
-10399.642658749726
-7849.346300993413
15000.0
15000.0
15000.0
15000.0
15000.0
15000.0
15000.0
15000.0
-13510.020331106596
15000.0
15000.0
15000.0
-15000.0
-15000.0
-15000.0
-15000.0
-15000.0
15000.0
15000.0
15000.0
15000.0
15000.0
15000.0
-13132.678132678135
-13300.827942624106
-14234.96291104825
-15000.0
-15000.0
-15000.0
15000.0
15000.0
15000.0
15000.0
15000.0
15000.0
15000.0
-15000.0
-15000.0
-15000.0
-15000.0
-13804.19580419581
15000.0
15000.0
15000.0
15000.0
15000.0
15000.0
-15000.0
-15000.0
15000.0
15000.0
15000.0
15000.0
-12121.212121212124
-11797.974894236773
-10464.136545162928
-10941.68394377139
-11292.47720167445
-8498.926536737137
15000.0
15000.0
15000.0
15000.0
15000.0
-14038.42549203374
-13937.202958312693
-13784.63576555061
-12547.86277120054
-12396.428407518215
-11647.292436356263
-44.491456962627126
15000.0
15000.0
15000.0
15000.0
15000.0
15000.0
-15000.0
-13419.4890077243
-11859.598372363802
-7798.489447238062
15000.0
15000.0
7274.915941884032
15000.0
15000.0
-15000.0
-15000.0
-15000.0
-13668.702838663317
-13433.9398107718
-12370.33282369312
-11265.41063294532
-11350.580953148372
15000.0
15000.0
15000.0
15000.0
15000.0
15000.0
15000.0
15000.0
15000.0
-14669.947886508398
15000.0
15000.0
-15000.0
-15000.0
-15000.0
-15000.0
15000.0
15000.0
15000.0
15000.0
-12990.894404464681
-12236.826206811897
-11933.855478678164
-11561.022025827777
15000.0
15000.0
15000.0
15000.0
15000.0
-15000.0
-15000.0
15000.0
15000.0
-13529.980657640233
-10759.482400427361
15000.0
15000.0
-15000.0
-15000.0
-15000.0
-15000.0
-15000.0
-15000.0
-15000.0
15000.0
15000.0
15000.0
15000.0
15000.0
15000.0
15000.0
-13199.196271703633
15000.0
15000.0
-15000.0
-15000.0
-15000.0
-15000.0
-12091.202315045157
-12073.289685384494
-12662.879153330872
-15000.0
-15000.0
15000.0
15000.0
15000.0
15000.0
15000.0
15000.0
15000.0
15000.0
-14271.936390111325
-14579.431048471222
-13436.580688074377
-15000.0
-15000.0
15000.0
15000.0
15000.0
15000.0
15000.0
15000.0
15000.0
-14376.435838529706
-15000.0
-15000.0
15000.0
15000.0
15000.0
-15000.0
-15000.0
-15000.0
-15000.0
15000.0
15000.0
15000.0
15000.0
15000.0
15000.0
-15000.0
-15000.0
-15000.0
-15000.0
-15000.0
-15000.0
15000.0
15000.0
15000.0
15000.0
15000.0
15000.0
-15000.0
-15000.0
-15000.0
-15000.0
-15000.0
-9457.948468643655
-8389.118311358743
15000.0
15000.0
15000.0
1668.8281762270326
15000.0
15000.0
15000.0
15000.0
15000.0
-15000.0
15000.0
-14664.69070998688
-13883.511254767865
-14150.236981732778
-14486.561224489986
-15000.0
-15000.0
15000.0
15000.0
15000.0
15000.0
15000.0
15000.0
15000.0
15000.0
-12316.857899382168
-12253.81315402107
-12467.731288669253
-13277.104651892208
15000.0
15000.0
15000.0
15000.0
15000.0
-14667.120887677636
-14195.337497865086
15000.0
15000.0
-14002.882401870509
15000.0
-15000.0
-15000.0
-15000.0
-15000.0
-10685.58335326588
8780.336141701508
15000.0
15000.0
15000.0
15000.0
15000.0
10135.792267072997
15000.0
-12492.668621700883
-13131.276009581576
-13227.582553797183
15000.0
15000.0
15000.0
15000.0
-9463.499772347855
-7107.041282313112
-6144.791431589114
-3445.528406026784
370.1731512584247
15000.0
12503.130151103422
12775.28250301885
15000.0
-11870.042708968886
-10904.54054471106
-8153.751228613164
-3887.6104099223667
15000.0
14384.316083096932
6906.345619634165
15000.0
-12272.727272727274
-8237.288135593222
-8404.085181705967
-8620.797585848555
-8347.571222493894
15000.0
15000.0
15000.0
15000.0
-15000.0
-15000.0
15000.0
15000.0
15000.0
-15000.0
-15000.0
-15000.0
-14061.264822134392
15000.0
15000.0
15000.0
15000.0
15000.0
-11355.498721227625
-12416.364692575262
-12820.477789012803
-13283.211428809958
-12004.909234002756
-15000.0
15000.0
15000.0
15000.0
15000.0
15000.0
-11687.801691755794
-10740.769401833568
15000.0
15000.0
15000.0
15000.0
-15000.0
-15000.0
-13817.490292036811
-12747.81993672466
-12321.819886245488
-12246.228441701187
-9725.344511113919
-2062.498492968629
15000.0
15000.0
15000.0
15000.0
15000.0
15000.0
15000.0
15000.0
-14691.190811572222
-14585.885576243858
-12143.103166891346
15000.0
15000.0
15000.0