Demand
-15000.0
-15000.0
-15000.0
15000.0
15000.0
15000.0
15000.0
15000.0
15000.0
15000.0
-15000.0
-15000.0
-15000.0
-15000.0
-15000.0
15000.0
15000.0
15000.0
15000.0
15000.0
15000.0
-15000.0
-15000.0
-15000.0
15000.0
15000.0
15000.0
15000.0
-15000.0
-14342.151988636364
-13911.318864684668
-14176.247267586303
-14507.104327887817
-15000.0
-15000.0
-15000.0
15000.0
15000.0
15000.0
15000.0
15000.0
15000.0
15000.0
-15000.0
15000.0
15000.0
15000.0
-14682.34064785789
-15000.0
-15000.0
-15000.0
-15000.0
-15000.0
-12232.039795218952
-7573.119733014221
15000.0
15000.0
15000.0
15000.0
15000.0
15000.0
15000.0
15000.0
15000.0
-12351.147255300613
-13456.802975998875
-10455.943271375974
-9429.72028373793
7006.8370106838565
15000.0
15000.0
15000.0
15000.0
-15000.0
-15000.0
-15000.0
-13554.65815176559
-12419.07946302156
-9502.456166753025
9591.69783031226
15000.0
15000.0
15000.0
15000.0
15000.0
15000.0
-15000.0
-15000.0
-15000.0
-13997.471693965046
-13538.653453831957
-13182.75521396532
15000.0
15000.0
15000.0
15000.0
15000.0
15000.0
-15000.0
-15000.0
-13991.022885320526
-10198.34410845309
5473.1565766597705
15000.0
15000.0
15000.0
15000.0
15000.0
-15000.0
-15000.0
15000.0
15000.0
-15000.0
15000.0
15000.0
15000.0
-14377.932991378373
-14664.77640892988
-15000.0
-15000.0
-15000.0
-15000.0
-15000.0
-7847.307014690651
15000.0
15000.0
15000.0
15000.0
15000.0
15000.0
15000.0
15000.0
-15000.0
15000.0
-15000.0
-15000.0
-15000.0
-14108.504398826983
-13927.727971587032
-11467.200449290038
-12839.212802209931
-4118.955451897593
15000.0
15000.0
15000.0
15000.0
15000.0
15000.0
15000.0
15000.0
-14685.603971318258
-14648.59121090033
-15000.0
-15000.0
-15000.0
-15000.0
15000.0
15000.0
15000.0
15000.0
15000.0
15000.0
-13577.976643649385
-14175.891279505391
-15000.0
-14206.626460462558
-15000.0
15000.0
15000.0
15000.0
15000.0
15000.0
15000.0
-13989.505356572092
-13097.382246164681
-12760.988874727638
-13856.386498426196
-14084.049658227359
-15000.0
15000.0
15000.0
15000.0
15000.0
15000.0
15000.0
-14025.811461628487
-14286.725605674037
-15000.0
-15000.0
-14357.352190879483
-15000.0
-15000.0
15000.0
15000.0
15000.0
15000.0
15000.0
15000.0
15000.0
-14660.582751616552
-14618.444881561303
-15000.0
-15000.0
-15000.0
-15000.0
15000.0
15000.0
15000.0
15000.0
15000.0
15000.0
15000.0
-15000.0
-15000.0
-15000.0
-15000.0
-15000.0
-15000.0
-5377.021989397919
15000.0
15000.0
15000.0
15000.0
15000.0
15000.0
15000.0
15000.0
-15000.0
-15000.0
15000.0
15000.0
15000.0
-14278.633199746891
-13934.040877603671
15000.0
15000.0
-15000.0
-15000.0
15000.0
15000.0
15000.0
15000.0
-15000.0
-14651.993406190857
-13379.228857588547
-13497.014584492274
-11391.334274434088
-10376.057620058058
15000.0
15000.0
15000.0
15000.0
15000.0
15000.0
-15000.0
-15000.0
-15000.0
-15000.0
-15000.0
-15000.0
15000.0
15000.0
15000.0
15000.0
15000.0
15000.0
15000.0
-14695.067584435965
-15000.0
-15000.0
-15000.0
-15000.0
-15000.0
-15000.0
-15000.0
15000.0
15000.0
15000.0
15000.0
15000.0
15000.0
15000.0
15000.0
-13916.633243919718
-15000.0
15000.0
15000.0
-15000.0
-15000.0
-15000.0
-15000.0
-15000.0
15000.0
15000.0
15000.0
15000.0
15000.0
15000.0
-15000.0
-15000.0
-15000.0
-15000.0
-15000.0
-15000.0
15000.0
15000.0
15000.0
15000.0
15000.0
15000.0
-14677.57575757576
-15000.0
-15000.0
-15000.0
-15000.0
-15000.0
-15000.0
15000.0
15000.0
15000.0
15000.0
15000.0
15000.0
15000.0
15000.0
-15000.0
15000.0
15000.0
-13712.591756070025
15000.0
15000.0
-14688.467844780469
-15000.0
15000.0
15000.0
-15000.0
15000.0
-15000.0
-15000.0
-15000.0
-12837.646339277722
-12818.019503678504
-11162.526684592507
15000.0
9079.013863761731
15000.0
15000.0
15000.0
15000.0
15000.0
15000.0
-15000.0
-15000.0
15000.0
15000.0
-15000.0
-15000.0
-15000.0
-14581.592320722764
-15000.0
-15000.0
-15000.0
-15000.0
15000.0
15000.0
15000.0
15000.0
15000.0
15000.0
15000.0
15000.0
15000.0
-15000.0
-15000.0
15000.0
15000.0
-14680.69782330346
-14651.62266604742
-15000.0
-15000.0
-15000.0
-15000.0
-15000.0
15000.0
15000.0
15000.0
15000.0
15000.0
15000.0
15000.0
15000.0
-13693.110168520008
-14292.894331887925
-14607.885782789279
-15000.0
-15000.0
-15000.0
-15000.0
-15000.0
15000.0
15000.0
15000.0
15000.0
15000.0
15000.0
15000.0
15000.0
-15000.0
-15000.0
-15000.0
15000.0
15000.0
15000.0
15000.0
-12727.30288625184
-12541.906813368016
-12674.519711513272
-12788.762645438288
-13933.869182362887
-15000.0
-15000.0
15000.0
15000.0
15000.0
15000.0
15000.0
15000.0
15000.0
15000.0
-15000.0
-15000.0
-15000.0
-15000.0
-14104.377104377112
-2259.5822180523464
15000.0
15000.0
15000.0
15000.0
15000.0
15000.0
-15000.0
-15000.0
-15000.0
15000.0
15000.0
15000.0
-12037.079819799012
-10947.154337253152
-11580.996971679608
-12280.727108322644
-12379.65626839987
-15000.0
15000.0
15000.0
15000.0
15000.0
15000.0
-13998.372792630369
-13903.019198699883
-12944.745305073804
-13090.743334135372
-13221.237138485281
-14155.483263919312
-15000.0
15000.0
15000.0
15000.0
15000.0
15000.0
15000.0
15000.0
15000.0
-12073.796791443849
-10692.656069971697
-7492.005773079756
15000.0
15000.0
15000.0
15000.0
-15000.0
-15000.0
-13841.620376642732
-13619.144022774712
-12586.1585709038
-11104.576842046372
-6695.016968038613
15000.0
15000.0
15000.0
15000.0
15000.0
15000.0
-15000.0
-13353.507320606346
-14137.894951645761
15000.0
15000.0
15000.0
-15000.0
-15000.0
-15000.0
15000.0
15000.0
15000.0
15000.0
-12726.639655609015
-12779.054818945497
-11838.919311593025
-11248.618893408246
-9766.822034692985
15000.0
15000.0
15000.0
15000.0
15000.0
-15000.0
-15000.0
-12910.557184750738
-13385.054782447856
-11449.086943073507
6276.009774786123
15000.0
15000.0
15000.0
15000.0
15000.0
-15000.0
-15000.0
-15000.0
-15000.0
-13171.122994652404
-11707.895614645578
-8649.552655128478
-5969.223471726063
-2144.461703658206
15000.0
15000.0
2113.9799422635815
15000.0
15000.0
15000.0
15000.0
15000.0
-15000.0
-12832.30713509598
-12736.247310801475
-12902.202533309523
-15000.0
15000.0
15000.0
15000.0
15000.0
-15000.0
-15000.0
-15000.0
-14473.293359009676
-15000.0
-11502.785634912187
15000.0
15000.0
15000.0
15000.0
15000.0
15000.0
15000.0
-15000.0
-15000.0
-15000.0
-15000.0
-11699.478865083976
15000.0
15000.0
15000.0
15000.0
15000.0
-15000.0
-15000.0
-15000.0
-15000.0
-15000.0
15000.0
15000.0
15000.0
15000.0
15000.0
-15000.0
-15000.0
-15000.0
-15000.0
-15000.0
15000.0
15000.0
15000.0
15000.0
15000.0
15000.0
15000.0
-15000.0
-15000.0
-15000.0
-15000.0
15000.0
15000.0
15000.0
15000.0
-13669.623059866964
-13863.605255954011
-14540.4769826579
-15000.0
-15000.0
15000.0
15000.0
15000.0
15000.0
15000.0
15000.0
-14015.695153305962
-14288.149304054528
-14604.751472019125
-15000.0
-15000.0
-15000.0
-15000.0
15000.0
15000.0
15000.0
15000.0
15000.0
15000.0
15000.0
15000.0
15000.0
-14378.958120531155
-14334.264549331354
-15000.0
-15000.0
-14055.467914425586
-14421.576374716216
-14202.835168284157
-13529.371712065222
15000.0
15000.0
15000.0
15000.0
15000.0
15000.0
15000.0
15000.0
15000.0
-13149.350649350654
-12982.416824685399
-11987.52923488933
-10635.097630965793
-9659.295213402413
-7673.418705680615
-1859.6814216692983
15000.0
15000.0
-997.166753239886
15000.0
15000.0
15000.0
-9488.47448847449
-8169.759448791628
-6866.811858825942
918.6792473788819
14569.652753819722
5731.318010105498
15000.0
15000.0
-10958.18181818182
-11320.5882108168
-12047.443358099546
-11169.257214411977
-9800.970659937007
-5837.026687563169
709.366899869181
15000.0
15000.0
14956.576617851271
3234.5670280220957
15000.0
15000.0
-9735.930735930735
-10746.296140749884
-12240.573970923746
-12212.855470196457
-12609.771223081338
-11171.5632710891
-7287.651234963767
15000.0
15000.0
15000.0
15000.0
15000.0
15000.0
-15000.0
-15000.0
-14590.995364247425
-12854.350478848548
-9798.96889220388
15000.0
12286.409007607257
15000.0
10318.167543228128
15000.0
15000.0
-14045.39013183321
-13955.443882439984
-15000.0
-11743.30787293168
-8658.185723091181
-6543.237893830824
-175.6723958713883
10776.366691456096
10026.558558750887
15000.0
4713.6797015816055
15000.0
15000.0
15000.0
-15000.0
-15000.0
-13602.306784124969
-11928.991300100453
-10070.879541821632
141.33698115930656
15000.0
15000.0
15000.0
15000.0
15000.0
15000.0
-15000.0
-15000.0
-15000.0
-15000.0
-11245.059288537555
15000.0
15000.0
15000.0
15000.0
15000.0