Demand
15000.0
15000.0
15000.0
15000.0
15000.0
15000.0
15000.0
15000.0
15000.0
15000.0
15000.0
15000.0
15000.0
15000.0
15000.0
15000.0
15000.0
15000.0
15000.0
-15000.0
-15000.0
15000.0
15000.0
15000.0
15000.0
15000.0
15000.0
15000.0
15000.0
15000.0
15000.0
-14329.804059300393
-14625.313364662343
-15000.0
-15000.0
-15000.0
-15000.0
15000.0
15000.0
15000.0
15000.0
15000.0
15000.0
15000.0
-15000.0
-15000.0
15000.0
15000.0
15000.0
-15000.0
-15000.0
-15000.0
-15000.0
-12576.432476209757
-5762.4700908816
15000.0
15000.0
15000.0
15000.0
15000.0
15000.0
-15000.0
-12026.825633383014
-11275.947937887842
-9372.916027261119
-5838.484816976925
15000.0
15000.0
15000.0
15000.0
-15000.0
-15000.0
-15000.0
-15000.0
-15000.0
15000.0
15000.0
15000.0
15000.0
15000.0
15000.0
-15000.0
-15000.0
-15000.0
15000.0
15000.0
15000.0
15000.0
-15000.0
-14261.936876180203
-14156.439057304015
-14491.495288040383
-15000.0
-15000.0
15000.0
15000.0
15000.0
15000.0
15000.0
15000.0
15000.0
15000.0
-12359.583092067172
-12142.734341613414
-12239.297135137058
-13199.259223460056
-13902.940491817506
-15000.0
-15000.0
15000.0
15000.0
15000.0
15000.0
15000.0
15000.0
15000.0
15000.0
-14666.22749231445
-15000.0
-15000.0
-15000.0
15000.0
15000.0
15000.0
15000.0
15000.0
-12341.10787172012
-11676.69167195278
-12454.340212640516
-13418.203366453636
-15000.0
-15000.0
15000.0
15000.0
15000.0
15000.0
15000.0
15000.0
-14327.13593594894
-13094.808750892746
-14102.836226555311
-13243.122883072774
-14060.038749525167
-15000.0
15000.0
15000.0
15000.0
15000.0
15000.0
15000.0
-14653.531814141996
-14597.115380290128
-15000.0
-15000.0
-15000.0
15000.0
15000.0
15000.0
15000.0
15000.0
15000.0
-13100.203234449687
-13632.773871024649
-14243.713387850476
-15000.0
-14465.251620186904
-15000.0
-15000.0
15000.0
15000.0
15000.0
15000.0
15000.0
15000.0
15000.0
15000.0
-14216.063815156103
-14367.949307779767
15000.0
15000.0
15000.0
15000.0
-15000.0
15000.0
-15000.0
-10681.818181818177
15000.0
15000.0
15000.0
-14679.668428724468
-15000.0
-15000.0
-15000.0
-15000.0
-15000.0
-13080.378130442015
-4389.383472839698
15000.0
15000.0
15000.0
15000.0
15000.0
15000.0
15000.0
15000.0
15000.0
-15000.0
15000.0
15000.0
-13510.615133369629
-13983.915355527159
-13845.678258990956
15000.0
15000.0
15000.0
15000.0
-15000.0
-15000.0
-13723.690103000448
-13428.958492364975
-13536.364098051963
-11991.628367031542
15000.0
15000.0
15000.0
15000.0
15000.0
15000.0
15000.0
-15000.0
-14665.190674136993
-14257.005698542049
-14149.435879872704
-14485.922266051733
-15000.0
-15000.0
15000.0
15000.0
15000.0
15000.0
15000.0
15000.0
15000.0
15000.0
-13756.363636363636
-13977.381260970997
-13069.13033579223
-13630.821830797944
-13807.845379469261
-15000.0
-15000.0
15000.0
15000.0
15000.0
15000.0
15000.0
15000.0
-15000.0
-15000.0
-15000.0
-15000.0
-15000.0
-11588.754846748176
15000.0
15000.0
15000.0
15000.0
15000.0
15000.0
15000.0
15000.0
-15000.0
-15000.0
-15000.0
-15000.0
-15000.0
-14201.432129514327
-11698.212746963913
15000.0
15000.0
15000.0
15000.0
15000.0
15000.0
15000.0
15000.0
-15000.0
-15000.0
-15000.0
15000.0
15000.0
15000.0
-13971.861471861474
-13816.056268373766
-12570.693644783205
-12307.70599275659
-13633.990985910106
15000.0
15000.0
15000.0
15000.0
15000.0
15000.0
-15000.0
-15000.0
15000.0
15000.0
-13044.596912521443
-7547.120160521025
15000.0
15000.0
15000.0
-15000.0
-15000.0
-15000.0
-15000.0
-15000.0
-15000.0
-15000.0
15000.0
15000.0
15000.0
15000.0
15000.0
15000.0
15000.0
15000.0
-13995.447202232339
-14200.558680917457
-14458.879669787235
-15000.0
15000.0
15000.0
15000.0
15000.0
15000.0
-15000.0
-15000.0
-15000.0
-15000.0
-11520.60170045782
-6865.64227169285
15000.0
15000.0
15000.0
15000.0
15000.0
15000.0
-15000.0
-15000.0
-15000.0
-15000.0
-15000.0
-15000.0
15000.0
15000.0
15000.0
15000.0
15000.0
15000.0
15000.0
15000.0
-15000.0
-14620.842572062087
-15000.0
-15000.0
-13507.558002158523
15000.0
15000.0
15000.0
15000.0
15000.0
15000.0
-15000.0
-15000.0
-15000.0
-14486.440219839627
-14306.887923199924
-15000.0
15000.0
15000.0
15000.0
15000.0
15000.0
15000.0
15000.0
15000.0
-15000.0
-13954.767726161368
-13809.612659883995
-12614.474243006116
-12497.76789287449
-12922.562899880788
-4934.727238999064
15000.0
15000.0
15000.0
15000.0
15000.0
15000.0
15000.0
15000.0
-14290.161892901622
-14565.123265091617
-14374.491001332968
-15000.0
15000.0
15000.0
15000.0
15000.0
15000.0
-14077.959431841158
-13652.23678404071
-13101.976407430531
-11875.117374176956
-11069.687641437784
-10066.31120275216
-4994.369046657714
15000.0
15000.0
15000.0
15000.0
15000.0
15000.0
-14064.653757794553
-13340.699638023143
-13239.263211005102
15000.0
15000.0
15000.0
-15000.0
-15000.0
-15000.0
15000.0
15000.0
15000.0
15000.0
-14011.780395643476
-14274.536986241554
-14587.116882504139
-15000.0
-15000.0
-15000.0
-15000.0
15000.0
15000.0
15000.0
15000.0
15000.0
15000.0
15000.0
-13838.954259405935
-15000.0
-15000.0
15000.0
15000.0
15000.0
15000.0
15000.0
-14001.89697942507
-13018.703069365525
-12913.239819594412
-12201.580908904747
15000.0
15000.0
15000.0
15000.0
15000.0
-15000.0
-15000.0
-15000.0
-12935.016415713799
-10508.39974962319
-2162.1357350688304
15000.0
15000.0
15000.0
15000.0
15000.0
15000.0
-15000.0
-15000.0
-13642.31838030965
-13153.989443017483
-10368.58826077935
15000.0
15000.0
15000.0
15000.0
15000.0
15000.0
-15000.0
-15000.0
-15000.0
-13111.88811188811
-14378.980891719748
-13909.432325188194
-15000.0
15000.0
15000.0
15000.0
15000.0
15000.0
15000.0
-14259.276857980418
-13280.58044738779
-11303.237132729872
-10735.313990406117
-6239.762697863868
15000.0
6722.413864103837
15000.0
15000.0
15000.0
15000.0
15000.0
-15000.0
-15000.0
-12630.266075388034
-12720.707877716024
15000.0
9873.824770932955
15000.0
15000.0
15000.0
-15000.0
-15000.0
15000.0
15000.0
15000.0
-15000.0
-13541.616694650995
-12318.512725986333
-9405.812777752806
-4494.812488186428
15000.0
15000.0
15000.0
15000.0
15000.0
-15000.0
-15000.0
-15000.0
-15000.0
-15000.0
15000.0
15000.0
15000.0
15000.0
15000.0
15000.0
-15000.0
-15000.0
-15000.0
-15000.0
-15000.0
-14134.761342553553
-15000.0
15000.0
15000.0
15000.0
15000.0
15000.0
15000.0
15000.0
15000.0
-15000.0
-15000.0
-15000.0
-15000.0
-3484.848484848547
15000.0
15000.0
15000.0
15000.0
15000.0
-15000.0
-15000.0
-15000.0
-15000.0
-15000.0
-15000.0
-13068.887634105035
-12457.005393160358
15000.0
15000.0
15000.0
15000.0
15000.0
15000.0
15000.0
15000.0
-15000.0
15000.0
15000.0
-15000.0
15000.0
15000.0
-15000.0
15000.0
-15000.0
-15000.0
-15000.0
-11715.749039692702
-11971.028017710174
-10465.356271464425
15000.0
15000.0
15000.0
15000.0
15000.0
15000.0
15000.0
-15000.0
-15000.0
-15000.0
-14482.967143721035
-12802.351712491381
-12085.911934274256
15000.0
15000.0
15000.0
15000.0
15000.0
15000.0
15000.0
-15000.0
-13549.760250513751
-12565.527306385975
-12660.647294077251
-10409.009792162815
-9677.009616355932
-8756.351365025239
-3136.7304201162688
15000.0
15000.0
15000.0
15000.0
15000.0
15000.0
15000.0
-14660.208643815204
-14428.210266890022
15000.0
15000.0
15000.0
-15000.0
15000.0
15000.0
-13760.083386205024
-12962.02337754142
-12712.84085823951
-11424.419822590164
-9414.663688758668
-7180.512950076372
-266.2426905591401
15000.0
15000.0
14423.813985149023
-1370.1420237215061
15000.0
15000.0
-13456.643877343806
-9733.911812003684
-9069.742637373267
-9029.477517909738
-6878.540056306178
-6551.4791770599795
-5498.4478274532885
-5701.9235915308755
-4755.458298414937
-1183.7565990461771
6810.799943776499
15000.0
14402.16095717674
12450.526560979117
15000.0
11316.231994671325
15000.0
-8540.205072854831
-7805.944541182377
-7958.7096171278245
-7979.91772100348
-6395.483240892627
-6069.760696691695
-5187.491728348265
1732.437627899184
15000.0
15000.0
15000.0
15000.0
-15000.0
-15000.0
-14617.469413040119
-15000.0
-15000.0
-15000.0
-15000.0
-15000.0
15000.0
15000.0
15000.0
15000.0
15000.0
15000.0
15000.0
15000.0
-12313.828975868706
15000.0
15000.0
15000.0
-12760.942760942766
-11147.52521334368
-10712.49161798642
-9599.778148999692
-9515.750041843905
-9670.299368224492
-7034.615015048153
15000.0
15000.0
15000.0
15000.0
15000.0
15000.0
-14072.46691256238
-13265.756741697507
-12972.574040461393
-12937.458459848844
-10961.903681399635
-445.01419531681313
15000.0
15000.0
15000.0
15000.0
15000.0
-15000.0
-15000.0
15000.0
15000.0
-14682.65330470055
-13962.368725333745
-14615.555700824545
-15000.0
-15000.0