Demand
15000.0
15000.0
15000.0
15000.0
15000.0
15000.0
15000.0
15000.0
15000.0
15000.0
15000.0
15000.0
15000.0
15000.0
15000.0
15000.0
15000.0
15000.0
15000.0
15000.0
15000.0
15000.0
15000.0
15000.0
15000.0
15000.0
15000.0
15000.0
15000.0
-13516.662649415164
-10905.228432252963
15000.0
15000.0
-15000.0
15000.0
15000.0
15000.0
15000.0
15000.0
-15000.0
-13828.72578053884
-14554.809459179989
-14462.173501776899
-15000.0
-15000.0
-15000.0
15000.0
15000.0
15000.0
15000.0
15000.0
15000.0
15000.0
15000.0
-13710.965149956228
-13608.005382557989
-12701.57479544499
-12413.972655770005
-11973.984380173039
-13110.42457467517
-15000.0
-15000.0
15000.0
15000.0
15000.0
15000.0
15000.0
15000.0
15000.0
15000.0
-15000.0
15000.0
-15000.0
-15000.0
-15000.0
-15000.0
-7669.358943362745
15000.0
15000.0
15000.0
15000.0
15000.0
15000.0
-15000.0
-15000.0
-15000.0
-15000.0
15000.0
15000.0
15000.0
15000.0
-14673.726388093877
-15000.0
-15000.0
-15000.0
-15000.0
-15000.0
15000.0
15000.0
15000.0
15000.0
15000.0
15000.0
-8983.943226090985
15000.0
15000.0
15000.0
-15000.0
-15000.0
-15000.0
15000.0
15000.0
15000.0
15000.0
-14389.47650287857
-14347.092989581852
-14290.995461554561
-14606.63242897651
-15000.0
-15000.0
-15000.0
-15000.0
-15000.0
15000.0
15000.0
15000.0
15000.0
15000.0
15000.0
15000.0
15000.0
-15000.0
-15000.0
-15000.0
15000.0
15000.0
15000.0
15000.0
-14227.855694235885
-12630.553031993699
-13704.046258613947
-10989.27313207028
15000.0
15000.0
15000.0
15000.0
15000.0
15000.0
-15000.0
-14612.211922782553
-14504.07852685868
-14213.036384131352
-15000.0
15000.0
15000.0
15000.0
15000.0
15000.0
-13983.504339633684
-14627.955475215414
-14155.640270597876
-12001.317140199099
-12510.792813408498
-13203.054641962291
-15000.0
15000.0
15000.0
15000.0
15000.0
15000.0
15000.0
15000.0
15000.0
-14080.150618612159
-13303.808603826532
-13064.596672407104
-14063.05391262443
-14344.746258365874
-15000.0
15000.0
15000.0
15000.0
15000.0
15000.0
15000.0
-13945.355865301593
-13981.518212826188
-15000.0
15000.0
15000.0
15000.0
-15000.0
-15000.0
-15000.0
-15000.0
-13189.232053538792
4609.185693295492
15000.0
15000.0
15000.0
15000.0
15000.0
15000.0
-15000.0
-15000.0
-15000.0
-15000.0
-15000.0
15000.0
15000.0
15000.0
15000.0
15000.0
15000.0
-15000.0
-15000.0
-15000.0
-15000.0
15000.0
15000.0
15000.0
15000.0
15000.0
-15000.0
-15000.0
-15000.0
-15000.0
15000.0
15000.0
15000.0
15000.0
15000.0
-14022.298456260723
15000.0
15000.0
-15000.0
-15000.0
-15000.0
15000.0
15000.0
15000.0
-15000.0
-15000.0
-14603.937463810078
-13150.124103052894
-13294.713527686316
-11041.351198488126
-10743.486785575154
15000.0
15000.0
15000.0
15000.0
15000.0
15000.0
15000.0
15000.0
-15000.0
-15000.0
-15000.0
15000.0
15000.0
15000.0
-14307.111226882003
-14617.230085556312
-15000.0
-15000.0
-15000.0
-13823.094222323532
-15000.0
15000.0
15000.0
15000.0
15000.0
15000.0
15000.0
15000.0
15000.0
-14272.454323886515
-13508.03718060243
-7596.708793908278
15000.0
15000.0
15000.0
15000.0
-15000.0
-15000.0
-15000.0
-15000.0
-15000.0
-15000.0
15000.0
15000.0
15000.0
15000.0
15000.0
15000.0
-14660.208643815204
-15000.0
-15000.0
-15000.0
15000.0
15000.0
15000.0
15000.0
15000.0
-15000.0
-15000.0
15000.0
15000.0
-14041.58726600157
-14654.86197982954
-15000.0
-15000.0
-15000.0
-15000.0
-15000.0
-15000.0
15000.0
15000.0
15000.0
15000.0
15000.0
15000.0
15000.0
15000.0
-15000.0
-15000.0
-13801.259584310148
-14083.8950750765
-14444.428045585111
-15000.0
-13661.041332720062
-15000.0
15000.0
15000.0
15000.0
15000.0
15000.0
15000.0
15000.0
15000.0
-14014.325946658966
-13905.112327413786
-13317.981651543469
-13974.417263625633
-15000.0
-15000.0
15000.0
15000.0
15000.0
15000.0
15000.0
15000.0
15000.0
-15000.0
-15000.0
-15000.0
-15000.0
-14453.394706559266
-15000.0
-15000.0
15000.0
15000.0
15000.0
15000.0
15000.0
15000.0
15000.0
15000.0
-15000.0
-15000.0
-15000.0
-15000.0
-15000.0
-15000.0
-15000.0
15000.0
15000.0
15000.0
15000.0
15000.0
15000.0
15000.0
-15000.0
-15000.0
-15000.0
-15000.0
-15000.0
-12983.728333922889
-11904.566809337884
-732.2347510164782
15000.0
15000.0
15000.0
15000.0
15000.0
15000.0
15000.0
15000.0
-15000.0
-13050.726702764321
15000.0
15000.0
15000.0
15000.0
-15000.0
-15000.0
-15000.0
-15000.0
-15000.0
-15000.0
-12162.087405495113
-5956.302755956593
15000.0
15000.0
15000.0
15000.0
15000.0
15000.0
15000.0
15000.0
-15000.0
-15000.0
-15000.0
-12773.920590149712
-4877.017825315772
15000.0
15000.0
15000.0
15000.0
15000.0
-15000.0
-15000.0
-14566.011877569661
-13367.355098307016
-11892.22765932569
-10205.998740256025
15000.0
15000.0
15000.0
15000.0
15000.0
15000.0
15000.0
-15000.0
-11667.641040631399
-9133.585821444332
15000.0
11594.495258052211
15000.0
-14242.424242424244
-14012.844566315485
-15000.0
-15000.0
-15000.0
-15000.0
-15000.0
-11753.856493848638
-6954.437491470801
15000.0
15000.0
15000.0
15000.0
15000.0
15000.0
15000.0
15000.0
15000.0
-15000.0
-15000.0
-15000.0
15000.0
15000.0
15000.0
15000.0
-11783.699059561131
15000.0
-13897.485493230175
-14337.274886206218
15000.0
15000.0
15000.0
-14086.457127593269
-14000.242273888813
-13497.818664204515
-13231.690195595747
-13869.054278505268
-14102.13356238174
-15000.0
15000.0
15000.0
15000.0
15000.0
15000.0
15000.0
-14644.215212126986
-14468.912259826124
-15000.0
15000.0
15000.0
15000.0
-15000.0
-15000.0
-15000.0
15000.0
15000.0
15000.0
15000.0
-12608.830468479275
-12728.470328064908
-13257.463820644385
-13924.628721816305
-15000.0
-15000.0
15000.0
15000.0
15000.0
15000.0
15000.0
15000.0
15000.0
-13780.27033774386
-14020.055465419562
-15000.0
-15000.0
-15000.0
-15000.0
-15000.0
-15000.0
15000.0
15000.0
15000.0
15000.0
15000.0
15000.0
15000.0
15000.0
-13508.829300196212
-13879.604899165508
-11187.20894516028
15000.0
15000.0
15000.0
-15000.0
-15000.0
-12443.247818819797
-12513.923431059531
-13133.184731187117
-15000.0
-15000.0
15000.0
15000.0
15000.0
15000.0
15000.0
15000.0
15000.0
15000.0
-14361.847045064987
-14654.756308620734
-13853.852041726983
-15000.0
-15000.0
-15000.0
-15000.0
-15000.0
15000.0
15000.0
15000.0
15000.0
15000.0
15000.0
15000.0
15000.0
-15000.0
-14203.95827439802
15000.0
15000.0
15000.0
-15000.0
-15000.0
-15000.0
-14028.02941489929
-14305.227264237048
-11692.471853676812
15000.0
15000.0
15000.0
15000.0
15000.0
15000.0
-15000.0
-15000.0
-15000.0
-14037.731071157257
-15000.0
-15000.0
-15000.0
15000.0
15000.0
15000.0
15000.0
15000.0
15000.0
15000.0
-13964.11477774979
-13478.327606388662
-13710.033208524797
-14490.539972622137
-15000.0
-15000.0
-15000.0
15000.0
15000.0
15000.0
15000.0
15000.0
15000.0
15000.0
15000.0
-15000.0
-15000.0
-15000.0
-15000.0
-15000.0
15000.0
15000.0
15000.0
15000.0
15000.0
-12227.355884182278
-12281.409655691841
-12721.141489969017
-13827.673692671098
-13083.763890761755
-15000.0
15000.0
15000.0
15000.0
15000.0
15000.0
15000.0
-14670.501328000842
-14635.550433142733
-14583.436612331367
-15000.0
-15000.0
-15000.0
-15000.0
15000.0
15000.0
15000.0
15000.0
15000.0
15000.0
15000.0
-11571.29553708334
-11692.730479812875
-12195.735135218762
-13204.649797127659
-13945.457552342123
-13657.774211046988
-10042.620866274
15000.0
14716.396299592114
9810.56914352045
15000.0
13168.760153931416
10592.17570651587
9000.764531235283
15000.0
4114.709915970662
15000.0
-12362.38310999711
-11740.930324055593
-10917.327894051115
-8773.929839428278
-6741.439556913334
-1444.2596760389497
9414.66925269064
12975.165348189605
7945.019975002622
12914.193368747305
10751.847416936806
14573.291441052012
-13181.818181818184
-12648.185669552407
-12833.424330366655
-13418.831840071569
-13217.023233425953
-13954.565626938285
-15000.0
-15000.0
-12342.750047267888
15000.0
15000.0
15000.0
15000.0
15000.0
15000.0
15000.0
15000.0
15000.0
-11199.155367859526
-4667.326788523944
15000.0
15000.0
-13172.842672137456
-13396.671651211054
-7725.291591759964
15000.0
15000.0
15000.0
-11583.17928191496
-10941.110655998542
-11227.63200318387
-11903.958802076897
-12123.778678938168
-13064.988135431962
15000.0
-15000.0
15000.0
15000.0
15000.0
15000.0
-13298.15312643535
-13056.512543750236
-13115.631904982045
-11758.172972631051
-8889.50144873781
15000.0
15000.0
15000.0
15000.0
15000.0
15000.0
-15000.0
-15000.0
15000.0
15000.0
15000.0
-14676.913015042512
-15000.0
-15000.0