Demand
15000.0
15000.0
15000.0
15000.0
15000.0
15000.0
15000.0
15000.0
15000.0
15000.0
15000.0
15000.0
15000.0
15000.0
15000.0
15000.0
-15000.0
-15000.0
-15000.0
-15000.0
-15000.0
15000.0
15000.0
15000.0
15000.0
15000.0
15000.0
15000.0
15000.0
15000.0
15000.0
15000.0
-14669.788012376492
-15000.0
-15000.0
-15000.0
-15000.0
-15000.0
-15000.0
-15000.0
15000.0
15000.0
15000.0
15000.0
15000.0
15000.0
15000.0
15000.0
15000.0
-15000.0
-15000.0
-15000.0
-15000.0
-12881.924628958062
-10161.337860455125
10976.339812263772
15000.0
15000.0
15000.0
15000.0
-15000.0
15000.0
15000.0
-11991.166672292558
-11442.761509654381
-12700.030907879547
-6118.523074982277
9407.341542349339
15000.0
14468.114624783095
-15000.0
15000.0
15000.0
-15000.0
-15000.0
-15000.0
-13250.345698333364
-11706.664889692827
-7088.141138339415
15000.0
15000.0
-15000.0
15000.0
15000.0
15000.0
15000.0
15000.0
-15000.0
-15000.0
-8639.255328496529
15000.0
15000.0
15000.0
15000.0
-15000.0
-15000.0
-15000.0
15000.0
15000.0
15000.0
-14294.539942586325
-12653.825766637397
-11465.620753442126
-10876.160057990954
-10526.1786836967
-11411.061105968642
-11208.878067398175
15000.0
15000.0
15000.0
15000.0
15000.0
15000.0
15000.0
15000.0
-14309.090909090912
-13830.625307730184
15000.0
15000.0
15000.0
-15000.0
-15000.0
-15000.0
-14189.813443885108
-13103.533948706878
-10886.773592828824
-8641.362457210089
-3239.292489482038
4910.532378501423
15000.0
15000.0
15000.0
15000.0
15000.0
15000.0
15000.0
-15000.0
-14160.353535353537
-13830.227669505122
-8615.537384239451
15000.0
15000.0
15000.0
15000.0
15000.0
-15000.0
-15000.0
-15000.0
-15000.0
15000.0
15000.0
15000.0
15000.0
15000.0
-15000.0
-15000.0
-15000.0
-15000.0
-13208.59038528693
-14097.68058182445
-9319.450286309002
15000.0
15000.0
15000.0
15000.0
15000.0
15000.0
15000.0
-15000.0
-15000.0
-15000.0
-15000.0
-15000.0
15000.0
15000.0
15000.0
15000.0
15000.0
15000.0
-15000.0
-15000.0
15000.0
15000.0
15000.0
-15000.0
15000.0
-14288.53754940712
-15000.0
15000.0
15000.0
-15000.0
-15000.0
-15000.0
-15000.0
-15000.0
-8596.80898693476
15000.0
15000.0
15000.0
15000.0
15000.0
15000.0
-15000.0
-15000.0
-15000.0
-15000.0
15000.0
15000.0
15000.0
15000.0
15000.0
-14677.613966290868
-15000.0
-15000.0
-15000.0
-15000.0
-15000.0
-15000.0
15000.0
15000.0
15000.0
10062.964253082817
15000.0
15000.0
15000.0
15000.0
15000.0
-15000.0
15000.0
15000.0
-14660.764767147746
-14179.226835847392
-13871.932147669697
-13833.36562602295
15000.0
15000.0
15000.0
15000.0
15000.0
-15000.0
-15000.0
-15000.0
-15000.0
-14177.48917748918
-3524.8651887357737
15000.0
15000.0
15000.0
15000.0
15000.0
15000.0
-15000.0
-15000.0
-15000.0
-15000.0
-15000.0
15000.0
15000.0
15000.0
15000.0
15000.0
15000.0
15000.0
-14690.24144088192
-15000.0
-15000.0
-15000.0
-14469.907668457814
-15000.0
-15000.0
15000.0
15000.0
15000.0
15000.0
15000.0
15000.0
15000.0
15000.0
-12747.035573122528
15000.0
-12217.323628516599
-13070.943659737153
-13209.148379985134
-13326.072362096467
-15000.0
-15000.0
15000.0
15000.0
15000.0
15000.0
15000.0
15000.0
15000.0
-14051.615347917268
-13272.446656596352
-13456.75014259472
-14550.577478262428
-15000.0
-15000.0
-15000.0
15000.0
15000.0
15000.0
15000.0
15000.0
15000.0
15000.0
-13740.048081146444
-13295.007279154564
-13871.417749936216
-14569.416287246931
-15000.0
-15000.0
-15000.0
15000.0
15000.0
15000.0
15000.0
15000.0
15000.0
15000.0
15000.0
-15000.0
-15000.0
-15000.0
-15000.0
-15000.0
-11352.972540655828
2878.857563353562
15000.0
15000.0
15000.0
15000.0
15000.0
15000.0
15000.0
-15000.0
-15000.0
-15000.0
-15000.0
-7323.232323232354
15000.0
15000.0
15000.0
15000.0
15000.0
-15000.0
-15000.0
-15000.0
-15000.0
-15000.0
-15000.0
-15000.0
-15000.0
15000.0
15000.0
15000.0
15000.0
15000.0
15000.0
15000.0
15000.0
15000.0
-14668.257478756837
-15000.0
-15000.0
-14328.011375668339
-15000.0
15000.0
15000.0
15000.0
15000.0
15000.0
15000.0
-15000.0
-15000.0
-14629.147690305796
-14567.903734106989
-15000.0
-15000.0
-15000.0
15000.0
15000.0
15000.0
15000.0
15000.0
15000.0
15000.0
-14023.176105761384
-13934.757807527021
-13016.249939349404
-13172.922183757353
-13881.68994810593
-14219.438148713427
-15000.0
15000.0
15000.0
15000.0
15000.0
15000.0
15000.0
15000.0
15000.0
-14687.697559742064
-14658.071167802143
-15000.0
-15000.0
-15000.0
-15000.0
-15000.0
15000.0
15000.0
15000.0
15000.0
15000.0
15000.0
15000.0
-12951.715274337705
-13678.986663455704
15000.0
15000.0
15000.0
15000.0
-15000.0
15000.0
15000.0
-14365.75052854123
-14282.092505565179
-14570.603698046154
-15000.0
-15000.0
15000.0
15000.0
15000.0
15000.0
15000.0
15000.0
-14072.097818615926
-14334.92681239644
-14635.312375159287
-15000.0
-15000.0
-15000.0
-15000.0
-15000.0
15000.0
15000.0
15000.0
15000.0
15000.0
15000.0
15000.0
15000.0
-15000.0
-15000.0
-15000.0
15000.0
15000.0
15000.0
15000.0
-13437.328654457728
-13658.313857049532
-13899.352735830907
-14587.28618427605
-15000.0
-15000.0
-15000.0
-15000.0
15000.0
15000.0
15000.0
15000.0
15000.0
15000.0
15000.0
15000.0
-12097.580619747918
9973.475037022017
15000.0
15000.0
-15000.0
-15000.0
-13718.278188242854
-13211.835738528134
-9818.096348764931
15000.0
15000.0
15000.0
15000.0
15000.0
-15000.0
-15000.0
-15000.0
-15000.0
4554.030874785625
15000.0
15000.0
15000.0
15000.0
15000.0
-15000.0
-15000.0
-15000.0
-15000.0
-14071.913161465407
-12739.396408239969
-9760.934329848744
-8176.43813490673
4893.858624812837
15000.0
15000.0
1903.656703199843
15000.0
15000.0
15000.0
15000.0
15000.0
-15000.0
-13335.878548329147
-13903.300195947137
-13337.554295512517
-13023.00899765495
-13080.710512379374
-15000.0
-15000.0
15000.0
15000.0
15000.0
15000.0
15000.0
15000.0
15000.0
-13001.911913257718
-11715.018488183476
-11333.27810090132
-11699.089796215332
-12065.052592198423
-11587.81708620418
-11032.691784910334
15000.0
15000.0
15000.0
15000.0
15000.0
15000.0
15000.0
-13300.247081877824
-13746.96955563021
-15000.0
-15000.0
15000.0
15000.0
15000.0
15000.0
-15000.0
-15000.0
-14389.96971440977
-15000.0
15000.0
15000.0
15000.0
15000.0
15000.0
-15000.0
-15000.0
-15000.0
15000.0
15000.0
15000.0
15000.0
15000.0
15000.0
15000.0
-15000.0
-15000.0
-14555.208739758094
-15000.0
-15000.0
15000.0
15000.0
15000.0
15000.0
15000.0
15000.0
-14314.574314574318
-14604.04300284848
-15000.0
-15000.0
-15000.0
15000.0
15000.0
15000.0
15000.0
15000.0
15000.0
-15000.0
-15000.0
-15000.0
-15000.0
-15000.0
15000.0
15000.0
15000.0
15000.0
15000.0
15000.0
-13743.801652892562
-13954.801412268334
-14597.002109711895
-15000.0
-15000.0
-15000.0
15000.0
15000.0
15000.0
15000.0
15000.0
15000.0
-14296.495627894383
-14582.048260025957
-15000.0
-15000.0
15000.0
15000.0
15000.0
15000.0
15000.0
15000.0
-13094.141249024779
-13294.434083053915
-12012.98093384815
-12090.855153503802
-12599.770608446903
-13812.529732981948
-13286.329645179165
-15000.0
15000.0
15000.0
15000.0
15000.0
15000.0
15000.0
15000.0
15000.0
-14682.097044060236
15000.0
-15000.0
-15000.0
-15000.0
-13053.983344773846
-11350.012662385245
-9925.48469233601
-2591.6179038359223
15000.0
15000.0
15000.0
15000.0
5968.466121707371
15000.0
15000.0
15000.0
-14359.70472598893
-13052.67858085144
-6336.541945488134
-22.517076869129596
15000.0
15000.0
382.18701334564594
15000.0
-9785.591766723846
-9946.523225543395
-9542.63836433765
-9146.519915505974
-8292.090145156082
15000.0
15000.0
15000.0
1689.5249204315287
15000.0
-7738.538868186154
-6339.367531708394
-5518.379390602469
-3064.999554455265
12691.721929650565
5637.762349525678
15000.0
15000.0
-13147.775628626692
-13672.05901126182
-13538.83562902316
-14172.05987285175
-15000.0
-15000.0
-13849.602256604172
-15000.0
15000.0
15000.0
15000.0
15000.0
15000.0
15000.0
15000.0
-10907.488040459746
-11133.400175675939
-9846.280199688805
-8033.920803303634
-7058.126485994413
15000.0
15000.0
15000.0
15000.0
15000.0
-11401.515151515152
-11001.629674242296
-9957.911478827365
-9833.562730950769
-9805.583416180536
-5488.4251270953455
15000.0
15000.0
15000.0
15000.0
15000.0
-15000.0
-13917.635888915262
-12786.463878327002
-11906.828177969695
-9707.986794091084
15000.0
15000.0
15000.0
15000.0
15000.0
-15000.0
15000.0
15000.0
15000.0
-15000.0
-14652.393605436253
-14614.83663507031
-13678.251447293613
-14474.374129066975
-15000.0
-15000.0