Demand
15000.0
15000.0
15000.0
15000.0
15000.0
15000.0
15000.0
15000.0
15000.0
15000.0
15000.0
15000.0
15000.0
15000.0
15000.0
15000.0
15000.0
15000.0
15000.0
15000.0
-15000.0
15000.0
15000.0
15000.0
15000.0
15000.0
15000.0
15000.0
15000.0
-14335.941948821845
-13888.421478270226
-14142.810314922543
-14468.105237067204
-15000.0
-15000.0
15000.0
15000.0
15000.0
15000.0
15000.0
15000.0
15000.0
-14683.509161576902
-15000.0
-15000.0
-15000.0
-14169.215231013637
-12012.756998099358
15000.0
15000.0
15000.0
15000.0
15000.0
15000.0
-13688.819194191223
-13571.352188668396
-12608.954972904645
-12254.391405982762
-11674.503787190682
-12782.164046390997
-15000.0
15000.0
15000.0
15000.0
15000.0
15000.0
15000.0
15000.0
15000.0
-14355.628827131419
-15000.0
-15000.0
-15000.0
-15000.0
-15000.0
15000.0
15000.0
15000.0
15000.0
15000.0
15000.0
15000.0
-15000.0
-15000.0
-15000.0
-15000.0
-15000.0
15000.0
15000.0
15000.0
15000.0
15000.0
-15000.0
-15000.0
-15000.0
-15000.0
-15000.0
-15000.0
15000.0
15000.0
15000.0
15000.0
15000.0
15000.0
15000.0
-13753.514526710405
-14326.434338663614
-15000.0
-15000.0
-15000.0
-15000.0
-15000.0
15000.0
15000.0
15000.0
15000.0
15000.0
15000.0
15000.0
15000.0
-15000.0
-15000.0
-15000.0
-14083.539894151545
-12776.580783370486
-9882.477091334415
-6224.165302246068
5367.570013559259
14663.178305816406
-1585.14461899273
15000.0
15000.0
15000.0
15000.0
15000.0
15000.0
-15000.0
-14195.726668010488
-13907.497611244475
-9593.785944695977
15000.0
15000.0
15000.0
15000.0
15000.0
-15000.0
-15000.0
-15000.0
-15000.0
-14394.647408666104
-14104.69816938659
-12807.88418581558
15000.0
15000.0
15000.0
15000.0
15000.0
15000.0
15000.0
15000.0
-14386.208324704912
-12994.131904840997
-13520.310799401752
-14147.539800374198
-15000.0
-14234.379949430753
-15000.0
15000.0
15000.0
15000.0
15000.0
15000.0
15000.0
15000.0
-13442.339223902352
-13232.603442611111
-14147.432453429108
-14400.512631110436
-15000.0
15000.0
15000.0
15000.0
15000.0
15000.0
-15000.0
-13910.365335598985
-14131.316071640791
-15000.0
-15000.0
15000.0
15000.0
15000.0
15000.0
15000.0
15000.0
-14314.67503840759
-12981.396934885892
-12950.186072992714
-13402.286968673849
-11038.764264423757
15000.0
15000.0
15000.0
15000.0
15000.0
-15000.0
-15000.0
15000.0
15000.0
-13391.425230251905
-11704.85323844129
15000.0
15000.0
-15000.0
-15000.0
-15000.0
-15000.0
-15000.0
-4482.822833226507
15000.0
15000.0
15000.0
15000.0
15000.0
15000.0
15000.0
-15000.0
-15000.0
-15000.0
-15000.0
-14448.742746615091
-13456.47616151594
-12037.696817332271
15000.0
15000.0
15000.0
15000.0
15000.0
15000.0
15000.0
15000.0
-15000.0
-15000.0
-14578.713968957876
-12910.563411762956
-12835.73227470561
-7951.137256776073
15000.0
15000.0
15000.0
15000.0
15000.0
15000.0
15000.0
-15000.0
-15000.0
-15000.0
-15000.0
-15000.0
-15000.0
-15000.0
15000.0
15000.0
15000.0
15000.0
15000.0
15000.0
15000.0
15000.0
-15000.0
-15000.0
-15000.0
-15000.0
-15000.0
-15000.0
15000.0
15000.0
15000.0
15000.0
15000.0
15000.0
-13082.83682490871
-13012.902266879217
-12464.107720601674
15000.0
15000.0
15000.0
15000.0
15000.0
-15000.0
-15000.0
-15000.0
-13471.44006436042
-12979.4349849248
-9449.935368998114
316.1346118852116
15000.0
15000.0
15000.0
15000.0
15000.0
15000.0
15000.0
-15000.0
-15000.0
-15000.0
-15000.0
-13082.42220353238
-12018.037500577499
-12505.430977077496
-13323.665804095228
15000.0
15000.0
15000.0
15000.0
15000.0
15000.0
15000.0
15000.0
-15000.0
-15000.0
-15000.0
-15000.0
15000.0
15000.0
15000.0
15000.0
-13779.791636934493
-13658.03971753749
15000.0
15000.0
15000.0
15000.0
-15000.0
-15000.0
-15000.0
-15000.0
-15000.0
-15000.0
-15000.0
15000.0
15000.0
15000.0
15000.0
15000.0
-15000.0
15000.0
15000.0
15000.0
15000.0
15000.0
-15000.0
-15000.0
-15000.0
-15000.0
15000.0
15000.0
15000.0
15000.0
15000.0
-15000.0
-15000.0
-15000.0
-14285.266457680253
-15000.0
15000.0
15000.0
15000.0
15000.0
15000.0
-15000.0
-15000.0
-15000.0
15000.0
15000.0
15000.0
15000.0
-14655.921767475553
-15000.0
-15000.0
15000.0
15000.0
15000.0
-15000.0
-15000.0
-15000.0
15000.0
15000.0
15000.0
15000.0
-13231.367799100593
-13368.05249795293
-13988.530030933423
-14258.559793285352
-15000.0
15000.0
15000.0
15000.0
15000.0
15000.0
15000.0
-13749.723550511044
15000.0
15000.0
-14689.13873390108
-15000.0
-15000.0
-15000.0
-15000.0
-15000.0
-15000.0
15000.0
15000.0
15000.0
15000.0
15000.0
15000.0
15000.0
-9411.271658646849
15000.0
-15000.0
-15000.0
-15000.0
-15000.0
-12765.941683842186
-9646.252686679101
10227.668428529852
15000.0
15000.0
15000.0
15000.0
15000.0
15000.0
15000.0
-13977.272727272728
-13431.941923774953
-13563.158703923662
-12984.531025170178
-12184.958349279874
15000.0
15000.0
15000.0
15000.0
15000.0
15000.0
-12565.403096636415
-12008.10060290487
-11644.495929015407
-10185.377760317228
-10603.315762711612
-10777.111164840797
-4533.742792824728
15000.0
15000.0
15000.0
15000.0
15000.0
-14026.380717403685
-13945.610960321872
-13834.619338540946
-12787.761024150863
-12905.613262670457
-12982.420354950711
-13967.080748792254
-15000.0
15000.0
15000.0
15000.0
15000.0
15000.0
15000.0
15000.0
15000.0
-12383.016512282655
-11796.787068606856
-11441.518351497147
-12273.188402719265
-13312.88160112685
-14181.567677273615
-15000.0
15000.0
15000.0
15000.0
15000.0
15000.0
15000.0
15000.0
-14682.804674457431
-15000.0
-15000.0
-15000.0
-15000.0
-15000.0
15000.0
15000.0
15000.0
15000.0
15000.0
15000.0
-15000.0
15000.0
15000.0
-15000.0
-15000.0
-11656.891495601176
15000.0
15000.0
15000.0
-12797.660381389884
-12954.790014792874
-13485.586673219546
-14122.319144089659
-15000.0
-15000.0
-15000.0
15000.0
15000.0
15000.0
15000.0
15000.0
15000.0
15000.0
-14036.340896771722
-15000.0
-15000.0
-15000.0
-15000.0
-15000.0
15000.0
15000.0
15000.0
15000.0
15000.0
15000.0
15000.0
-12718.696397941683
-13246.853214682764
-13457.609238171171
-14125.785635941782
-14477.324135311184
-15000.0
-15000.0
-15000.0
15000.0
15000.0
15000.0
15000.0
15000.0
15000.0
15000.0
15000.0
-15000.0
-15000.0
-15000.0
-15000.0
-15000.0
-14309.509838016394
-15000.0
-8755.680524327727
15000.0
15000.0
15000.0
15000.0
15000.0
15000.0
15000.0
15000.0
15000.0
-15000.0
-15000.0
-14203.477990839223
-15000.0
-15000.0
-15000.0
15000.0
15000.0
15000.0
15000.0
15000.0
15000.0
-15000.0
-15000.0
-13990.243880300328
-14260.632888101547
-11039.888084132304
15000.0
15000.0
15000.0
15000.0
15000.0
15000.0
-15000.0
-15000.0
-15000.0
-12555.746140651809
15000.0
15000.0
15000.0
15000.0
15000.0
-15000.0
-15000.0
-15000.0
-12069.65984063063
-12520.680525692645
-12164.985013942674
-3751.7088943637937
15000.0
15000.0
15000.0
15000.0
15000.0
15000.0
15000.0
-15000.0
-15000.0
-14606.625258799173
-13601.379062292508
-13812.461000633073
-14092.83223749169
-15000.0
15000.0
15000.0
15000.0
15000.0
15000.0
15000.0
15000.0
-12891.83749482367
-12946.455828794722
-10799.044007953089
-9513.038321825643
-3946.0794959133164
15000.0
15000.0
15000.0
15000.0
15000.0
-13736.141906873618
15000.0
-14673.361566522708
-14626.350607745222
-14544.651326108818
-14367.610695606498
-13697.989159577166
15000.0
15000.0
15000.0
15000.0
15000.0
15000.0
-12964.588602886477
-11787.194058017623
-9799.370079399923
-6777.941995550325
15000.0
8254.817088650612
15000.0
15000.0
15000.0
-14326.55070561208
-14210.898634846897
-12472.893410037483
-2701.444526199207
6730.921734350962
15000.0
13676.853477369974
6097.192576518239
15000.0
15000.0
-8503.392130257795
5090.158262551603
15000.0
15000.0
-11920.562929367039
-11074.77262336927
-8786.077857121512
-6074.841744110778
2800.5526637248877
15000.0
15000.0
4127.277563621033
15000.0
15000.0
-8313.782991202355
15000.0
15000.0
-13155.936590100293
-13633.388982585671
-13403.447792750714
-13985.09775279936
-15000.0
-15000.0
15000.0
15000.0
15000.0
15000.0
15000.0
-15000.0
-14637.291040592114
-13343.63374160555
-12048.489433509643
-7488.4750246975855
-6516.8340677223205
1394.357111394961
15000.0
5545.976298199399
15000.0
15000.0
15000.0
15000.0
15000.0
-11360.15325670498
-10946.24788824502
-9870.053205446748
-9713.882339883661
-9618.957186096533
-4535.405397512157
15000.0
15000.0
15000.0
15000.0
15000.0
-15000.0
-13925.429409300381
-12868.113088767008
-12229.201213425556
-11386.25630372129
14892.299737388788
9611.09158221128
15000.0
15000.0
15000.0
15000.0
-15000.0
-15000.0
-15000.0
-15000.0
15000.0
15000.0
15000.0
15000.0
-15000.0
-15000.0