Demand
-15000.0
-15000.0
-15000.0
-15000.0
15000.0
15000.0
15000.0
15000.0
15000.0
15000.0
15000.0
15000.0
15000.0
15000.0
-15000.0
15000.0
15000.0
-15000.0
15000.0
15000.0
15000.0
-15000.0
15000.0
15000.0
15000.0
-15000.0
-15000.0
-15000.0
-15000.0
-13827.642945290012
-12480.771680744721
-11575.194320241451
15000.0
15000.0
15000.0
15000.0
15000.0
15000.0
15000.0
15000.0
-14034.443817052514
-14503.35175777868
15000.0
15000.0
15000.0
-15000.0
-14559.369202226353
-14174.288533386552
15000.0
15000.0
15000.0
15000.0
-15000.0
-13882.770207205525
-13071.093355739224
-11808.497691097378
15000.0
15000.0
15000.0
-6864.886661578498
15000.0
-15000.0
-10062.72172072811
9806.075260740132
15000.0
15000.0
15000.0
-12679.782903663505
-13100.942442742973
-14059.194918320372
-15000.0
-15000.0
15000.0
15000.0
15000.0
15000.0
15000.0
-13611.540268214998
-13001.275887161206
-13043.30199565033
-13625.36959576808
-15000.0
15000.0
15000.0
15000.0
15000.0
15000.0
15000.0
-15000.0
-14258.857947773326
-13974.808935623889
-13816.505495740916
15000.0
15000.0
15000.0
15000.0
-15000.0
-15000.0
-15000.0
-15000.0
-13565.586662472484
-6375.693693064818
15000.0
15000.0
15000.0
15000.0
8908.53264455856
15000.0
15000.0
-15000.0
-15000.0
-15000.0
15000.0
15000.0
15000.0
-14340.420915599916
-14286.748447349655
-14606.938238768027
-15000.0
-15000.0
-15000.0
-15000.0
-15000.0
15000.0
15000.0
15000.0
15000.0
15000.0
15000.0
15000.0
15000.0
15000.0
-15000.0
-15000.0
-15000.0
-15000.0
-15000.0
-12917.54335101513
-5917.192493259453
15000.0
15000.0
15000.0
15000.0
15000.0
15000.0
15000.0
-15000.0
-15000.0
-15000.0
-14219.605695509315
15000.0
15000.0
15000.0
15000.0
15000.0
-15000.0
-15000.0
-15000.0
-13498.02371541502
-14343.263145590867
-12792.67754193829
15000.0
6160.06453277347
15000.0
15000.0
15000.0
15000.0
15000.0
15000.0
-15000.0
-15000.0
-15000.0
-15000.0
-13463.887890765363
-11608.322074691187
-9604.756876960844
-8003.120104908634
15000.0
15000.0
15000.0
15000.0
15000.0
15000.0
15000.0
-15000.0
-13791.41266896369
-13964.786774759035
-15000.0
-15000.0
15000.0
15000.0
15000.0
15000.0
15000.0
-15000.0
-14210.609688293036
-12557.412100513284
-12285.096810275587
-12216.243564253116
15000.0
15000.0
15000.0
15000.0
15000.0
15000.0
-15000.0
-15000.0
-15000.0
-13846.883297509172
-11281.108002466903
-8132.184598917047
15000.0
15000.0
15000.0
15000.0
15000.0
15000.0
-15000.0
-13838.628237681543
-13533.593204204346
-13508.080371981348
-9355.22897494556
15000.0
15000.0
15000.0
15000.0
15000.0
-15000.0
-15000.0
-15000.0
-14559.215508197696
-13916.134763258051
-13511.280631139121
-13625.062698646263
15000.0
15000.0
15000.0
15000.0
15000.0
15000.0
15000.0
15000.0
-15000.0
-14653.122366819593
-13449.287137158735
-13663.678862720957
-12280.931967835983
-12820.268813274732
-12446.695528248292
-15000.0
15000.0
15000.0
15000.0
15000.0
15000.0
15000.0
15000.0
-15000.0
15000.0
15000.0
15000.0
-15000.0
-13873.517786561271
15000.0
15000.0
15000.0
-15000.0
-14643.657202396458
-15000.0
-15000.0
-15000.0
-15000.0
-15000.0
15000.0
15000.0
15000.0
15000.0
15000.0
15000.0
15000.0
-12240.696885443638
-13107.119543761011
-13275.467190335392
-13445.076504104167
-15000.0
-15000.0
15000.0
15000.0
15000.0
15000.0
15000.0
15000.0
15000.0
15000.0
-13446.23142973968
-13563.047969132851
-14545.517146383172
-15000.0
-15000.0
15000.0
15000.0
15000.0
15000.0
-15000.0
-15000.0
-15000.0
-15000.0
-10566.701779897045
15000.0
6702.484521849405
15000.0
15000.0
15000.0
15000.0
15000.0
-15000.0
-15000.0
-15000.0
-15000.0
-15000.0
-15000.0
-15000.0
15000.0
15000.0
15000.0
15000.0
15000.0
15000.0
15000.0
-14649.403370648299
-15000.0
-12365.034352617386
15000.0
15000.0
15000.0
-15000.0
-15000.0
-15000.0
-15000.0
15000.0
15000.0
15000.0
15000.0
15000.0
-14319.483631894254
-15000.0
-15000.0
-15000.0
15000.0
15000.0
15000.0
15000.0
15000.0
15000.0
-15000.0
-15000.0
-15000.0
-15000.0
15000.0
-15000.0
15000.0
15000.0
15000.0
15000.0
-15000.0
-15000.0
-14565.16211061666
-15000.0
-15000.0
-15000.0
-15000.0
15000.0
15000.0
15000.0
15000.0
15000.0
15000.0
15000.0
15000.0
-15000.0
-15000.0
-15000.0
-15000.0
-15000.0
15000.0
15000.0
15000.0
15000.0
15000.0
15000.0
-13294.284280763448
-13440.779888096553
-14049.401085506903
-14329.54210717756
-15000.0
15000.0
15000.0
15000.0
15000.0
15000.0
15000.0
-14065.40353434141
-14288.733513725652
-14563.905411125113
-14371.563522327098
-15000.0
15000.0
15000.0
15000.0
15000.0
15000.0
-14028.353051066795
-13549.500946200846
-12886.909804901683
-11306.240452589976
-9772.403470591664
-5824.293597881504
15000.0
15000.0
15000.0
15000.0
15000.0
15000.0
-15000.0
-13948.684318386753
-13463.007818543014
-14138.300642416947
-13990.005700747788
-14367.26004831407
-15000.0
-15000.0
15000.0
15000.0
15000.0
15000.0
15000.0
15000.0
15000.0
15000.0
15000.0
-15000.0
-15000.0
-15000.0
-15000.0
15000.0
15000.0
15000.0
15000.0
15000.0
-12405.036278275715
-13267.786681946181
-13867.261822677588
-15000.0
-15000.0
-15000.0
-15000.0
-15000.0
15000.0
15000.0
15000.0
15000.0
15000.0
15000.0
15000.0
15000.0
15000.0
-15000.0
-15000.0
-15000.0
15000.0
15000.0
15000.0
15000.0
-12272.727272727276
-11393.129770992371
-10368.852906196465
-10065.00253451206
6249.095493356191
15000.0
15000.0
15000.0
15000.0
-14038.120375578732
-13946.050292146534
-13416.645175250578
-13142.7685870469
-13827.05785635822
-14111.51317431124
-15000.0
15000.0
15000.0
15000.0
15000.0
15000.0
15000.0
15000.0
-14687.277704467688
-15000.0
-15000.0
-15000.0
-15000.0
-15000.0
15000.0
15000.0
15000.0
15000.0
15000.0
15000.0
-12557.833603636438
-12610.656703459073
-13063.658171098832
-13647.604708570154
-15000.0
15000.0
15000.0
15000.0
15000.0
15000.0
15000.0
-14015.631227029182
-13555.776775396356
-13367.564303196395
-13551.614963348158
-15000.0
-15000.0
-15000.0
15000.0
15000.0
15000.0
15000.0
15000.0
15000.0
15000.0
-12110.521205940418
-11848.405277506557
-12255.54978612309
-12693.466672340091
-12615.007973909658
-13093.145453400834
-9834.00753686334
15000.0
15000.0
15000.0
15000.0
15000.0
15000.0
-13231.691072321977
-13235.041101456613
15000.0
15000.0
15000.0
-15000.0
-15000.0
-15000.0
15000.0
15000.0
15000.0
-15000.0
-14173.114119922633
-14478.838767567486
-12631.131378331607
-15000.0
15000.0
15000.0
15000.0
15000.0
15000.0
15000.0
-15000.0
-15000.0
-14217.530127084843
-15000.0
-15000.0
-15000.0
-15000.0
15000.0
15000.0
15000.0
15000.0
15000.0
15000.0
15000.0
15000.0
-14682.486631016047
-14278.978739235918
-14568.109519166075
-15000.0
-15000.0
15000.0
15000.0
15000.0
15000.0
15000.0
15000.0
-11859.50413223144
15000.0
-15000.0
-15000.0
-15000.0
-15000.0
-15000.0
-15000.0
-15000.0
15000.0
15000.0
11801.234861078578
15000.0
15000.0
15000.0
15000.0
15000.0
15000.0
-15000.0
-15000.0
-15000.0
-15000.0
-14405.90619571512
-12234.966799157628
-9791.91999509023
15000.0
15000.0
15000.0
15000.0
15000.0
15000.0
15000.0
-15000.0
-13639.11845730028
-12743.648388206035
-12868.738933168821
-10933.966610285748
-10490.24681806748
-10216.379932293767
-10025.343220426796
15000.0
15000.0
15000.0
15000.0
15000.0
15000.0
15000.0
-14654.545454545456
-14579.172520281994
-14407.493827424769
-13632.694836042789
15000.0
15000.0
15000.0
15000.0
15000.0
-13072.308559465338
-12914.412333199823
-11928.821601655436
-10658.012298628466
-9921.088067166475
-8664.923961815948
-6111.44087237473
-536.5821401145713
15000.0
6327.217644622487
15000.0
15000.0
15000.0
15000.0
15000.0
-7662.912308930009
10702.57085565504
15000.0
-12121.212121212122
-2226.8907563025396
15000.0
15000.0
-11611.796982167354
-12359.058147966676
-11736.085300120067
-10909.976331713897
-8759.847397571244
-6717.431320641663
-1391.5085381232384
9521.212267384886
12967.938766419233
7948.797065668638
12910.483862333112
10761.606203075924
14486.746132989476
-13181.818181818184
-12374.827291269168
-12384.031484810956
-12810.912557796328
-11705.712827857096
-10427.36210105857
15000.0
15000.0
15000.0
15000.0
15000.0
15000.0
-15000.0
-15000.0
-14500.146156094714
-11372.524744877599
15000.0
15000.0
15000.0
15000.0
15000.0
-12713.467048710605
-13186.991903410064
-13736.980232474445
-13405.866620823155
-15000.0
4039.749981129241
15000.0
15000.0
15000.0
15000.0
15000.0
15000.0
-14308.43227316059
-14565.091474225195
-15000.0
-15000.0
15000.0
15000.0
15000.0
15000.0
-13272.605840203578
-13494.543807218717
-12898.427937210006
-12579.822803186507
-13825.03814627953
-15000.0
-15000.0
15000.0
15000.0
15000.0
15000.0
15000.0
15000.0
15000.0
15000.0
15000.0
-15000.0
-15000.0