Demand
15000.0
15000.0
15000.0
15000.0
15000.0
15000.0
15000.0
15000.0
15000.0
15000.0
15000.0
15000.0
15000.0
15000.0
15000.0
15000.0
15000.0
15000.0
15000.0
15000.0
15000.0
15000.0
15000.0
15000.0
15000.0
-15000.0
-15000.0
-15000.0
-15000.0
2814.2257531195783
15000.0
15000.0
15000.0
15000.0
15000.0
15000.0
15000.0
15000.0
15000.0
15000.0
15000.0
-14688.64611783067
-14623.846949712486
-15000.0
-15000.0
15000.0
15000.0
15000.0
15000.0
-15000.0
-15000.0
-15000.0
-15000.0
-1789.5188740463682
15000.0
15000.0
15000.0
15000.0
15000.0
-14084.888621312464
-15000.0
-15000.0
-11834.47558827898
-11437.896963015952
-10836.10022126976
-12411.018664948333
-6400.9707887457
-3114.073630987121
15000.0
1520.774604963045
15000.0
15000.0
15000.0
15000.0
15000.0
15000.0
-14035.774700833284
-13519.470166889543
-12718.32389209716
-12403.03845289749
-11887.54785003245
15000.0
15000.0
15000.0
15000.0
15000.0
-15000.0
-15000.0
-15000.0
-13718.27818824286
-12394.015600472812
15000.0
15000.0
15000.0
15000.0
15000.0
15000.0
-15000.0
-15000.0
-15000.0
-14033.898305084753
-11337.996166311383
-8201.205716856817
-3333.617240232582
15000.0
1523.781963445308
15000.0
15000.0
15000.0
15000.0
15000.0
15000.0
15000.0
15000.0
-14357.89117945252
-14122.320844021342
-12784.373423491346
15000.0
15000.0
15000.0
-15000.0
-15000.0
-15000.0
-13960.496707539292
-11896.013353764658
-1467.0423380438951
15000.0
15000.0
15000.0
15000.0
15000.0
15000.0
-15000.0
15000.0
-15000.0
-15000.0
-15000.0
-13896.31135637526
-13469.890522686637
-7727.9182477375825
12980.626008443309
15000.0
15000.0
-15000.0
15000.0
15000.0
15000.0
15000.0
-15000.0
-14559.163514790947
-14424.986510052626
-14059.04114145707
-15000.0
15000.0
15000.0
15000.0
15000.0
15000.0
15000.0
-14260.493105067926
15000.0
15000.0
15000.0
-14320.862623614921
-15000.0
-14512.151484193659
-15000.0
-15000.0
15000.0
15000.0
15000.0
15000.0
15000.0
15000.0
-13405.267280934087
-13283.500313294298
-14247.648083322096
-14573.315327048113
-15000.0
-15000.0
-15000.0
-15000.0
15000.0
15000.0
15000.0
15000.0
15000.0
15000.0
15000.0
15000.0
-15000.0
-15000.0
-15000.0
-15000.0
-15000.0
-12950.90141377598
179.38947823768012
15000.0
15000.0
15000.0
15000.0
15000.0
15000.0
15000.0
15000.0
-15000.0
-15000.0
-15000.0
-13876.23220153341
-11689.006483241646
-11309.176439597268
15000.0
15000.0
15000.0
15000.0
15000.0
15000.0
15000.0
-14076.507650765077
-14007.82491852514
-14276.763579532191
-14186.678581999204
-14047.105876374859
-15000.0
-15000.0
-15000.0
15000.0
15000.0
15000.0
15000.0
15000.0
15000.0
15000.0
15000.0
-15000.0
-15000.0
15000.0
15000.0
15000.0
15000.0
-15000.0
-15000.0
-15000.0
-14401.810310901223
-10945.13533043195
33.12085369181568
15000.0
15000.0
15000.0
15000.0
15000.0
15000.0
-15000.0
-15000.0
-15000.0
15000.0
15000.0
15000.0
-15000.0
-15000.0
-15000.0
15000.0
15000.0
15000.0
15000.0
15000.0
-15000.0
-14612.93608352432
-15000.0
-15000.0
-15000.0
15000.0
15000.0
15000.0
15000.0
15000.0
-13614.95109550162
15000.0
-13642.917174318009
-6735.714838752272
15000.0
15000.0
15000.0
-14027.856736782265
-15000.0
-15000.0
-15000.0
-15000.0
-15000.0
15000.0
15000.0
15000.0
15000.0
15000.0
15000.0
-13567.329918683394
-14575.441273603166
-15000.0
-15000.0
15000.0
15000.0
15000.0
15000.0
15000.0
15000.0
-15000.0
15000.0
-13580.323785803237
-12944.057095800166
-13475.229609701131
-14261.25459795757
-15000.0
15000.0
15000.0
15000.0
15000.0
15000.0
15000.0
-15000.0
-15000.0
-15000.0
-15000.0
-15000.0
-15000.0
-15000.0
15000.0
15000.0
15000.0
15000.0
15000.0
15000.0
15000.0
-15000.0
-15000.0
-15000.0
-15000.0
-15000.0
-15000.0
-15000.0
-15000.0
15000.0
15000.0
15000.0
15000.0
15000.0
15000.0
15000.0
15000.0
15000.0
-15000.0
-15000.0
-15000.0
-15000.0
-15000.0
-15000.0
15000.0
15000.0
15000.0
15000.0
15000.0
15000.0
15000.0
-15000.0
-14639.83887528631
-15000.0
-15000.0
-12993.189808694315
15000.0
15000.0
15000.0
15000.0
15000.0
-15000.0
-15000.0
-15000.0
-15000.0
15000.0
15000.0
15000.0
15000.0
15000.0
-15000.0
-15000.0
-15000.0
-15000.0
-15000.0
-15000.0
-15000.0
15000.0
15000.0
15000.0
15000.0
15000.0
15000.0
15000.0
15000.0
-15000.0
-15000.0
15000.0
15000.0
-14068.437180796733
-14002.908396770523
-14277.43091151378
-14597.642618580849
-14534.84953031157
-15000.0
-15000.0
-15000.0
15000.0
15000.0
15000.0
15000.0
15000.0
15000.0
15000.0
15000.0
15000.0
-12578.589634664408
15000.0
-15000.0
15000.0
-15000.0
-15000.0
-15000.0
-13347.290331147127
-11978.75172532459
-12324.53966310099
15000.0
15000.0
15000.0
15000.0
15000.0
15000.0
15000.0
15000.0
-13597.138901707436
-13728.748592943371
-13235.09185691864
-12491.918244805955
15000.0
15000.0
15000.0
15000.0
15000.0
-15000.0
-454.5454545454577
15000.0
15000.0
-11586.826347305392
-12190.638412695735
-12849.68030984098
-13082.940732105882
-15000.0
15000.0
15000.0
15000.0
15000.0
-13997.264775235919
-13852.956151364615
-13603.930278215736
-11788.476340606718
-10204.593068084276
15000.0
15000.0
15000.0
15000.0
15000.0
15000.0
-15000.0
-15000.0
-15000.0
-12865.917865917872
-10261.858421077974
-483.69269943781
15000.0
15000.0
15000.0
15000.0
15000.0
15000.0
-15000.0
-15000.0
-13751.926040061633
-13432.183059605093
-11907.044309024965
-7340.2941355795265
15000.0
15000.0
15000.0
15000.0
15000.0
15000.0
-15000.0
15000.0
-13621.245716589401
-14549.96890904355
-14132.198744528941
15000.0
15000.0
15000.0
15000.0
-15000.0
-15000.0
-15000.0
-14110.764430577226
-12818.497069446927
-9842.79249455353
-7889.414543802275
13574.297685012683
10692.753545191525
15000.0
2637.498155906389
15000.0
15000.0
15000.0
15000.0
-15000.0
-15000.0
-13056.818181818187
-13664.221408319678
-12825.917315759601
-12067.65469532372
-11203.720043491481
-15000.0
15000.0
15000.0
15000.0
15000.0
15000.0
15000.0
15000.0
-13648.979312160434
-12780.772598480162
-11280.427786962802
-10742.650158923982
-11020.583793724229
-11207.649390299815
-9754.363744994378
6395.324057569491
15000.0
15000.0
15000.0
15000.0
15000.0
15000.0
15000.0
-13309.051354736635
-13822.622681385736
-15000.0
-15000.0
-15000.0
15000.0
15000.0
15000.0
15000.0
15000.0
-14673.877098998662
-15000.0
-14154.966153063902
-14478.369685498332
-12771.24777034167
-15000.0
15000.0
15000.0
15000.0
15000.0
15000.0
15000.0
15000.0
-15000.0
-14282.60238164392
-15000.0
-15000.0
-15000.0
-15000.0
-12647.012275339537
15000.0
15000.0
15000.0
15000.0
15000.0
15000.0
15000.0
15000.0
-14367.106176266487
-14659.868882878287
-15000.0
-15000.0
-15000.0
-15000.0
-15000.0
-15000.0
15000.0
15000.0
15000.0
15000.0
15000.0
15000.0
15000.0
15000.0
15000.0
-15000.0
-15000.0
-12656.916996047432
-13235.615335880775
-13428.056173169949
-12286.101404435885
-11909.34133298575
-12159.037248445908
15000.0
15000.0
15000.0
15000.0
15000.0
15000.0
15000.0
15000.0
-13948.616600790516
-14117.970592291833
-14305.462470939583
-15000.0
15000.0
15000.0
15000.0
15000.0
-15000.0
-15000.0
-13025.876809408299
-10818.41366694053
-8125.547848200946
15000.0
15000.0
15000.0
15000.0
15000.0
15000.0
-15000.0
-14273.746575778816
-14573.426807732914
-14451.762589495247
-14137.169211976227
-11476.088336991175
15000.0
15000.0
15000.0
15000.0
15000.0
15000.0
-15000.0
-13510.80801673884
-12486.55016600333
-12079.496890269365
-10192.699636800156
-6891.134156679065
-2267.053211397386
13178.52179612987
13798.576222353946
9737.193424234356
15000.0
3145.920770752844
15000.0
15000.0
15000.0
-9954.822054213535
-6550.641726883361
15000.0
15000.0
-8988.214697467873
-8632.806938360885
-9250.12107011364
-9460.779324194871
-9118.517029111248
-8967.17663627003
-8987.603378204043
-1623.123169019761
15000.0
15000.0
15000.0
15000.0
15000.0
-11666.666666666666
-6217.25731895223
-4282.793052776934
8021.4308917395865
15000.0
-2243.1165879160544
15000.0
-13052.761434807366
-13601.667187813382
-13459.502267579366
-14127.089684320672
-15000.0
-15000.0
-13858.77661359049
-15000.0
15000.0
15000.0
15000.0
15000.0
15000.0
15000.0
15000.0
15000.0
-11742.351822542412
-11010.264434774683
-10390.59868015143
-11371.844396142176
-11105.756709435409
-7348.54892800442
15000.0
15000.0
15000.0
15000.0
15000.0
-11276.537833424067
42.66750948148274
15000.0
-13480.405225273265
-14129.89435358721
-10894.383857539873
15000.0
15000.0
-15000.0
-15000.0
-13507.122710228137
-11430.309310189365
-7481.397135494404
15000.0
15000.0
15000.0
15000.0
15000.0
15000.0
-15000.0
15000.0
-15000.0
15000.0
15000.0
-14668.23092873513
-14640.281774352323
-13806.08701169023
-14549.254422902468
-15000.0
-15000.0