Demand
-15000.0
-15000.0
-15000.0
15000.0
15000.0
15000.0
15000.0
15000.0
15000.0
15000.0
15000.0
15000.0
15000.0
15000.0
15000.0
-15000.0
-15000.0
-15000.0
-15000.0
-15000.0
-15000.0
-15000.0
15000.0
15000.0
15000.0
15000.0
15000.0
15000.0
15000.0
-14317.283507006829
-13879.770065834193
-14165.02759113035
-14514.611162786365
-15000.0
-15000.0
-15000.0
15000.0
15000.0
15000.0
15000.0
15000.0
15000.0
15000.0
15000.0
15000.0
-15000.0
-14641.68278529981
-14596.767846186776
-15000.0
-15000.0
-15000.0
-15000.0
15000.0
15000.0
15000.0
15000.0
15000.0
15000.0
15000.0
15000.0
-15000.0
-15000.0
-12149.490980532239
-11878.595997579305
-11496.995855481706
-12960.669645983558
-9165.074903026893
-8767.341411655496
-6801.986721006516
15000.0
-15000.0
15000.0
15000.0
15000.0
15000.0
15000.0
15000.0
-13615.54797070301
-13080.894535632575
-13246.087443771568
-13940.26430154136
-15000.0
-15000.0
15000.0
15000.0
15000.0
15000.0
15000.0
15000.0
15000.0
15000.0
-14681.576105172993
-15000.0
-15000.0
-15000.0
-15000.0
-15000.0
-15000.0
-15000.0
15000.0
15000.0
15000.0
15000.0
15000.0
15000.0
15000.0
15000.0
-15000.0
15000.0
15000.0
15000.0
-15000.0
-15000.0
-12822.765469824295
-4589.640287769785
15000.0
15000.0
15000.0
15000.0
-15000.0
-15000.0
-15000.0
-15000.0
-13943.831958090745
-12309.857958389162
-8235.306427177136
-1249.2486095289823
15000.0
10282.276488465863
13876.528066310279
-15000.0
15000.0
15000.0
15000.0
15000.0
15000.0
15000.0
15000.0
-13993.82171226832
15000.0
15000.0
-14021.529218224736
-14648.47652945486
-15000.0
-15000.0
-15000.0
-15000.0
-15000.0
-15000.0
15000.0
15000.0
15000.0
15000.0
15000.0
15000.0
15000.0
15000.0
15000.0
-13988.720443951886
-14207.009333852497
15000.0
15000.0
-13547.316567068807
-13732.489860539765
15000.0
15000.0
15000.0
-15000.0
-15000.0
-15000.0
-15000.0
-15000.0
-15000.0
15000.0
15000.0
15000.0
15000.0
15000.0
15000.0
-15000.0
-15000.0
-15000.0
-15000.0
15000.0
15000.0
15000.0
15000.0
15000.0
-15000.0
-14422.63864269435
-15000.0
15000.0
15000.0
15000.0
-15000.0
-13955.55221764962
-10734.99596046039
-425.8410589644627
15000.0
15000.0
15000.0
15000.0
15000.0
-15000.0
-15000.0
-15000.0
-15000.0
-15000.0
-13318.274018071184
-6473.8508583818875
15000.0
15000.0
15000.0
15000.0
15000.0
15000.0
15000.0
-15000.0
-14011.296922255828
-13911.173824069298
-14176.112365840778
-14013.997573936376
-13705.114808691178
-15000.0
-15000.0
15000.0
15000.0
15000.0
15000.0
15000.0
15000.0
15000.0
-14320.615455914809
-14622.871535883867
-15000.0
-15000.0
-15000.0
-15000.0
15000.0
15000.0
15000.0
15000.0
15000.0
15000.0
15000.0
15000.0
-13376.068376068379
-13914.054116547446
-14153.522521438714
-15000.0
-15000.0
-15000.0
15000.0
15000.0
15000.0
15000.0
15000.0
15000.0
-15000.0
-15000.0
-15000.0
-15000.0
-13938.095085708206
-14303.18954035057
-15000.0
-15000.0
15000.0
15000.0
15000.0
15000.0
15000.0
15000.0
15000.0
15000.0
-15000.0
-15000.0
-14365.408546111212
-12374.368515494141
15000.0
15000.0
15000.0
15000.0
15000.0
15000.0
-15000.0
-15000.0
-15000.0
-15000.0
15000.0
15000.0
15000.0
15000.0
-13997.990959316929
-13902.52853510909
-12943.633287444733
-13089.454838782101
-14406.542129906713
-15000.0
-15000.0
15000.0
15000.0
15000.0
15000.0
15000.0
15000.0
15000.0
15000.0
-13682.189744860047
-12991.603117196333
-13291.403227847582
-13434.457760822675
15000.0
15000.0
15000.0
15000.0
-15000.0
-15000.0
-15000.0
-15000.0
-15000.0
-15000.0
15000.0
15000.0
15000.0
15000.0
15000.0
15000.0
15000.0
-14285.266457680253
-14516.754837713823
-15000.0
15000.0
15000.0
15000.0
15000.0
-15000.0
-15000.0
-15000.0
-15000.0
-15000.0
-4549.274255156643
15000.0
15000.0
15000.0
15000.0
15000.0
15000.0
-15000.0
-15000.0
15000.0
15000.0
-15000.0
-15000.0
-15000.0
-15000.0
-15000.0
-15000.0
-15000.0
15000.0
15000.0
15000.0
15000.0
15000.0
15000.0
15000.0
-15000.0
-14629.388816644998
-15000.0
-15000.0
-15000.0
-15000.0
15000.0
15000.0
15000.0
15000.0
15000.0
15000.0
15000.0
-15000.0
-15000.0
-15000.0
-15000.0
15000.0
15000.0
15000.0
15000.0
15000.0
-15000.0
-13952.286130045188
-13730.159850862226
-12063.682682051935
-10308.324303810212
15000.0
15000.0
15000.0
15000.0
15000.0
-15000.0
-15000.0
-15000.0
-13279.89437947944
-12283.682433863927
-8058.145413713417
15000.0
15000.0
15000.0
15000.0
15000.0
15000.0
-15000.0
-15000.0
-13820.269511059603
-13114.10479118003
-11900.179875927279
-7985.90666274363
6772.538495970803
15000.0
15000.0
15000.0
-15000.0
15000.0
15000.0
-15000.0
-15000.0
-12557.021804552089
15000.0
15000.0
15000.0
-2097.0769064311426
15000.0
-15000.0
-15000.0
-15000.0
-14582.139776420787
-13536.752568050004
-12598.872617229688
-12551.6147060904
-10639.26600981297
14039.182817924775
5612.490631860174
15000.0
15000.0
15000.0
15000.0
15000.0
15000.0
15000.0
-12189.041095890414
-11237.735342719618
-11931.653532226752
-12719.555970560032
-13164.67919957187
-15000.0
15000.0
15000.0
15000.0
15000.0
15000.0
15000.0
-14029.80840570855
-13225.465690520767
-13405.91754205279
-13595.030944552396
-14402.464897858346
-15000.0
-15000.0
15000.0
15000.0
15000.0
15000.0
15000.0
15000.0
15000.0
-12437.41048890548
-11925.756641102642
-11683.300873624237
-12571.54990449937
-13618.228448946516
-14443.24941363258
-15000.0
-15000.0
-15000.0
15000.0
15000.0
15000.0
15000.0
15000.0
15000.0
15000.0
15000.0
-15000.0
-15000.0
15000.0
15000.0
15000.0
-14678.576113752464
-14633.882585893585
-15000.0
-15000.0
-15000.0
15000.0
15000.0
15000.0
15000.0
15000.0
15000.0
-12838.33568100553
-12943.485636407742
-12215.378829296871
-12026.142776967969
-12065.053348294274
-10501.592581221754
15000.0
15000.0
15000.0
15000.0
15000.0
-15000.0
-12004.430707450483
15000.0
15000.0
15000.0
-14083.109919571045
-15000.0
-15000.0
-15000.0
-15000.0
-15000.0
15000.0
15000.0
15000.0
15000.0
15000.0
15000.0
-12254.899654166173
-12719.520207044941
-13225.14555538458
-13405.56931970036
-14063.092818785008
-14398.112133348448
-15000.0
-15000.0
15000.0
15000.0
15000.0
15000.0
15000.0
15000.0
15000.0
-15000.0
-15000.0
-15000.0
-15000.0
15000.0
15000.0
15000.0
15000.0
15000.0
-14316.531238359003
-14597.719209132803
-13429.919313392806
-15000.0
-15000.0
15000.0
15000.0
15000.0
15000.0
15000.0
-15000.0
-15000.0
-14182.113085025354
-15000.0
-15000.0
-15000.0
-15000.0
-8637.313080449108
15000.0
15000.0
15000.0
15000.0
15000.0
15000.0
15000.0
15000.0
15000.0
-14566.068719129991
15000.0
15000.0
-15000.0
-15000.0
-15000.0
-15000.0
-15000.0
15000.0
15000.0
15000.0
15000.0
15000.0
15000.0
15000.0
-15000.0
-15000.0
-15000.0
-12192.11822660099
-12717.28548135567
-12636.801686566967
-9013.206086582319
15000.0
15000.0
-15000.0
15000.0
15000.0
15000.0
15000.0
15000.0
-15000.0
-14638.937713493226
-13790.844161748904
-14074.07126346786
-14436.580059412237
-15000.0
-15000.0
15000.0
15000.0
15000.0
15000.0
15000.0
15000.0
15000.0
15000.0
15000.0
-12789.147057737064
-13308.335776378008
-14260.345271173064
-14164.178363926501
-15000.0
-15000.0
-13021.573864937498
-12272.784404138118
15000.0
15000.0
15000.0
15000.0
15000.0
15000.0
15000.0
15000.0
-15000.0
-15000.0
-13547.414849301647
-12560.795011678863
-12186.033793054863
-10421.641627994308
-7424.721204810383
-3484.7552769399117
9299.93597595713
15000.0
12664.184865660784
10162.373443776214
15000.0
15000.0
15000.0
-14242.424242424244
-9638.447971781308
-8846.673805912302
-8636.602143488937
-5974.614774220336
-5084.368845599132
-2810.2102790065546
-1271.0525452977054
5510.459418320093
15000.0
9902.016085659376
15000.0
15000.0
-13484.848484848486
-10698.113207547172
-10034.571473932727
-8450.165874108356
-6110.868396901911
-4691.8806483962135
-4418.104899165348
-3695.422341474932
419.91505955781304
2720.053221743202
7091.289110344311
13685.989145925887
11200.725502276022
15000.0
15000.0
15000.0
-15000.0
-15000.0
-14608.624004394398
-15000.0
-15000.0
-15000.0
15000.0
15000.0
15000.0
15000.0
15000.0
15000.0
15000.0
-11586.826347305388
-11375.873968981752
-12519.781189102152
-13041.51718084497
-13651.234916862722
-13348.340847065032
-15000.0
-4487.356346476942
15000.0
15000.0
15000.0
15000.0
5198.124598816024
15000.0
15000.0
15000.0
-15000.0
-15000.0
-15000.0
-15000.0
-13308.605341246293
-11235.686142175022
-9008.613368752965
-643.0602201852344
15000.0
15000.0
15000.0
15000.0
15000.0
15000.0
15000.0
15000.0
-15000.0
-15000.0
-14590.693666523053
-14497.81343339671
-12900.649531102226
-13677.73952485924
15000.0
15000.0