Demand
-15000.0
-15000.0
15000.0
15000.0
15000.0
15000.0
15000.0
15000.0
15000.0
15000.0
15000.0
15000.0
15000.0
15000.0
-15000.0
-15000.0
-15000.0
-15000.0
-15000.0
-15000.0
-15000.0
15000.0
15000.0
15000.0
15000.0
15000.0
15000.0
15000.0
-15000.0
-14183.161665920292
-13405.154992515763
-13265.467241775415
-7855.987978602807
15000.0
15000.0
15000.0
15000.0
15000.0
-15000.0
-15000.0
-13868.535928789006
-14568.05331109459
-14472.605380064313
-15000.0
-15000.0
15000.0
15000.0
15000.0
15000.0
15000.0
15000.0
15000.0
15000.0
-14052.10643015521
-13607.043217991886
-13418.593197287406
-12164.140187091478
-11326.268137579555
-9225.9740219562
-5741.882890300615
15000.0
15000.0
15000.0
15000.0
15000.0
15000.0
-11620.553359683796
-11542.330733582014
-10330.498957924061
15000.0
15000.0
15000.0
15000.0
-15000.0
-15000.0
-15000.0
-13603.701687534023
-12546.77001210476
-9988.357475691511
1147.4837241204496
15000.0
15000.0
15000.0
15000.0
15000.0
15000.0
-15000.0
-15000.0
-15000.0
-14068.627450980395
-13838.961295714405
-14172.8992618634
-15000.0
15000.0
15000.0
15000.0
15000.0
15000.0
15000.0
15000.0
15000.0
-13065.884348932563
-11996.199543851599
-11221.628385614142
-9953.228801637837
-3930.5287194560506
15000.0
15000.0
15000.0
15000.0
-15000.0
15000.0
-15000.0
15000.0
15000.0
15000.0
15000.0
-14672.267297003767
-15000.0
-15000.0
-15000.0
-15000.0
15000.0
15000.0
15000.0
15000.0
15000.0
-11810.469538850066
-12481.342789159571
-13306.624548398573
-15000.0
15000.0
15000.0
15000.0
15000.0
15000.0
-15000.0
-13464.646464646474
15000.0
15000.0
-14369.393456074202
-13983.820818739157
-14630.67593234578
-15000.0
-15000.0
-15000.0
-15000.0
-15000.0
15000.0
15000.0
15000.0
15000.0
15000.0
15000.0
15000.0
15000.0
15000.0
-15000.0
-13903.318903318905
-14584.397301912457
-13997.946703829992
-11023.40885167856
-10925.80898264908
-8490.315993449356
15000.0
15000.0
15000.0
15000.0
15000.0
15000.0
15000.0
-15000.0
-15000.0
-13616.131642837878
-11973.131400275368
-10192.894348248894
-8097.306027444913
15000.0
15000.0
15000.0
15000.0
15000.0
15000.0
-15000.0
-15000.0
-13892.871964528316
-14176.682636413138
-15000.0
-15000.0
-14163.927814013045
-15000.0
15000.0
15000.0
15000.0
15000.0
15000.0
15000.0
15000.0
15000.0
15000.0
-14651.707515785187
-15000.0
-15000.0
-15000.0
15000.0
15000.0
15000.0
15000.0
15000.0
15000.0
-14342.939481268015
-14629.999759431565
-15000.0
-15000.0
-15000.0
-15000.0
15000.0
15000.0
15000.0
15000.0
15000.0
15000.0
-14327.945817455118
-15000.0
-15000.0
-15000.0
-15000.0
-15000.0
15000.0
15000.0
15000.0
15000.0
15000.0
15000.0
15000.0
15000.0
-15000.0
-15000.0
-15000.0
-15000.0
-15000.0
15000.0
15000.0
15000.0
15000.0
15000.0
-13370.497427101207
-13895.375764814864
-14115.324057092235
-15000.0
-15000.0
15000.0
15000.0
15000.0
15000.0
15000.0
15000.0
-15000.0
-15000.0
-15000.0
-15000.0
15000.0
15000.0
15000.0
15000.0
-15000.0
-15000.0
-14609.938411328101
-15000.0
-15000.0
-15000.0
-15000.0
-15000.0
15000.0
15000.0
15000.0
15000.0
15000.0
15000.0
15000.0
15000.0
-13040.258440059682
-12947.075767814622
-12293.534693301473
15000.0
15000.0
15000.0
15000.0
15000.0
-15000.0
-15000.0
-15000.0
-12038.961038961046
15000.0
15000.0
15000.0
340.2537485589464
15000.0
15000.0
-15000.0
-15000.0
-15000.0
-15000.0
-15000.0
-15000.0
-15000.0
15000.0
15000.0
15000.0
15000.0
15000.0
15000.0
15000.0
15000.0
-15000.0
-15000.0
-15000.0
-15000.0
15000.0
15000.0
15000.0
15000.0
15000.0
-15000.0
-15000.0
15000.0
15000.0
15000.0
-13780.74866310161
15000.0
15000.0
-14604.441360166551
-15000.0
15000.0
15000.0
-15000.0
-15000.0
-15000.0
-15000.0
-15000.0
8978.25538454467
15000.0
15000.0
15000.0
15000.0
15000.0
15000.0
15000.0
-15000.0
-15000.0
-15000.0
15000.0
15000.0
15000.0
15000.0
-15000.0
-15000.0
-15000.0
-6709.090909090879
15000.0
15000.0
15000.0
15000.0
-14686.059576468058
-15000.0
-15000.0
-14328.628251379145
-15000.0
15000.0
15000.0
15000.0
15000.0
15000.0
-15000.0
-15000.0
-15000.0
15000.0
15000.0
15000.0
15000.0
-15000.0
-15000.0
-15000.0
-15000.0
-15000.0
15000.0
15000.0
15000.0
15000.0
15000.0
15000.0
-13778.353277370963
-14345.531341487382
-14642.137292894047
-15000.0
-15000.0
-15000.0
-15000.0
-15000.0
15000.0
15000.0
15000.0
15000.0
15000.0
15000.0
15000.0
15000.0
-15000.0
-15000.0
-15000.0
-15000.0
-11672.2268557131
15000.0
15000.0
15000.0
15000.0
12110.286898658538
15000.0
15000.0
-15000.0
-15000.0
-15000.0
-15000.0
-15000.0
15000.0
15000.0
15000.0
15000.0
15000.0
15000.0
-15000.0
-15000.0
-15000.0
-10769.944341372953
15000.0
15000.0
15000.0
15000.0
-14375.489587393822
-14663.259349009637
-15000.0
-15000.0
-15000.0
-15000.0
-15000.0
15000.0
15000.0
11352.968442564168
15000.0
10666.567163615753
15000.0
5449.698682491852
15000.0
15000.0
-15000.0
15000.0
-15000.0
-13912.32018788531
-13779.47193479105
-13575.372266862898
-12037.452089591741
-11706.04912064839
-10251.092469338022
15000.0
15000.0
15000.0
15000.0
15000.0
15000.0
15000.0
15000.0
-13739.436063502097
-12734.367813037756
-10913.381609499895
-6191.798359130673
15000.0
15000.0
15000.0
15000.0
-15000.0
-15000.0
-15000.0
-12121.212121212124
15000.0
15000.0
15000.0
15000.0
15000.0
-15000.0
15000.0
15000.0
-15000.0
-15000.0
-15000.0
-13059.244126659862
-14376.623057451117
-13996.819357498825
-15000.0
15000.0
15000.0
15000.0
15000.0
15000.0
15000.0
15000.0
-13682.961037166711
-12502.9612431813
-12650.307699038003
-11901.828709944846
-11885.964864760146
-12382.105339760423
-13055.187391763913
-15000.0
15000.0
15000.0
15000.0
15000.0
15000.0
15000.0
15000.0
15000.0
-13502.193520574216
15000.0
15000.0
-15000.0
-15000.0
-15000.0
15000.0
15000.0
15000.0
-15000.0
-13558.78634639697
-12525.456001703595
-10547.31992853676
-9272.477736545174
-8223.560319647779
-860.744753634588
15000.0
15000.0
15000.0
15000.0
15000.0
15000.0
15000.0
15000.0
-13059.244126659858
-13181.285850860426
-13705.702176944793
-15000.0
-15000.0
15000.0
15000.0
15000.0
15000.0
15000.0
15000.0
-14684.163865391012
-15000.0
-14243.360482539578
-14570.337952574853
-13459.63204974254
-15000.0
-15000.0
-15000.0
15000.0
15000.0
15000.0
15000.0
15000.0
15000.0
15000.0
15000.0
-15000.0
-15000.0
-15000.0
-13914.504967112476
15000.0
15000.0
15000.0
15000.0
15000.0
-15000.0
-14307.037687424021
-14590.329529972532
-13924.567456753484
-14098.369803218993
-15000.0
15000.0
15000.0
15000.0
15000.0
15000.0
-15000.0
-15000.0
-13962.608803401927
-15000.0
-15000.0
15000.0
15000.0
15000.0
15000.0
15000.0
15000.0
15000.0
-13724.91145218418
-13904.80235475396
-13199.912138512042
-13075.034230037392
-13424.853589887127
15000.0
15000.0
15000.0
15000.0
15000.0
-15000.0
15000.0
15000.0
-13943.922924901188
-13979.050854593479
-12945.8449976169
15000.0
15000.0
15000.0
-15000.0
-15000.0
-15000.0
-15000.0
-1496.2259441301176
15000.0
15000.0
15000.0
15000.0
15000.0
15000.0
-14339.895773016797
-15000.0
-15000.0
-13423.882174228926
-11324.58313280237
15000.0
15000.0
15000.0
15000.0
15000.0
-14306.282201522106
15000.0
15000.0
-15000.0
15000.0
-13625.399691580256
-12526.779433914555
-11705.11156523673
-7080.6041111769
15000.0
15000.0
15000.0
15000.0
-13636.363636363638
-12563.209967020892
-13411.466360346963
-14025.096870184203
-13603.681489541988
-6964.764438510658
15000.0
15000.0
15000.0
15000.0
15000.0
15000.0
-9427.320252562971
-9527.60006465852
-8961.620487443324
-8264.420806281996
-6453.976296004708
15000.0
15000.0
15000.0
15000.0
15000.0
-8549.309787339884
-7891.800039663438
-8147.273175931878
-8336.198365970115
-7183.80213651459
-7469.351552377295
-8031.330510186007
-8988.886487278654
2548.958294511599
15000.0
15000.0
15000.0
15000.0
15000.0
-14672.03682393556
-15000.0
-15000.0
-15000.0
-15000.0
-15000.0
-12468.25123516225
15000.0
15000.0
15000.0
15000.0
15000.0
15000.0
15000.0
15000.0
-14016.110471806674
-13740.680250801233
-15000.0
15000.0
15000.0
15000.0
15000.0
-11573.375192037944
-12257.42536316776
-12573.175040423204
-13563.912645788118
-12586.845645716261
15000.0
15000.0
15000.0
15000.0
15000.0
-13427.728155550256
-13238.541848964578
-13344.930631845138
-12327.96938192234
-10766.597885708874
-7947.055310858708
15000.0
15000.0
15000.0
15000.0
15000.0
-15000.0
-15000.0
-14558.946844713264
-14443.41496133892
-12523.854695571881
-13075.46194747517
15000.0
15000.0