Demand
15000.0
15000.0
15000.0
15000.0
15000.0
15000.0
15000.0
15000.0
15000.0
15000.0
15000.0
15000.0
15000.0
15000.0
15000.0
15000.0
15000.0
15000.0
15000.0
15000.0
15000.0
15000.0
15000.0
15000.0
15000.0
15000.0
15000.0
15000.0
15000.0
15000.0
15000.0
-14259.904234204736
-14570.607275807939
-15000.0
-15000.0
-15000.0
15000.0
15000.0
15000.0
15000.0
15000.0
15000.0
15000.0
-15000.0
15000.0
-15000.0
-13662.756598240481
15000.0
15000.0
15000.0
15000.0
-15000.0
-15000.0
-13902.185963609154
-13335.47440821553
-13019.817064939572
-11152.693640705034
-9204.439501633147
-797.495170934204
15000.0
15000.0
15000.0
15000.0
15000.0
15000.0
15000.0
-12090.422946037925
-12563.285629984908
-13081.930177978105
-14123.625478386235
-15000.0
-15000.0
-15000.0
15000.0
15000.0
15000.0
15000.0
15000.0
15000.0
15000.0
15000.0
-15000.0
-15000.0
-15000.0
-15000.0
-15000.0
15000.0
15000.0
15000.0
15000.0
15000.0
-14515.717926932884
15000.0
15000.0
15000.0
-15000.0
-15000.0
-15000.0
15000.0
15000.0
15000.0
15000.0
-12560.192616372395
-12333.79358073133
-12374.096699031601
-13219.19909656687
-13809.64719872551
-15000.0
15000.0
15000.0
15000.0
15000.0
15000.0
15000.0
-12342.657342657341
15000.0
-14296.558738769287
-14554.13262172784
-15000.0
-15000.0
15000.0
15000.0
15000.0
15000.0
-13599.849026079162
-12214.84108666717
-11239.413706467174
-9616.129970964
-9722.11372691111
-7853.927492571693
15000.0
15000.0
15000.0
15000.0
15000.0
15000.0
-15000.0
-14309.090909090912
-14230.364159274119
-12778.038024048801
-13927.13822703508
-12800.90180338643
-13701.627859786364
15000.0
15000.0
15000.0
15000.0
15000.0
15000.0
15000.0
15000.0
-14675.460239134562
-15000.0
-15000.0
15000.0
15000.0
15000.0
15000.0
-13985.851054816572
-14581.30178376261
-13721.594455110971
962.8264163592657
15000.0
15000.0
15000.0
15000.0
-15000.0
-15000.0
-15000.0
-15000.0
-15000.0
-15000.0
15000.0
15000.0
15000.0
15000.0
15000.0
15000.0
15000.0
-15000.0
15000.0
-15000.0
-15000.0
-15000.0
-15000.0
-426.1363636364531
15000.0
15000.0
15000.0
15000.0
15000.0
15000.0
-15000.0
-15000.0
-15000.0
-14120.370370370372
-12312.412411101366
-12141.794186065512
-12584.584595315719
-2398.9842262118327
15000.0
15000.0
15000.0
15000.0
15000.0
15000.0
15000.0
-15000.0
-14339.05380333952
-13561.70104177084
-14203.70723574211
-14542.447385341882
-15000.0
-15000.0
-15000.0
15000.0
15000.0
15000.0
15000.0
15000.0
15000.0
15000.0
15000.0
15000.0
-15000.0
-15000.0
-15000.0
-15000.0
-15000.0
-15000.0
-14047.459893048133
-10618.097143234001
15000.0
15000.0
15000.0
15000.0
15000.0
15000.0
15000.0
15000.0
15000.0
-15000.0
-15000.0
-14577.339463146967
-12901.19703629152
-12821.028563727607
-7848.012847692349
15000.0
15000.0
15000.0
15000.0
15000.0
15000.0
15000.0
-15000.0
-15000.0
-15000.0
15000.0
15000.0
15000.0
-15000.0
-15000.0
-12512.727272727283
15000.0
15000.0
15000.0
-15000.0
-14653.542488314892
-15000.0
-15000.0
-15000.0
-15000.0
-15000.0
15000.0
15000.0
15000.0
15000.0
15000.0
15000.0
15000.0
15000.0
-13440.776876082797
-13634.546688084552
-13842.777005821546
-15000.0
-15000.0
-15000.0
15000.0
15000.0
15000.0
15000.0
15000.0
15000.0
15000.0
-13439.211391018624
-13652.58780892436
-14628.35556578555
-15000.0
-15000.0
-15000.0
-15000.0
15000.0
15000.0
15000.0
15000.0
15000.0
15000.0
15000.0
15000.0
-14039.217889650525
-14653.878414969855
-15000.0
-15000.0
-15000.0
-15000.0
-15000.0
-15000.0
15000.0
15000.0
15000.0
15000.0
15000.0
15000.0
15000.0
15000.0
-15000.0
-15000.0
-13727.582668773211
-13980.36275776122
-14320.197496475237
-15000.0
15000.0
-15000.0
15000.0
15000.0
15000.0
15000.0
15000.0
15000.0
-15000.0
-13485.012638754135
-13701.642571981589
-13429.514119107269
-12197.980293722292
-12669.106238896398
-15000.0
15000.0
15000.0
15000.0
15000.0
15000.0
15000.0
15000.0
-15000.0
15000.0
15000.0
-15000.0
-15000.0
-14642.984967788114
-15000.0
-15000.0
-15000.0
-15000.0
-13569.743682902888
-15000.0
15000.0
15000.0
15000.0
15000.0
15000.0
15000.0
15000.0
15000.0
-15000.0
-15000.0
-15000.0
-14238.492701289102
-13281.370152462692
15000.0
15000.0
15000.0
15000.0
15000.0
15000.0
15000.0
-15000.0
-15000.0
-15000.0
-13710.812339008608
-13472.80076834454
-11741.432652260162
-11194.926047856992
-10673.533028999576
15000.0
15000.0
15000.0
15000.0
15000.0
15000.0
15000.0
15000.0
15000.0
15000.0
-14645.080946450813
-14518.45962629412
-15000.0
15000.0
15000.0
15000.0
15000.0
-15000.0
-13940.942269409421
-13438.010999330923
-12780.615714140564
-11319.802396475417
-10374.174143340162
-9345.617662952467
-5462.744844788096
15000.0
15000.0
15000.0
15000.0
15000.0
15000.0
15000.0
15000.0
-14354.960392304794
-14176.644194253713
-14301.499860365726
15000.0
15000.0
15000.0
15000.0
-14693.383539537386
-14009.16541461103
-13555.81598452359
-13788.866141108378
-13589.18057596701
-13830.480626778513
-14163.439427396817
-15000.0
15000.0
15000.0
15000.0
15000.0
15000.0
15000.0
15000.0
15000.0
-12259.85063095545
-12922.390907711044
-13192.062932107252
-15000.0
15000.0
15000.0
15000.0
15000.0
-13961.058014982205
-13833.064696368623
-13632.380661127565
-12122.174205330663
-11690.771091912597
-9470.711148624501
15000.0
15000.0
15000.0
15000.0
15000.0
15000.0
15000.0
-15000.0
15000.0
15000.0
-13787.878787878788
-11839.673494532577
-11497.925149628401
-12326.13320529489
-13356.43087727733
-14214.858674792722
-15000.0
15000.0
15000.0
15000.0
15000.0
15000.0
15000.0
15000.0
-14653.003246753247
-15000.0
-15000.0
15000.0
15000.0
15000.0
15000.0
-13354.978354978357
15000.0
15000.0
-15000.0
-15000.0
-15000.0
-15000.0
-15000.0
15000.0
15000.0
15000.0
15000.0
15000.0
-12823.273575899013
-12143.500813956995
-12140.747098180673
-12602.164167543939
-13210.503433189402
-15000.0
15000.0
15000.0
15000.0
15000.0
15000.0
15000.0
15000.0
-13713.064594514806
-13579.776308150162
-13785.104618653637
-15000.0
-15000.0
-15000.0
15000.0
15000.0
15000.0
15000.0
15000.0
15000.0
15000.0
-12196.210603024232
-12011.807378859285
-12487.80889220383
-13011.667593859154
-13167.695354870448
-13877.45017136761
-14214.902340525638
-15000.0
15000.0
15000.0
15000.0
15000.0
15000.0
15000.0
15000.0
15000.0
-15000.0
-15000.0
-15000.0
-15000.0
-15000.0
15000.0
15000.0
15000.0
15000.0
15000.0
15000.0
-14075.77559182791
-15000.0
-15000.0
15000.0
15000.0
15000.0
-15000.0
-15000.0
-15000.0
15000.0
15000.0
15000.0
-15000.0
15000.0
15000.0
15000.0
-15000.0
-15000.0
-15000.0
-15000.0
-15000.0
-15000.0
-9704.71134704713
15000.0
15000.0
15000.0
15000.0
15000.0
15000.0
15000.0
-15000.0
-15000.0
-15000.0
-15000.0
-12825.81055308329
15000.0
15000.0
15000.0
15000.0
15000.0
15000.0
-15000.0
-15000.0
-12255.531353892013
-12421.376666304575
-10419.272474895002
15000.0
15000.0
15000.0
15000.0
15000.0
-15000.0
-15000.0
-15000.0
-15000.0
-15000.0
-14170.171465545132
-9580.161604825316
15000.0
15000.0
15000.0
15000.0
15000.0
15000.0
15000.0
15000.0
-15000.0
-13620.22592791824
-12575.118088598312
-12450.51307227485
-8757.428912094689
-786.8317553459619
15000.0
15000.0
15000.0
15000.0
15000.0
-14391.090695438525
-14672.915393014915
-14641.619941181743
-14596.681811540195
-14526.717106076201
-14402.843738051266
-14124.29298326045
-12932.851516369661
15000.0
15000.0
15000.0
15000.0
15000.0
15000.0
15000.0
15000.0
-11811.188811188815
-11533.589858740921
-11138.359138223379
-10532.454180483997
-10044.103592421663
-9566.691374856768
-8358.743182361432
15000.0
15000.0
15000.0
15000.0
15000.0
15000.0
9101.479915433396
15000.0
15000.0
15000.0
-10692.075145756859
-10641.807063142092
-10849.994569223709
-11391.239334087342
-9439.707939026259
-3465.9329129637954
15000.0
15000.0
15000.0
15000.0
-11666.666666666666
-8517.325043596935
-8869.117552618816
-8110.599404678036
-8759.718698249606
-9831.779437919748
-11513.547335667532
-11209.125351762781
-11225.848153117997
-4664.233650502614
15000.0
15000.0
15000.0
15000.0
15000.0
15000.0
15000.0
-15000.0
-15000.0
-14534.567229178017
-11871.883261667183
15000.0
15000.0
15000.0
7830.625545055169
15000.0
-12774.679308421644
-12682.333415375615
710.3702700601007
15000.0
15000.0
-12845.84077411853
-11345.289786709403
-11009.473171100042
-10121.897050379772
-10281.265288420753
-10855.238617296462
-10525.943618688809
-9563.176173338768
15000.0
15000.0
15000.0
15000.0
15000.0
15000.0
-13363.636363636368
-13192.375109553028
-13348.768504749103
-12498.278686692134
-11649.353249578257
-12695.524858200297
15000.0
15000.0
15000.0
15000.0
15000.0
15000.0
15000.0
-14677.34631495528
-14553.943559061838
-11349.783912731793
15000.0
15000.0
15000.0