Demand
15000.0
15000.0
15000.0
15000.0
15000.0
15000.0
15000.0
15000.0
15000.0
15000.0
15000.0
15000.0
15000.0
15000.0
15000.0
-15000.0
-15000.0
-15000.0
15000.0
15000.0
15000.0
15000.0
15000.0
-15000.0
-15000.0
-15000.0
-15000.0
-15000.0
-15000.0
-10235.109717868363
15000.0
15000.0
15000.0
15000.0
15000.0
15000.0
15000.0
15000.0
-15000.0
-15000.0
-13896.180742334589
-14581.06210795862
-14493.646316017323
-15000.0
-15000.0
-15000.0
15000.0
15000.0
15000.0
15000.0
15000.0
15000.0
15000.0
-13976.741430556871
-13454.108074958469
-13164.681709654033
-11422.954692413165
-9477.932029105723
1211.095778991631
15000.0
15000.0
15000.0
15000.0
15000.0
15000.0
-13746.839617456306
-11263.75576424949
-9555.802958383883
15000.0
15000.0
15000.0
-15000.0
-15000.0
15000.0
15000.0
15000.0
15000.0
-13750.790238968264
-13300.33826930451
-13486.67591319318
-14123.11465110604
-15000.0
-15000.0
-15000.0
15000.0
15000.0
15000.0
15000.0
15000.0
15000.0
15000.0
-14673.944389936103
-15000.0
-15000.0
-15000.0
-15000.0
-15000.0
-15000.0
15000.0
15000.0
15000.0
15000.0
15000.0
15000.0
15000.0
15000.0
15000.0
-15000.0
-15000.0
-15000.0
-15000.0
-15000.0
-15000.0
1741.2587412588136
15000.0
15000.0
15000.0
15000.0
15000.0
15000.0
15000.0
-15000.0
-15000.0
-14263.382871912127
-13336.714595983016
-11596.605324620807
-10230.49145298832
-7782.362335223163
-7271.015278112285
1021.1733492415478
15000.0
15000.0
15000.0
15000.0
15000.0
15000.0
15000.0
-14345.95524956971
-14264.184642395674
-12830.552803300172
-13905.600499398184
-12457.82950817325
-12297.218296496587
15000.0
15000.0
15000.0
15000.0
15000.0
15000.0
-14673.284627344987
-14639.226462542047
-14588.650235372414
-15000.0
-15000.0
-15000.0
-15000.0
15000.0
15000.0
15000.0
15000.0
15000.0
15000.0
15000.0
-14315.364942036482
-15000.0
-14471.378906892598
-15000.0
-15000.0
15000.0
15000.0
15000.0
15000.0
15000.0
-13857.96173043635
-12740.971839303518
-12105.027418852176
-13217.457585874166
-11355.042870872316
15000.0
15000.0
15000.0
15000.0
15000.0
15000.0
-15000.0
15000.0
-14346.30363196287
-15000.0
-15000.0
-14238.53354915095
-15000.0
15000.0
15000.0
15000.0
15000.0
15000.0
-13392.720132709364
-13552.010612106431
-14138.887645288596
-14424.818098821692
-13946.740727273573
15000.0
15000.0
15000.0
15000.0
15000.0
15000.0
-15000.0
-12818.181818181823
15000.0
15000.0
-14567.16531247627
-15000.0
15000.0
15000.0
15000.0
-15000.0
-15000.0
-13700.222397910744
-13271.697169603842
-12976.689783796239
15000.0
15000.0
15000.0
15000.0
15000.0
15000.0
-15000.0
-15000.0
-15000.0
-14307.55213605993
-10489.910319828166
15000.0
15000.0
15000.0
15000.0
15000.0
-15000.0
-15000.0
-15000.0
-15000.0
-15000.0
-15000.0
15000.0
15000.0
15000.0
15000.0
15000.0
15000.0
-15000.0
-15000.0
-15000.0
-15000.0
-15000.0
-15000.0
-15000.0
-15000.0
15000.0
15000.0
15000.0
15000.0
15000.0
15000.0
15000.0
15000.0
15000.0
-15000.0
-14629.687335075196
-15000.0
-15000.0
-15000.0
-15000.0
15000.0
15000.0
15000.0
15000.0
15000.0
15000.0
-6132.3343316286155
15000.0
-12248.47527432305
-12910.527030272104
-12566.131724824503
-9425.922515396149
15000.0
15000.0
15000.0
15000.0
-15000.0
-15000.0
-15000.0
-15000.0
-13406.337371854614
-12924.970146770793
-9587.527426602694
-3984.031118975631
15000.0
15000.0
15000.0
15000.0
15000.0
15000.0
15000.0
15000.0
-15000.0
-15000.0
15000.0
15000.0
-11720.368239355594
15000.0
15000.0
15000.0
-15000.0
-15000.0
-15000.0
-15000.0
-15000.0
-15000.0
15000.0
15000.0
15000.0
15000.0
15000.0
15000.0
-15000.0
-15000.0
15000.0
15000.0
15000.0
-14686.203985759901
-15000.0
-14625.044592751812
-15000.0
-15000.0
-15000.0
-15000.0
-15000.0
15000.0
15000.0
15000.0
15000.0
15000.0
15000.0
15000.0
15000.0
-15000.0
-15000.0
15000.0
15000.0
15000.0
-15000.0
-15000.0
15000.0
15000.0
15000.0
-15000.0
-15000.0
-15000.0
-14413.062665489851
-15000.0
15000.0
15000.0
15000.0
15000.0
15000.0
15000.0
-14681.706499888322
-15000.0
-15000.0
-15000.0
-15000.0
15000.0
15000.0
15000.0
15000.0
15000.0
15000.0
-14666.764104063142
-15000.0
15000.0
15000.0
15000.0
-15000.0
-15000.0
-15000.0
-15000.0
15000.0
15000.0
15000.0
15000.0
-13346.498861962784
-13548.721968916656
-14178.907713660534
-14509.183617141276
-15000.0
-15000.0
-15000.0
15000.0
15000.0
15000.0
15000.0
15000.0
15000.0
15000.0
-14667.480515977819
-15000.0
-15000.0
-15000.0
-15000.0
15000.0
15000.0
15000.0
15000.0
15000.0
15000.0
-12648.791985857399
-12749.976535359925
-12811.432406490992
-13892.187600554695
-15000.0
-15000.0
15000.0
15000.0
15000.0
15000.0
15000.0
15000.0
-14178.835328087458
-14305.372447487276
15000.0
15000.0
15000.0
15000.0
-14693.383539537386
-13964.783098434586
-13376.395916162379
-13440.566807053667
-12503.296559927094
-6370.244526872779
15000.0
15000.0
15000.0
15000.0
15000.0
-15000.0
-12031.160737623584
-10819.053395624996
-8780.702286795542
6958.398336036182
15000.0
15000.0
-2214.28010528705
15000.0
-15000.0
-15000.0
-15000.0
-15000.0
15000.0
15000.0
15000.0
15000.0
15000.0
15000.0
-14665.68914956012
-15000.0
-15000.0
-15000.0
-15000.0
15000.0
15000.0
15000.0
15000.0
15000.0
15000.0
-12176.405834327128
-11932.164915968002
-12722.548502829388
-13666.421457551682
-14426.098069099691
-15000.0
-15000.0
15000.0
15000.0
15000.0
15000.0
15000.0
15000.0
-14631.800062306647
-15000.0
-15000.0
-15000.0
15000.0
15000.0
15000.0
15000.0
15000.0
-13689.275467875097
15000.0
15000.0
-15000.0
-15000.0
15000.0
15000.0
-15000.0
-14285.270346744775
-13396.50606398585
-11749.326661552277
-11629.695975507155
-9725.39181284164
-7620.4128760500935
3325.349699416657
15000.0
15000.0
15000.0
15000.0
15000.0
15000.0
15000.0
-13284.166164960869
-13821.878209697352
-13069.61698495445
-12308.133716322081
-10903.426428300736
15000.0
15000.0
15000.0
15000.0
15000.0
15000.0
-15000.0
-15000.0
-13241.795904378381
-11634.470586039315
-7502.374220136203
642.4817399084204
15000.0
15000.0
15000.0
-1370.6193899205591
15000.0
15000.0
-15000.0
-15000.0
-15000.0
-15000.0
-12247.745181867067
-12272.61878198176
-12882.236589423683
-15000.0
-15000.0
15000.0
15000.0
15000.0
15000.0
15000.0
15000.0
15000.0
15000.0
-14355.49326996744
-14648.514404619433
-13818.246095204675
-15000.0
-15000.0
-15000.0
-15000.0
15000.0
15000.0
15000.0
15000.0
15000.0
15000.0
15000.0
15000.0
-15000.0
-15000.0
15000.0
15000.0
15000.0
15000.0
-15000.0
-15000.0
-15000.0
-13074.866310160432
15000.0
15000.0
15000.0
-15000.0
15000.0
15000.0
-15000.0
-15000.0
15000.0
15000.0
15000.0
-13695.959358072876
15000.0
15000.0
-15000.0
15000.0
-15000.0
-15000.0
-15000.0
-15000.0
-11603.773584905663
-12054.601028110967
-11460.6368037184
2707.4318405554504
15000.0
15000.0
15000.0
15000.0
15000.0
15000.0
15000.0
15000.0
-15000.0
-14661.503439402193
-13859.13207391803
-14114.1167115233
-14443.456122266638
-15000.0
-15000.0
15000.0
15000.0
15000.0
15000.0
15000.0
15000.0
15000.0
-13448.021846993106
-12284.099255593355
-12348.411666727534
-12792.23680749572
-13878.635310551515
-13231.213038908492
-15000.0
15000.0
15000.0
15000.0
15000.0
15000.0
15000.0
-14428.391604099485
15000.0
15000.0
-15000.0
-15000.0
-15000.0
-15000.0
-12804.31432973807
-10537.409416060727
-7595.2946650687445
15000.0
15000.0
15000.0
11465.531988938346
15000.0
9529.281492906313
15000.0
15000.0
-14357.293868921777
-14307.652934975311
-13102.116201058867
-8224.914555802745
-7028.521830364025
-6516.013161425675
-2508.9318340438213
-936.8938976599002
2565.4327300605682
3926.0978490630932
9127.559033075959
14686.343552201728
5749.289301355435
15000.0
15000.0
15000.0
-13030.303030303032
-9953.200101188973
-8123.79541154371
-5211.736376929672
-2890.0636654242844
-1334.1551842591762
2349.391856159482
15000.0
4963.66676788182
15000.0
15000.0
-14090.909090909092
-13129.10284463895
15000.0
-6136.027222458349
15000.0
-15000.0
15000.0
-15000.0
-15000.0
15000.0
15000.0
15000.0
15000.0
-13704.545454545456
-12852.79487684392
-10123.936670447682
-10283.6987861583
-8491.286451328979
-5780.931584666272
-3890.208360837689
15000.0
15000.0
15000.0
15000.0
15000.0
15000.0
-11374.045801526721
-10598.044754488965
-10767.863545245178
-11297.430352515534
-10972.406973835237
-9235.27455611882
15000.0
15000.0
15000.0
15000.0
15000.0
-14010.137682963516
-13182.764715064968
-12949.060654608831
-13064.658496374137
-11895.25888341396
-10336.367481181689
-10338.001976132622
15000.0
15000.0
15000.0
15000.0
15000.0
15000.0
15000.0
-14688.64611783067
-14661.752627351794
-13871.750095781092
-14569.573368962821
-15000.0
-15000.0