Demand
15000.0
15000.0
15000.0
15000.0
15000.0
15000.0
15000.0
15000.0
15000.0
15000.0
15000.0
15000.0
15000.0
15000.0
-15000.0
15000.0
15000.0
15000.0
15000.0
15000.0
-15000.0
-15000.0
-15000.0
-15000.0
-15000.0
-15000.0
15000.0
15000.0
15000.0
15000.0
15000.0
15000.0
15000.0
-15000.0
-15000.0
15000.0
15000.0
-15000.0
-15000.0
-15000.0
15000.0
15000.0
15000.0
15000.0
-15000.0
15000.0
-13931.583880037499
15000.0
15000.0
-15000.0
-15000.0
-15000.0
-15000.0
-11480.425589960454
15000.0
15000.0
15000.0
15000.0
15000.0
6286.127103426785
15000.0
-15000.0
-12268.234236932756
-11980.416670509683
-11552.823974823492
-12926.957593367744
-8583.945673879189
-6878.5186435496
9587.987924014338
15000.0
-15000.0
15000.0
15000.0
15000.0
15000.0
-15000.0
-13617.454966472102
-12469.143842571906
-9024.187859024292
15000.0
15000.0
15000.0
15000.0
15000.0
15000.0
-15000.0
-15000.0
-15000.0
-15000.0
-13728.38817624094
-12764.367796336344
15000.0
-15000.0
15000.0
15000.0
15000.0
15000.0
15000.0
-15000.0
-15000.0
-13848.453010792658
-8804.745118290244
15000.0
15000.0
15000.0
-1059.1963792757106
15000.0
15000.0
-15000.0
-15000.0
-15000.0
-15000.0
-15000.0
-11761.363636363636
5110.253583241607
15000.0
15000.0
15000.0
15000.0
15000.0
15000.0
-15000.0
-15000.0
-13990.554899645813
-11370.102346738353
15000.0
15000.0
15000.0
15000.0
15000.0
-15000.0
-15000.0
-15000.0
15000.0
15000.0
15000.0
15000.0
-14366.138448707257
-14299.421232939905
-12996.532780779755
-14042.425729848048
-13065.789571442583
-13877.06963446569
15000.0
15000.0
15000.0
15000.0
15000.0
15000.0
15000.0
-14654.289372599229
-14589.94104199254
-15000.0
-15000.0
15000.0
15000.0
15000.0
15000.0
15000.0
15000.0
-14361.784591533531
-12899.58890725768
-13436.450285218903
-14086.135196541883
-15000.0
-14099.720121436541
-15000.0
15000.0
15000.0
15000.0
15000.0
15000.0
15000.0
15000.0
-13410.151227989074
-13149.067974706264
-14056.351352073867
-14209.386187826756
15000.0
15000.0
15000.0
15000.0
15000.0
-15000.0
-15000.0
-13919.87755697002
-14193.132060628017
-15000.0
-15000.0
-14110.861311700995
-15000.0
15000.0
15000.0
15000.0
15000.0
15000.0
15000.0
15000.0
15000.0
-14693.745970341715
-14655.436545648125
-15000.0
-15000.0
-15000.0
15000.0
15000.0
15000.0
15000.0
15000.0
15000.0
-14358.421190860321
-14652.612324582435
-15000.0
-15000.0
-15000.0
-15000.0
-15000.0
-15000.0
15000.0
15000.0
15000.0
15000.0
15000.0
15000.0
15000.0
15000.0
-15000.0
-15000.0
-15000.0
-15000.0
-14216.766204536689
-11302.532388118696
15000.0
15000.0
15000.0
15000.0
15000.0
15000.0
15000.0
-15000.0
-15000.0
-15000.0
15000.0
15000.0
15000.0
15000.0
-13284.166164960869
-13800.227910696645
-13975.69088334046
-15000.0
-15000.0
15000.0
15000.0
15000.0
15000.0
15000.0
-15000.0
-15000.0
-15000.0
-15000.0
-15000.0
-15000.0
1949.6141414743834
15000.0
15000.0
15000.0
15000.0
15000.0
15000.0
15000.0
15000.0
-15000.0
-15000.0
-15000.0
-15000.0
-15000.0
15000.0
15000.0
15000.0
15000.0
15000.0
15000.0
-13487.060384870609
-11395.152914021917
15000.0
15000.0
-15000.0
-15000.0
-15000.0
-15000.0
15000.0
15000.0
15000.0
15000.0
-13314.359799250888
-13436.502152236739
-14507.420321727765
-15000.0
-15000.0
15000.0
15000.0
15000.0
15000.0
15000.0
-15000.0
-15000.0
-15000.0
-12889.2762175024
-11488.546111295684
-11565.405493676226
-8877.56122590751
15000.0
15000.0
15000.0
15000.0
15000.0
15000.0
15000.0
-15000.0
-15000.0
-15000.0
-15000.0
-15000.0
15000.0
15000.0
15000.0
15000.0
15000.0
15000.0
-14680.30593276829
-15000.0
-14590.268357211007
-15000.0
-15000.0
-15000.0
15000.0
15000.0
15000.0
15000.0
15000.0
15000.0
15000.0
-14033.24287652646
-13539.213920627059
-14128.807852674337
-15000.0
-15000.0
15000.0
15000.0
15000.0
15000.0
15000.0
15000.0
-15000.0
-15000.0
-15000.0
-15000.0
15000.0
15000.0
15000.0
15000.0
15000.0
-15000.0
-14641.706607998745
-15000.0
-15000.0
-13082.009235578218
15000.0
15000.0
15000.0
15000.0
15000.0
-15000.0
15000.0
15000.0
-15000.0
-14593.901396409237
-14310.537686189047
15000.0
15000.0
15000.0
15000.0
-15000.0
-15000.0
-15000.0
-15000.0
-15000.0
-15000.0
-12484.554280670789
-10407.939791076435
15000.0
15000.0
15000.0
2243.335912306331
15000.0
15000.0
15000.0
15000.0
15000.0
-15000.0
-13972.76732078494
-13794.587802642749
-13968.722259485887
-14166.929720417935
-8635.024381936506
15000.0
15000.0
15000.0
15000.0
15000.0
-15000.0
-13852.451409166923
-12992.02488797611
-10685.261505378461
15000.0
15000.0
15000.0
15000.0
-14696.969696969698
-15000.0
-15000.0
15000.0
15000.0
15000.0
-14011.820330969269
-13519.18413807977
-14132.024639194282
-13883.373252001613
-14122.205136579534
-15000.0
15000.0
15000.0
15000.0
15000.0
15000.0
15000.0
-14031.328191472618
-13951.794273723288
-14228.465482312084
-14559.936842969728
-15000.0
-15000.0
-15000.0
-15000.0
15000.0
15000.0
15000.0
15000.0
15000.0
15000.0
15000.0
15000.0
-15000.0
-15000.0
-15000.0
15000.0
15000.0
15000.0
15000.0
15000.0
-13274.005786959158
-13388.04319363723
-13456.594934982946
-14183.209861876188
-15000.0
15000.0
15000.0
15000.0
15000.0
15000.0
-15000.0
-13432.65946342265
-12034.226086301605
-9156.343553270737
519.1697108651733
15000.0
15000.0
15000.0
15000.0
15000.0
-15000.0
-15000.0
-13607.869742198101
-13168.079541516217
-10944.396517328034
5062.515368399722
15000.0
15000.0
15000.0
15000.0
15000.0
15000.0
-15000.0
-15000.0
-13218.286011982287
-14428.458762903269
-14069.517578880499
-15000.0
15000.0
15000.0
15000.0
15000.0
15000.0
15000.0
-14289.315241908149
-13305.447000162785
-11128.574847825046
-9789.066688596176
9055.700210136376
15000.0
15000.0
12171.946210284907
15000.0
15000.0
-15000.0
-15000.0
-15000.0
-15000.0
-11311.873180200593
-10847.34190967679
15000.0
15000.0
15000.0
15000.0
15000.0
15000.0
15000.0
-15000.0
-15000.0
-15000.0
-15000.0
-11786.469344608886
-4667.5700090334285
15000.0
15000.0
15000.0
15000.0
15000.0
15000.0
15000.0
-15000.0
-15000.0
15000.0
15000.0
-15000.0
-11611.345058211551
-2784.6206550218158
15000.0
15000.0
15000.0
-15000.0
-15000.0
15000.0
15000.0
15000.0
-15000.0
-14659.090909090904
-15000.0
-14120.293235588142
-14462.419604398034
-12772.302318461225
-15000.0
15000.0
15000.0
15000.0
15000.0
15000.0
15000.0
15000.0
15000.0
-14385.555156306145
-15000.0
-15000.0
15000.0
15000.0
15000.0
15000.0
-15000.0
-15000.0
-15000.0
-15000.0
-15000.0
-12788.248337028836
12725.160652496395
15000.0
15000.0
15000.0
15000.0
15000.0
15000.0
-15000.0
15000.0
15000.0
-15000.0
-14209.744503862155
-15000.0
-15000.0
15000.0
15000.0
15000.0
15000.0
15000.0
-15000.0
-12554.304102976672
-12935.768318184782
-12573.633437027485
-210.38778728572652
15000.0
15000.0
15000.0
15000.0
15000.0
-15000.0
-15000.0
-15000.0
-15000.0
-14206.286055301378
-7480.9370244278825
15000.0
15000.0
15000.0
15000.0
15000.0
15000.0
-15000.0
-15000.0
-15000.0
-13336.272423228944
-12081.827836875746
-11998.600471848127
-8283.082726824425
-4994.505611490559
14212.10128181279
-3290.3510447433773
15000.0
15000.0
15000.0
15000.0
15000.0
15000.0
-14648.179172912442
-14551.36469733512
-14272.472408077807
-5754.601280676445
15000.0
15000.0
15000.0
15000.0
-15000.0
-13483.200628529725
-12399.453268447378
-11899.448955399923
-9640.273031049663
-5015.800045297222
4394.965574997034
15000.0
15000.0
13211.475761856142
8793.307583270716
15000.0
15000.0
15000.0
-13454.253410655434
-9635.514120026259
-8842.836593696436
-8632.019298596293
-5966.875550678102
-5074.40760743319
-2795.452979514619
-1251.4964004066314
5544.434067854736
15000.0
9867.66677738924
15000.0
15000.0
-13484.848484848486
-10654.65401428724
-9865.164359476246
-7979.851863446082
-4963.4649079611045
-2527.2155729845144
-867.2138538196814
2999.612201990687
15000.0
5338.789932071755
15000.0
14843.594816363777
-14090.909090909092
-13573.079145002892
-13408.278429879527
-14079.736891295346
-15000.0
-15000.0
-13143.27617385325
15000.0
15000.0
15000.0
15000.0
15000.0
15000.0
15000.0
15000.0
-11217.650962176514
-11532.918552371033
-10626.501323751247
-9683.55416768805
-10360.64280028753
-7802.9322233287785
15000.0
15000.0
15000.0
15000.0
15000.0
-11301.3698630137
-10424.293207391132
-10450.71128777993
-10708.971980103302
-8949.500799224534
15000.0
15000.0
15000.0
15000.0
15000.0
-15000.0
-13945.745992601729
-12994.681113650186
-12603.177920520946
-12480.74368649401
-9741.900688602469
9728.409576592832
15000.0
-15000.0
15000.0
15000.0
15000.0
15000.0
-15000.0
-15000.0
15000.0
15000.0
15000.0
15000.0
15000.0
-15000.0