Demand
15000.0
15000.0
15000.0
15000.0
15000.0
15000.0
15000.0
15000.0
15000.0
15000.0
15000.0
15000.0
15000.0
15000.0
-15000.0
-15000.0
-15000.0
-15000.0
-15000.0
-15000.0
-15000.0
15000.0
15000.0
15000.0
15000.0
15000.0
15000.0
15000.0
15000.0
15000.0
15000.0
-14367.126041745232
-14642.020456499064
-15000.0
-15000.0
-15000.0
15000.0
15000.0
15000.0
15000.0
15000.0
15000.0
-14661.319073083781
-15000.0
15000.0
15000.0
-14639.581334106984
-14455.933876012652
-15000.0
15000.0
15000.0
15000.0
-15000.0
-13916.171975370275
-13361.513067218395
-13059.619266364487
-11260.748989329233
-9459.85297529893
-2206.2865750597
15000.0
15000.0
15000.0
15000.0
15000.0
15000.0
15000.0
-12245.884037222622
-12428.913697898253
-12360.976938789994
-11151.7422313969
15000.0
15000.0
15000.0
-15000.0
-15000.0
-15000.0
-13598.10070876027
-12730.539282975016
-11236.965007761017
-10209.590358794998
-6873.655894153576
15000.0
15000.0
15000.0
15000.0
15000.0
15000.0
15000.0
15000.0
-14360.832999599523
-14303.838101167901
-14611.66041262449
-15000.0
-15000.0
-15000.0
-15000.0
15000.0
15000.0
15000.0
15000.0
15000.0
15000.0
15000.0
15000.0
-12831.443168230737
-13676.00964884332
-14277.530103575049
-15000.0
-15000.0
-15000.0
-15000.0
-15000.0
15000.0
15000.0
15000.0
15000.0
15000.0
15000.0
15000.0
15000.0
-15000.0
-15000.0
-15000.0
-13110.269186603608
15000.0
15000.0
15000.0
15000.0
15000.0
-14545.454545454546
-15000.0
-15000.0
15000.0
15000.0
15000.0
15000.0
-15000.0
-14119.861030689062
-12763.78424978449
15000.0
15000.0
15000.0
-14675.666951523635
-15000.0
-15000.0
-15000.0
-15000.0
-15000.0
-15000.0
15000.0
15000.0
15000.0
-15000.0
15000.0
15000.0
15000.0
15000.0
15000.0
-13822.599276893696
-14478.030605556669
-13003.89643537474
15000.0
15000.0
15000.0
15000.0
15000.0
-15000.0
-15000.0
-15000.0
15000.0
15000.0
15000.0
-15000.0
-13639.772727272728
-11716.95075762122
-7331.564323857598
15000.0
15000.0
15000.0
15000.0
15000.0
-15000.0
-15000.0
15000.0
15000.0
15000.0
-14341.991341991346
-15000.0
-15000.0
-14519.595974632393
-15000.0
-15000.0
-15000.0
15000.0
15000.0
15000.0
15000.0
15000.0
15000.0
15000.0
15000.0
-15000.0
-15000.0
-15000.0
-15000.0
15000.0
15000.0
15000.0
15000.0
15000.0
-14309.090909090912
-14415.312653865087
15000.0
15000.0
15000.0
-15000.0
-15000.0
-15000.0
-13683.704102840431
-13361.73132202233
-13437.688007878409
-11486.773505875932
15000.0
15000.0
15000.0
15000.0
15000.0
15000.0
15000.0
-15000.0
-14114.219114219119
15000.0
15000.0
-14670.562083201017
-15000.0
-15000.0
-15000.0
-15000.0
-15000.0
-15000.0
15000.0
15000.0
15000.0
15000.0
15000.0
15000.0
15000.0
15000.0
-14362.180258117001
-15000.0
-15000.0
-15000.0
-15000.0
15000.0
15000.0
15000.0
15000.0
15000.0
15000.0
-15000.0
-15000.0
15000.0
15000.0
15000.0
-15000.0
-15000.0
-15000.0
-14031.435853865765
15000.0
15000.0
15000.0
15000.0
15000.0
15000.0
-15000.0
-15000.0
-14618.583309435046
-14138.764138252674
-13486.036635103213
-10602.944434158486
-8265.46656888499
-8343.853239190794
4692.058949620715
15000.0
15000.0
15000.0
15000.0
15000.0
15000.0
15000.0
15000.0
-15000.0
-13932.584269662922
-13778.034980043405
-12530.112489638566
-12369.033031781702
-13860.239511776712
15000.0
15000.0
15000.0
15000.0
15000.0
15000.0
15000.0
-15000.0
15000.0
-15000.0
-13331.436005854608
-12392.866815530379
-12745.835909029112
-13132.009677931655
15000.0
15000.0
15000.0
15000.0
15000.0
15000.0
-15000.0
-15000.0
-15000.0
-15000.0
-15000.0
-15000.0
-15000.0
15000.0
15000.0
15000.0
15000.0
15000.0
15000.0
15000.0
15000.0
-15000.0
-15000.0
15000.0
15000.0
-15000.0
-15000.0
-15000.0
-15000.0
-7323.232323232318
15000.0
15000.0
15000.0
15000.0
15000.0
15000.0
-15000.0
-15000.0
-15000.0
-15000.0
-15000.0
-15000.0
-15000.0
15000.0
15000.0
15000.0
15000.0
15000.0
15000.0
15000.0
-15000.0
-15000.0
-14566.375047546593
-15000.0
-15000.0
15000.0
15000.0
15000.0
15000.0
15000.0
15000.0
-15000.0
-15000.0
-15000.0
-15000.0
-14331.378299120235
-13730.04562759505
15000.0
15000.0
15000.0
15000.0
15000.0
15000.0
15000.0
-15000.0
-15000.0
-15000.0
-11678.321678321685
15000.0
15000.0
15000.0
15000.0
15000.0
-15000.0
-15000.0
-15000.0
-15000.0
-15000.0
-15000.0
-10324.675324675325
15000.0
15000.0
15000.0
15000.0
15000.0
15000.0
15000.0
15000.0
-15000.0
-15000.0
-13841.332580463019
-13220.430592791396
-12299.718434042392
-9964.290217260106
-7021.093535462474
4320.426453582477
15000.0
15000.0
15000.0
15000.0
15000.0
15000.0
15000.0
-13149.35064935065
15000.0
15000.0
-14380.165289256202
-14651.203758073989
-15000.0
-15000.0
-15000.0
15000.0
15000.0
15000.0
15000.0
15000.0
15000.0
-14376.935689560942
-14664.157418461382
-15000.0
-15000.0
-15000.0
-15000.0
-15000.0
14628.500409942495
15000.0
10982.119129942079
15000.0
11791.276868814964
15000.0
-2717.490821112594
15000.0
15000.0
-15000.0
-15000.0
-15000.0
-13617.954906534225
-13187.354373452268
-12016.663022109107
12386.463725924228
15000.0
8056.805975941832
15000.0
15000.0
15000.0
15000.0
-15000.0
-15000.0
-15000.0
-15000.0
-11871.355060034311
-5269.606189070969
15000.0
15000.0
15000.0
15000.0
15000.0
15000.0
15000.0
-15000.0
-15000.0
-13825.87201318319
-13594.422433438362
-12522.915434753959
-10920.37208506414
-4663.09583231933
15000.0
15000.0
15000.0
15000.0
15000.0
15000.0
-15000.0
-10895.589558955908
15000.0
15000.0
-15000.0
-15000.0
15000.0
15000.0
15000.0
-15000.0
-15000.0
-14209.979209979214
-13132.688624959836
-10863.965564106413
-9969.560113028041
-2897.0683156505474
15000.0
15000.0
15000.0
-15000.0
15000.0
15000.0
15000.0
-15000.0
-15000.0
-12050.610349290568
-12240.833361460318
-166.9679838265729
15000.0
15000.0
15000.0
15000.0
15000.0
15000.0
-15000.0
-15000.0
-15000.0
-15000.0
-10616.588849217256
15000.0
15000.0
15000.0
12922.94193512027
15000.0
-1446.0525493776868
15000.0
-14696.5338723932
-15000.0
-15000.0
-15000.0
-15000.0
-15000.0
-2292.5642466035815
15000.0
15000.0
15000.0
15000.0
15000.0
15000.0
15000.0
-15000.0
-15000.0
-15000.0
-13420.177383592021
15000.0
15000.0
15000.0
15000.0
15000.0
-15000.0
15000.0
15000.0
-15000.0
15000.0
15000.0
-15000.0
15000.0
15000.0
-15000.0
-15000.0
-15000.0
-15000.0
-14379.422972237346
-15000.0
15000.0
15000.0
15000.0
15000.0
15000.0
15000.0
15000.0
-14391.350774159106
-14663.06729164216
-15000.0
-15000.0
-15000.0
-15000.0
15000.0
15000.0
15000.0
15000.0
15000.0
15000.0
-15000.0
-15000.0
-15000.0
-15000.0
-15000.0
15000.0
15000.0
15000.0
15000.0
15000.0
-13604.224058769516
-13737.47898515057
-14418.10514177991
-15000.0
15000.0
15000.0
15000.0
15000.0
15000.0
-15000.0
-14669.786096256688
-13903.811536280606
-14169.254237489251
-14501.619577917336
-15000.0
-15000.0
-15000.0
15000.0
15000.0
15000.0
15000.0
15000.0
15000.0
15000.0
-12229.847421359791
-12337.76970381867
-12846.36202112905
-13969.708554440644
-13619.488673001706
-15000.0
-15000.0
15000.0
15000.0
15000.0
15000.0
15000.0
15000.0
15000.0
-14670.304403971051
-15000.0
-15000.0
-15000.0
-15000.0
-11224.810538778405
-2256.0290506521715
15000.0
15000.0
15000.0
15000.0
15000.0
15000.0
15000.0
15000.0
-13777.152051488334
-14111.537188258666
-3528.784938113243
15000.0
15000.0
-9359.993903394505
-9379.417204581638
-7461.59326169904
-7283.871265375987
-6519.937389173482
-6964.506509712835
-6644.266884201159
-4920.261585657456
-2026.7075957949974
6923.866289289803
15000.0
15000.0
15000.0
15000.0
15000.0
-11818.18181818182
-6377.49255099702
-5571.128942487496
-3158.041205624715
12334.11608751841
6350.247351214024
15000.0
15000.0
-12840.909090909092
-13104.028938505679
-11335.148678084737
15000.0
15000.0
15000.0
15000.0
-15000.0
-15000.0
-15000.0
-15000.0
15000.0
15000.0
15000.0
15000.0
-10840.681058072365
-11198.520555278435
-10252.979157523943
-9380.355540961627
-10429.725989090733
-9743.604221597841
-184.72178551717116
15000.0
15000.0
15000.0
15000.0
15000.0
15000.0
-11745.089081772505
-12463.65451334972
-12871.987653902313
-13894.595420956699
-14048.862343081928
15000.0
15000.0
15000.0
15000.0
15000.0
15000.0
-13398.696482750875
-13620.3202299103
-13104.550566251179
-12865.502259550132
-13999.055782330444
-15000.0
-15000.0
-15000.0
15000.0
15000.0
15000.0
15000.0
15000.0
15000.0
15000.0
15000.0
-15000.0
-15000.0