Demand
15000.0
15000.0
15000.0
15000.0
15000.0
15000.0
15000.0
15000.0
15000.0
15000.0
-15000.0
-15000.0
-15000.0
-15000.0
-15000.0
-15000.0
-15000.0
15000.0
15000.0
15000.0
15000.0
15000.0
15000.0
15000.0
15000.0
15000.0
-15000.0
-15000.0
-15000.0
-13162.475822050295
15000.0
15000.0
15000.0
15000.0
15000.0
-15000.0
-15000.0
-15000.0
-15000.0
-15000.0
15000.0
15000.0
15000.0
15000.0
15000.0
15000.0
-14672.03682393556
-14608.175350884507
-15000.0
-15000.0
15000.0
15000.0
15000.0
15000.0
15000.0
-13772.62633739318
-13035.52992333084
-12881.25254235946
-12672.488707264765
-13687.29280679486
-15000.0
-15000.0
-5901.092348139621
4307.363638048649
15000.0
9937.203364862067
15000.0
15000.0
15000.0
15000.0
15000.0
15000.0
-15000.0
-15000.0
-15000.0
-15000.0
-13475.935828877005
-12317.337639866193
-9601.663761997352
-981.2452581720936
15000.0
15000.0
15000.0
15000.0
15000.0
15000.0
15000.0
-15000.0
-15000.0
-11426.33228840127
15000.0
15000.0
15000.0
-15000.0
-15000.0
-15000.0
15000.0
15000.0
15000.0
15000.0
-14352.184938855029
-12842.441316635199
-11729.99476379003
-11125.739924575413
-10637.450646896654
-11109.107223166331
-6737.177612203592
15000.0
15000.0
15000.0
15000.0
15000.0
15000.0
-13314.409241371308
15000.0
15000.0
-14217.838765008582
-14210.556573730166
15000.0
15000.0
15000.0
-15000.0
-15000.0
-14052.106430155214
-11809.28406860654
15000.0
15000.0
15000.0
1209.941957553924
15000.0
-15000.0
-15000.0
-15000.0
-15000.0
-15000.0
-15000.0
-15000.0
-11080.977845683745
15000.0
15000.0
15000.0
15000.0
15000.0
15000.0
15000.0
15000.0
15000.0
-15000.0
-15000.0
-14618.729096989966
-14552.26734307934
-14431.576242012408
-15000.0
-15000.0
15000.0
15000.0
15000.0
15000.0
15000.0
15000.0
15000.0
-13113.07307070915
-13573.535424592825
-14132.960853059605
-15000.0
-13406.453262102204
15000.0
15000.0
15000.0
15000.0
15000.0
-15000.0
-15000.0
-13783.610755441743
-12545.110440711422
-11740.239257878431
-12808.386133545268
7210.570271617427
15000.0
15000.0
15000.0
15000.0
15000.0
15000.0
-15000.0
-4970.674486803568
15000.0
15000.0
-15000.0
-14638.98179381304
-15000.0
-15000.0
-15000.0
-15000.0
15000.0
15000.0
15000.0
15000.0
15000.0
15000.0
-14659.25900738317
-15000.0
-15000.0
15000.0
15000.0
15000.0
15000.0
-15000.0
-8719.008264462878
15000.0
15000.0
-14677.024989783622
-15000.0
-15000.0
-15000.0
-15000.0
-15000.0
-15000.0
15000.0
15000.0
15000.0
15000.0
10455.316636508658
15000.0
15000.0
15000.0
15000.0
-15000.0
-15000.0
-15000.0
14610.389610387992
15000.0
15000.0
5253.807106744615
15000.0
-15000.0
-15000.0
-15000.0
-15000.0
15000.0
15000.0
15000.0
15000.0
15000.0
-13683.982683982686
-13905.951914064837
-12899.503739181906
-13471.641112024907
-13596.767779499896
-15000.0
15000.0
15000.0
15000.0
15000.0
15000.0
15000.0
15000.0
-15000.0
-15000.0
15000.0
15000.0
15000.0
-13618.18181818183
15000.0
-15000.0
-15000.0
-15000.0
-13605.18382208998
15000.0
15000.0
15000.0
15000.0
15000.0
-15000.0
-15000.0
-15000.0
-14588.472414415497
-14028.705513272173
-13155.42057091821
-8743.593050190586
-1793.4685785110187
15000.0
5841.947013336921
15000.0
15000.0
15000.0
15000.0
15000.0
15000.0
-15000.0
-15000.0
-15000.0
-13698.217344414137
-13453.664633530334
-11684.56381771273
-11091.361340777337
-12694.702804035376
15000.0
15000.0
15000.0
15000.0
15000.0
15000.0
15000.0
15000.0
-15000.0
-15000.0
-13176.48627032791
-11409.375193968008
-4587.978853843146
15000.0
15000.0
15000.0
15000.0
-15000.0
-15000.0
-15000.0
-15000.0
-15000.0
-15000.0
15000.0
15000.0
15000.0
15000.0
15000.0
15000.0
-15000.0
-13904.062315125226
-14178.843482696448
-14517.707281506795
-15000.0
-14073.485950677445
-15000.0
15000.0
15000.0
15000.0
15000.0
15000.0
15000.0
15000.0
15000.0
-13986.60661372526
-13837.532476152643
-13104.512239835181
-13691.491622722413
-15000.0
15000.0
15000.0
15000.0
15000.0
15000.0
15000.0
-15000.0
-15000.0
-15000.0
15000.0
15000.0
15000.0
15000.0
-15000.0
15000.0
15000.0
-15000.0
-14647.323993459144
-15000.0
-15000.0
-14449.286273620313
-15000.0
-15000.0
-15000.0
15000.0
15000.0
15000.0
15000.0
15000.0
15000.0
15000.0
15000.0
-15000.0
-15000.0
-15000.0
-15000.0
-15000.0
-15000.0
-15000.0
15000.0
15000.0
15000.0
15000.0
15000.0
15000.0
15000.0
15000.0
15000.0
-15000.0
-15000.0
-15000.0
-15000.0
-15000.0
-15000.0
-10924.566153111464
11040.056765256846
15000.0
15000.0
15000.0
-15000.0
15000.0
15000.0
15000.0
15000.0
-15000.0
-13919.0775449047
-13384.822552620313
-12656.925897533842
-10974.44631609974
-9603.63905219585
-7334.39114038472
10961.166267448554
11108.294103576949
15000.0
15000.0
15000.0
15000.0
15000.0
15000.0
-13707.238707238706
-13651.77490241879
15000.0
15000.0
-15000.0
-15000.0
-15000.0
-15000.0
-14473.736324163365
-12919.245595022287
-10649.869402586362
-5883.683827995904
15000.0
15000.0
15000.0
15000.0
15000.0
15000.0
15000.0
15000.0
-12308.146399055491
-11583.936934634257
-10969.331068290536
-8662.440377689145
-8087.607569300904
-1593.567854726406
15000.0
15000.0
15000.0
15000.0
15000.0
-15000.0
-13887.225873625302
-13689.60405921208
-13320.826585926508
-10658.734179773386
-5071.334027742989
15000.0
15000.0
15000.0
15000.0
15000.0
15000.0
-15000.0
-15000.0
-15000.0
-13370.891502693197
-12196.010777074956
-10531.765534295362
-8606.860867565218
-5882.569455498677
-3810.9714348262896
15000.0
15000.0
-15000.0
15000.0
15000.0
15000.0
15000.0
15000.0
-13597.942293277283
-14220.698197188936
-14548.592835081101
-15000.0
-15000.0
-15000.0
15000.0
15000.0
15000.0
15000.0
15000.0
15000.0
15000.0
15000.0
-15000.0
-15000.0
-15000.0
-15000.0
-15000.0
15000.0
15000.0
15000.0
15000.0
15000.0
-13003.502626970228
-13512.852163536914
-14127.242966064514
-15000.0
-15000.0
-15000.0
15000.0
15000.0
15000.0
15000.0
15000.0
15000.0
-13665.90934329297
-13859.62729322804
-15000.0
-15000.0
-15000.0
15000.0
15000.0
15000.0
15000.0
15000.0
15000.0
-13011.242488854434
-11704.5077307938
-11275.766069558122
-11573.363374162935
-11810.012794616301
-10783.78809466914
-2610.9727800002474
15000.0
15000.0
15000.0
15000.0
15000.0
15000.0
-12870.485678704863
15000.0
15000.0
-15000.0
-15000.0
-15000.0
-15000.0
-15000.0
-15000.0
-15000.0
15000.0
15000.0
15000.0
15000.0
15000.0
15000.0
15000.0
15000.0
-15000.0
-15000.0
-15000.0
-15000.0
-15000.0
-15000.0
15000.0
15000.0
15000.0
15000.0
15000.0
15000.0
-14657.965796579658
-15000.0
-15000.0
-15000.0
-15000.0
-15000.0
-15000.0
12514.736339015457
15000.0
15000.0
15000.0
-15000.0
15000.0
15000.0
15000.0
15000.0
15000.0
-15000.0
-15000.0
15000.0
15000.0
15000.0
-15000.0
-15000.0
-15000.0
15000.0
15000.0
15000.0
15000.0
-13661.317154320386
-13883.273316975075
-13275.58931827333
-13409.491288601304
-14254.121865709683
-15000.0
15000.0
15000.0
15000.0
15000.0
15000.0
15000.0
15000.0
-13942.48608534323
-14142.545129203732
-14394.919134453554
-15000.0
15000.0
15000.0
15000.0
15000.0
15000.0
-15000.0
-13456.479690522247
-11969.677926948516
-10795.914309041716
15000.0
15000.0
15000.0
-7633.383278087789
15000.0
-15000.0
-15000.0
-13124.634425043438
15000.0
15000.0
15000.0
15000.0
-14651.056014692378
-14573.25096745338
-14393.753738884861
-15000.0
15000.0
15000.0
15000.0
15000.0
15000.0
-13096.176080161007
-12240.50838156205
-11180.03891338125
-10659.0620936985
-9825.05900229132
-8294.210446631245
-5742.459667192314
3733.923701536967
15000.0
15000.0
15000.0
15000.0
15000.0
15000.0
-9757.329391475734
-7460.675556877846
-6344.118772685038
-2897.1075967740253
5494.191775790875
15000.0
15000.0
-13333.333333333334
-12125.204892195186
-11294.691018052057
-10023.542709738926
-6391.146848385673
-676.4339184880027
15000.0
15000.0
12321.885098217594
6900.280411504173
15000.0
-12121.212121212122
1612.0218579234788
15000.0
15000.0
-13108.058270330075
-13619.493830929074
-13436.038605674272
-14068.330233892462
-15000.0
-15000.0
15000.0
15000.0
15000.0
15000.0
15000.0
15000.0
15000.0
-13625.0565355043
-12525.943978282332
-8406.873612951378
-6335.918087084988
15000.0
15000.0
-2001.531038879726
15000.0
15000.0
15000.0
15000.0
-12788.248337028828
-11202.793751825408
-10785.588861619202
-9713.161748520863
-9663.533440245857
-9877.271777452079
-7669.008363658403
15000.0
15000.0
15000.0
15000.0
15000.0
15000.0
-14015.220074043606
-13207.676491347214
-13003.997697378898
-13158.93465780482
-12175.81784111174
-11162.23037479799
-12319.874563954574
15000.0
15000.0
15000.0
15000.0
15000.0
15000.0
15000.0
15000.0
-14674.09948542024
-13834.567819588654
-14486.101689304454
-15000.0
15000.0