Demand
-15000.0
-15000.0
-15000.0
15000.0
15000.0
15000.0
15000.0
15000.0
15000.0
15000.0
15000.0
15000.0
15000.0
15000.0
-15000.0
-15000.0
-15000.0
-15000.0
-15000.0
-15000.0
-15000.0
15000.0
15000.0
15000.0
15000.0
15000.0
15000.0
15000.0
15000.0
-14381.602250342905
-13956.630278430937
-14179.791416058451
-14465.145803876549
-15000.0
-15000.0
15000.0
15000.0
15000.0
15000.0
15000.0
-13470.769623493434
-13871.741338128362
15000.0
15000.0
15000.0
15000.0
-14580.985052683161
-11931.726674550056
15000.0
15000.0
-15000.0
-15000.0
-15000.0
-12683.51243042259
-6932.980002819783
15000.0
15000.0
15000.0
15000.0
15000.0
15000.0
-15000.0
-12321.810630532367
-12095.661637030233
-11783.645302385652
-13163.226725552002
-9932.187745160605
-9867.22454853826
-9120.475971050353
-5646.507285600048
15000.0
15000.0
15000.0
15000.0
15000.0
15000.0
15000.0
-13754.869479739325
-13327.825030233922
-13540.536316384452
-14182.299747327172
-15000.0
-15000.0
-15000.0
-15000.0
15000.0
15000.0
15000.0
15000.0
15000.0
15000.0
15000.0
15000.0
-15000.0
-15000.0
-15000.0
-15000.0
15000.0
15000.0
15000.0
15000.0
-12997.332160502221
-12072.156104934482
-11720.426700943386
-11659.39132031658
-12614.187480460445
-13224.998679861012
-15000.0
15000.0
15000.0
15000.0
15000.0
15000.0
15000.0
15000.0
-14334.77317561697
-14204.468451419834
-14463.006199809191
-15000.0
15000.0
15000.0
15000.0
15000.0
15000.0
-13780.196715914237
-12685.834468041172
-12086.796678364215
-11288.384664655925
-12075.50997587381
-13081.250351025472
-15000.0
15000.0
15000.0
15000.0
15000.0
15000.0
15000.0
15000.0
-14166.463563246409
-2206.11862968692
15000.0
15000.0
-14673.27754213
-15000.0
-15000.0
-15000.0
-15000.0
15000.0
15000.0
15000.0
15000.0
15000.0
15000.0
-15000.0
-15000.0
-15000.0
-15000.0
-15000.0
-11348.383160463698
15000.0
15000.0
15000.0
15000.0
15000.0
15000.0
15000.0
-15000.0
-15000.0
15000.0
15000.0
15000.0
-15000.0
-15000.0
-13814.968814968815
-12675.291752284142
-12081.619532611283
-13308.946009428444
-12835.22116485324
15000.0
15000.0
15000.0
15000.0
15000.0
15000.0
15000.0
-14058.6119572797
-14323.816203454546
-15000.0
-15000.0
-14494.430001827557
-15000.0
-15000.0
-15000.0
15000.0
15000.0
15000.0
15000.0
15000.0
15000.0
15000.0
15000.0
-15000.0
15000.0
15000.0
-15000.0
-15000.0
-15000.0
-15000.0
-13243.451463790454
-1337.3677528565659
15000.0
15000.0
15000.0
15000.0
15000.0
15000.0
-15000.0
-15000.0
-13832.631698714304
-13652.809245794266
-13900.603537422998
-13478.916091824227
-12126.594264164265
15000.0
15000.0
15000.0
15000.0
15000.0
15000.0
15000.0
15000.0
-14262.899262899267
-13877.796031846337
-11132.59377402892
15000.0
15000.0
15000.0
-15000.0
-15000.0
-15000.0
15000.0
15000.0
15000.0
15000.0
15000.0
-14056.326110150476
-13304.82095324788
-13887.827811929583
-14164.08899692271
-15000.0
-15000.0
-15000.0
-15000.0
15000.0
15000.0
15000.0
15000.0
15000.0
15000.0
15000.0
15000.0
-15000.0
-14160.636307515713
-14415.430381435708
-15000.0
15000.0
15000.0
15000.0
15000.0
15000.0
-15000.0
-15000.0
-15000.0
-15000.0
-15000.0
-15000.0
15000.0
15000.0
15000.0
15000.0
15000.0
15000.0
-13686.762023615247
-13908.722564095526
-15000.0
-15000.0
-15000.0
-15000.0
15000.0
15000.0
15000.0
15000.0
15000.0
15000.0
15000.0
-13754.255453284582
-14661.171710059712
-15000.0
-15000.0
-15000.0
-15000.0
-15000.0
15000.0
15000.0
15000.0
15000.0
15000.0
15000.0
15000.0
-14029.331339096672
-14606.508817443948
-15000.0
-15000.0
15000.0
15000.0
15000.0
15000.0
-15000.0
-15000.0
-15000.0
-15000.0
-15000.0
15000.0
15000.0
15000.0
15000.0
15000.0
15000.0
-14328.936169801229
-14562.542761222081
-15000.0
15000.0
15000.0
15000.0
15000.0
-15000.0
15000.0
-15000.0
-15000.0
-15000.0
-13008.90751899398
-13061.39129052177
-11904.826488858791
259.3036474822602
15000.0
15000.0
15000.0
15000.0
15000.0
15000.0
15000.0
-15000.0
-15000.0
-15000.0
-15000.0
15000.0
15000.0
15000.0
15000.0
-15000.0
-15000.0
-15000.0
15000.0
15000.0
15000.0
15000.0
15000.0
-15000.0
-15000.0
-15000.0
-15000.0
15000.0
15000.0
15000.0
15000.0
-15000.0
-14610.063849194285
-14517.09739920625
-15000.0
-15000.0
15000.0
15000.0
15000.0
15000.0
15000.0
15000.0
-15000.0
-15000.0
-13845.37474679271
-13650.758771378598
-12175.416498934857
-11784.876299447056
-11551.968697402048
15000.0
15000.0
15000.0
15000.0
15000.0
15000.0
15000.0
-13948.616600790516
-13676.955888437747
-13629.396909992523
-10990.340500503178
15000.0
15000.0
15000.0
15000.0
-15000.0
-15000.0
-15000.0
-13587.24793309125
-12656.634758932345
-10903.508213347446
-4406.453826562683
15000.0
15000.0
9586.514812377962
15000.0
15000.0
15000.0
15000.0
15000.0
-15000.0
-13322.43296272073
15000.0
15000.0
15000.0
-14686.8264232281
-15000.0
-15000.0
-15000.0
-15000.0
-14067.536523282928
-5387.1086955372875
15000.0
15000.0
15000.0
15000.0
15000.0
15000.0
15000.0
-15000.0
-15000.0
-15000.0
15000.0
15000.0
5727.272727272662
15000.0
15000.0
-13420.177383592021
-13822.33185347934
-15000.0
15000.0
15000.0
15000.0
15000.0
-14040.942232192934
-13929.327195042893
-13753.192787880263
-12390.67077588796
-11990.432586850045
-9652.037021101914
15000.0
15000.0
15000.0
15000.0
15000.0
15000.0
-15000.0
-15000.0
-13485.049833887046
-12365.780904887604
-10703.205326014864
-8514.665516255216
-4373.805620177256
6602.055675112602
15000.0
15000.0
15000.0
15000.0
15000.0
15000.0
-14065.062875888467
-13616.021227300294
-13407.548413410117
-14021.825044164252
-14298.047910879555
-15000.0
15000.0
15000.0
15000.0
15000.0
15000.0
15000.0
-14665.689149560116
-14625.446296433332
-15000.0
-15000.0
-15000.0
-15000.0
15000.0
15000.0
15000.0
15000.0
15000.0
15000.0
15000.0
-12740.56231307373
-12919.185936260477
-13480.713611512896
-14141.65662906114
-15000.0
-15000.0
-15000.0
-15000.0
15000.0
15000.0
15000.0
15000.0
15000.0
15000.0
15000.0
15000.0
-15000.0
-15000.0
-15000.0
-15000.0
-15000.0
15000.0
15000.0
15000.0
15000.0
15000.0
15000.0
15000.0
-13356.717278493183
-13335.78285981651
-13616.8239931321
15000.0
15000.0
15000.0
15000.0
-15000.0
-15000.0
-10764.18132276443
-859.0911395399835
15000.0
15000.0
15000.0
15000.0
-15000.0
-15000.0
15000.0
15000.0
15000.0
-14674.64515392519
-15000.0
-14211.525958136808
-14547.99793244946
-13353.949827602537
-15000.0
-15000.0
-15000.0
15000.0
15000.0
15000.0
15000.0
15000.0
15000.0
15000.0
15000.0
-15000.0
-15000.0
-15000.0
-14399.985466601887
-15000.0
-15000.0
15000.0
15000.0
15000.0
15000.0
15000.0
15000.0
15000.0
15000.0
-15000.0
-15000.0
-15000.0
-15000.0
-15000.0
-15000.0
-15000.0
15000.0
15000.0
15000.0
15000.0
15000.0
15000.0
15000.0
15000.0
-15000.0
-15000.0
-12480.477383232654
-12973.923274076395
-12933.5404111619
-9879.942002469368
15000.0
15000.0
15000.0
15000.0
15000.0
15000.0
15000.0
-15000.0
-15000.0
-14614.403913201855
-13676.415417473974
-13946.867292891391
-14311.377477872273
-15000.0
-15000.0
15000.0
15000.0
15000.0
15000.0
15000.0
15000.0
15000.0
15000.0
-12236.84636531679
-12345.640047064444
-12854.077776962939
-13974.469896980707
-13628.856184283428
-15000.0
-15000.0
15000.0
15000.0
15000.0
15000.0
15000.0
15000.0
15000.0
-13495.53633895471
15000.0
15000.0
-15000.0
-15000.0
-13163.77161223326
-11260.349590682468
-8399.00033958177
15000.0
15000.0
15000.0
15000.0
15000.0
-13636.363636363638
-8092.902481246398
15000.0
15000.0
15000.0
-7148.760330578582
15000.0
-9360.110870972076
-9323.88331085179
-7273.840041693885
-6940.424956603489
-5878.808380522333
-5956.755871180877
-4731.474182529891
-8.078307504672921
13931.76413032108
4207.534693565758
15000.0
15000.0
15000.0
15000.0
-9796.993102308872
-8192.887128232967
-7417.991716776368
-7588.669189996513
-7641.781808915435
-6077.19796607986
-5966.3023689827605
-5751.964775924669
-4130.452416604494
15000.0
15000.0
15000.0
15000.0
15000.0
-15000.0
-14663.67429510684
-15000.0
-15000.0
-15000.0
-15000.0
-15000.0
-11191.033831376386
15000.0
15000.0
15000.0
15000.0
15000.0
15000.0
15000.0
15000.0
-13496.844076203583
15000.0
15000.0
15000.0
-11450.809464508096
-10453.283433455937
-6171.257281698493
15000.0
15000.0
15000.0
-14369.549495894844
-14654.964698457628
-15000.0
-15000.0
-15000.0
-15000.0
-3678.9874595330366
15000.0
15000.0
15000.0
15000.0
15000.0
15000.0
15000.0
-15000.0
-15000.0
-15000.0
-15000.0
-15000.0
-15000.0
-13529.980657640237
15000.0
15000.0
15000.0
15000.0
15000.0