Demand
15000.0
15000.0
15000.0
15000.0
15000.0
15000.0
15000.0
15000.0
15000.0
15000.0
15000.0
15000.0
-15000.0
15000.0
15000.0
15000.0
15000.0
-15000.0
-15000.0
-15000.0
15000.0
15000.0
15000.0
15000.0
15000.0
-15000.0
-15000.0
-15000.0
-15000.0
-13580.323785803244
-10785.251926954214
15000.0
15000.0
15000.0
15000.0
15000.0
15000.0
15000.0
-15000.0
-15000.0
-13642.976809805132
-14411.549935883751
-14017.47426842284
-15000.0
15000.0
15000.0
15000.0
15000.0
15000.0
15000.0
-15000.0
-15000.0
-15000.0
-11874.020344359375
15000.0
15000.0
15000.0
15000.0
15000.0
15000.0
-15000.0
-15000.0
15000.0
15000.0
-10895.5895589559
15000.0
-12096.058243612093
-10804.079683514039
15000.0
15000.0
-15000.0
-15000.0
-15000.0
-15000.0
15000.0
15000.0
15000.0
15000.0
15000.0
-13761.318362911989
-14233.595997364435
-15000.0
-15000.0
15000.0
15000.0
15000.0
-15000.0
-15000.0
-15000.0
-13420.351892245402
-11388.36501514191
15000.0
15000.0
15000.0
15000.0
15000.0
15000.0
15000.0
-15000.0
-15000.0
-14242.524916943526
-12346.366115687015
-10661.161707033727
-9154.636202019192
-6304.082522599049
10318.327143067021
15000.0
15000.0
15000.0
15000.0
15000.0
15000.0
-15000.0
-13903.318903318905
-14168.794603824925
-14002.516193693617
-13683.238091417625
-13912.982167379796
-15000.0
15000.0
15000.0
15000.0
15000.0
15000.0
15000.0
15000.0
-12407.646957405726
-11852.665155632996
-12697.23231535908
-13689.088923094787
-15000.0
-15000.0
-15000.0
15000.0
15000.0
15000.0
15000.0
15000.0
15000.0
15000.0
15000.0
-14078.592871988301
-14668.24180107587
-15000.0
-15000.0
-15000.0
-15000.0
-15000.0
15000.0
15000.0
15000.0
15000.0
15000.0
15000.0
15000.0
15000.0
-15000.0
-15000.0
15000.0
15000.0
-14304.453935326423
-12672.443029673028
-13229.075836265929
-13926.773068472205
-15000.0
-13589.43783894524
15000.0
15000.0
15000.0
15000.0
15000.0
15000.0
15000.0
15000.0
-13446.866485013627
-13284.967712071997
-14215.045901718964
-14515.26805881198
-15000.0
-15000.0
15000.0
15000.0
15000.0
15000.0
15000.0
15000.0
-13354.978354978368
15000.0
-15000.0
-14237.275985663087
15000.0
15000.0
15000.0
15000.0
-15000.0
-14293.141276352191
-13022.280008490354
-13179.792144383315
-13887.251243309453
-14225.3609200213
-13458.198239936963
15000.0
15000.0
15000.0
15000.0
15000.0
15000.0
15000.0
15000.0
-13772.080999569152
-14314.170253909644
-14595.887413302538
-15000.0
-15000.0
-15000.0
15000.0
15000.0
15000.0
15000.0
15000.0
-14263.644845640945
-14131.391712843284
-13882.205302791459
-15000.0
-15000.0
15000.0
15000.0
15000.0
15000.0
15000.0
15000.0
-14212.353038711502
-13864.73736260051
-13372.854120276348
15000.0
15000.0
15000.0
15000.0
-15000.0
-15000.0
-15000.0
15000.0
15000.0
15000.0
-13733.286672142163
-13944.19134300094
-12958.861290266981
-13490.14516588844
-13545.867887678916
-15000.0
15000.0
15000.0
15000.0
15000.0
15000.0
15000.0
-15000.0
-15000.0
15000.0
15000.0
15000.0
15000.0
-14368.620935200572
-14618.140553871988
-15000.0
-15000.0
15000.0
15000.0
15000.0
15000.0
-15000.0
-15000.0
-15000.0
-15000.0
-15000.0
15000.0
15000.0
15000.0
15000.0
15000.0
-11498.408615492997
-10466.979736109482
15000.0
15000.0
15000.0
-15000.0
15000.0
15000.0
15000.0
-15000.0
-15000.0
-15000.0
-13521.24094692466
-12890.539396810822
-7145.019458833118
15000.0
15000.0
15000.0
15000.0
15000.0
15000.0
-15000.0
-15000.0
-15000.0
-15000.0
-15000.0
-15000.0
-10967.456667845781
-4302.162920071946
15000.0
15000.0
15000.0
15000.0
15000.0
15000.0
15000.0
15000.0
15000.0
-15000.0
-15000.0
-15000.0
-15000.0
15000.0
15000.0
15000.0
15000.0
15000.0
-14089.133522727276
-14335.812917659168
-14625.037291925393
-15000.0
-14409.672977417184
-15000.0
-15000.0
15000.0
15000.0
15000.0
15000.0
15000.0
15000.0
-13645.23685319164
-13816.040198818915
-13492.61701689602
-11868.089372492126
-9292.479342995597
15000.0
15000.0
15000.0
15000.0
15000.0
-15000.0
-15000.0
-15000.0
15000.0
15000.0
15000.0
15000.0
-15000.0
-14652.426423055898
-15000.0
-15000.0
-15000.0
-15000.0
15000.0
15000.0
15000.0
15000.0
15000.0
15000.0
-15000.0
-15000.0
-15000.0
-15000.0
-15000.0
-15000.0
15000.0
15000.0
15000.0
15000.0
15000.0
15000.0
-15000.0
-15000.0
15000.0
15000.0
15000.0
15000.0
-15000.0
-13983.353151010702
-13849.839289731714
-12719.94277926465
-12653.607909988736
-13146.717893422541
-10594.350392964672
15000.0
15000.0
15000.0
15000.0
15000.0
15000.0
-13952.716016084134
-13806.705382882275
-14042.70621957722
-14355.546044852283
-13824.594146475432
15000.0
15000.0
15000.0
15000.0
15000.0
15000.0
15000.0
-13599.508599508605
-12886.119956929142
-10970.173343391154
-7567.181617699243
15000.0
15000.0
15000.0
15000.0
15000.0
-15000.0
-15000.0
15000.0
15000.0
-12806.637806637817
-9903.49134260574
15000.0
15000.0
15000.0
-15000.0
15000.0
15000.0
-14655.120254121917
-13740.430629549195
-12681.040679190533
-11478.576550617036
15000.0
15000.0
15000.0
15000.0
15000.0
-15000.0
-15000.0
15000.0
15000.0
15000.0
-10142.04545454547
15000.0
15000.0
-13370.497427101207
15000.0
15000.0
-15000.0
-15000.0
-15000.0
-15000.0
-13458.302028549962
-13069.051959581262
-12251.453350650128
-5852.802527066367
15000.0
15000.0
3076.480368496058
15000.0
15000.0
15000.0
15000.0
15000.0
15000.0
-15000.0
-13219.306466729151
-10222.294232015556
15000.0
15000.0
15000.0
15000.0
-14077.968295050145
-14594.78356896326
-15000.0
15000.0
15000.0
15000.0
-14078.332734459218
-13652.885931459648
-13482.479141381496
-14104.149383202835
-14415.620012807045
-15000.0
-15000.0
15000.0
15000.0
15000.0
15000.0
15000.0
15000.0
-13581.071617084675
15000.0
15000.0
-15000.0
15000.0
15000.0
15000.0
-15000.0
-14173.741975564302
-12719.852837882478
-7094.448821866234
15000.0
15000.0
15000.0
15000.0
15000.0
-15000.0
-15000.0
-15000.0
-15000.0
-15000.0
15000.0
15000.0
15000.0
15000.0
15000.0
15000.0
-15000.0
-15000.0
-15000.0
-15000.0
15000.0
15000.0
15000.0
15000.0
-13681.191554998557
-12806.33450788357
-11245.186876250504
-10548.299560213214
-10546.602274483714
-9967.226563439937
1420.067651937762
15000.0
15000.0
15000.0
15000.0
15000.0
15000.0
-15000.0
-12792.361484669178
-12547.263741382965
-12096.048201473393
15000.0
15000.0
15000.0
15000.0
-15000.0
-15000.0
-15000.0
-15000.0
-12747.035573122539
15000.0
15000.0
15000.0
15000.0
15000.0
-15000.0
15000.0
15000.0
-15000.0
15000.0
-15000.0
-15000.0
-15000.0
-14179.117911791182
-15000.0
-15000.0
-15000.0
-15000.0
15000.0
15000.0
15000.0
15000.0
15000.0
15000.0
15000.0
15000.0
-14669.550694231362
-14274.538548444823
-14591.82089815411
-15000.0
-15000.0
-15000.0
-15000.0
15000.0
15000.0
15000.0
15000.0
15000.0
15000.0
15000.0
15000.0
-15000.0
15000.0
-15000.0
-15000.0
-15000.0
-11794.912489907703
-12193.060577760549
-11492.706677963222
12600.125407750373
15000.0
-4722.840078411871
15000.0
15000.0
15000.0
15000.0
15000.0
-15000.0
-15000.0
-13533.827891738063
15000.0
15000.0
15000.0
15000.0
-15000.0
-15000.0
-15000.0
15000.0
15000.0
15000.0
-13726.869973051791
-12941.581702674182
-13124.687191430592
-11628.438422506239
-11595.20977612106
-12017.46282008992
-13336.47685947282
-11511.412633631764
15000.0
15000.0
15000.0
15000.0
15000.0
15000.0
15000.0
15000.0
-14688.883498089635
-14642.801582650314
-15000.0
-15000.0
-15000.0
15000.0
15000.0
15000.0
15000.0
15000.0
-11858.945903335247
-11617.661472708984
-11286.609791243947
-10805.27629156442
-10540.215266058585
-10535.523605859595
-10957.05762573966
-5124.240096366623
15000.0
15000.0
15000.0
15000.0
15000.0
15000.0
-8807.890222984566
-8382.58228421225
-8948.36793209386
-9048.324131967885
-8450.830648130046
-7817.628945051489
-6580.151724909171
15000.0
15000.0
15000.0
14375.294416288882
5839.802163568034
15000.0
-8108.808290155441
-8436.133417049448
-8730.926064382533
-7850.801408617882
-8390.306037276892
-9333.981060768903
-10914.653153522799
-9754.132934803536
-5626.440897127754
15000.0
15000.0
15000.0
15000.0
15000.0
15000.0
-15000.0
15000.0
15000.0
-15000.0
-14637.829912023462
-13365.924863292443
-12147.045279341699
-8007.629015324459
-7561.911208940961
-2668.6141515719037
8698.382737018712
7546.569905427838
15000.0
15000.0
15000.0
-15000.0
15000.0
15000.0
15000.0
15000.0
-11829.032055572596
-12568.375210322305
-13019.56611613516
-14033.699078572892
-14311.74000681422
-15000.0
15000.0
15000.0
15000.0
15000.0
15000.0
15000.0
-13715.782358905039
-12839.288922709457
-10210.068097457799
15000.0
15000.0
15000.0
-15000.0
-15000.0
-15000.0
-15000.0
-15000.0
-13920.454545454548
15000.0
15000.0
15000.0
-15000.0
15000.0