Demand
-15000.0
-15000.0
-15000.0
-15000.0
15000.0
15000.0
15000.0
15000.0
15000.0
15000.0
15000.0
15000.0
-15000.0
-15000.0
-15000.0
-15000.0
-15000.0
15000.0
15000.0
15000.0
15000.0
15000.0
-15000.0
-15000.0
-15000.0
15000.0
15000.0
15000.0
-15000.0
-14226.113028228774
-13657.583569865681
-13905.780444325854
-14244.87748498634
-15000.0
15000.0
15000.0
15000.0
15000.0
15000.0
15000.0
15000.0
15000.0
-14676.136363636364
-15000.0
-15000.0
-15000.0
-14479.951226419842
-14336.916775815938
-15000.0
-15000.0
15000.0
15000.0
15000.0
15000.0
15000.0
15000.0
15000.0
15000.0
15000.0
-14051.66161853163
-15000.0
-15000.0
-11284.806000613175
-10428.727730469764
-8698.441948391031
-9334.920928924992
15000.0
15000.0
15000.0
15000.0
15000.0
15000.0
15000.0
-15000.0
-15000.0
-15000.0
-13583.916083916083
-12495.735928564267
-9798.743490021032
3846.8898565571535
15000.0
15000.0
15000.0
15000.0
15000.0
15000.0
-15000.0
-15000.0
-15000.0
-13284.166164960876
15000.0
15000.0
15000.0
15000.0
15000.0
-15000.0
15000.0
-15000.0
-15000.0
-15000.0
-10017.482517482553
15000.0
15000.0
15000.0
15000.0
15000.0
-14345.575278024255
-15000.0
-15000.0
-15000.0
-15000.0
-15000.0
-15000.0
-5499.25256355178
15000.0
15000.0
15000.0
15000.0
15000.0
15000.0
15000.0
15000.0
15000.0
-14338.363319791064
-13507.264245318693
-11930.548414772482
-10616.473928000585
-7972.2750105750465
-5794.236716676226
15000.0
15000.0
15000.0
15000.0
15000.0
15000.0
-15000.0
-15000.0
-12376.294591484479
15000.0
15000.0
15000.0
15000.0
-14671.442687747036
-15000.0
-15000.0
-15000.0
-15000.0
-15000.0
-15000.0
15000.0
15000.0
15000.0
15000.0
15000.0
15000.0
15000.0
15000.0
-15000.0
-13825.029490856901
-14519.167014491984
-13619.816253328387
-5642.587416918542
15000.0
15000.0
15000.0
15000.0
15000.0
15000.0
-15000.0
-15000.0
-15000.0
-15000.0
-15000.0
-13111.123384513423
-10359.872318154823
-5288.520966693752
15000.0
15000.0
15000.0
15000.0
15000.0
15000.0
15000.0
15000.0
-15000.0
-13987.816307403937
-14246.300373200225
-15000.0
-15000.0
-14162.756127022123
-15000.0
15000.0
15000.0
15000.0
15000.0
15000.0
15000.0
15000.0
-14384.673728504895
-14658.572111545654
-14604.636743864401
-15000.0
-15000.0
-15000.0
15000.0
15000.0
15000.0
15000.0
15000.0
15000.0
-14316.227362329264
-14597.483664278137
-15000.0
-15000.0
-15000.0
15000.0
15000.0
15000.0
15000.0
15000.0
-14312.516174801352
-14205.046715697921
-14013.425411360124
-15000.0
-15000.0
15000.0
15000.0
15000.0
15000.0
15000.0
15000.0
-14297.952771579505
15000.0
-14646.391682544316
-15000.0
15000.0
15000.0
-15000.0
-15000.0
-15000.0
-15000.0
-15000.0
-15000.0
-9984.610583138423
15000.0
15000.0
15000.0
15000.0
15000.0
15000.0
15000.0
15000.0
-15000.0
-15000.0
-15000.0
15000.0
15000.0
15000.0
15000.0
-15000.0
15000.0
15000.0
-14368.07095343681
15000.0
15000.0
-15000.0
-15000.0
-14588.381609564312
-15000.0
-15000.0
-15000.0
15000.0
15000.0
15000.0
15000.0
15000.0
15000.0
-14231.25956372454
-13472.081306006668
-8655.82719648474
15000.0
15000.0
10592.48990166644
15000.0
15000.0
-15000.0
15000.0
-15000.0
-15000.0
-15000.0
-15000.0
-15000.0
-12988.945078207693
-11917.799754542611
-905.8652565069806
15000.0
15000.0
15000.0
15000.0
15000.0
15000.0
15000.0
15000.0
-15000.0
-15000.0
-15000.0
-15000.0
-12707.160096540632
-11035.255849073132
-10731.271083493342
15000.0
15000.0
15000.0
15000.0
15000.0
15000.0
15000.0
15000.0
-15000.0
-15000.0
-15000.0
-15000.0
-15000.0
-15000.0
15000.0
15000.0
15000.0
15000.0
15000.0
15000.0
15000.0
-14682.546482734986
-15000.0
-15000.0
-15000.0
-15000.0
-15000.0
-15000.0
15000.0
15000.0
15000.0
15000.0
15000.0
15000.0
15000.0
-15000.0
-15000.0
-15000.0
-15000.0
-15000.0
15000.0
15000.0
15000.0
15000.0
15000.0
15000.0
-15000.0
15000.0
15000.0
-15000.0
-15000.0
-15000.0
-15000.0
1588.2198048152568
15000.0
15000.0
15000.0
15000.0
15000.0
15000.0
15000.0
-15000.0
-15000.0
15000.0
15000.0
15000.0
-14675.460239134565
-14263.42185238492
15000.0
15000.0
-15000.0
-15000.0
-15000.0
-15000.0
-15000.0
15000.0
15000.0
15000.0
15000.0
15000.0
15000.0
-13623.552250823166
-14145.605630343602
-14344.949830227739
-15000.0
15000.0
15000.0
15000.0
15000.0
-15000.0
-13597.3939840239
-12707.062865379525
2926.2060792565435
15000.0
15000.0
15000.0
15000.0
-15000.0
-15000.0
-15000.0
-15000.0
15000.0
15000.0
15000.0
15000.0
15000.0
-13044.596912521443
-13134.848421705778
-14082.34700111764
-15000.0
-15000.0
15000.0
15000.0
15000.0
15000.0
15000.0
-14368.075952115636
-14301.992170105146
-14601.14603196597
-15000.0
-15000.0
-15000.0
15000.0
15000.0
15000.0
15000.0
15000.0
15000.0
15000.0
-14587.653725584758
-15000.0
15000.0
15000.0
-15000.0
-15000.0
-10302.226533755205
-6501.484515485667
12714.064325301977
15000.0
6412.923504391259
15000.0
15000.0
15000.0
-15000.0
-15000.0
-15000.0
15000.0
15000.0
15000.0
15000.0
-13322.432962720737
-13446.121155921708
-13535.10306343099
-14255.37589040456
-15000.0
15000.0
15000.0
15000.0
15000.0
15000.0
-15000.0
-12939.745602061397
-8259.932135889492
15000.0
15000.0
15000.0
15000.0
-14065.40353434141
-14644.366756862826
-15000.0
-15000.0
-15000.0
15000.0
15000.0
15000.0
15000.0
15000.0
-14649.101046298365
-15000.0
-15000.0
-15000.0
15000.0
15000.0
15000.0
15000.0
-14656.940598733316
-14623.652669184296
-15000.0
-15000.0
-15000.0
-15000.0
-15000.0
15000.0
15000.0
15000.0
15000.0
15000.0
15000.0
15000.0
15000.0
15000.0
-14003.496503496506
15000.0
15000.0
-15000.0
-15000.0
-15000.0
-15000.0
-12235.693501454905
-12842.446629616028
-10372.33450921344
-437.24760017799235
15000.0
15000.0
15000.0
15000.0
15000.0
15000.0
15000.0
15000.0
-15000.0
-13614.823815309846
-12644.255121413775
-10822.13970111304
-9747.226385753424
-9069.702328924526
-4889.866484374233
15000.0
15000.0
15000.0
15000.0
15000.0
15000.0
-15000.0
-15000.0
-12618.56866537718
-12590.267595431571
-13005.602285803874
-15000.0
15000.0
15000.0
15000.0
15000.0
15000.0
15000.0
-15000.0
-14667.298993141692
-15000.0
-14128.221802998163
-14455.647569527897
-12612.691887756791
-15000.0
15000.0
15000.0
15000.0
15000.0
15000.0
15000.0
15000.0
-15000.0
-14185.035148337902
-15000.0
-15000.0
15000.0
15000.0
15000.0
15000.0
-15000.0
-15000.0
-15000.0
-15000.0
-15000.0
15000.0
15000.0
15000.0
15000.0
15000.0
15000.0
15000.0
-15000.0
-15000.0
-15000.0
-15000.0
-15000.0
-13702.924109682564
-15000.0
-15000.0
15000.0
15000.0
15000.0
15000.0
15000.0
15000.0
15000.0
15000.0
-14050.480151672251
-13634.188601878745
-13876.137277125046
-14576.70459957243
-15000.0
-15000.0
-15000.0
-15000.0
15000.0
15000.0
15000.0
15000.0
15000.0
15000.0
15000.0
15000.0
-15000.0
-15000.0
-15000.0
-15000.0
15000.0
15000.0
15000.0
15000.0
15000.0
-12221.584615084641
-12189.503231647086
-12489.890065961794
-13480.211707644205
-8865.745745098193
15000.0
15000.0
15000.0
15000.0
15000.0
-14687.120390305223
-14654.329841914798
-14604.716383465493
-14520.900795943551
-14349.09898713115
-15000.0
15000.0
15000.0
15000.0
15000.0
15000.0
15000.0
15000.0
-11558.201945655823
-11060.339520587931
-10196.61084425886
-8355.326684245927
-3436.6845327014635
15000.0
15000.0
15000.0
15000.0
15000.0
-10000.45682960256
-9316.698183093366
-9193.164668192221
-6903.2850793031175
-6270.646792037524
-4554.678588895051
-3613.3749203146153
1143.9052644677213
15000.0
10627.866884410712
15000.0
12625.027476228966
15000.0
-10923.942938868313
-10348.515273426128
-8955.2100325485
-6946.376639688675
-5854.8317541759525
-5856.724049827804
-5627.993144400295
-3075.9626141879153
-2230.1346330560336
-542.2233690875128
7425.407831290363
15000.0
15000.0
15000.0
15000.0
15000.0
-15000.0
-14645.080946450813
-15000.0
-15000.0
-15000.0
-15000.0
15000.0
15000.0
15000.0
15000.0
15000.0
15000.0
15000.0
-11515.28384279476
-12627.713726711685
-13141.351632727848
-13735.168200553635
-13482.448655788612
-15000.0
-6887.056142637157
15000.0
15000.0
13743.925358767669
7086.4988364869105
15000.0
15000.0
13534.376752781885
15000.0
-15000.0
-15000.0
-15000.0
-15000.0
15000.0
15000.0
15000.0
15000.0
15000.0
15000.0
-14371.138570167699
-15000.0
-15000.0
-15000.0
-15000.0
15000.0
15000.0
15000.0
15000.0
15000.0
15000.0
-14672.03682393556
-15000.0
-15000.0