Demand
-15000.0
-15000.0
15000.0
15000.0
15000.0
15000.0
15000.0
15000.0
15000.0
15000.0
15000.0
15000.0
15000.0
15000.0
15000.0
-15000.0
-15000.0
-15000.0
15000.0
15000.0
15000.0
15000.0
-15000.0
-15000.0
-15000.0
15000.0
15000.0
15000.0
-15000.0
-14234.685314685317
-13676.188394443085
-13925.843276124677
-14265.6401144835
-15000.0
15000.0
15000.0
15000.0
15000.0
15000.0
15000.0
15000.0
15000.0
-14681.314994968136
-15000.0
-15000.0
15000.0
15000.0
15000.0
-15000.0
-15000.0
-15000.0
-15000.0
-15000.0
-11370.354487859182
15000.0
14602.65916086223
15000.0
15000.0
9885.148392874638
15000.0
15000.0
15000.0
-11574.004507888818
15000.0
-12122.338178461348
15000.0
-12023.697951533006
-12482.415327919261
-12986.76251655713
-14054.91392583361
-15000.0
-15000.0
-15000.0
15000.0
15000.0
15000.0
15000.0
15000.0
15000.0
15000.0
-14274.226693112505
-15000.0
-15000.0
-15000.0
15000.0
15000.0
15000.0
15000.0
15000.0
-14271.211528792111
-14097.622868858456
-14341.607176029862
-15000.0
15000.0
15000.0
15000.0
15000.0
15000.0
-15000.0
-15000.0
-14219.033645636315
-12240.369382159111
-10428.327315019567
-8697.640556668968
-5083.874366158219
15000.0
4120.6890298396365
15000.0
15000.0
15000.0
15000.0
15000.0
-15000.0
-13963.060286017484
-14223.867365390837
-14087.442191557599
-13839.995597993911
-14127.81666481929
-15000.0
15000.0
15000.0
15000.0
15000.0
15000.0
15000.0
15000.0
-12437.718399391102
-11874.32414060965
-12695.544874926418
-13669.455250064544
-15000.0
-15000.0
-15000.0
15000.0
15000.0
15000.0
15000.0
15000.0
15000.0
15000.0
-14094.933823900494
11262.33680189506
15000.0
15000.0
-15000.0
-15000.0
-15000.0
-15000.0
-15000.0
15000.0
15000.0
15000.0
15000.0
15000.0
15000.0
-15000.0
-15000.0
-15000.0
-13565.43624161074
-14401.882138104098
-13244.022141618188
-3110.023473425157
15000.0
15000.0
-15000.0
15000.0
15000.0
15000.0
15000.0
15000.0
-15000.0
-15000.0
-15000.0
-9722.49629150689
15000.0
15000.0
15000.0
15000.0
15000.0
15000.0
-15000.0
-15000.0
-15000.0
-15000.0
-15000.0
-13293.413173652698
-13474.71355812842
-15000.0
-15000.0
15000.0
15000.0
15000.0
15000.0
15000.0
15000.0
15000.0
15000.0
-13632.795728104367
-14243.727763477244
-14565.234300225762
-14467.989809275234
-15000.0
-15000.0
15000.0
15000.0
15000.0
15000.0
15000.0
15000.0
15000.0
15000.0
-14672.727272727276
-15000.0
-15000.0
15000.0
15000.0
15000.0
15000.0
-13978.95208240036
-13774.072952928713
-13888.847493326382
-12749.8009031892
15000.0
15000.0
15000.0
15000.0
15000.0
-15000.0
-15000.0
-15000.0
15000.0
15000.0
15000.0
15000.0
-15000.0
-15000.0
15000.0
15000.0
15000.0
-15000.0
15000.0
-15000.0
-15000.0
-14555.59020739124
-12749.933136498224
-12574.41964776178
-5857.242993816122
15000.0
15000.0
15000.0
15000.0
15000.0
15000.0
15000.0
-15000.0
-15000.0
-15000.0
-15000.0
-15000.0
-15000.0
-15000.0
-15000.0
15000.0
15000.0
15000.0
15000.0
15000.0
15000.0
15000.0
15000.0
-15000.0
-15000.0
-15000.0
-15000.0
-15000.0
15000.0
15000.0
15000.0
15000.0
15000.0
15000.0
-13455.493835523645
-13682.369385577691
-13929.286002319117
-15000.0
-15000.0
-15000.0
-15000.0
-15000.0
15000.0
15000.0
15000.0
15000.0
15000.0
15000.0
15000.0
15000.0
15000.0
-15000.0
-15000.0
-15000.0
-15000.0
-15000.0
15000.0
15000.0
15000.0
15000.0
15000.0
15000.0
-13979.510642530335
-14556.07264804907
-15000.0
15000.0
15000.0
15000.0
15000.0
-15000.0
-15000.0
-15000.0
-15000.0
-15000.0
-15000.0
-15000.0
15000.0
15000.0
15000.0
15000.0
15000.0
15000.0
15000.0
-15000.0
-14557.86534284828
-15000.0
15000.0
15000.0
15000.0
15000.0
-15000.0
-15000.0
-15000.0
-12760.942760942766
-12186.557387038789
15000.0
15000.0
-605.0598331734091
15000.0
15000.0
15000.0
-15000.0
-15000.0
-15000.0
-15000.0
15000.0
15000.0
15000.0
15000.0
15000.0
15000.0
-14696.259192156027
-15000.0
-15000.0
-15000.0
-15000.0
15000.0
15000.0
15000.0
15000.0
15000.0
15000.0
-15000.0
-15000.0
-15000.0
-15000.0
-15000.0
-15000.0
-15000.0
-9161.331626120387
15000.0
15000.0
15000.0
15000.0
15000.0
15000.0
15000.0
15000.0
-15000.0
-15000.0
-15000.0
-13599.004676593326
-13262.169306624568
-10925.840963781
-9009.217409680452
15000.0
15000.0
-15000.0
15000.0
15000.0
15000.0
15000.0
15000.0
-13993.041144239214
-13910.142832372185
-14198.387219612268
-14543.954660633288
-14454.700805420343
-15000.0
-15000.0
-15000.0
15000.0
15000.0
15000.0
15000.0
15000.0
15000.0
15000.0
15000.0
15000.0
-13416.12199221312
-14310.086452781452
-15000.0
-15000.0
-15000.0
-15000.0
-15000.0
15000.0
15000.0
15000.0
15000.0
15000.0
15000.0
15000.0
-15000.0
-15000.0
15000.0
15000.0
15000.0
-14084.96343421131
-13961.41328335286
-14163.520641209943
-14418.651977225447
-15000.0
15000.0
15000.0
15000.0
15000.0
15000.0
-12115.276476101222
-11471.677842298515
-8650.947837998228
-1102.7451825161788
15000.0
15000.0
15000.0
-15000.0
-15000.0
-15000.0
-15000.0
-13628.342245989308
-13345.647293886235
-12812.02945765807
-9073.246654921604
-1066.2108759780294
15000.0
15000.0
15000.0
15000.0
15000.0
15000.0
15000.0
15000.0
-15000.0
-13305.012744265088
-11502.204004645384
-6034.828581003658
15000.0
15000.0
15000.0
15000.0
15000.0
-15000.0
-15000.0
-15000.0
-13470.311975847031
-12772.120862479267
-7762.666489625015
15000.0
15000.0
15000.0
15000.0
15000.0
15000.0
-15000.0
-15000.0
-15000.0
15000.0
-4636.363636363702
15000.0
15000.0
15000.0
-15000.0
-15000.0
-15000.0
-15000.0
-15000.0
15000.0
15000.0
15000.0
15000.0
15000.0
15000.0
15000.0
-14358.950328022496
-15000.0
-15000.0
-15000.0
-15000.0
-15000.0
-15000.0
15000.0
13406.149540301098
15000.0
15000.0
15000.0
-15000.0
15000.0
15000.0
15000.0
15000.0
15000.0
-15000.0
-15000.0
-12743.51214508772
-8381.026990351227
15000.0
15000.0
15000.0
15000.0
15000.0
-14366.78392890206
-14599.68566449291
-15000.0
15000.0
15000.0
15000.0
15000.0
-12094.307561597288
15000.0
-2178.894261089513
15000.0
-15000.0
-15000.0
-15000.0
-15000.0
15000.0
15000.0
15000.0
15000.0
-15000.0
-14264.244789291963
-14579.854574858979
-13475.132681963307
-15000.0
-15000.0
-15000.0
15000.0
15000.0
15000.0
15000.0
15000.0
15000.0
15000.0
-15000.0
-15000.0
-15000.0
-15000.0
-11687.037809151792
15000.0
15000.0
15000.0
15000.0
15000.0
15000.0
-14355.062821832471
-14638.38520434283
-14148.26327800335
-14456.546588732024
-15000.0
-15000.0
15000.0
15000.0
15000.0
15000.0
15000.0
15000.0
-14035.927088643206
-15000.0
15000.0
15000.0
15000.0
-15000.0
-15000.0
-15000.0
-15000.0
10914.736693042787
15000.0
9469.169608155311
15000.0
15000.0
15000.0
15000.0
-15000.0
-15000.0
-15000.0
-15000.0
-15000.0
15000.0
15000.0
15000.0
15000.0
15000.0
15000.0
15000.0
-15000.0
-15000.0
-15000.0
-15000.0
15000.0
15000.0
15000.0
15000.0
15000.0
-12433.533447684396
-12579.755508039048
-13122.942001137028
15000.0
15000.0
15000.0
15000.0
-14676.913015042512
-14644.000592209039
-14595.383563515927
-14516.330068752908
-14365.377720938715
-13963.902494219055
-9811.826677681285
15000.0
15000.0
15000.0
15000.0
15000.0
15000.0
15000.0
-12364.450621894517
-11435.983859277658
-11086.078633624184
-10586.025510156705
-9816.484167848816
-9144.140354055784
-8427.68352269195
-6682.750362861069
15000.0
15000.0
15000.0
15000.0
15000.0
15000.0
15000.0
-8859.383859383863
-8273.831514594542
-8591.966537277036
-8163.967036188474
-5961.873130886262
2053.3146360492883
15000.0
15000.0
15000.0
15000.0
-10450.598605446656
-9070.824259643352
-7064.732580193144
-5930.194681993672
-5840.47129590776
-5442.538632461499
-2416.5089456435026
-751.9666265052401
3335.5068459207932
15000.0
10490.30510232089
15000.0
15000.0
15000.0
-15000.0
-15000.0
15000.0
15000.0
-15000.0
-15000.0
-15000.0
-15000.0
-12492.668621700886
15000.0
15000.0
15000.0
15000.0
15000.0
15000.0
-12674.04907081373
-13054.245793937123
-13476.635322726303
-12297.827831307954
15000.0
15000.0
15000.0
15000.0
15000.0
-11761.36363636364
-12395.59171494178
-12653.908345515581
-13508.211780821723
-5731.252737904462
15000.0
15000.0
15000.0
15000.0
-14016.950940733965
-13222.99918923277
-13041.174884119457
-13223.149990196627
-12356.405324830299
-11618.559056049962
-12984.438221891389
-15000.0
15000.0
15000.0
15000.0
15000.0
15000.0
15000.0
15000.0
15000.0
-14069.592749620104
-14646.39696017127
-15000.0
-15000.0