Demand
15000.0
15000.0
15000.0
15000.0
15000.0
15000.0
15000.0
15000.0
15000.0
15000.0
15000.0
15000.0
-15000.0
-15000.0
-15000.0
-15000.0
15000.0
15000.0
15000.0
15000.0
15000.0
15000.0
15000.0
15000.0
15000.0
15000.0
15000.0
15000.0
15000.0
-14378.89165628892
-13990.0911260432
-14255.572171230287
-14573.697932319483
-15000.0
-15000.0
-15000.0
15000.0
15000.0
15000.0
15000.0
15000.0
15000.0
15000.0
15000.0
-15000.0
-15000.0
-14301.641754471948
-9392.166482143264
15000.0
15000.0
15000.0
15000.0
-15000.0
-13567.975655859867
-12135.901654832625
-6700.21909139248
15000.0
15000.0
15000.0
15000.0
15000.0
-15000.0
-11859.504132231406
-10973.994702624608
-8556.918156662636
599.2975791752806
15000.0
15000.0
15000.0
15000.0
-15000.0
-15000.0
-15000.0
-15000.0
-15000.0
-15000.0
-7979.47214076246
15000.0
15000.0
15000.0
15000.0
15000.0
15000.0
15000.0
-15000.0
-15000.0
-15000.0
-15000.0
-15000.0
-12352.355673523572
15000.0
15000.0
15000.0
15000.0
15000.0
15000.0
15000.0
-15000.0
-15000.0
-15000.0
-13656.980168859227
-3595.5498833958336
15000.0
15000.0
15000.0
15000.0
15000.0
-15000.0
-15000.0
-15000.0
-15000.0
-15000.0
-15000.0
15000.0
15000.0
15000.0
15000.0
15000.0
15000.0
15000.0
15000.0
-15000.0
-15000.0
-14068.20452274998
-12523.706422152733
-7864.760143580126
11128.474949842494
15000.0
9357.057185576348
15000.0
15000.0
15000.0
15000.0
-15000.0
-15000.0
-15000.0
-15000.0
-13786.459442197152
-13226.195662560072
-4842.347213749365
15000.0
15000.0
15000.0
15000.0
15000.0
15000.0
15000.0
15000.0
-15000.0
-14650.306748466257
-14598.92629145001
-14511.435373029628
-15000.0
-15000.0
15000.0
15000.0
15000.0
15000.0
15000.0
15000.0
15000.0
-13130.125751776926
-13625.800896934048
-14210.8789063548
-15000.0
-14284.531134267661
-15000.0
15000.0
15000.0
15000.0
15000.0
15000.0
15000.0
-14085.919960086954
-13365.666755390841
-13223.581433686879
-14210.040063449625
-14540.80718695719
-15000.0
-15000.0
-15000.0
15000.0
15000.0
15000.0
15000.0
15000.0
15000.0
15000.0
15000.0
-14270.16645326505
15000.0
15000.0
-15000.0
-15000.0
-15000.0
-13964.05087592993
-11142.26562266915
-7774.0971838527375
15000.0
15000.0
15000.0
15000.0
15000.0
15000.0
-15000.0
-15000.0
-15000.0
-15000.0
15000.0
15000.0
15000.0
15000.0
-15000.0
-15000.0
-15000.0
-15000.0
-15000.0
-15000.0
15000.0
15000.0
15000.0
9385.026737967655
15000.0
15000.0
15000.0
15000.0
-15000.0
-15000.0
-15000.0
-15000.0
-13149.350649350657
15000.0
15000.0
15000.0
15000.0
15000.0
15000.0
-15000.0
-15000.0
-15000.0
15000.0
15000.0
15000.0
15000.0
-13755.865982756743
-13954.48471884814
-12943.931002406873
-13421.875536642267
-13298.867105040914
-15000.0
15000.0
15000.0
15000.0
15000.0
15000.0
-15000.0
15000.0
-15000.0
-15000.0
-15000.0
15000.0
15000.0
15000.0
15000.0
-15000.0
-15000.0
-15000.0
-14536.933502431188
-15000.0
-15000.0
-15000.0
15000.0
15000.0
15000.0
15000.0
15000.0
15000.0
15000.0
15000.0
-12848.592688450339
-12375.732299837317
-13226.752601270215
-13423.439569388796
-13635.961717575803
-15000.0
-15000.0
-15000.0
15000.0
15000.0
15000.0
15000.0
15000.0
15000.0
15000.0
15000.0
-13726.825999553275
-14641.400576600521
-15000.0
-15000.0
-15000.0
15000.0
15000.0
15000.0
15000.0
15000.0
15000.0
-15000.0
-11656.89149560118
15000.0
15000.0
15000.0
-15000.0
-15000.0
-15000.0
-15000.0
-15000.0
-15000.0
15000.0
15000.0
15000.0
15000.0
15000.0
15000.0
15000.0
-15000.0
-15000.0
-15000.0
-10769.944341372924
15000.0
15000.0
15000.0
15000.0
-15000.0
-15000.0
-15000.0
-15000.0
-15000.0
15000.0
15000.0
15000.0
15000.0
15000.0
15000.0
-13664.19294990724
-14257.439382806762
-15000.0
-15000.0
-15000.0
-15000.0
15000.0
15000.0
15000.0
15000.0
15000.0
15000.0
15000.0
-15000.0
-15000.0
-14642.633228840125
-15000.0
-15000.0
-15000.0
-15000.0
-13560.934652484637
15000.0
15000.0
15000.0
15000.0
15000.0
15000.0
15000.0
15000.0
15000.0
-15000.0
-15000.0
-15000.0
-14435.004248088357
-13985.419248588096
15000.0
15000.0
15000.0
15000.0
15000.0
15000.0
-15000.0
-15000.0
-15000.0
-15000.0
-12482.517482517484
-8977.941176470595
15000.0
15000.0
15000.0
15000.0
15000.0
15000.0
15000.0
-15000.0
15000.0
-15000.0
-13827.390282131662
-13443.814717245477
-13116.444004561065
15000.0
15000.0
15000.0
15000.0
15000.0
-15000.0
-15000.0
-15000.0
-13738.705513553385
-13019.765445688266
-11885.752261886199
-8787.212718733146
-3588.1721831060468
15000.0
15000.0
-2771.943958591328
15000.0
15000.0
15000.0
15000.0
15000.0
-13912.905276541642
-12848.712437502374
-10422.257516459995
15000.0
15000.0
15000.0
-15000.0
-15000.0
-15000.0
-14444.212236996893
-12529.72181272626
-7347.565211678731
15000.0
15000.0
15000.0
15000.0
15000.0
15000.0
15000.0
-15000.0
-15000.0
-10918.680475642508
-8265.945338181584
514.9143960730853
15000.0
15000.0
15000.0
15000.0
15000.0
-15000.0
-15000.0
-15000.0
-15000.0
-13127.053669222347
-12083.073223740495
-5747.111514521617
15000.0
15000.0
15000.0
15000.0
15000.0
15000.0
15000.0
-15000.0
-15000.0
-15000.0
-15000.0
15000.0
15000.0
15000.0
15000.0
15000.0
-13027.419140157064
-13921.382993632502
-14592.79421667114
-15000.0
-15000.0
-15000.0
14873.92919967988
11658.037756594033
15000.0
15000.0
15000.0
15000.0
15000.0
15000.0
-15000.0
-15000.0
15000.0
15000.0
-13746.139853631714
-14658.584402143297
-14615.692202557257
-15000.0
-15000.0
-15000.0
-15000.0
15000.0
15000.0
15000.0
15000.0
15000.0
15000.0
15000.0
-12711.564589614016
-12888.722218643303
-13454.717901924407
-14123.792615192691
-15000.0
-15000.0
-15000.0
-15000.0
15000.0
15000.0
15000.0
15000.0
15000.0
15000.0
15000.0
15000.0
-15000.0
-15000.0
-15000.0
-15000.0
15000.0
15000.0
15000.0
15000.0
15000.0
15000.0
-11943.88180626713
-12321.595836133183
-12715.684723686853
-12546.714732263441
-12758.262140109258
15000.0
15000.0
15000.0
15000.0
15000.0
15000.0
-13080.808080808081
-13141.535213017021
-13576.130819293681
-15000.0
15000.0
15000.0
15000.0
15000.0
15000.0
-15000.0
-15000.0
-14460.22727272728
-15000.0
15000.0
15000.0
15000.0
15000.0
15000.0
-15000.0
-15000.0
-15000.0
15000.0
15000.0
15000.0
-15000.0
-14072.605247101896
-15000.0
15000.0
15000.0
15000.0
-14609.551349537287
-15000.0
15000.0
15000.0
15000.0
15000.0
-15000.0
-14346.142816174364
-14642.52968038337
-14195.853258328028
-14530.360313339494
-15000.0
-15000.0
-15000.0
15000.0
15000.0
15000.0
15000.0
15000.0
15000.0
15000.0
15000.0
-15000.0
-15000.0
-15000.0
-15000.0
15000.0
15000.0
15000.0
15000.0
15000.0
-13724.475524475525
-13946.097496390023
-14599.102838380193
-15000.0
-15000.0
-15000.0
15000.0
15000.0
15000.0
15000.0
15000.0
15000.0
15000.0
-14686.534963407928
-15000.0
-15000.0
-15000.0
-15000.0
-15000.0
-15000.0
15000.0
15000.0
15000.0
15000.0
15000.0
15000.0
15000.0
-14337.821369073845
-14228.122458768019
-15000.0
-15000.0
-5896.592374372224
15000.0
15000.0
15000.0
15000.0
15000.0
-14665.473749698816
-14180.832084503018
15000.0
15000.0
-15000.0
-15000.0
-12760.433681950319
-9370.712205598393
14025.653130614308
15000.0
15000.0
9413.700041039068
15000.0
15000.0
-12060.7333842628
-12181.63973115736
-12514.990717222183
571.8860250818634
15000.0
15000.0
15000.0
-4874.6081504702315
15000.0
15000.0
-8989.343989343994
-8687.428083844803
-9367.249832667756
-9677.835550526033
-9528.824851188667
-9696.40264898372
-10296.402053385584
-7609.48913399165
-319.20675883137665
15000.0
15000.0
15000.0
15000.0
15000.0
-692.9194699043182
15000.0
-9028.534013371016
-9739.437137102934
-10818.796420556806
-12362.294609180473
-12471.908181687264
-13038.879958097543
-12541.125424077167
-13236.773372499647
-15000.0
15000.0
15000.0
15000.0
15000.0
15000.0
15000.0
15000.0
15000.0
-13777.873070325903
-12954.444144202324
-10258.958355110804
-10235.419273264084
-7778.955272910462
-1678.2333056954913
15000.0
15000.0
-1938.6392788691182
15000.0
15000.0
-12702.18017276841
-11088.04825863443
-10716.409784246214
-9753.089619239377
-9926.943595353987
-10572.128474972644
-10350.01961705785
-10372.180044039535
15000.0
15000.0
15000.0
15000.0
15000.0
15000.0
15000.0
-13336.252189141858
-13508.793602478516
-12810.430440730022
-12228.70588913951
-13341.89520813834
-15000.0
15000.0
15000.0
15000.0
15000.0
15000.0
15000.0
-14655.994444748736
-14565.97818197449
-12950.728581355273
-11582.698837710097
15000.0
15000.0