Demand
-15000.0
15000.0
15000.0
15000.0
15000.0
15000.0
15000.0
15000.0
15000.0
15000.0
15000.0
15000.0
-15000.0
-15000.0
-15000.0
-15000.0
15000.0
15000.0
15000.0
15000.0
15000.0
-15000.0
-15000.0
-15000.0
-15000.0
-15000.0
-15000.0
-15000.0
-15000.0
15000.0
15000.0
15000.0
15000.0
15000.0
15000.0
15000.0
15000.0
-15000.0
-15000.0
-15000.0
-13534.829920315311
-14366.097902156544
-13966.03883140895
-15000.0
15000.0
15000.0
15000.0
15000.0
15000.0
15000.0
15000.0
-15000.0
-15000.0
-13132.571038377486
-10253.391803251936
15000.0
15000.0
15000.0
15000.0
15000.0
15000.0
-15000.0
-12247.069477285306
-11952.65265857245
-11513.856042648029
-12896.574894338002
-8441.246776574026
-6581.655500388318
12967.916946295963
984.6706806334878
15000.0
15000.0
15000.0
15000.0
15000.0
-15000.0
-13991.957556107627
-13526.35618836579
-12931.810642625198
-13075.73596375022
-13801.621861258158
-15000.0
-15000.0
15000.0
15000.0
15000.0
15000.0
15000.0
15000.0
15000.0
15000.0
-14693.080857937719
-15000.0
-15000.0
-15000.0
-15000.0
-15000.0
15000.0
15000.0
15000.0
15000.0
15000.0
15000.0
15000.0
-12799.601238705302
-13637.920279821556
-14239.803491578845
-15000.0
-15000.0
-15000.0
-15000.0
15000.0
15000.0
15000.0
15000.0
15000.0
15000.0
15000.0
-15000.0
-15000.0
-15000.0
-15000.0
-15000.0
15000.0
15000.0
15000.0
15000.0
15000.0
15000.0
-14052.10643015521
-15000.0
-15000.0
15000.0
15000.0
15000.0
15000.0
-15000.0
-13912.905276541645
15000.0
15000.0
15000.0
-14008.94187779434
-14638.858594695655
-15000.0
-15000.0
-15000.0
-15000.0
-15000.0
15000.0
15000.0
15000.0
15000.0
15000.0
15000.0
15000.0
15000.0
-15000.0
-15000.0
15000.0
15000.0
15000.0
-12626.648160999306
-9689.141973168327
15000.0
15000.0
-14672.175144923385
-15000.0
-15000.0
-15000.0
-15000.0
15000.0
15000.0
15000.0
15000.0
15000.0
-13288.818691564968
-14244.378043812416
-14565.70063731003
-15000.0
-15000.0
-15000.0
15000.0
15000.0
15000.0
15000.0
15000.0
15000.0
15000.0
15000.0
-14676.361112863542
-15000.0
-15000.0
-15000.0
-15000.0
15000.0
15000.0
15000.0
15000.0
15000.0
-14637.477652686666
-14449.945607422665
-15000.0
15000.0
15000.0
15000.0
-15000.0
-15000.0
-15000.0
-13641.707084476002
-9008.806453386365
15000.0
15000.0
15000.0
15000.0
15000.0
15000.0
-15000.0
-15000.0
-13706.700952957195
-13400.57029913902
-13495.235287519321
-11791.88974280739
15000.0
15000.0
15000.0
15000.0
15000.0
15000.0
15000.0
-15000.0
-14660.122924502346
-14243.47248588816
-14130.102358505035
-14470.386931487552
-15000.0
-15000.0
15000.0
15000.0
15000.0
15000.0
15000.0
15000.0
15000.0
15000.0
-13774.74249888043
-13995.280719266419
-13110.786037441998
-13668.748058386223
-13855.0603744978
-15000.0
-15000.0
15000.0
15000.0
15000.0
15000.0
15000.0
15000.0
-15000.0
-15000.0
-15000.0
-15000.0
-15000.0
-13623.499877770075
-13967.51738266939
-15000.0
15000.0
15000.0
15000.0
15000.0
15000.0
15000.0
15000.0
15000.0
15000.0
-15000.0
-15000.0
-14597.741707833451
-14040.035827062402
-13130.880325444043
-8217.472672068161
2785.3135678193694
15000.0
15000.0
11005.868929009712
15000.0
15000.0
15000.0
15000.0
-15000.0
-15000.0
-15000.0
-15000.0
-12475.216199114115
-7080.937380799339
15000.0
15000.0
15000.0
15000.0
15000.0
15000.0
-15000.0
15000.0
-15000.0
-15000.0
-15000.0
-15000.0
-15000.0
-12500.000000000007
-10670.995670995682
-10425.574828559907
10910.55436138423
15000.0
15000.0
15000.0
15000.0
15000.0
15000.0
15000.0
15000.0
-15000.0
-15000.0
-15000.0
-15000.0
-15000.0
-15000.0
-15000.0
-15000.0
15000.0
15000.0
15000.0
15000.0
15000.0
15000.0
15000.0
15000.0
15000.0
-15000.0
-15000.0
-15000.0
-15000.0
-12665.847665847676
-12556.639719890842
-10188.35088239229
15000.0
15000.0
15000.0
15000.0
15000.0
15000.0
15000.0
15000.0
-15000.0
-15000.0
-15000.0
-15000.0
-15000.0
-15000.0
15000.0
15000.0
15000.0
15000.0
15000.0
15000.0
-14657.965796579658
-15000.0
-15000.0
-13635.639734948672
15000.0
15000.0
15000.0
15000.0
15000.0
-15000.0
-15000.0
-15000.0
-15000.0
-14433.962264150949
-14228.267728000781
-15000.0
15000.0
15000.0
15000.0
15000.0
15000.0
15000.0
15000.0
15000.0
15000.0
-13993.170042392841
-13847.040433566552
-12656.9334601572
-12451.561363132587
-12574.66792169683
15000.0
15000.0
15000.0
15000.0
15000.0
15000.0
-15000.0
-13743.801652892562
-12212.755238123464
15000.0
15000.0
15000.0
-15000.0
-15000.0
-15000.0
-15000.0
15000.0
15000.0
15000.0
15000.0
-13080.808080808085
-11757.305881954555
-10695.328852145725
-8717.289549904537
15000.0
618.6762422202755
15000.0
15000.0
15000.0
15000.0
-15000.0
-13839.89145183175
-13109.742233358862
-13697.039883061854
-12292.06196599048
15000.0
15000.0
15000.0
15000.0
15000.0
15000.0
-14054.412740544129
-13579.004114015712
-13739.95667249943
-13349.598124181088
-13150.221163946477
1994.4690064454326
15000.0
15000.0
15000.0
15000.0
15000.0
-11867.41470116785
-4717.648187369529
15000.0
15000.0
-12430.503380916605
-13244.30876209501
-13805.396969795831
-15000.0
-15000.0
-15000.0
15000.0
15000.0
15000.0
15000.0
15000.0
15000.0
15000.0
-14022.29845626072
-14614.589712186164
-15000.0
-15000.0
15000.0
15000.0
15000.0
15000.0
15000.0
-13581.711543588379
-12324.241447390308
-9625.675334633394
2776.4870597677545
15000.0
15000.0
15000.0
15000.0
-15000.0
-15000.0
-15000.0
-13620.634024360734
-13252.71933902747
-11535.666154309045
-6762.6187070955275
15000.0
15000.0
15000.0
15000.0
15000.0
15000.0
15000.0
-15000.0
-13695.851128737038
-14647.301239868051
-14608.097596267278
-15000.0
-15000.0
-15000.0
-15000.0
-15000.0
15000.0
15000.0
15000.0
15000.0
15000.0
15000.0
15000.0
15000.0
-13456.580310978236
-14032.663731445624
-15000.0
-15000.0
15000.0
15000.0
15000.0
15000.0
15000.0
-13715.194267915867
-11029.895790827039
15000.0
15000.0
15000.0
-15000.0
-15000.0
-15000.0
15000.0
15000.0
15000.0
15000.0
-13767.926175333585
-12993.105167823825
-11668.667290382185
-11226.530506895462
-11515.65877406931
-11734.013437032525
-10601.609400408834
1357.4474683657454
15000.0
15000.0
15000.0
15000.0
15000.0
15000.0
-13032.220943613353
-13192.120707778562
-13761.360313984136
-15000.0
-15000.0
-15000.0
15000.0
15000.0
15000.0
15000.0
15000.0
15000.0
15000.0
-14293.789685612515
-14568.207930079378
-13145.57272172379
-15000.0
15000.0
15000.0
15000.0
15000.0
15000.0
-15000.0
-15000.0
-15000.0
-14206.55316415034
-15000.0
-15000.0
-15000.0
-15000.0
15000.0
15000.0
15000.0
15000.0
15000.0
15000.0
15000.0
15000.0
15000.0
-14355.294782977522
-14652.592194997545
-15000.0
-15000.0
-15000.0
-15000.0
-15000.0
-15000.0
15000.0
15000.0
15000.0
15000.0
15000.0
15000.0
15000.0
15000.0
15000.0
-15000.0
-15000.0
-12425.183512140033
-12779.287314361572
-12229.542421572423
15000.0
8686.282363177519
15000.0
15000.0
15000.0
15000.0
-15000.0
-15000.0
-15000.0
-15000.0
-14489.70456580125
-13009.079307972992
-12978.983198969065
-12091.999955613996
15000.0
15000.0
15000.0
15000.0
15000.0
15000.0
15000.0
15000.0
-13047.870923551127
-13247.062829696013
-11915.651065224381
-11978.110741379049
-12484.218703907092
-13735.41519840194
-13104.001079278743
-15000.0
15000.0
15000.0
15000.0
15000.0
15000.0
15000.0
15000.0
15000.0
-14680.922525750113
-15000.0
-15000.0
-15000.0
-15000.0
15000.0
15000.0
15000.0
15000.0
15000.0
15000.0
-11840.354767184039
-11570.438290702285
-11568.62764291676
-11909.261027664714
-12787.524559950063
-13323.389834472968
-9337.048192523886
15000.0
15000.0
15000.0
15000.0
15000.0
15000.0
-8922.558922558925
-9637.840851186149
-10017.510486738505
-10005.011595155982
-10341.090388738314
-11133.188786051778
-9708.518259401062
-7223.005751004864
560.6320926884564
12945.130271768106
15000.0
15000.0
13807.115268452017
6487.153067735471
15000.0
5662.507935409514
15000.0
-10964.601769911511
-12407.245497226108
-12424.73550060769
-12857.421885887266
-11820.582745002099
-10870.778899728546
15000.0
15000.0
15000.0
15000.0
15000.0
15000.0
-15000.0
-15000.0
-14627.694317439582
-13262.948082665778
-11787.563866290773
-6205.899025866064
-3801.990326696432
15000.0
11008.749356601249
7642.76929896251
15000.0
15000.0
15000.0
15000.0
-12545.823594538077
-9635.011490333443
-3136.4088228566725
15000.0
15000.0
15000.0
-13429.752066115707
-14311.552973588074
-14607.95750922601
-15000.0
-15000.0
-15000.0
15000.0
15000.0
15000.0
15000.0
15000.0
15000.0
15000.0
-14294.990723562158
-15000.0
15000.0
15000.0
-15000.0
-15000.0
-15000.0
-15000.0
-14495.292650752635
-14363.690697217975
-12229.194987886221
-13139.24848704393
15000.0
15000.0