Demand
15000.0
15000.0
15000.0
15000.0
15000.0
15000.0
15000.0
15000.0
15000.0
15000.0
15000.0
15000.0
15000.0
-15000.0
-15000.0
-15000.0
-15000.0
15000.0
15000.0
15000.0
15000.0
-15000.0
-15000.0
-15000.0
-15000.0
15000.0
15000.0
15000.0
15000.0
15000.0
15000.0
-14355.762347888336
-14650.945927375291
-15000.0
-15000.0
-15000.0
-15000.0
-15000.0
-15000.0
15000.0
15000.0
15000.0
15000.0
15000.0
15000.0
15000.0
15000.0
-14655.767142844634
-15000.0
-15000.0
-15000.0
-15000.0
15000.0
15000.0
15000.0
15000.0
15000.0
15000.0
-12996.556027339633
-13891.831793031273
-15000.0
-15000.0
-8739.404514800779
-3800.001665218504
15000.0
8148.138046205382
15000.0
15000.0
15000.0
15000.0
15000.0
-15000.0
-15000.0
15000.0
15000.0
15000.0
15000.0
-13689.805769451788
-13141.883104989382
-13224.870420589952
-13815.30439036293
-15000.0
15000.0
15000.0
15000.0
15000.0
15000.0
15000.0
-15000.0
-13981.460799642624
-10941.735740796361
15000.0
15000.0
15000.0
-15000.0
-15000.0
-15000.0
15000.0
15000.0
15000.0
-14320.82570057829
-12773.10607668951
-11709.966224899374
-11269.58832837837
-11141.340344545173
-12183.895996682437
-12811.16793485402
-15000.0
15000.0
15000.0
15000.0
15000.0
15000.0
15000.0
15000.0
15000.0
-14356.93581032801
-14646.777249975505
-15000.0
-15000.0
-15000.0
-15000.0
-15000.0
15000.0
15000.0
15000.0
15000.0
15000.0
15000.0
15000.0
-15000.0
-15000.0
-15000.0
-15000.0
-15000.0
-15000.0
15000.0
15000.0
15000.0
15000.0
15000.0
15000.0
15000.0
15000.0
-15000.0
-15000.0
-15000.0
-15000.0
-15000.0
15000.0
15000.0
15000.0
15000.0
15000.0
-15000.0
-15000.0
-15000.0
15000.0
15000.0
15000.0
15000.0
-11519.674355495252
15000.0
15000.0
15000.0
-14689.711486118671
-15000.0
15000.0
15000.0
15000.0
-15000.0
-15000.0
-15000.0
-12319.749216300945
15000.0
15000.0
15000.0
15000.0
15000.0
-15000.0
15000.0
15000.0
-15000.0
-15000.0
-15000.0
-13664.303310701194
-13951.603340530208
-15000.0
-15000.0
-12291.397057843227
15000.0
15000.0
15000.0
15000.0
15000.0
15000.0
15000.0
15000.0
15000.0
-14693.383539537386
-14642.10270433228
-15000.0
-15000.0
15000.0
15000.0
15000.0
15000.0
15000.0
-14352.583984972262
-13575.75558897917
-14197.531736498979
-14523.627082838815
-15000.0
-15000.0
-15000.0
15000.0
15000.0
15000.0
15000.0
15000.0
15000.0
15000.0
-14333.598104727062
-15000.0
-15000.0
-15000.0
-15000.0
-15000.0
15000.0
15000.0
15000.0
15000.0
15000.0
15000.0
15000.0
-15000.0
-15000.0
-15000.0
-15000.0
-15000.0
-15000.0
-15000.0
15000.0
15000.0
15000.0
15000.0
15000.0
15000.0
15000.0
15000.0
-15000.0
-15000.0
-15000.0
-15000.0
15000.0
15000.0
15000.0
15000.0
15000.0
-15000.0
15000.0
15000.0
-14358.288770053481
-14621.099554234774
-15000.0
-15000.0
15000.0
15000.0
15000.0
15000.0
15000.0
-15000.0
-15000.0
-15000.0
-15000.0
-15000.0
-14201.432129514327
-11698.212746963913
15000.0
15000.0
15000.0
15000.0
15000.0
15000.0
15000.0
15000.0
-15000.0
-15000.0
-15000.0
-15000.0
-15000.0
-15000.0
10306.553911205014
15000.0
15000.0
15000.0
15000.0
15000.0
15000.0
15000.0
-15000.0
-15000.0
-15000.0
15000.0
15000.0
15000.0
-15000.0
-13442.622950819674
-12726.782386976567
-13301.391354743086
-14172.618325270421
-15000.0
15000.0
15000.0
15000.0
15000.0
15000.0
15000.0
15000.0
-15000.0
-15000.0
-15000.0
-15000.0
-15000.0
-15000.0
-15000.0
15000.0
15000.0
15000.0
15000.0
15000.0
15000.0
15000.0
15000.0
-15000.0
-15000.0
-15000.0
-15000.0
15000.0
15000.0
15000.0
15000.0
-14027.856736782265
-13548.594097553752
-14154.087431849908
-15000.0
-15000.0
-15000.0
15000.0
15000.0
15000.0
15000.0
15000.0
15000.0
-15000.0
-15000.0
-15000.0
-15000.0
-12829.936159565772
15000.0
15000.0
15000.0
15000.0
15000.0
15000.0
-15000.0
-14649.484515604763
-15000.0
-15000.0
-15000.0
-15000.0
-15000.0
15000.0
15000.0
15000.0
15000.0
15000.0
15000.0
15000.0
-15000.0
-15000.0
-15000.0
-15000.0
-15000.0
15000.0
15000.0
15000.0
15000.0
15000.0
15000.0
-13361.66543483617
-13574.825084066764
-14205.305588506759
-14537.331475038263
-15000.0
-15000.0
-15000.0
15000.0
15000.0
15000.0
15000.0
15000.0
15000.0
15000.0
15000.0
-15000.0
-15000.0
-15000.0
-15000.0
-15000.0
-15000.0
15000.0
15000.0
15000.0
15000.0
15000.0
15000.0
-12484.554280670793
-11849.194991055476
15000.0
15000.0
15000.0
-15000.0
-15000.0
15000.0
15000.0
15000.0
15000.0
-14667.405764966745
-15000.0
-15000.0
-15000.0
-15000.0
15000.0
15000.0
15000.0
15000.0
15000.0
15000.0
-14666.119962511719
-15000.0
-15000.0
-15000.0
-15000.0
15000.0
15000.0
15000.0
15000.0
15000.0
15000.0
-13299.18440421723
-13813.76472818288
-15000.0
-15000.0
-15000.0
15000.0
15000.0
15000.0
15000.0
15000.0
-13273.6023452292
-13457.993837984479
-13653.107849157026
-14436.436786903188
-15000.0
-15000.0
15000.0
15000.0
15000.0
15000.0
15000.0
15000.0
15000.0
-12300.96547592045
-10915.543348523806
-6325.25188582225
15000.0
15000.0
15000.0
-15000.0
15000.0
-15000.0
-13868.392753743072
-13586.59389244493
-12199.100167684956
-7262.675454705874
15000.0
15000.0
15000.0
15000.0
15000.0
-15000.0
-15000.0
-15000.0
-12399.804496578694
-13734.30113175112
15000.0
15000.0
15000.0
15000.0
15000.0
15000.0
-15000.0
-15000.0
-14016.110471806678
-11559.404333026443
15000.0
15000.0
15000.0
15000.0
15000.0
-14341.421143847492
-15000.0
-15000.0
-15000.0
-15000.0
-15000.0
15000.0
15000.0
15000.0
15000.0
15000.0
15000.0
-15000.0
15000.0
15000.0
15000.0
-15000.0
-15000.0
-15000.0
-15000.0
-12236.363636363643
-7482.477956138373
15000.0
15000.0
15000.0
8408.158675173549
15000.0
15000.0
15000.0
-15000.0
-15000.0
-15000.0
-15000.0
-15000.0
-7790.513833992103
6289.774783552802
15000.0
15000.0
15000.0
15000.0
15000.0
15000.0
15000.0
-15000.0
-15000.0
-14473.545322601924
-15000.0
15000.0
3840.2633693520074
15000.0
15000.0
15000.0
15000.0
-15000.0
-15000.0
-15000.0
-15000.0
-15000.0
15000.0
15000.0
15000.0
15000.0
15000.0
-15000.0
-14164.222873900293
15000.0
15000.0
15000.0
-15000.0
-15000.0
-15000.0
-14054.726368159209
-14407.64064463092
-13271.219443305006
-13091.737428526303
15000.0
15000.0
15000.0
15000.0
15000.0
15000.0
15000.0
15000.0
-14357.293868921777
-15000.0
-15000.0
-15000.0
15000.0
15000.0
15000.0
15000.0
15000.0
-13126.301179736296
-13661.745301089068
-13902.643768031572
-13355.115571371236
-13561.668844041295
-14399.748695446426
-15000.0
-15000.0
15000.0
15000.0
15000.0
15000.0
15000.0
15000.0
15000.0
15000.0
-14677.34631495528
-15000.0
-15000.0
-15000.0
-15000.0
15000.0
15000.0
15000.0
15000.0
15000.0
15000.0
-12446.331902184058
-12607.014965403792
-13136.440735761083
-14163.456279020396
-14012.279805105976
-15000.0
-15000.0
-9053.84140822148
15000.0
15000.0
15000.0
15000.0
15000.0
15000.0
15000.0
15000.0
-15000.0
-15000.0
15000.0
15000.0
-13035.329599310644
-12700.369846325302
-11055.785999555981
-7232.95197550219
10869.829108900065
15000.0
15000.0
-883.7948705375802
15000.0
-13772.416649409817
-14333.88320275654
-14256.160256471245
-12839.230812048212
-6537.017059300638
-3922.4955099672416
-1197.0106791143608
11368.746674135728
10320.057021913704
12916.761428188516
6200.792265470532
15000.0
15000.0
-13333.333333333334
-12282.659074356092
-11486.829113122607
-10227.447519889447
-6444.70931330201
911.5162453779831
15000.0
15000.0
15000.0
386.2380704723937
15000.0
-8736.263736263743
-9315.090778941889
-10262.19551226659
-11751.304026391172
-11300.341378672369
-10688.357088747132
15000.0
15000.0
15000.0
15000.0
15000.0
15000.0
-15000.0
-15000.0
-15000.0
-15000.0
15000.0
15000.0
15000.0
15000.0
15000.0
-11512.23776223776
-11268.432150230445
-12418.77107528513
-12925.351033105479
-13527.024079426545
-13083.881483540594
-15000.0
15000.0
15000.0
15000.0
15000.0
7856.576946224806
15000.0
15000.0
15000.0
-14676.809676809677
-15000.0
15000.0
15000.0
-15000.0
-13886.313449531062
-12696.619865034336
-11703.950085544082
-8802.16810302285
15000.0
15000.0
15000.0
15000.0
15000.0
-15000.0
-15000.0
-15000.0
-15000.0
-15000.0
-12967.914438502681
15000.0
15000.0
15000.0
15000.0
15000.0