Demand
15000.0
15000.0
15000.0
15000.0
15000.0
15000.0
15000.0
15000.0
15000.0
15000.0
15000.0
15000.0
15000.0
15000.0
-15000.0
-15000.0
-15000.0
-15000.0
-15000.0
-15000.0
15000.0
15000.0
15000.0
15000.0
15000.0
15000.0
15000.0
15000.0
-15000.0
-14259.991069909785
-13730.517434627338
-13983.436582358587
-14323.194950790887
-15000.0
-15000.0
15000.0
15000.0
15000.0
15000.0
15000.0
15000.0
15000.0
15000.0
15000.0
15000.0
-15000.0
-14622.591538105014
-14549.538752225373
-15000.0
-15000.0
-15000.0
15000.0
15000.0
15000.0
15000.0
15000.0
15000.0
-12916.794914667953
-12718.016286688533
-13718.077629168118
-15000.0
-15000.0
-6593.544780304281
1779.1093381926403
15000.0
11499.692886757592
15000.0
15000.0
15000.0
14497.805373631905
-15000.0
15000.0
-15000.0
-15000.0
-15000.0
-15000.0
-11165.187013424878
15000.0
15000.0
15000.0
932.6786648245616
15000.0
15000.0
15000.0
15000.0
-15000.0
-15000.0
-15000.0
-15000.0
-13706.342201487838
-12894.359988894634
-10211.647263080722
15000.0
15000.0
15000.0
15000.0
15000.0
15000.0
15000.0
-15000.0
-14161.652988969254
-11499.404681802745
-6019.502143514503
15000.0
15000.0
15000.0
15000.0
15000.0
-15000.0
-15000.0
-15000.0
-15000.0
-15000.0
-12967.914438502674
-12909.46028549855
-8522.622427585637
15000.0
15000.0
15000.0
15000.0
15000.0
15000.0
15000.0
15000.0
-13736.141906873618
-12420.692482341077
-11297.666011317902
-8731.986562937884
-2744.2914657203573
15000.0
15000.0
15000.0
15000.0
-15000.0
-15000.0
-15000.0
-15000.0
-13873.517786561268
-13421.358950516118
-7232.275293376311
15000.0
15000.0
4348.907841565776
15000.0
15000.0
15000.0
15000.0
15000.0
-15000.0
-14606.319606319612
-14493.035110600948
-14180.23767191048
-15000.0
15000.0
15000.0
15000.0
15000.0
15000.0
-14011.468416317814
-14639.936459281445
-14188.749374366937
-12150.557750580323
-12672.971648161627
-13378.561148363093
-15000.0
15000.0
15000.0
15000.0
15000.0
15000.0
15000.0
15000.0
15000.0
-14022.29845626072
-13234.169779227388
-13055.6324116174
-14119.513355378476
-14472.456490799155
-15000.0
-15000.0
-15000.0
15000.0
15000.0
15000.0
15000.0
15000.0
15000.0
15000.0
15000.0
-14665.903775328115
-15000.0
-15000.0
-15000.0
-15000.0
-15000.0
-11648.51028879224
15000.0
15000.0
15000.0
15000.0
15000.0
15000.0
15000.0
15000.0
15000.0
-15000.0
-15000.0
-15000.0
15000.0
15000.0
15000.0
-14637.63509218055
-15000.0
-15000.0
15000.0
15000.0
15000.0
15000.0
-13990.55489964581
-13843.255864349074
-14058.594262644609
-13679.615132754636
-12205.04737455877
15000.0
15000.0
15000.0
15000.0
15000.0
15000.0
-15000.0
-14540.075309306081
15000.0
15000.0
-14848.48484848485
-15000.0
-15000.0
-15000.0
-15000.0
-15000.0
-15000.0
15000.0
15000.0
15000.0
15000.0
15000.0
15000.0
15000.0
15000.0
-14376.102158710855
-15000.0
-15000.0
-15000.0
-15000.0
15000.0
15000.0
15000.0
15000.0
15000.0
-15000.0
-15000.0
-15000.0
-15000.0
-11449.034699158674
15000.0
15000.0
15000.0
15000.0
15000.0
15000.0
-15000.0
-15000.0
-15000.0
-15000.0
-15000.0
-15000.0
-15000.0
-6871.657754010696
15000.0
15000.0
15000.0
15000.0
15000.0
15000.0
15000.0
15000.0
-15000.0
-15000.0
-15000.0
-15000.0
15000.0
15000.0
15000.0
15000.0
-14031.047205392559
-13228.144598643736
-13408.830505014474
-14532.768660163372
-15000.0
-15000.0
-15000.0
15000.0
15000.0
15000.0
15000.0
15000.0
15000.0
15000.0
-13564.809579556964
-12814.19874357987
-13180.588890039347
-13646.300335695236
15000.0
15000.0
15000.0
15000.0
15000.0
-15000.0
-15000.0
-15000.0
-15000.0
-15000.0
-15000.0
15000.0
15000.0
15000.0
15000.0
15000.0
15000.0
-14139.947189739727
-13962.284580441778
15000.0
15000.0
15000.0
-15000.0
-15000.0
15000.0
15000.0
15000.0
-15000.0
-15000.0
-13510.176949292967
-13742.631953963959
-13520.700507791025
-12505.19260672518
-13196.78296685277
-15000.0
15000.0
15000.0
15000.0
15000.0
15000.0
15000.0
15000.0
15000.0
-15000.0
-15000.0
-15000.0
15000.0
15000.0
15000.0
-15000.0
-15000.0
-15000.0
-14511.60997343844
-15000.0
-15000.0
-6058.705500934582
15000.0
15000.0
15000.0
15000.0
15000.0
15000.0
15000.0
-15000.0
-15000.0
-14444.094773672427
-14018.705694559481
15000.0
15000.0
15000.0
15000.0
15000.0
15000.0
-15000.0
-15000.0
-15000.0
-15000.0
-12987.643424536633
-11359.875996457049
15000.0
15000.0
15000.0
15000.0
15000.0
15000.0
15000.0
-15000.0
-15000.0
-15000.0
-13606.483158275987
-13165.419856933226
-12966.77711870091
-6813.667804255067
15000.0
15000.0
15000.0
15000.0
15000.0
15000.0
-15000.0
-13953.933066230038
-13431.07937787829
-12705.36112330234
-10985.91671486193
-9387.562806841594
-5894.459221281348
15000.0
15000.0
-15000.0
15000.0
15000.0
15000.0
15000.0
-13932.013000656552
-13422.391294129615
-14101.40469991414
-13916.578698729398
-14282.866040640733
-15000.0
-15000.0
15000.0
15000.0
15000.0
15000.0
15000.0
15000.0
15000.0
15000.0
-14649.037008620995
-15000.0
-15000.0
-15000.0
-15000.0
-15000.0
15000.0
15000.0
15000.0
15000.0
15000.0
15000.0
15000.0
-15000.0
-15000.0
-15000.0
-15000.0
-15000.0
-4993.689802581542
15000.0
15000.0
15000.0
15000.0
15000.0
15000.0
15000.0
-15000.0
15000.0
-15000.0
-15000.0
-15000.0
-15000.0
-7482.336316533208
15000.0
15000.0
15000.0
15000.0
15000.0
15000.0
15000.0
-15000.0
-15000.0
-15000.0
-13145.67142598952
-10732.53805157292
15000.0
15000.0
15000.0
15000.0
15000.0
-15000.0
-15000.0
-15000.0
15000.0
15000.0
15000.0
-14641.644662391554
-14579.12657351371
-15000.0
-15000.0
-15000.0
15000.0
15000.0
15000.0
15000.0
15000.0
15000.0
-12436.291870453148
-12343.012517932744
-10710.746286555317
-7745.82408049994
15000.0
15000.0
15000.0
15000.0
15000.0
-15000.0
-15000.0
-15000.0
-12830.362240690229
-13467.376454834233
-12380.293056396957
-11106.095477038933
-8146.534466796861
15000.0
15000.0
15000.0
15000.0
15000.0
15000.0
15000.0
15000.0
-13757.4931880109
-12937.12580883178
-11468.96727163218
-10793.481370467976
-10717.42927895849
-9813.18060282215
15000.0
9616.017270112286
15000.0
15000.0
15000.0
15000.0
-15000.0
-15000.0
-12336.152219873155
-11923.93291471267
-11082.986308589265
15000.0
15000.0
15000.0
15000.0
15000.0
-15000.0
-15000.0
-15000.0
-14542.646232849238
-15000.0
-13174.668297276734
-12273.190919590641
15000.0
15000.0
15000.0
15000.0
15000.0
15000.0
15000.0
-15000.0
-15000.0
-15000.0
-13906.671825075184
-15000.0
-15000.0
15000.0
15000.0
15000.0
15000.0
15000.0
15000.0
15000.0
-15000.0
-15000.0
-14237.967914438505
-14545.7587745227
-13798.184732868493
-13996.788795787084
-15000.0
15000.0
15000.0
15000.0
15000.0
15000.0
15000.0
-15000.0
15000.0
15000.0
-15000.0
-15000.0
15000.0
15000.0
15000.0
15000.0
-15000.0
-12718.935503234847
-13218.293049066386
-13285.385874700223
-11398.49778162374
-5848.376292074628
15000.0
15000.0
15000.0
15000.0
15000.0
15000.0
-15000.0
-15000.0
-14098.814229249016
15000.0
15000.0
15000.0
15000.0
-15000.0
-15000.0
-15000.0
-15000.0
-15000.0
-15000.0
-11678.321678321681
-6252.049583524623
11712.548397094084
15000.0
15000.0
15000.0
-4666.542329459669
15000.0
15000.0
15000.0
15000.0
-14618.938138333146
-14394.403935717579
6692.934753882015
15000.0
15000.0
15000.0
-14654.801157391834
-15000.0
-15000.0
-15000.0
15000.0
15000.0
15000.0
15000.0
15000.0
15000.0
-11849.958552086217
-11408.322493902655
-10613.92909034923
-9406.188991160714
-4533.662697585118
15000.0
15000.0
15000.0
15000.0
-8259.423503325932
15000.0
-10127.7713471641
-8506.284175676545
-8381.526348105035
-7743.041132763268
-8103.493044835603
-7728.541934338197
-5798.710598089714
-902.3391941615992
15000.0
15000.0
15000.0
15000.0
-12878.78787878788
-9184.604305033215
-7369.287027476927
-6489.935720300472
-6689.601305449694
-6786.879841663362
-5162.909978451549
-5321.809777163694
-5776.340664550298
-6605.595533396176
15000.0
3450.3429084085865
15000.0
15000.0
15000.0
15000.0
15000.0
-15000.0
-15000.0
15000.0
15000.0
-15000.0
-14569.973594869862
-12850.616891710706
-10481.01577177181
1746.302685453762
13568.446857128041
15000.0
9646.028591905699
15000.0
1463.513016812758
15000.0
15000.0
-15000.0
15000.0
15000.0
-11212.62458471761
-8846.960000637573
15000.0
-3418.941499667555
15000.0
-13564.04440274191
15000.0
15000.0
-15000.0
-15000.0
-15000.0
-13607.168257446781
-12126.298503587303
-11063.466393361563
-9383.417212476063
15000.0
15000.0
15000.0
-15000.0
15000.0
15000.0
15000.0
15000.0
-15000.0
-15000.0
-14430.771711672485
-14076.437408460195
221.6101500583809
15000.0
15000.0
15000.0