Demand
-15000.0
15000.0
15000.0
15000.0
15000.0
15000.0
15000.0
15000.0
15000.0
15000.0
15000.0
15000.0
15000.0
15000.0
-15000.0
-15000.0
-15000.0
15000.0
15000.0
15000.0
15000.0
-15000.0
15000.0
-15000.0
-15000.0
-15000.0
15000.0
15000.0
15000.0
15000.0
-14012.203047151423
-14218.479893990778
-14477.613154439452
-15000.0
15000.0
15000.0
15000.0
15000.0
15000.0
-15000.0
-13937.48207628334
-14604.4697176574
-14538.32013715279
-15000.0
-15000.0
-15000.0
15000.0
15000.0
15000.0
15000.0
15000.0
15000.0
15000.0
15000.0
-13755.865982756743
-13605.979625130862
-12542.40266244657
-11882.409513637016
-10236.716961046324
-7521.443821576759
15000.0
15000.0
15000.0
15000.0
15000.0
-13703.645208162237
-11644.197313826346
-11857.695296687838
-11902.41271768434
-12344.963328948223
15000.0
15000.0
15000.0
15000.0
15000.0
-15000.0
-13948.921261294487
-13376.428819385099
-12489.097700728846
-12166.831172105562
-11927.97946878519
15000.0
15000.0
15000.0
15000.0
15000.0
15000.0
-15000.0
-15000.0
-13940.942269409428
-13248.760875163578
-7157.6445671392175
15000.0
15000.0
15000.0
15000.0
15000.0
-15000.0
-15000.0
-15000.0
-14125.39143073963
-11799.406602208754
-9397.172424976325
-6447.596309915411
2722.7680400377367
15000.0
15000.0
-15000.0
15000.0
15000.0
15000.0
15000.0
-15000.0
15000.0
15000.0
15000.0
-14308.168467046977
-14500.411467495243
-15000.0
15000.0
15000.0
15000.0
-15000.0
-14274.670895452517
-13348.844228536662
-11570.51952840681
-10056.893976462448
-7047.0320019307765
-5006.844990212942
15000.0
15000.0
15000.0
15000.0
15000.0
15000.0
15000.0
-15000.0
-14297.380585516185
-14182.542321199537
-12435.787181522392
-13536.094074121524
-9521.407450457882
15000.0
15000.0
15000.0
15000.0
15000.0
15000.0
-15000.0
-14618.983957219247
-14493.91659721149
-14068.39676363453
15000.0
15000.0
15000.0
15000.0
15000.0
-15000.0
-13977.272727272728
-14627.90697674419
-14164.171516789465
-12083.92733328474
-12651.11331823793
-13418.851563284214
-15000.0
15000.0
15000.0
15000.0
15000.0
15000.0
15000.0
15000.0
15000.0
15000.0
-13445.898574433282
-13324.05148252624
-14262.734334817982
-14578.784762361196
-15000.0
-15000.0
-15000.0
15000.0
15000.0
15000.0
15000.0
15000.0
15000.0
15000.0
15000.0
-14685.36367882468
-15000.0
-15000.0
-15000.0
-15000.0
-15000.0
-7164.605301596512
15000.0
15000.0
15000.0
15000.0
15000.0
15000.0
15000.0
-15000.0
-15000.0
-15000.0
-15000.0
-15000.0
-11372.72727272729
15000.0
15000.0
15000.0
15000.0
15000.0
15000.0
15000.0
-15000.0
-15000.0
-13233.47107438017
-11229.365246414294
15000.0
15000.0
15000.0
15000.0
15000.0
-15000.0
-15000.0
-15000.0
15000.0
15000.0
15000.0
15000.0
-14347.68614548316
-14647.884426006629
-15000.0
-15000.0
-15000.0
-15000.0
-15000.0
-15000.0
15000.0
15000.0
15000.0
15000.0
15000.0
15000.0
15000.0
15000.0
15000.0
-15000.0
-15000.0
-15000.0
-15000.0
-15000.0
15000.0
15000.0
15000.0
15000.0
15000.0
-15000.0
-15000.0
-15000.0
4325.6820027777985
15000.0
15000.0
15000.0
15000.0
-14686.764013188884
-15000.0
-15000.0
-15000.0
-15000.0
-15000.0
-15000.0
15000.0
15000.0
15000.0
15000.0
15000.0
15000.0
15000.0
15000.0
-13729.80501392758
-13940.67025207627
-15000.0
-15000.0
-15000.0
-15000.0
15000.0
15000.0
15000.0
15000.0
15000.0
15000.0
-13427.564367848794
-13648.734792029616
-14630.050383053305
-15000.0
-15000.0
-15000.0
-15000.0
-15000.0
15000.0
15000.0
15000.0
15000.0
15000.0
15000.0
15000.0
15000.0
-14627.27717516879
-15000.0
15000.0
15000.0
15000.0
-15000.0
-15000.0
-15000.0
-15000.0
15000.0
15000.0
15000.0
15000.0
15000.0
-15000.0
-15000.0
-15000.0
-12416.267942583734
-4305.816135084577
15000.0
15000.0
15000.0
15000.0
15000.0
-15000.0
-15000.0
-15000.0
15000.0
15000.0
15000.0
-13703.52837349851
-13934.724805545167
-13796.869458784167
-13103.648308508498
-13792.783354906747
-15000.0
-15000.0
15000.0
15000.0
15000.0
15000.0
15000.0
15000.0
15000.0
-15000.0
-15000.0
-15000.0
15000.0
15000.0
15000.0
15000.0
-15000.0
-15000.0
-14498.57198247558
-15000.0
-15000.0
15000.0
15000.0
15000.0
15000.0
15000.0
-15000.0
15000.0
15000.0
15000.0
-15000.0
-14507.665730943645
-13162.749686735177
15000.0
15000.0
15000.0
-15000.0
-15000.0
-15000.0
-15000.0
-15000.0
15000.0
15000.0
15000.0
15000.0
15000.0
-13677.374640713242
-14266.237013108988
-14575.260836584366
-15000.0
-15000.0
-15000.0
15000.0
15000.0
15000.0
15000.0
15000.0
15000.0
15000.0
-14659.090909090908
-15000.0
-15000.0
-15000.0
-15000.0
15000.0
15000.0
15000.0
15000.0
15000.0
15000.0
-12641.785898982936
-12442.214253217506
-11486.054362135976
15000.0
15000.0
15000.0
15000.0
-15000.0
-15000.0
-13760.769788227717
-12930.18915392084
-13497.162051171927
-11060.837320918534
15000.0
15000.0
15000.0
15000.0
15000.0
15000.0
-13982.479338842975
-13412.61512733479
-13490.095776422746
-12644.08571079549
-8584.179138238753
15000.0
15000.0
15000.0
15000.0
15000.0
-15000.0
-12112.350394260244
-10978.617424123579
-9165.635051161611
3360.246506496458
15000.0
15000.0
15000.0
15000.0
-15000.0
15000.0
15000.0
-15000.0
-14013.881451579684
-13922.895149654814
-13793.773346151549
-12660.620427762173
-12704.47010553996
-12616.98552652528
-13477.481093308066
15000.0
15000.0
15000.0
15000.0
15000.0
15000.0
15000.0
15000.0
-13054.011467588742
-12169.024591476958
-11455.854217716143
-10930.01438682924
-11709.022183832229
-12721.341360257524
-13421.224920332228
15000.0
15000.0
15000.0
15000.0
15000.0
15000.0
15000.0
-14343.242309021778
-14624.954967576658
-15000.0
-15000.0
-15000.0
15000.0
15000.0
15000.0
15000.0
15000.0
15000.0
-15000.0
15000.0
-15000.0
-15000.0
-15000.0
-15000.0
-15000.0
-13633.093525179862
-10916.474035361702
389.0048068558981
15000.0
15000.0
15000.0
7742.4420318738785
15000.0
15000.0
15000.0
15000.0
15000.0
-15000.0
-15000.0
15000.0
15000.0
15000.0
-13774.50102124915
-14014.761197224561
-15000.0
-15000.0
-15000.0
-15000.0
-15000.0
-15000.0
15000.0
15000.0
15000.0
15000.0
15000.0
15000.0
15000.0
15000.0
-13476.69154932832
-12519.715535134437
15000.0
15000.0
-15000.0
-15000.0
-15000.0
-15000.0
15000.0
15000.0
1749.5399177373556
15000.0
15000.0
15000.0
-15000.0
-15000.0
-15000.0
-15000.0
-15000.0
-14225.309574146788
-15000.0
15000.0
15000.0
15000.0
15000.0
15000.0
15000.0
15000.0
15000.0
-15000.0
-15000.0
-15000.0
15000.0
15000.0
15000.0
-15000.0
-15000.0
-15000.0
-13025.97402597404
15000.0
15000.0
15000.0
15000.0
-15000.0
-15000.0
-14225.282377424639
-14544.789969557238
-13836.309298275275
-14123.195392670998
-15000.0
15000.0
15000.0
15000.0
15000.0
15000.0
15000.0
15000.0
-14342.40459706201
-15000.0
-15000.0
-15000.0
-15000.0
-15000.0
-15000.0
15000.0
15000.0
15000.0
15000.0
15000.0
15000.0
15000.0
-14675.63404314504
-15000.0
-15000.0
-15000.0
-15000.0
-15000.0
-15000.0
-15000.0
15000.0
15000.0
15000.0
15000.0
15000.0
15000.0
15000.0
15000.0
-15000.0
-15000.0
-15000.0
-12487.531271681783
-8721.241090358704
5400.571863988774
15000.0
15000.0
15000.0
15000.0
15000.0
15000.0
-15000.0
-14315.410199556543
-14619.40473973013
-14560.233745997863
-14459.752555602721
-14251.801356533826
-13569.767150886197
15000.0
15000.0
15000.0
15000.0
15000.0
15000.0
15000.0
15000.0
-13037.865748709126
-12087.574272429476
-10815.752773183707
-9946.234150817101
-8231.226826652448
-3529.3438822226926
15000.0
9257.490740461468
15000.0
15000.0
15000.0
15000.0
-9035.317200784833
-2679.3677364470714
15000.0
15000.0
-8743.50086655113
-8258.03456091954
-8756.754130855075
-8721.42387891385
-7789.067009415245
-6322.789995112084
-1278.4269262351208
15000.0
15000.0
15000.0
15000.0
15000.0
-8230.595221263964
-7588.326391774994
-7921.235465576188
-8219.799388304564
-7245.925847844992
-7819.196978964657
-8842.860652709605
-10577.12884863912
-9429.727439020819
-6365.040723153431
15000.0
15000.0
15000.0
15000.0
15000.0
15000.0
15000.0
-15000.0
-15000.0
-15000.0
-14574.626865671646
-12933.161674084928
-10911.548825248632
-2212.6082020866897
3814.0630704769683
15000.0
15000.0
7227.250281112778
15000.0
15000.0
15000.0
15000.0
-12812.260116240817
-11174.326142697999
-10626.121295923465
-9199.574240656482
-8448.200381875642
-6248.217150343268
15000.0
15000.0
15000.0
15000.0
15000.0
-15000.0
-15000.0
-13703.344847923163
-12242.913990172929
-10889.427996371036
-6486.209528450535
15000.0
15000.0
15000.0
15000.0
15000.0
15000.0
-15000.0
-15000.0
-15000.0
-15000.0
-13775.948460987838
15000.0
15000.0
15000.0
15000.0
15000.0