Demand
15000.0
15000.0
15000.0
15000.0
15000.0
15000.0
15000.0
15000.0
15000.0
15000.0
15000.0
15000.0
15000.0
15000.0
-15000.0
-15000.0
-15000.0
15000.0
15000.0
15000.0
15000.0
-15000.0
-15000.0
-15000.0
-15000.0
-15000.0
-15000.0
-15000.0
-15000.0
15000.0
15000.0
15000.0
15000.0
15000.0
15000.0
15000.0
15000.0
-15000.0
-15000.0
-15000.0
-11189.839572192519
15000.0
15000.0
15000.0
15000.0
15000.0
-14664.245042214807
-14169.764072815138
15000.0
15000.0
-15000.0
-15000.0
-15000.0
-12785.062320648634
-7874.882888182979
15000.0
15000.0
15000.0
15000.0
15000.0
15000.0
-15000.0
-12326.83982683983
-12081.47770001791
-11732.927998098643
-13100.140559702784
-9553.581342683075
-9086.820463736633
-6609.269720074103
15000.0
15000.0
15000.0
15000.0
15000.0
15000.0
15000.0
-14044.826141600333
-13505.587026086596
-12593.30455258361
-11872.408933015595
1571.109167120564
15000.0
15000.0
15000.0
15000.0
-15000.0
-15000.0
-15000.0
15000.0
15000.0
15000.0
15000.0
-15000.0
-15000.0
-15000.0
-15000.0
-15000.0
-15000.0
-15000.0
-15000.0
15000.0
15000.0
15000.0
15000.0
15000.0
15000.0
15000.0
15000.0
-15000.0
-15000.0
-15000.0
-15000.0
-15000.0
-12023.210831721473
-9880.113138224064
15000.0
15000.0
15000.0
15000.0
15000.0
15000.0
15000.0
15000.0
-14387.324817065612
-13665.615121176248
-12404.365648957239
-11615.366177420983
-10444.538346937348
-11060.101794660637
-11744.101991791911
-15000.0
15000.0
15000.0
15000.0
15000.0
15000.0
15000.0
-14325.976577197245
-14236.29435942544
-12722.224308043245
-13828.45904114189
-12129.172990617732
-10544.159354997792
15000.0
15000.0
15000.0
15000.0
15000.0
15000.0
-14683.953037403055
-14641.58273649717
-14569.64373221113
-15000.0
-15000.0
15000.0
15000.0
15000.0
15000.0
15000.0
15000.0
15000.0
15000.0
-13727.086628826652
-14299.113346845072
-15000.0
-14509.349827912327
-15000.0
-15000.0
15000.0
15000.0
15000.0
15000.0
15000.0
15000.0
15000.0
-13403.95743886504
-14270.933311534089
-14548.569442013253
-15000.0
-15000.0
15000.0
15000.0
15000.0
15000.0
15000.0
-13787.571714399059
-11329.782552350993
15000.0
15000.0
-14657.131758870586
-15000.0
-15000.0
-15000.0
-15000.0
15000.0
15000.0
15000.0
15000.0
15000.0
15000.0
-14666.5975986403
-15000.0
-15000.0
-15000.0
-15000.0
15000.0
15000.0
15000.0
15000.0
15000.0
15000.0
-14599.8595998596
-15000.0
15000.0
15000.0
15000.0
-15000.0
-15000.0
-13898.787163249974
-13746.843131437425
-14000.459259251245
-13679.295378122686
-12814.101157916812
-15000.0
15000.0
15000.0
15000.0
15000.0
15000.0
15000.0
15000.0
-14280.419550462906
-14138.529047427204
-14424.456055701849
-15000.0
15000.0
15000.0
15000.0
15000.0
15000.0
15000.0
-15000.0
-15000.0
-14621.765096217652
-13227.395691520549
-13349.19338321513
-11046.969209299219
-10214.74950562355
15000.0
15000.0
15000.0
15000.0
15000.0
15000.0
15000.0
-15000.0
-15000.0
-15000.0
-15000.0
15000.0
15000.0
15000.0
15000.0
-14674.781285659948
-15000.0
-15000.0
-15000.0
-14243.126194942372
-15000.0
15000.0
15000.0
15000.0
15000.0
15000.0
15000.0
15000.0
-14656.833232992176
-14005.676608071448
-9592.721609367702
15000.0
15000.0
15000.0
-13607.871119074414
-13796.750705053157
-15000.0
-15000.0
-15000.0
15000.0
15000.0
15000.0
15000.0
15000.0
15000.0
-13957.82929014508
-12952.575654716034
-12908.445920842467
-14172.10737783567
-15000.0
15000.0
15000.0
15000.0
15000.0
15000.0
-15000.0
-15000.0
-15000.0
-15000.0
-11379.363493091096
-3466.9818166404903
15000.0
15000.0
15000.0
15000.0
15000.0
15000.0
15000.0
-15000.0
-15000.0
-15000.0
-15000.0
-15000.0
15000.0
15000.0
15000.0
15000.0
15000.0
15000.0
-14060.129713092228
-14325.068944479466
-14628.9340518549
-15000.0
-14498.079885720304
-15000.0
-15000.0
-15000.0
15000.0
15000.0
15000.0
15000.0
15000.0
15000.0
15000.0
15000.0
-13712.797786327537
-14300.857114678536
-15000.0
-15000.0
-15000.0
-15000.0
-15000.0
15000.0
15000.0
15000.0
15000.0
15000.0
15000.0
15000.0
15000.0
-14598.308668076112
-15000.0
15000.0
15000.0
15000.0
-14678.147939017505
-15000.0
-15000.0
-14537.213368627505
-15000.0
-15000.0
-15000.0
15000.0
15000.0
15000.0
15000.0
15000.0
15000.0
15000.0
15000.0
-15000.0
-15000.0
-15000.0
-15000.0
-15000.0
-15000.0
-15000.0
-15000.0
15000.0
15000.0
15000.0
15000.0
15000.0
15000.0
15000.0
15000.0
15000.0
-15000.0
15000.0
-15000.0
-15000.0
-15000.0
-13344.467034562884
-12728.280445999459
-12234.249484884007
15000.0
15000.0
15000.0
15000.0
15000.0
15000.0
15000.0
15000.0
-14018.18181818182
-13580.45763342009
-13039.903502996047
-11888.065250043772
-11346.81177621023
-11073.601886842414
-10285.484116172232
-10982.102291616258
15000.0
15000.0
15000.0
15000.0
15000.0
15000.0
15000.0
15000.0
-14330.514446793517
-14615.728998271923
-15000.0
-15000.0
-15000.0
15000.0
15000.0
15000.0
15000.0
15000.0
15000.0
-14384.52593546244
-14664.610204977682
-15000.0
-15000.0
-15000.0
-15000.0
-15000.0
15000.0
15000.0
15000.0
15000.0
15000.0
15000.0
15000.0
-15000.0
-15000.0
15000.0
15000.0
15000.0
-14001.362663032898
-13887.721296646148
-13713.193270662261
-12352.415057165545
-12085.368775398714
-10816.990858731668
15000.0
15000.0
15000.0
15000.0
15000.0
15000.0
15000.0
-15000.0
-13595.951043029796
-12454.563787966297
-10411.140232778038
-5759.115946139657
15000.0
15000.0
4824.326860061992
15000.0
15000.0
-15000.0
-15000.0
-13749.08558888076
-13504.181032764398
-12388.462521495232
-10876.034282797562
-8226.223150371206
15000.0
15000.0
15000.0
15000.0
15000.0
15000.0
15000.0
-13314.855875831487
15000.0
-14689.192352296544
-15000.0
-15000.0
-15000.0
-15000.0
15000.0
15000.0
15000.0
15000.0
15000.0
15000.0
-13128.932251299353
-12615.53334424621
-12711.401585367632
-13210.77213355766
-13850.082454189556
-15000.0
-15000.0
15000.0
15000.0
15000.0
15000.0
15000.0
15000.0
-13503.642955093688
-12952.52967481457
-11683.795609651559
15000.0
15000.0
15000.0
15000.0
-15000.0
-15000.0
-15000.0
-15000.0
-12931.409907457815
-10906.588943571125
-5390.367763392947
5953.891310771193
15000.0
9595.223168767901
15000.0
15000.0
15000.0
15000.0
15000.0
-15000.0
15000.0
15000.0
-12327.429017973434
-1169.7616051504592
15000.0
15000.0
-15000.0
15000.0
-15000.0
-15000.0
-15000.0
-15000.0
-15000.0
-13844.817602779389
15000.0
15000.0
15000.0
15000.0
15000.0
15000.0
15000.0
-15000.0
-15000.0
-15000.0
-15000.0
15000.0
15000.0
15000.0
15000.0
-15000.0
-15000.0
-15000.0
-14368.07095343681
-15000.0
15000.0
15000.0
15000.0
15000.0
15000.0
15000.0
-14695.858067097979
-14348.872544593574
-14646.617928698091
-15000.0
-15000.0
-15000.0
-15000.0
-15000.0
-15000.0
15000.0
15000.0
15000.0
15000.0
15000.0
15000.0
15000.0
15000.0
-15000.0
-15000.0
-15000.0
-8164.795791244269
15000.0
15000.0
15000.0
15000.0
-9138.184634498572
15000.0
-15000.0
-15000.0
-15000.0
-15000.0
-15000.0
-15000.0
15000.0
15000.0
15000.0
15000.0
15000.0
15000.0
-15000.0
-15000.0
-15000.0
-15000.0
-15000.0
-12255.210028996502
-9020.464498686433
-5525.761373740189
15000.0
15000.0
15000.0
15000.0
15000.0
-15000.0
15000.0
15000.0
15000.0
15000.0
15000.0
-14681.118881118884
-14622.801603096825
-14501.696589886618
-14099.17758295891
15000.0
15000.0
15000.0
15000.0
15000.0
-13101.898101898103
-12962.815162885297
-12035.478978996984
-10881.065375546255
-10307.149776937338
-9404.761723488107
-7801.895846656421
-5383.170781048343
1319.3117304108046
15000.0
15000.0
15000.0
15000.0
15000.0
15000.0
15000.0
-8786.788750817526
-8656.418295365482
-8012.126578005558
-8289.113499384628
-7737.142238534165
-5096.78341133413
5539.328464295306
15000.0
15000.0
15000.0
-13030.303030303032
-10129.55667757865
-8484.292259386948
-5967.418825694479
-4210.013159809609
-3415.598457493441
-1556.77206567938
6633.709775105412
10091.042474232901
9477.466894253426
15000.0
8457.371035623491
15000.0
-13697.568141015181
-14291.22532497763
-15000.0
-15000.0
-14413.109605459747
-15000.0
-15000.0
15000.0
15000.0
15000.0
15000.0
15000.0
15000.0
15000.0
15000.0
-11395.663956639568
-10757.294576848984
-11460.89537744116
-10083.712133837958
15000.0
15000.0
15000.0
15000.0
-11353.94456289979
-11020.475275394485
-10137.987245858338
-10300.45232118024
-10877.709211750025
-10564.895281325924
-9707.376851829573
15000.0
15000.0
15000.0
15000.0
15000.0
15000.0
-13479.768345652676
-13366.015741765084
-13568.85342488403
-12981.976761649537
-12630.147432354112
-13801.57604412465
-15000.0
-15000.0
15000.0
15000.0
15000.0
15000.0
15000.0
15000.0
15000.0
-14019.617996418907
-14600.955203533202
-15000.0
-15000.0