Demand
15000.0
15000.0
15000.0
15000.0
15000.0
15000.0
15000.0
15000.0
15000.0
15000.0
15000.0
15000.0
-15000.0
15000.0
15000.0
15000.0
15000.0
15000.0
15000.0
15000.0
15000.0
15000.0
15000.0
-15000.0
-15000.0
15000.0
15000.0
15000.0
-15000.0
-14331.709956709958
-13890.679105723942
-14156.969825903281
-14491.916498247156
-15000.0
-15000.0
15000.0
15000.0
15000.0
15000.0
15000.0
15000.0
15000.0
15000.0
-15000.0
-15000.0
-15000.0
-14538.834951456312
-14423.766892065978
-15000.0
-15000.0
15000.0
15000.0
15000.0
15000.0
15000.0
15000.0
15000.0
15000.0
-13002.7253260658
-13850.36783025229
-15000.0
-15000.0
15000.0
9075.326685802862
15000.0
15000.0
15000.0
-13939.393939393942
-13270.281205745505
-14191.7692858753
-15000.0
-15000.0
-15000.0
15000.0
15000.0
15000.0
15000.0
15000.0
-13211.134170977453
-13390.304100035148
-14051.615297452976
-15000.0
-15000.0
-15000.0
15000.0
15000.0
15000.0
15000.0
15000.0
15000.0
15000.0
-14320.767917501937
15000.0
15000.0
-15000.0
-15000.0
-15000.0
-15000.0
-15000.0
15000.0
15000.0
15000.0
15000.0
15000.0
-12387.902953102148
-12830.172257059668
-10204.677694941045
15000.0
15000.0
15000.0
-15000.0
-15000.0
-15000.0
-13711.567893044088
-13998.029591934363
-13748.096302112732
-13222.009733686158
-13214.219585586932
15000.0
15000.0
15000.0
15000.0
15000.0
15000.0
15000.0
15000.0
15000.0
-12160.647571606478
-12833.102709458559
-13642.459166968452
-15000.0
-15000.0
15000.0
15000.0
15000.0
15000.0
-15000.0
-14171.31217372253
-13954.480558441552
-11082.12411957093
-11244.536793450687
15000.0
15000.0
15000.0
15000.0
15000.0
15000.0
-15000.0
-15000.0
-14504.921829762596
-14111.618940216693
15000.0
15000.0
15000.0
15000.0
15000.0
-15000.0
-15000.0
-13563.930296031915
-14328.744247777988
-11981.809594386435
15000.0
15000.0
15000.0
15000.0
15000.0
15000.0
-15000.0
-15000.0
15000.0
15000.0
15000.0
-15000.0
-13688.937568455643
-11909.121239191296
-8396.67405923644
15000.0
15000.0
15000.0
15000.0
15000.0
-15000.0
-15000.0
-15000.0
15000.0
15000.0
15000.0
-15000.0
-15000.0
15000.0
15000.0
15000.0
-15000.0
-15000.0
-15000.0
-14036.836769178779
-11869.958936597603
-11219.914606941187
-9809.11640103866
15000.0
15000.0
15000.0
15000.0
15000.0
15000.0
15000.0
-15000.0
-15000.0
-13885.63049853373
-10468.533620557017
15000.0
15000.0
15000.0
15000.0
15000.0
-15000.0
15000.0
15000.0
-14014.72471190781
-13858.244886535089
-14045.766111078116
-13550.967353420689
-10000.435207322273
15000.0
15000.0
15000.0
15000.0
15000.0
-15000.0
-15000.0
15000.0
15000.0
15000.0
-14626.311188811193
-15000.0
-15000.0
15000.0
15000.0
15000.0
15000.0
-15000.0
-15000.0
-15000.0
-14525.498247578766
-12602.867247496171
-12456.18301854593
-6254.175054104991
15000.0
15000.0
15000.0
15000.0
15000.0
15000.0
15000.0
15000.0
-15000.0
15000.0
15000.0
-15000.0
15000.0
15000.0
-15000.0
-14326.0988894988
-14629.601992781507
-15000.0
-15000.0
-15000.0
-13974.81094696431
-15000.0
15000.0
15000.0
15000.0
15000.0
15000.0
15000.0
15000.0
15000.0
-14310.741529261308
-13803.633114722401
-11549.924423142387
-9610.484878445764
-8971.349972093703
15000.0
15000.0
15000.0
15000.0
15000.0
15000.0
-15000.0
-15000.0
-15000.0
-15000.0
-13421.05263157895
-12951.850521020486
-9704.612273774364
-4552.543966894834
15000.0
15000.0
15000.0
15000.0
15000.0
15000.0
15000.0
15000.0
-15000.0
-15000.0
-15000.0
-13123.285165538695
-11921.972006666947
-12030.752732534787
-9670.143918347607
15000.0
15000.0
15000.0
15000.0
15000.0
15000.0
-15000.0
-15000.0
-15000.0
-15000.0
-15000.0
-15000.0
-15000.0
15000.0
15000.0
15000.0
15000.0
15000.0
15000.0
15000.0
15000.0
15000.0
-15000.0
-15000.0
-15000.0
-15000.0
-15000.0
15000.0
15000.0
15000.0
15000.0
15000.0
-13548.001910523806
-14111.564414689848
-15000.0
-15000.0
15000.0
15000.0
15000.0
15000.0
15000.0
-15000.0
-15000.0
-15000.0
-15000.0
-15000.0
-15000.0
15000.0
15000.0
15000.0
15000.0
15000.0
15000.0
15000.0
15000.0
-14690.175295556463
-15000.0
-15000.0
-15000.0
15000.0
15000.0
15000.0
15000.0
15000.0
-15000.0
-14642.324888226536
-14558.230161740867
-15000.0
-15000.0
15000.0
15000.0
15000.0
15000.0
15000.0
-15000.0
-15000.0
-15000.0
-13532.08389559314
-13019.20762671523
-9119.759610537963
15000.0
484.89797980091043
15000.0
15000.0
15000.0
15000.0
15000.0
-15000.0
-15000.0
-13291.708291708292
-10306.13014395921
15000.0
15000.0
15000.0
15000.0
-15000.0
-15000.0
-15000.0
-15000.0
-15000.0
15000.0
15000.0
15000.0
15000.0
15000.0
-13038.904327113934
-13214.558061059026
-14197.01940860875
-15000.0
-15000.0
-15000.0
-15000.0
15000.0
15000.0
15000.0
15000.0
15000.0
15000.0
15000.0
-15000.0
-15000.0
-15000.0
-14477.957204327122
-12943.221795531888
-10733.793483630521
-6357.503864735821
15000.0
15000.0
15000.0
15000.0
15000.0
15000.0
15000.0
15000.0
-12357.178340784896
-11782.210796915173
-11455.3301411166
-10090.901319198769
-10817.673753445153
-11653.832904070285
-11835.601329759851
-15000.0
15000.0
15000.0
15000.0
15000.0
15000.0
15000.0
15000.0
-13385.344954913024
-13562.09385574445
-13746.20184380165
-14474.044153808562
-15000.0
-15000.0
15000.0
15000.0
15000.0
15000.0
15000.0
15000.0
-13091.88933030385
-12251.759069172305
-11608.785878545441
-11191.29226872058
-12034.252009276537
-13109.700190048628
-14012.262082987378
-15000.0
15000.0
15000.0
15000.0
15000.0
15000.0
15000.0
15000.0
-14568.865856951285
-15000.0
15000.0
15000.0
15000.0
15000.0
-15000.0
-13493.931136982912
-14532.669835753237
-14292.579315593106
-15000.0
15000.0
15000.0
15000.0
15000.0
15000.0
-15000.0
-14279.082148267906
-13309.939598860637
-11284.704951980722
-10479.103143247281
-3601.7907651192945
15000.0
15000.0
15000.0
15000.0
15000.0
15000.0
-15000.0
15000.0
-15000.0
-12536.378043509587
-12548.695095481875
15000.0
15000.0
15000.0
-15000.0
15000.0
-15000.0
-15000.0
-15000.0
-15000.0
-15000.0
-15000.0
-3963.7773705063364
15000.0
15000.0
15000.0
15000.0
15000.0
15000.0
15000.0
15000.0
15000.0
-15000.0
-15000.0
15000.0
15000.0
15000.0
-13462.368492042086
-13936.833427248064
-15000.0
-15000.0
-15000.0
15000.0
15000.0
15000.0
15000.0
-15000.0
-14591.22613746164
-15000.0
-13590.722324897422
-13617.522893512585
15000.0
15000.0
15000.0
15000.0
15000.0
15000.0
15000.0
-15000.0
-15000.0
-15000.0
-13376.4538333729
-15000.0
15000.0
15000.0
15000.0
15000.0
15000.0
-15000.0
-15000.0
-15000.0
-15000.0
-15000.0
15000.0
15000.0
15000.0
15000.0
15000.0
15000.0
15000.0
-15000.0
-15000.0
-15000.0
-15000.0
-15000.0
-13875.739644970417
-15000.0
-15000.0
-15000.0
15000.0
15000.0
15000.0
15000.0
15000.0
15000.0
15000.0
15000.0
-13392.949028411276
-13463.317272839951
-14189.61310613612
-15000.0
15000.0
15000.0
15000.0
15000.0
15000.0
-15000.0
-14627.40692208938
-13715.387876611137
-13967.544910386045
-14307.60936764014
-15000.0
15000.0
15000.0
15000.0
15000.0
15000.0
15000.0
15000.0
15000.0
-13475.935828877009
-12287.350065125684
-12273.492285713226
-12592.66955680889
-13582.990532282525
-10413.435503059354
15000.0
15000.0
15000.0
15000.0
15000.0
-14677.651699683669
-14604.913759468447
-14423.529897929679
-13182.066185146352
15000.0
15000.0
15000.0
15000.0
-15000.0
-13485.51273047644
-12257.70827101952
-11350.02000502975
-6593.559798789054
15000.0
15000.0
15000.0
5847.995866515887
15000.0
15000.0
-13670.38164971166
-14229.582292415602
-14023.536027041882
-11227.491613192156
15000.0
15000.0
6995.944559961776
15000.0
15000.0
-12121.212121212122
-8937.513848881015
-8941.48508833383
-8116.100571428658
-6885.621378260497
-2947.715927996178
15000.0
15000.0
15000.0
15000.0
15000.0
-8241.106719367595
-5977.47653806048
-185.0856443485918
15000.0
15000.0
-10104.998322710504
-11151.8024964525
-12611.023387529971
-12768.069470613882
-13335.549653288683
-13053.487343697667
-13782.919062507797
-15000.0
-15000.0
15000.0
15000.0
15000.0
15000.0
15000.0
15000.0
15000.0
15000.0
-13115.702479338845
-10959.37277755146
-11375.462124426289
-10609.372478043959
-10047.068754679174
-11300.137614726951
-11573.671628563534
-11706.637370070286
-126.68183766451875
15000.0
15000.0
15000.0
15000.0
15000.0
15000.0
15000.0
-13469.935576234791
-14332.334855505447
-14622.606413151072
-15000.0
-15000.0
-15000.0
-15000.0
15000.0
15000.0
15000.0
15000.0
15000.0
15000.0
-14277.715067768226
-15000.0
-15000.0
-15000.0
15000.0
15000.0
15000.0
15000.0
15000.0
15000.0
-14001.362663032898
-14612.71349888562
-15000.0
-15000.0