Demand
-15000.0
-15000.0
-15000.0
-15000.0
15000.0
15000.0
15000.0
15000.0
15000.0
15000.0
15000.0
15000.0
15000.0
15000.0
-15000.0
-15000.0
-15000.0
15000.0
15000.0
15000.0
15000.0
-15000.0
-15000.0
-15000.0
-15000.0
-15000.0
-15000.0
-15000.0
15000.0
15000.0
15000.0
15000.0
15000.0
15000.0
15000.0
15000.0
-15000.0
-15000.0
-15000.0
-15000.0
-13537.211291702308
-14385.804566705694
-14083.184282642287
-15000.0
15000.0
15000.0
15000.0
15000.0
15000.0
15000.0
15000.0
15000.0
-15000.0
-13976.047904191615
-13452.811104392022
-13162.676724631034
-11417.357628432539
-9463.568301775267
1332.9852192249027
15000.0
15000.0
15000.0
15000.0
15000.0
15000.0
-13743.801652892562
-11776.252929608003
-12020.095997394732
-12142.6017756172
-12791.367844141212
15000.0
15000.0
15000.0
15000.0
15000.0
-15000.0
-13959.36710045876
-13456.895905284244
-12786.329711229959
-12864.687668846593
-13571.699642157411
-15000.0
15000.0
15000.0
15000.0
15000.0
15000.0
15000.0
15000.0
15000.0
-14031.435853865765
15000.0
15000.0
15000.0
-15000.0
-15000.0
-15000.0
-15000.0
-15000.0
-15000.0
15000.0
15000.0
15000.0
15000.0
15000.0
15000.0
15000.0
-15000.0
-15000.0
-15000.0
-15000.0
-15000.0
15000.0
15000.0
15000.0
15000.0
15000.0
-14679.475164011248
-15000.0
-15000.0
-15000.0
-15000.0
-15000.0
15000.0
15000.0
15000.0
15000.0
15000.0
15000.0
15000.0
-15000.0
-15000.0
15000.0
15000.0
-15000.0
-15000.0
15000.0
15000.0
15000.0
15000.0
-14310.240508243842
-13746.136781465757
-14424.41009027595
-15000.0
15000.0
15000.0
15000.0
15000.0
15000.0
-14674.684060334286
-14643.900565326683
-14599.799887960027
-15000.0
-15000.0
-15000.0
-15000.0
15000.0
15000.0
15000.0
15000.0
15000.0
15000.0
15000.0
15000.0
-15000.0
-14633.577971821931
-15000.0
-15000.0
-15000.0
-15000.0
15000.0
15000.0
15000.0
15000.0
15000.0
15000.0
15000.0
15000.0
-15000.0
-15000.0
-15000.0
-15000.0
-15000.0
15000.0
15000.0
15000.0
15000.0
15000.0
-15000.0
-14638.897687678178
-15000.0
-15000.0
-15000.0
-15000.0
15000.0
15000.0
15000.0
15000.0
15000.0
15000.0
-14630.568278757339
-15000.0
-15000.0
-15000.0
15000.0
15000.0
15000.0
15000.0
15000.0
-13642.906334902134
-14223.244433841763
-14522.22260342033
-15000.0
-15000.0
15000.0
15000.0
15000.0
15000.0
15000.0
15000.0
-14371.900826446283
-14307.058419285418
-14209.522261837461
-15000.0
-15000.0
-15000.0
15000.0
15000.0
15000.0
15000.0
15000.0
15000.0
15000.0
-14680.134680134684
-15000.0
-15000.0
-15000.0
-15000.0
-15000.0
-15000.0
15000.0
15000.0
15000.0
15000.0
15000.0
15000.0
15000.0
15000.0
-14383.850394551944
-15000.0
-15000.0
-15000.0
-15000.0
-15000.0
-15000.0
-15000.0
15000.0
15000.0
15000.0
15000.0
15000.0
15000.0
15000.0
15000.0
-15000.0
-15000.0
-15000.0
-14419.240800907173
-15000.0
-15000.0
15000.0
15000.0
15000.0
15000.0
15000.0
15000.0
15000.0
-14305.993767693002
-13735.490458904442
-10916.5504211373
-6273.578434570801
15000.0
15000.0
15000.0
15000.0
15000.0
-15000.0
-15000.0
-15000.0
-15000.0
-15000.0
-15000.0
-9818.18181818182
15000.0
15000.0
15000.0
15000.0
15000.0
15000.0
15000.0
15000.0
-15000.0
-15000.0
15000.0
15000.0
-15000.0
-15000.0
-13213.166144200633
-12218.6284774155
-12644.973954880079
-13296.453923619
15000.0
15000.0
15000.0
15000.0
15000.0
15000.0
15000.0
-15000.0
-15000.0
-15000.0
-15000.0
-15000.0
-15000.0
15000.0
15000.0
15000.0
15000.0
15000.0
15000.0
-15000.0
-14494.456762749443
-15000.0
15000.0
15000.0
15000.0
15000.0
15000.0
-15000.0
-15000.0
-13332.114118507685
-13510.99161039764
-13054.084696999664
-10845.946867232029
-8059.726432399675
15000.0
15000.0
15000.0
15000.0
15000.0
15000.0
15000.0
-15000.0
-15000.0
-15000.0
-15000.0
15000.0
15000.0
15000.0
15000.0
-15000.0
-15000.0
-15000.0
-14503.484320557494
-15000.0
-15000.0
-11752.745187315384
15000.0
15000.0
15000.0
15000.0
15000.0
15000.0
15000.0
15000.0
-15000.0
-14663.056640460502
-14617.159875447189
-15000.0
-15000.0
-15000.0
15000.0
15000.0
15000.0
15000.0
15000.0
15000.0
15000.0
-14003.496503496503
-13813.78994911669
-12360.179139809516
-11258.302893218428
15000.0
15000.0
15000.0
15000.0
15000.0
-15000.0
-15000.0
-15000.0
-10988.269794721407
15000.0
15000.0
15000.0
15000.0
-15000.0
-15000.0
-15000.0
15000.0
15000.0
15000.0
-14081.237911025146
-13628.820029429957
-12995.632365874913
-11448.601036980639
-9735.97630095395
-3173.9502979496683
15000.0
15000.0
15000.0
15000.0
15000.0
-15000.0
-15000.0
-13806.032677000421
-13083.984148088868
-13731.217266324686
-12774.118955554055
15000.0
-15000.0
15000.0
15000.0
15000.0
15000.0
15000.0
-13675.456816914608
-13922.801708995969
-13804.671692028642
-14087.105075630137
-14446.981308767285
-15000.0
-15000.0
-15000.0
15000.0
15000.0
15000.0
15000.0
15000.0
15000.0
15000.0
15000.0
-13253.427510857618
15000.0
15000.0
-15000.0
-15000.0
-15000.0
-12147.623019182654
15000.0
15000.0
15000.0
8665.190687044618
15000.0
15000.0
-15000.0
-15000.0
15000.0
15000.0
15000.0
-15000.0
-15000.0
-13272.727272727276
-11811.8824187434
-9202.520771811502
-3975.849478166361
15000.0
4480.024261323229
15000.0
15000.0
15000.0
15000.0
15000.0
-13983.957219251337
-13811.71727700538
-12979.599120653362
-11884.380940269195
-9408.91061113388
15000.0
15000.0
15000.0
15000.0
15000.0
-15000.0
-15000.0
-13090.879156048588
-14217.678958257773
15000.0
15000.0
15000.0
15000.0
15000.0
-15000.0
-15000.0
15000.0
15000.0
-13611.570247933883
-12326.579303468417
-12431.043171671728
-11498.744471134094
-11287.677096155658
-11531.490564702312
-11477.454814382832
15000.0
15000.0
15000.0
15000.0
15000.0
15000.0
15000.0
15000.0
-13670.110824097996
-13372.546109656058
-13236.331868168869
-15000.0
15000.0
15000.0
15000.0
15000.0
-15000.0
-15000.0
-15000.0
-13047.643539090099
-11333.94946382201
-7338.91694474372
-2275.45573117018
11375.912555098661
13289.70646205468
14231.568761762283
529.8511609727993
15000.0
15000.0
15000.0
15000.0
-15000.0
-15000.0
-11838.212634822808
-10439.252965095853
15000.0
15000.0
15000.0
15000.0
15000.0
-15000.0
-15000.0
-15000.0
-15000.0
-14328.973185088296
-15000.0
15000.0
1670.991814949335
15000.0
15000.0
15000.0
15000.0
15000.0
15000.0
-15000.0
-15000.0
-15000.0
-15000.0
15000.0
15000.0
15000.0
15000.0
15000.0
15000.0
-15000.0
-15000.0
-15000.0
-15000.0
-15000.0
-15000.0
15000.0
15000.0
15000.0
15000.0
15000.0
15000.0
15000.0
15000.0
-15000.0
-15000.0
-15000.0
-15000.0
-13662.756598240474
-15000.0
15000.0
15000.0
15000.0
15000.0
15000.0
15000.0
15000.0
-12989.811912225705
-13516.509824818157
-13717.189616411779
-12890.83567279403
-12804.688137011082
-13546.317277448805
15000.0
15000.0
15000.0
15000.0
15000.0
15000.0
15000.0
-14696.14958789519
-14006.925525308296
-14263.463567963241
-14573.225390384585
-15000.0
-15000.0
-15000.0
15000.0
15000.0
15000.0
15000.0
15000.0
15000.0
15000.0
-12227.120705381574
-12132.949552557122
-12302.518818337485
-13044.939856116896
15000.0
15000.0
15000.0
15000.0
15000.0
-14650.214780398
-14555.200818325946
-14284.394429960554
-7654.114323155693
15000.0
15000.0
15000.0
15000.0
-15000.0
-15000.0
-13134.469457287938
-11338.079534693406
-9257.19455390381
9280.244162187804
15000.0
15000.0
15000.0
12833.07338906277
15000.0
-13939.393939393942
-13231.73569101908
-13431.232425397244
15000.0
15000.0
15000.0
15000.0
-10120.385232744786
-8451.62670676349
-8263.0957686613
-7499.271154980365
-7686.840310636893
-6863.42395566521
-3211.39592694004
14191.415177265982
3053.205515143093
15000.0
15000.0
15000.0
-10721.179624664881
-9395.463090955673
-7429.573000384644
-6213.645477722984
-5887.824397444344
-4970.968963969096
-98.32922684695404
5959.6120063482485
15000.0
-1849.5985143721819
15000.0
15000.0
-13562.602446097593
-13951.543285959066
-15000.0
15000.0
15000.0
15000.0
-15000.0
-15000.0
15000.0
15000.0
15000.0
-13720.717050820615
-12930.153327244603
-10470.131057404713
-10838.340847982126
-9773.267497691879
-8785.345758431667
-9946.790378513713
-9268.544319838871
-2194.731948944376
15000.0
15000.0
15000.0
15000.0
15000.0
15000.0
15000.0
-12836.61666365444
-12209.01300630506
15000.0
15000.0
-15000.0
-15000.0
-15000.0
-15000.0
-12649.715295503636
-4481.620435997404
15000.0
15000.0
15000.0
15000.0
15000.0
15000.0
-15000.0
15000.0
-15000.0
-15000.0
-15000.0
15000.0
15000.0
15000.0
-14043.944984904396
-14655.839992284738
-15000.0
-15000.0