Demand
-15000.0
-15000.0
-15000.0
-15000.0
15000.0
15000.0
15000.0
15000.0
15000.0
15000.0
15000.0
15000.0
15000.0
15000.0
15000.0
15000.0
-15000.0
-15000.0
-15000.0
-15000.0
-15000.0
-15000.0
15000.0
15000.0
15000.0
15000.0
15000.0
15000.0
15000.0
15000.0
-14086.636043157781
-14346.852874257365
-14642.985172795674
-15000.0
-15000.0
-15000.0
-15000.0
-15000.0
15000.0
15000.0
15000.0
15000.0
15000.0
15000.0
15000.0
15000.0
-14694.828140057823
-14656.954134371506
-15000.0
-15000.0
-15000.0
15000.0
15000.0
15000.0
15000.0
15000.0
15000.0
-13138.268916712033
8511.444096821366
15000.0
-15000.0
-15000.0
-8885.76025744167
9859.427578970251
15000.0
15000.0
15000.0
-13939.393939393942
-13258.301079649627
-14220.750605752306
-15000.0
-15000.0
-15000.0
-15000.0
15000.0
15000.0
15000.0
15000.0
15000.0
15000.0
15000.0
-15000.0
-15000.0
-15000.0
15000.0
15000.0
15000.0
15000.0
-15000.0
-14067.732797202389
-13153.123274243462
15000.0
15000.0
15000.0
15000.0
-15000.0
-15000.0
-15000.0
-15000.0
15000.0
15000.0
15000.0
15000.0
-11847.563083304529
-11596.108986199248
-12191.0594096393
-11096.972224703939
15000.0
15000.0
15000.0
15000.0
15000.0
-15000.0
-13962.098732128408
-14185.43448384069
-13941.124861742355
-13249.333002233136
-7183.555750558432
15000.0
15000.0
15000.0
15000.0
15000.0
-14318.958800072407
-13487.077166729188
-11975.589954942247
-10902.663875996925
-9141.597539371476
-9362.983971813072
-8344.503910984418
15000.0
15000.0
15000.0
15000.0
15000.0
15000.0
15000.0
-14385.312196700099
-14309.606117294119
-12961.67542918395
-13960.837797880937
-12465.148312256111
-10277.113198880354
15000.0
15000.0
15000.0
15000.0
15000.0
-15000.0
-14585.785679840417
-14422.554510929149
-13723.717898476869
15000.0
15000.0
15000.0
15000.0
15000.0
-15000.0
-13937.32244318182
-14552.078108017053
-13549.407623315437
15000.0
4580.14585704834
15000.0
15000.0
15000.0
-15000.0
-15000.0
-15000.0
15000.0
15000.0
15000.0
15000.0
-14077.172153264975
-13297.15765381695
-13055.088247968106
-14056.891663560167
-14337.915023462738
-15000.0
15000.0
15000.0
15000.0
15000.0
15000.0
15000.0
-14046.291132180704
-14270.08438986379
-15000.0
-15000.0
-12807.905631415862
15000.0
15000.0
15000.0
15000.0
15000.0
-14357.488314403512
-13248.93781609002
-13446.881411967272
-14107.405356634466
-14451.863084698005
-14234.96757305909
-15000.0
15000.0
15000.0
15000.0
15000.0
15000.0
15000.0
15000.0
15000.0
-14380.48288176384
-14628.12697290758
-15000.0
-15000.0
15000.0
15000.0
15000.0
15000.0
-14024.6215953932
-13936.599353931277
-14208.149265484535
-14078.840749389601
-13856.201980853595
-15000.0
-15000.0
15000.0
15000.0
15000.0
15000.0
15000.0
15000.0
15000.0
15000.0
-14671.740024681203
-15000.0
-15000.0
-15000.0
15000.0
15000.0
15000.0
15000.0
-15000.0
-15000.0
-14584.365497044408
-13062.087482609735
-13225.35426968073
-10963.080842735606
-10954.331882272309
1600.0596516742453
15000.0
15000.0
15000.0
15000.0
15000.0
15000.0
15000.0
15000.0
-15000.0
-15000.0
-15000.0
15000.0
15000.0
15000.0
-14661.950351605527
-15000.0
-15000.0
-15000.0
-14337.239467632982
-15000.0
-15000.0
15000.0
15000.0
15000.0
15000.0
15000.0
15000.0
15000.0
15000.0
-13555.286156241978
-4624.404416543617
15000.0
15000.0
15000.0
-14047.353760445683
-15000.0
-15000.0
-15000.0
-15000.0
-15000.0
15000.0
15000.0
15000.0
15000.0
15000.0
15000.0
-13291.05178859975
-12493.204959044157
15000.0
15000.0
-15000.0
-15000.0
-15000.0
-15000.0
-15000.0
15000.0
15000.0
15000.0
15000.0
15000.0
15000.0
15000.0
-15000.0
-15000.0
-15000.0
-15000.0
15000.0
15000.0
15000.0
15000.0
15000.0
-15000.0
-15000.0
-15000.0
-15000.0
-15000.0
-15000.0
-15000.0
353.53535353539337
15000.0
15000.0
15000.0
15000.0
15000.0
15000.0
15000.0
15000.0
-15000.0
-15000.0
-15000.0
-15000.0
-12281.669150521611
-11360.461685082762
15000.0
15000.0
15000.0
15000.0
15000.0
15000.0
15000.0
-15000.0
-15000.0
-15000.0
-15000.0
-15000.0
15000.0
15000.0
15000.0
15000.0
15000.0
15000.0
-15000.0
-15000.0
-15000.0
-14297.040169133197
-15000.0
15000.0
15000.0
15000.0
15000.0
15000.0
15000.0
-15000.0
-15000.0
-15000.0
-15000.0
-15000.0
-14377.932991378373
-14063.698985958199
-15000.0
15000.0
15000.0
15000.0
15000.0
15000.0
15000.0
15000.0
15000.0
-15000.0
-13865.87130521048
-13681.12941572311
-12262.255278256664
-11934.628248945657
-11898.24405728991
15000.0
15000.0
15000.0
15000.0
15000.0
15000.0
15000.0
-14025.023756731072
-13873.634839952214
-14063.875615863795
-14299.165709405734
-12636.390293844906
15000.0
15000.0
15000.0
15000.0
15000.0
-15000.0
-13852.362817844623
-13181.188574213364
-12057.370489317564
-8586.9439204931
2132.1213154782026
15000.0
15000.0
15000.0
15000.0
15000.0
15000.0
-15000.0
-15000.0
-13893.864755933722
-13339.171864529337
-14029.4100524856
-13771.5105786399
-14095.515942634996
-15000.0
15000.0
15000.0
15000.0
15000.0
15000.0
15000.0
15000.0
15000.0
-14386.767079074772
-14663.317732511034
-15000.0
-15000.0
-15000.0
-15000.0
15000.0
15000.0
15000.0
15000.0
15000.0
15000.0
15000.0
-14047.45989304813
-15000.0
-15000.0
-15000.0
-15000.0
15000.0
15000.0
15000.0
15000.0
15000.0
15000.0
-13937.06293706294
-14568.24220388757
-15000.0
-15000.0
15000.0
15000.0
15000.0
15000.0
15000.0
-13692.326390300506
-12687.049711507669
-11022.366033514605
-7905.06728338651
12619.22170713099
8086.725001791561
15000.0
15000.0
15000.0
-15000.0
-15000.0
-13373.420301671427
-12300.69123200691
15000.0
9161.090019019046
15000.0
15000.0
15000.0
15000.0
-15000.0
-15000.0
15000.0
15000.0
15000.0
-14582.111436950145
15000.0
15000.0
-15000.0
-15000.0
-15000.0
-15000.0
-15000.0
15000.0
15000.0
15000.0
15000.0
15000.0
15000.0
-13147.972652812565
-13580.480893730379
-14106.962394403206
-15000.0
-15000.0
15000.0
15000.0
15000.0
15000.0
-13013.632551489674
-13497.237274123174
-11885.086868638431
-3827.755932444562
15000.0
15000.0
15000.0
15000.0
15000.0
-15000.0
-15000.0
-15000.0
-15000.0
-12910.174152153992
-10976.974252751665
-6194.899257245339
871.8420032015993
15000.0
6006.333326304836
15000.0
15000.0
15000.0
15000.0
15000.0
15000.0
-15000.0
-15000.0
-12810.499359795136
-12984.283765766046
-13620.16415410502
-15000.0
-15000.0
-15000.0
15000.0
15000.0
15000.0
15000.0
15000.0
15000.0
15000.0
15000.0
15000.0
-13992.735126644417
-15000.0
-15000.0
-15000.0
-15000.0
15000.0
15000.0
15000.0
15000.0
15000.0
-14344.207246844144
-15000.0
-15000.0
-15000.0
-15000.0
-14224.230934590883
-15000.0
15000.0
15000.0
15000.0
15000.0
15000.0
15000.0
15000.0
15000.0
15000.0
-15000.0
15000.0
-15000.0
-15000.0
-15000.0
-15000.0
15000.0
15000.0
15000.0
15000.0
15000.0
-15000.0
-15000.0
-15000.0
15000.0
15000.0
15000.0
-13057.627503691645
-13605.661351939721
-13848.51011371208
-13255.971875871448
-13451.15347325739
-14335.41235706305
-15000.0
-15000.0
15000.0
15000.0
15000.0
15000.0
15000.0
15000.0
15000.0
15000.0
-14656.939468879646
-15000.0
-15000.0
15000.0
15000.0
15000.0
15000.0
-15000.0
-13587.764436821042
-12641.798682515797
-12750.561732872506
-10639.23979496631
-10041.24129140608
-9441.139489623678
-7302.061127409878
15000.0
15000.0
15000.0
15000.0
15000.0
15000.0
15000.0
-14692.929292929297
-14641.396880482404
-14538.42886706482
-14230.843243770625
-15000.0
15000.0
15000.0
15000.0
15000.0
-12792.268040571224
-12312.424991533619
-10009.74000708192
-2854.0381254560516
15000.0
15000.0
15000.0
15000.0
-13939.393939393942
-13690.783807062875
-14295.315413358097
-14224.962168211543
-12811.283990904838
-6857.2627501069765
-5037.663353034574
-3859.808967545233
2624.159809248158
5292.186159750939
9837.3019443039
7753.908546384688
11667.527663122617
12487.46587793095
9645.003153812573
15000.0
15000.0
-13484.848484848486
-10519.590454692036
-9829.655224990209
-8188.677059619433
-5784.240646929183
-4372.881938349562
-4194.969615363208
-3661.02346909481
-71.07724097291612
1312.402135097067
3678.6415369494116
10660.36618063378
15000.0
14321.805540802208
15000.0
-7309.140588439834
15000.0
-15000.0
-14633.178307296956
-15000.0
-15000.0
-15000.0
-15000.0
15000.0
15000.0
15000.0
15000.0
15000.0
15000.0
15000.0
15000.0
-12867.877897268052
-13383.582070644075
-13954.040108164143
-13845.62838660071
-15000.0
-11304.929910138628
-7691.754275867803
-5158.366573397739
2068.2896484682597
10184.48666157516
9417.526862162787
15000.0
1262.4158574781904
15000.0
15000.0
15000.0
15000.0
-15000.0
-13893.919793014233
-12870.385291047347
-12405.882625901628
-12172.557013738468
-8445.304855865346
15000.0
15000.0
-15000.0
15000.0
15000.0
15000.0
15000.0
-15000.0
15000.0
15000.0
-14169.796416107332
15000.0
-14663.2092915857
-15000.0
-15000.0