Demand
15000.0
15000.0
15000.0
15000.0
15000.0
15000.0
15000.0
15000.0
15000.0
15000.0
-15000.0
-15000.0
-15000.0
-15000.0
15000.0
15000.0
15000.0
15000.0
15000.0
15000.0
15000.0
15000.0
15000.0
-15000.0
-15000.0
-15000.0
-15000.0
-15000.0
-15000.0
-10197.321284882273
15000.0
15000.0
15000.0
15000.0
15000.0
15000.0
15000.0
15000.0
15000.0
-15000.0
-13930.735930735933
-14601.447043566135
-14533.83122332233
-15000.0
-15000.0
-15000.0
15000.0
15000.0
15000.0
15000.0
15000.0
15000.0
15000.0
15000.0
-13750.532789380748
-13576.965920270584
-12407.444373030718
-11460.383459581164
-8102.352362472564
15000.0
15000.0
15000.0
15000.0
15000.0
-12236.36363636364
-13368.858691652971
-10057.09323890935
-8533.111306881612
15000.0
10542.694497148757
15000.0
15000.0
15000.0
-15000.0
-15000.0
-15000.0
-13124.228712464006
-10762.331272864907
15000.0
6283.532244079721
15000.0
15000.0
15000.0
15000.0
15000.0
-15000.0
-15000.0
-15000.0
-15000.0
-14086.904285142173
-13893.643516424068
-14260.81920505323
-15000.0
-15000.0
15000.0
15000.0
15000.0
15000.0
15000.0
15000.0
15000.0
15000.0
-12288.260923109141
-12006.621356712032
-12015.785895652582
-12944.41810500366
-13592.232994543534
-15000.0
15000.0
15000.0
15000.0
15000.0
15000.0
15000.0
15000.0
-14389.861610214852
-14340.527644352045
-14636.038745071932
-15000.0
-15000.0
-15000.0
-15000.0
-15000.0
15000.0
15000.0
15000.0
15000.0
15000.0
15000.0
15000.0
-15000.0
-15000.0
15000.0
15000.0
15000.0
15000.0
15000.0
-14353.081375553287
-14264.047841645446
-12780.246765632954
-13824.355993971367
-11766.665580280634
15000.0
15000.0
15000.0
15000.0
15000.0
15000.0
-15000.0
-14664.189250430529
-14627.16893385299
-14571.45387069738
-15000.0
-15000.0
-15000.0
15000.0
15000.0
15000.0
15000.0
15000.0
15000.0
15000.0
15000.0
-14305.489744804712
-15000.0
-14456.113660356488
-15000.0
15000.0
15000.0
15000.0
15000.0
15000.0
15000.0
-14018.18181818182
-13183.779499823886
-12923.780760667742
-13996.59977819004
-14307.943598185662
-15000.0
15000.0
15000.0
15000.0
15000.0
15000.0
15000.0
15000.0
-14361.058177334384
-15000.0
-15000.0
-14560.330025924904
-15000.0
-15000.0
-15000.0
-15000.0
15000.0
15000.0
15000.0
15000.0
15000.0
15000.0
15000.0
15000.0
-15000.0
-15000.0
-15000.0
-15000.0
-15000.0
-15000.0
11577.150798566687
15000.0
15000.0
15000.0
15000.0
15000.0
15000.0
15000.0
-15000.0
-15000.0
-13480.900207284572
-12313.428711211374
15000.0
15000.0
15000.0
15000.0
15000.0
-15000.0
15000.0
-15000.0
-15000.0
-15000.0
-14506.023052257566
-13691.150354983733
-12849.601534388436
-9671.007661650314
15000.0
15000.0
15000.0
15000.0
15000.0
15000.0
15000.0
-15000.0
-15000.0
-14528.82778645153
-12328.903846829286
-10973.360624738834
15000.0
15000.0
15000.0
15000.0
15000.0
15000.0
-15000.0
-15000.0
-15000.0
-15000.0
-15000.0
-15000.0
15000.0
15000.0
15000.0
15000.0
15000.0
15000.0
15000.0
-15000.0
-15000.0
-14489.83505945532
-15000.0
-15000.0
15000.0
15000.0
15000.0
15000.0
15000.0
-15000.0
-14345.42568408322
-8235.006554586249
15000.0
15000.0
15000.0
15000.0
-13639.431249348454
-13739.403463935763
-15000.0
-15000.0
15000.0
15000.0
15000.0
15000.0
-15000.0
-15000.0
-13514.67130289798
-12875.528634156966
-7004.6813690763665
15000.0
15000.0
15000.0
15000.0
15000.0
15000.0
-15000.0
-15000.0
-15000.0
-15000.0
-15000.0
-15000.0
15000.0
15000.0
15000.0
15000.0
15000.0
15000.0
-15000.0
-15000.0
-15000.0
-15000.0
-15000.0
-15000.0
15000.0
15000.0
15000.0
15000.0
15000.0
15000.0
15000.0
15000.0
-13998.359887535145
-14236.357463003656
-14533.234828888271
-15000.0
-13515.559795899513
15000.0
15000.0
15000.0
15000.0
15000.0
15000.0
-15000.0
-15000.0
-12831.22706889523
-12348.127388357854
4453.528715103991
15000.0
15000.0
15000.0
15000.0
15000.0
-15000.0
-15000.0
-15000.0
-15000.0
-15000.0
-15000.0
-15000.0
-15000.0
15000.0
15000.0
15000.0
15000.0
15000.0
15000.0
15000.0
15000.0
15000.0
-15000.0
-14646.80888731522
-15000.0
-15000.0
-15000.0
-15000.0
-15000.0
-15000.0
15000.0
15000.0
15000.0
15000.0
15000.0
15000.0
15000.0
15000.0
-15000.0
-15000.0
-15000.0
-15000.0
-15000.0
-15000.0
15000.0
15000.0
15000.0
15000.0
15000.0
15000.0
15000.0
-15000.0
-15000.0
-15000.0
-15000.0
-15000.0
-15000.0
-10360.022510695562
15000.0
15000.0
15000.0
15000.0
15000.0
15000.0
15000.0
15000.0
-15000.0
-15000.0
-13790.237000353733
-13121.588115363236
-12099.312555234752
-9412.637099703243
-5515.972242407411
15000.0
6564.886248151995
15000.0
15000.0
15000.0
15000.0
15000.0
15000.0
-13956.680902989629
15000.0
15000.0
-14143.501126972205
-13975.682927553742
15000.0
15000.0
15000.0
-15000.0
-14602.713201174884
-13458.601292004503
-11740.502141776691
-4866.144372719493
15000.0
15000.0
15000.0
15000.0
15000.0
-15000.0
-15000.0
-15000.0
-11669.28868412181
-10740.874470410556
-9973.171335459723
-7253.645404315215
-7261.747114699396
-5923.204215715756
15000.0
15000.0
15000.0
15000.0
15000.0
15000.0
15000.0
15000.0
-13994.905956112852
-13131.708729250098
-13279.5468516369
-13414.393857396157
-14257.679881990942
-15000.0
15000.0
15000.0
15000.0
15000.0
15000.0
15000.0
15000.0
-13109.592069867711
-12296.296566519224
-11696.732651262504
-11344.707022382485
-12221.094719019984
-13310.974279535392
-14219.651229802985
-15000.0
15000.0
15000.0
15000.0
15000.0
15000.0
15000.0
15000.0
15000.0
-15000.0
-15000.0
-15000.0
15000.0
15000.0
15000.0
-13660.096740653684
-14630.809565072806
-14576.675147647293
-15000.0
-15000.0
-15000.0
15000.0
15000.0
15000.0
15000.0
15000.0
15000.0
15000.0
15000.0
-12844.11724976361
-12884.102500526627
-13250.120518574437
-13666.702885654518
-15000.0
15000.0
15000.0
15000.0
15000.0
15000.0
15000.0
-13989.242227213617
-13455.139070848178
-13122.389446800822
-13065.588023349348
-15000.0
15000.0
15000.0
15000.0
15000.0
15000.0
15000.0
-15000.0
-13653.448639527527
-12789.363816333676
-11297.604140710744
-10766.485796071225
-11048.814251915119
-11245.451250440474
-9848.234097152872
3795.708983301475
15000.0
15000.0
15000.0
15000.0
15000.0
15000.0
15000.0
-13373.055515912663
-13855.20481694724
-15000.0
-15000.0
15000.0
15000.0
15000.0
15000.0
15000.0
-15000.0
-14655.038257035405
-15000.0
-14126.00470660804
-14477.493782714158
-12940.597558324138
-15000.0
-15000.0
15000.0
15000.0
15000.0
15000.0
15000.0
15000.0
15000.0
15000.0
-15000.0
-15000.0
-15000.0
-15000.0
-14356.55954388918
-15000.0
-15000.0
15000.0
15000.0
15000.0
15000.0
15000.0
15000.0
15000.0
15000.0
-15000.0
15000.0
15000.0
15000.0
-15000.0
-15000.0
-15000.0
-15000.0
-13845.920226766557
-15000.0
-15000.0
15000.0
15000.0
15000.0
15000.0
15000.0
15000.0
15000.0
15000.0
-14000.29231218942
-13515.041716546802
-13715.59687865073
-14471.822353935644
-15000.0
-15000.0
15000.0
15000.0
15000.0
15000.0
15000.0
15000.0
15000.0
-14349.222206365066
-14648.83613358741
-15000.0
-15000.0
-15000.0
-15000.0
-15000.0
-15000.0
15000.0
15000.0
15000.0
15000.0
15000.0
15000.0
15000.0
15000.0
15000.0
-15000.0
-15000.0
-13572.610677029967
15000.0
15000.0
15000.0
15000.0
-14694.107545347215
-14670.620308701906
-14638.654033858551
-15000.0
-15000.0
-15000.0
-15000.0
-4529.131900082067
15000.0
15000.0
15000.0
15000.0
15000.0
15000.0
15000.0
15000.0
-12818.18181818182
-13672.95782954881
-14280.303390157002
-14199.103386753883
-12695.835998372859
-6176.498250268716
-3880.0944137249835
-2066.9665810362167
6681.550110667975
8966.178392596787
12001.124146515405
7457.440522803091
14428.292396381443
6945.187778076634
15000.0
15000.0
-13636.363636363638
-11309.086984675156
-9407.463013801058
-7590.671390451331
-2646.2792877785723
9003.070322205986
13804.145036995975
6489.757707842077
15000.0
5657.238255267772
15000.0
-11308.119361554476
-12524.292193106066
-12250.103382504098
-11744.313628664342
15000.0
15000.0
15000.0
15000.0
-14682.804674457431
-15000.0
-15000.0
-15000.0
-15000.0
-15000.0
15000.0
15000.0
15000.0
15000.0
15000.0
15000.0
-11519.602613092786
-12642.76128520002
-13168.635399847364
-13771.144826371772
-13563.087496850112
-15000.0
-8751.257501247499
3119.105651564284
15000.0
15000.0
7292.020030826257
15000.0
12412.305449011717
15000.0
15000.0
15000.0
-15000.0
-15000.0
-15000.0
-13643.305785123968
-12281.743855944995
-11486.685859988316
-10716.583414955065
-437.90525767459076
15000.0
15000.0
15000.0
15000.0
15000.0
15000.0
15000.0
15000.0
-15000.0
15000.0
15000.0
-14090.090458843271
-14670.886483454215
-15000.0
-15000.0