Demand
15000.0
15000.0
15000.0
15000.0
15000.0
15000.0
15000.0
15000.0
15000.0
15000.0
15000.0
15000.0
15000.0
15000.0
15000.0
15000.0
15000.0
15000.0
15000.0
15000.0
15000.0
15000.0
15000.0
15000.0
15000.0
15000.0
15000.0
-15000.0
-15000.0
-14059.298399807903
-13116.40739458512
-12864.55126632244
-908.805680721618
15000.0
15000.0
15000.0
15000.0
15000.0
15000.0
-15000.0
-13748.85677702579
-14081.580053622318
15000.0
15000.0
15000.0
-15000.0
15000.0
-14658.810325476992
-15000.0
-15000.0
-15000.0
-15000.0
-15000.0
-10929.332435206128
6617.136750548297
15000.0
15000.0
15000.0
15000.0
15000.0
15000.0
15000.0
15000.0
15000.0
-11974.1207697412
15000.0
-12096.116834597538
-12063.556855052779
-10811.650499674972
15000.0
15000.0
15000.0
-15000.0
-15000.0
-15000.0
-15000.0
-13418.131359851992
-12262.039508844988
-9774.590899210747
-4877.761058394761
15000.0
15000.0
15000.0
15000.0
15000.0
15000.0
15000.0
15000.0
-15000.0
-13132.678132678138
15000.0
15000.0
-15000.0
-15000.0
-15000.0
15000.0
15000.0
15000.0
15000.0
-15000.0
-14317.861264264651
-12745.49786391127
-11630.802189199014
-11112.155981919997
-10855.530572609969
-11786.219850414698
-11986.132549087477
15000.0
15000.0
15000.0
15000.0
15000.0
15000.0
15000.0
15000.0
-14321.652892561986
-14203.358801922794
-14487.53934142812
-15000.0
-15000.0
15000.0
15000.0
15000.0
15000.0
15000.0
-12538.964607573365
-11865.360471459171
-10939.18232426935
-11718.602676037099
-12731.206891170368
-15000.0
15000.0
15000.0
15000.0
15000.0
15000.0
15000.0
15000.0
-14384.338433843386
-13308.62395326293
-14239.254597140876
-13640.303213853316
-14409.877254549618
-15000.0
-15000.0
15000.0
15000.0
15000.0
15000.0
15000.0
15000.0
-14497.15577183423
-15000.0
15000.0
15000.0
15000.0
-15000.0
-15000.0
-13705.384341434721
-14488.188702504493
-13667.101607148204
-8791.770693805593
-5761.972088847433
15000.0
15000.0
15000.0
15000.0
15000.0
15000.0
15000.0
15000.0
-15000.0
-15000.0
-13847.061467580628
-12789.229824596889
-12335.404941481924
-13588.322567017476
-13761.870042318707
-15000.0
15000.0
15000.0
15000.0
15000.0
15000.0
15000.0
15000.0
-14131.922649850254
-15000.0
15000.0
15000.0
15000.0
15000.0
-15000.0
-15000.0
-15000.0
-13793.171893608582
-9944.678110590678
1718.1244043828765
15000.0
15000.0
15000.0
15000.0
15000.0
15000.0
-15000.0
-15000.0
-15000.0
-15000.0
-13622.263998925748
-10271.877533063602
-3412.525452887491
15000.0
15000.0
15000.0
15000.0
15000.0
15000.0
15000.0
-14081.13917248791
-13983.608466374662
-14222.119149409118
-14042.542493612269
-13643.616550590275
-15000.0
15000.0
15000.0
15000.0
15000.0
15000.0
15000.0
-14675.375525023133
-14298.39556344202
-14228.936677165992
-14564.971849046124
-15000.0
-15000.0
-15000.0
-15000.0
15000.0
15000.0
15000.0
15000.0
15000.0
15000.0
15000.0
15000.0
15000.0
-13876.232201533407
-12584.54229603782
15000.0
15000.0
-15000.0
-15000.0
-15000.0
15000.0
15000.0
15000.0
15000.0
-15000.0
-15000.0
-15000.0
-15000.0
15000.0
-553.0591217738947
15000.0
15000.0
15000.0
15000.0
-15000.0
-15000.0
-15000.0
-15000.0
-15000.0
-15000.0
15000.0
15000.0
15000.0
15000.0
15000.0
15000.0
-12254.665863937389
-13118.321785848977
-13287.964313544715
-13459.725416839818
-15000.0
-15000.0
-15000.0
15000.0
15000.0
15000.0
15000.0
15000.0
15000.0
15000.0
-13244.432531862549
-13383.260947823732
-14500.709206120857
-15000.0
-15000.0
15000.0
15000.0
15000.0
15000.0
15000.0
15000.0
-15000.0
-15000.0
-13535.145854499267
-12965.655886355977
-13604.590892562832
-14436.067357630462
-15000.0
-15000.0
15000.0
15000.0
15000.0
15000.0
15000.0
15000.0
15000.0
15000.0
15000.0
-15000.0
-15000.0
-15000.0
-15000.0
-15000.0
-11641.414141414141
15000.0
-2229.2755787898823
15000.0
15000.0
15000.0
15000.0
15000.0
-15000.0
-15000.0
-15000.0
15000.0
15000.0
15000.0
-14012.930670438349
-13921.679595512433
-13389.509716641554
-14066.17017345456
-15000.0
-15000.0
-15000.0
15000.0
15000.0
15000.0
15000.0
15000.0
15000.0
15000.0
15000.0
-15000.0
-15000.0
-14364.194088120472
15000.0
15000.0
15000.0
15000.0
-14681.495809155385
-15000.0
-15000.0
-14525.74854369929
-15000.0
-15000.0
-15000.0
15000.0
15000.0
15000.0
15000.0
15000.0
15000.0
15000.0
-14647.264383391208
-15000.0
-15000.0
-15000.0
-15000.0
15000.0
15000.0
15000.0
15000.0
15000.0
15000.0
-14008.729326878085
-13885.118281177227
-12810.640666339987
-12783.26068986478
-13317.974800709493
-12133.774402819501
15000.0
15000.0
15000.0
15000.0
15000.0
15000.0
-14010.077459831107
-13432.040327729977
15000.0
15000.0
15000.0
-15000.0
-15000.0
15000.0
15000.0
15000.0
-15000.0
-13991.957556107627
-13526.35618836579
-12931.810642625198
-11632.53793656289
-10883.981569648207
-10226.414106790995
-8058.495476359909
5302.492170978528
15000.0
15000.0
15000.0
15000.0
15000.0
15000.0
15000.0
-14341.991341991346
-13947.858800365662
15000.0
15000.0
15000.0
-15000.0
-15000.0
-14567.280318846078
-13247.505269438243
-10839.448815432457
15000.0
15000.0
15000.0
8869.843635281222
15000.0
15000.0
-15000.0
-15000.0
-15000.0
15000.0
15000.0
15000.0
-10114.285714285717
-9989.747189423972
-6954.574533428262
15000.0
15000.0
15000.0
15000.0
-15000.0
-15000.0
-13791.804050871411
-13593.487937446513
-13252.942175452008
-10892.691438658974
-8915.988465330134
15000.0
15000.0
15000.0
15000.0
15000.0
15000.0
15000.0
15000.0
-15000.0
-12387.318563789155
15000.0
15000.0
15000.0
-12196.210603024232
-12971.485972069924
-13862.878497959871
-14550.731672323043
-15000.0
-15000.0
-15000.0
15000.0
15000.0
15000.0
15000.0
15000.0
15000.0
-15000.0
15000.0
15000.0
-15000.0
-15000.0
-15000.0
-12436.55637648571
-13772.193777877012
15000.0
15000.0
15000.0
15000.0
15000.0
15000.0
-15000.0
-15000.0
-13405.594405594413
15000.0
15000.0
15000.0
15000.0
-13098.80295000556
-13639.351976446367
-14254.078235600515
-15000.0
-15000.0
-15000.0
-15000.0
-15000.0
15000.0
15000.0
15000.0
15000.0
15000.0
15000.0
15000.0
15000.0
-15000.0
-15000.0
-15000.0
-15000.0
-15000.0
-15000.0
-9392.789921450589
15000.0
15000.0
15000.0
15000.0
3977.2871815835924
15000.0
15000.0
15000.0
15000.0
-15000.0
-15000.0
-15000.0
-15000.0
-12015.272727272732
-11974.605446088499
-12550.02718306423
-15000.0
15000.0
15000.0
15000.0
15000.0
15000.0
15000.0
15000.0
15000.0
15000.0
-14357.360291630655
-14651.94767363711
-13842.743994345885
-15000.0
-15000.0
-15000.0
-15000.0
-15000.0
15000.0
15000.0
15000.0
15000.0
15000.0
15000.0
15000.0
15000.0
-15000.0
-14308.143725860926
-15000.0
15000.0
15000.0
15000.0
15000.0
-15000.0
-14188.49090023329
-14492.367404511671
-13489.932456218354
-13002.21310348088
15000.0
15000.0
15000.0
15000.0
15000.0
15000.0
-15000.0
-15000.0
-14125.431530494825
-15000.0
-15000.0
15000.0
15000.0
15000.0
15000.0
15000.0
15000.0
-13066.704352741664
-13569.585458466463
-13754.532850748536
-12915.66459875631
-12720.159153521083
-13072.434245876651
15000.0
15000.0
15000.0
15000.0
15000.0
15000.0
-15000.0
-14641.396665618122
-13736.24245723672
-13936.374190259972
-14193.258590655543
-15000.0
15000.0
15000.0
15000.0
15000.0
15000.0
15000.0
-13668.309699346897
-12684.100090477008
-12608.600670385538
-9393.761295754663
-4046.283966665179
15000.0
15000.0
15000.0
15000.0
15000.0
-14352.272727272732
-14631.444997835726
-14553.091977138596
-14385.916154452247
-13783.995753202958
15000.0
15000.0
15000.0
15000.0
15000.0
15000.0
-15000.0
-13561.438561438565
-12563.060443350423
-12145.477443086176
-10215.07946911134
-6578.906916086814
-271.20398294645383
15000.0
15000.0
10844.802573855133
15000.0
1708.9077116457065
15000.0
15000.0
-13306.5953654189
-8560.85057907728
-6646.338415982122
-4258.890386478557
9913.858875101461
12245.180442892048
10571.096160631452
15000.0
-12878.78787878788
-10264.167021729867
-10404.01488026814
-10869.677448799659
-8135.826573777591
3004.702619186095
15000.0
15000.0
15000.0
15000.0
-11666.666666666666
-6078.648754401984
-4788.479085660754
2039.9420369345753
14834.116415007986
263.2730721037242
15000.0
15000.0
-13786.459442197149
-13648.059074086705
-14212.823476918973
-15000.0
-15000.0
-7846.804141523095
15000.0
15000.0
15000.0
15000.0
15000.0
-14663.685743775768
-13448.816369616252
-12168.032057238554
-7344.412034170299
-5093.462735200136
15000.0
11894.127398527198
7041.391178815071
15000.0
15000.0
15000.0
-15000.0
-12554.224820822335
-10761.771498380556
-10250.711105129503
-8976.611758845724
-8855.601441263232
-9042.080998826244
-6484.179085836563
15000.0
15000.0
15000.0
15000.0
15000.0
15000.0
15000.0
-13436.070971282243
-13223.623475145923
-13283.109317451483
-12025.658862451746
-8962.260407429534
15000.0
15000.0
15000.0
15000.0
15000.0
-15000.0
-15000.0
-15000.0
-12561.497326203218
15000.0
15000.0
15000.0
15000.0
-15000.0