Demand
-15000.0
-15000.0
-15000.0
15000.0
15000.0
15000.0
15000.0
15000.0
15000.0
15000.0
15000.0
15000.0
15000.0
15000.0
15000.0
15000.0
-15000.0
-15000.0
-15000.0
-15000.0
-15000.0
-15000.0
15000.0
15000.0
15000.0
15000.0
15000.0
15000.0
15000.0
15000.0
-14076.507650765077
-14299.474925610284
-14573.017797577235
-15000.0
-15000.0
15000.0
15000.0
15000.0
15000.0
15000.0
-14052.306788331964
-14648.257494077148
-14589.177496731423
-15000.0
-15000.0
-15000.0
15000.0
15000.0
15000.0
15000.0
15000.0
15000.0
-15000.0
-13991.43357780144
-13525.456469025026
-13344.230960648114
-12099.388092943696
-11426.860191920863
-10081.09137665576
-10604.560516152895
15000.0
15000.0
15000.0
15000.0
15000.0
15000.0
15000.0
15000.0
-13356.717278493183
-13615.721706716926
15000.0
15000.0
-15000.0
-15000.0
-15000.0
-15000.0
-13008.633955063164
-10246.283971072236
15000.0
15000.0
8813.32318379846
15000.0
15000.0
15000.0
15000.0
-15000.0
-15000.0
-15000.0
-15000.0
-11113.636363636386
15000.0
15000.0
15000.0
15000.0
15000.0
15000.0
-15000.0
-15000.0
-15000.0
-15000.0
-13675.573627650312
-7723.5879727635365
15000.0
15000.0
15000.0
526.2184321166233
15000.0
15000.0
15000.0
-15000.0
-15000.0
-15000.0
15000.0
15000.0
15000.0
15000.0
-14339.130434782612
-14627.350463500989
-15000.0
-15000.0
-15000.0
-15000.0
15000.0
15000.0
15000.0
15000.0
15000.0
15000.0
-13076.193109860465
-13970.823908214676
-15000.0
-15000.0
-15000.0
-15000.0
-15000.0
-15000.0
15000.0
15000.0
15000.0
15000.0
15000.0
15000.0
15000.0
15000.0
15000.0
-15000.0
-15000.0
-15000.0
-15000.0
15000.0
15000.0
15000.0
15000.0
15000.0
-15000.0
-15000.0
-15000.0
-15000.0
-13349.739432541981
-14246.357690256296
-12095.032033459924
15000.0
15000.0
15000.0
15000.0
15000.0
15000.0
15000.0
15000.0
-15000.0
-15000.0
-15000.0
-15000.0
-13416.95982225514
-11456.454639839518
-9184.96972634696
-6014.3090989907905
15000.0
15000.0
15000.0
15000.0
15000.0
15000.0
15000.0
-15000.0
15000.0
15000.0
-15000.0
15000.0
-14640.15151515152
-15000.0
-15000.0
15000.0
15000.0
15000.0
15000.0
-13392.736295962106
-13552.028624782994
-14138.901794994523
-14424.832381374796
-13946.796019186211
15000.0
15000.0
15000.0
15000.0
15000.0
15000.0
-15000.0
15000.0
15000.0
-14129.106187929723
15000.0
15000.0
-15000.0
-15000.0
-15000.0
-15000.0
15000.0
15000.0
15000.0
15000.0
-14347.65192843246
-14291.699351640498
-15000.0
-15000.0
-15000.0
-15000.0
-15000.0
-15000.0
15000.0
15000.0
15000.0
15000.0
15000.0
15000.0
15000.0
15000.0
-15000.0
-15000.0
-15000.0
-15000.0
-15000.0
-15000.0
-12941.1029828088
15000.0
15000.0
15000.0
15000.0
15000.0
15000.0
15000.0
15000.0
15000.0
-15000.0
-15000.0
15000.0
15000.0
15000.0
15000.0
-15000.0
15000.0
15000.0
-14328.490084429613
-14624.420622613507
-15000.0
-15000.0
-15000.0
-12643.66135676951
15000.0
15000.0
15000.0
15000.0
15000.0
15000.0
15000.0
-15000.0
-14656.307977736553
-14233.23109099679
-13673.039444776296
-11228.609643116815
-9370.822098506658
-9615.636648285534
-1093.7219502411663
15000.0
15000.0
15000.0
15000.0
15000.0
15000.0
15000.0
-15000.0
-15000.0
-13822.99994705353
-13656.417006002393
-12315.713480045364
-12237.599398345126
-13939.66545099095
-15000.0
15000.0
15000.0
15000.0
15000.0
15000.0
15000.0
15000.0
15000.0
-15000.0
-12681.070569424366
-7109.936993952324
15000.0
15000.0
15000.0
15000.0
-15000.0
-15000.0
-15000.0
-15000.0
15000.0
15000.0
15000.0
15000.0
15000.0
15000.0
-15000.0
-15000.0
-15000.0
-15000.0
15000.0
15000.0
15000.0
15000.0
15000.0
-15000.0
-15000.0
-15000.0
-15000.0
-15000.0
-15000.0
-15000.0
15000.0
15000.0
15000.0
15000.0
15000.0
15000.0
15000.0
-15000.0
-15000.0
-15000.0
-15000.0
15000.0
15000.0
15000.0
15000.0
15000.0
15000.0
-15000.0
-15000.0
-14503.34011036886
-15000.0
15000.0
15000.0
15000.0
15000.0
15000.0
-15000.0
-14636.265462399373
-15000.0
-15000.0
-15000.0
-15000.0
-15000.0
15000.0
15000.0
15000.0
15000.0
15000.0
15000.0
15000.0
15000.0
-15000.0
-15000.0
-15000.0
-15000.0
-15000.0
-15000.0
-15000.0
-15000.0
15000.0
15000.0
15000.0
15000.0
15000.0
15000.0
15000.0
15000.0
-15000.0
-15000.0
15000.0
15000.0
-13356.25311746262
15000.0
15000.0
-14270.16645326505
15000.0
15000.0
15000.0
15000.0
-15000.0
-15000.0
-15000.0
-13174.702010318451
-9539.948430659297
15000.0
15000.0
15000.0
15000.0
15000.0
-14319.971367215465
-15000.0
-15000.0
-15000.0
-15000.0
15000.0
15000.0
15000.0
15000.0
15000.0
15000.0
-15000.0
-15000.0
15000.0
15000.0
15000.0
-13994.18338670675
-13436.365395584118
-13522.077930081497
-12731.36365504281
-9545.598645655191
15000.0
15000.0
15000.0
15000.0
15000.0
-15000.0
-8043.528870449121
15000.0
15000.0
-11645.26484751204
-12351.560142400907
-13139.659449036211
-13666.547728358819
-15000.0
-15000.0
15000.0
15000.0
15000.0
15000.0
15000.0
15000.0
-13243.45146379045
-13309.012351443278
-13257.56783053482
-13784.55594430328
15000.0
15000.0
15000.0
15000.0
15000.0
-15000.0
-15000.0
-13362.199696703647
-11950.641912391173
-9292.631034739876
-2912.6968278592767
15000.0
15000.0
2087.3810687813457
15000.0
15000.0
15000.0
-15000.0
-13959.30011411183
-13741.788483527092
-12684.99852418941
-10323.239386397367
15000.0
15000.0
15000.0
15000.0
15000.0
-15000.0
-15000.0
-15000.0
-13401.811711420258
-14543.52565655415
-14444.131919809202
-15000.0
-15000.0
-15000.0
15000.0
15000.0
15000.0
15000.0
15000.0
15000.0
15000.0
15000.0
-12522.655619852809
-12522.641108214968
-12897.975513004276
-13329.37423207215
-15000.0
15000.0
15000.0
15000.0
15000.0
15000.0
-12903.167033615988
-12352.54984777129
15000.0
15000.0
15000.0
-15000.0
-15000.0
-15000.0
-15000.0
-15000.0
-15000.0
-15000.0
15000.0
15000.0
15000.0
15000.0
15000.0
15000.0
15000.0
15000.0
-14358.785066441684
-14654.746445857298
-15000.0
-15000.0
-15000.0
-15000.0
-15000.0
-1232.519275821507
15000.0
15000.0
-15000.0
15000.0
15000.0
15000.0
15000.0
15000.0
15000.0
-15000.0
-14637.67310259445
-15000.0
-14033.34579474205
-14389.185330916
-12274.36739591774
-15000.0
15000.0
15000.0
15000.0
15000.0
15000.0
15000.0
15000.0
15000.0
-14370.374461504478
-15000.0
-15000.0
-15000.0
-15000.0
-14323.67935386012
-15000.0
-15000.0
15000.0
15000.0
15000.0
15000.0
15000.0
15000.0
15000.0
15000.0
-15000.0
-15000.0
-15000.0
-15000.0
-15000.0
15000.0
15000.0
15000.0
15000.0
15000.0
15000.0
-15000.0
15000.0
-15000.0
-15000.0
-15000.0
-15000.0
-11854.208186417294
-12408.684622273646
-12260.244668563435
-7731.133381293998
15000.0
15000.0
15000.0
15000.0
15000.0
15000.0
15000.0
15000.0
15000.0
-14687.842278203723
-13567.497098255586
15000.0
15000.0
15000.0
-15000.0
-15000.0
-15000.0
-15000.0
-15000.0
-15000.0
15000.0
15000.0
15000.0
15000.0
15000.0
15000.0
-14292.239467849227
-14100.207564442455
-15000.0
-15000.0
15000.0
15000.0
15000.0
15000.0
-13526.345723856357
15000.0
15000.0
-14683.41223680025
-15000.0
-15000.0
-15000.0
-15000.0
-9370.536164304074
15000.0
15000.0
15000.0
15000.0
15000.0
15000.0
15000.0
-12182.092831639664
-11909.664265367948
-5859.775608938682
15000.0
15000.0
-13264.85045603762
-8346.996135134625
-6280.681393476075
-3598.160853129134
12352.14306817771
9335.179975982337
15000.0
-401.82738237522426
15000.0
-10888.282622768893
-11247.471931941032
-11977.76597681133
-11055.587266627477
-9595.7437883532
-5310.989065724047
2060.4588392171036
15000.0
15000.0
15000.0
4258.853098390594
15000.0
15000.0
-7323.232323232332
15000.0
15000.0
-13167.52991605644
-12793.681921146166
15000.0
15000.0
-15000.0
-15000.0
-14243.530192435304
15000.0
15000.0
15000.0
15000.0
-15000.0
-14610.755441741356
-13005.451582617043
-10429.770444161215
11286.775607980637
12292.44290619261
15000.0
10288.966415359078
15000.0
15000.0
-14045.510363561942
-13969.466817043376
-15000.0
-11976.494300830866
-9461.606423086356
-8319.541991801143
-5472.525387685976
-3289.8531943117987
2450.6746096018505
15000.0
15000.0
15000.0
-15000.0
15000.0
15000.0
15000.0
-13998.548609456579
-13184.416653575641
-12991.007733576018
-13167.69471877977
-12249.947086895998
-11429.75135130344
-12802.219680289356
-15000.0
15000.0
15000.0
15000.0
15000.0
15000.0
15000.0
15000.0
15000.0
-13777.031388596002
-14138.23878835511
15000.0
15000.0