Demand
-15000.0
15000.0
15000.0
15000.0
15000.0
15000.0
15000.0
15000.0
15000.0
15000.0
15000.0
-15000.0
15000.0
15000.0
-15000.0
-15000.0
15000.0
15000.0
-15000.0
-15000.0
-15000.0
-15000.0
-15000.0
-15000.0
-15000.0
-15000.0
15000.0
15000.0
15000.0
15000.0
15000.0
15000.0
15000.0
15000.0
15000.0
-15000.0
-15000.0
-15000.0
-15000.0
15000.0
15000.0
15000.0
15000.0
15000.0
-15000.0
-15000.0
-14309.090909090912
-9929.276754737126
15000.0
15000.0
15000.0
15000.0
-15000.0
-13878.946454748828
-13235.91443153465
-12745.728323822095
-9809.1830628916
-1328.3784429299376
15000.0
15000.0
15000.0
15000.0
15000.0
15000.0
-12449.822904368357
-13558.193060133803
-11040.616940492746
-10875.330527316022
-9432.147381939958
15000.0
15000.0
15000.0
15000.0
15000.0
-15000.0
-15000.0
-13905.84239799183
-13360.911807256372
-12613.383146563265
-12642.931101142123
-13346.922941482204
-15000.0
15000.0
15000.0
15000.0
15000.0
15000.0
15000.0
15000.0
15000.0
-14339.248294618577
-14635.197242360715
-15000.0
-15000.0
-15000.0
-15000.0
15000.0
15000.0
15000.0
15000.0
15000.0
15000.0
15000.0
15000.0
-12819.274913463294
-13477.861481809312
-13836.241609457225
-15000.0
15000.0
15000.0
15000.0
-15000.0
-15000.0
-13564.72498550943
-13658.656230033677
-12096.111566854728
15000.0
15000.0
15000.0
15000.0
15000.0
15000.0
-15000.0
-14327.348590213682
-13521.64786986326
-12093.378995832569
-11163.737472072968
-9762.256172904403
-10398.488582573285
-11096.041986244545
-15000.0
15000.0
15000.0
15000.0
15000.0
15000.0
15000.0
15000.0
15000.0
15000.0
-14696.969696969698
-13924.141650188747
-14543.933878747259
-15000.0
-15000.0
15000.0
15000.0
15000.0
15000.0
-14647.162283684898
-14611.003988932673
-14558.958217786869
-15000.0
-15000.0
-15000.0
-15000.0
15000.0
15000.0
15000.0
15000.0
15000.0
15000.0
15000.0
15000.0
15000.0
15000.0
15000.0
-15000.0
-15000.0
-15000.0
-15000.0
15000.0
15000.0
15000.0
15000.0
-13090.238999329915
-13950.563056236871
-13734.0952829522
15000.0
15000.0
15000.0
15000.0
-15000.0
-15000.0
15000.0
15000.0
15000.0
-15000.0
-15000.0
-14547.658936601714
-15000.0
-15000.0
-15000.0
15000.0
15000.0
15000.0
15000.0
15000.0
15000.0
-14659.806535676234
-14621.312443337403
-15000.0
-15000.0
-15000.0
-15000.0
15000.0
15000.0
15000.0
15000.0
15000.0
15000.0
15000.0
15000.0
-15000.0
-15000.0
-15000.0
-15000.0
-15000.0
15000.0
15000.0
15000.0
15000.0
15000.0
-15000.0
-15000.0
-15000.0
-15000.0
15000.0
15000.0
15000.0
15000.0
15000.0
-14344.962035706958
-14641.771853163202
-15000.0
-15000.0
-15000.0
-15000.0
-15000.0
15000.0
15000.0
15000.0
15000.0
15000.0
15000.0
15000.0
15000.0
-13989.242227213617
-14054.677186428336
-15000.0
15000.0
15000.0
15000.0
-15000.0
-15000.0
-15000.0
-15000.0
-15000.0
-15000.0
15000.0
15000.0
15000.0
15000.0
15000.0
15000.0
15000.0
-15000.0
-14611.062010679801
-15000.0
-15000.0
-15000.0
15000.0
15000.0
15000.0
15000.0
15000.0
15000.0
15000.0
-14084.484420173467
-12195.968911975
-9003.763827316649
15000.0
15000.0
15000.0
-15000.0
-15000.0
-15000.0
-15000.0
-15000.0
15000.0
15000.0
15000.0
15000.0
15000.0
-13360.184119677793
-13550.258255278706
-14584.53086014593
-15000.0
-15000.0
-15000.0
15000.0
15000.0
15000.0
15000.0
15000.0
15000.0
15000.0
-13723.493596472814
-13288.361887219551
-13882.807397724795
-14583.867054130777
-15000.0
-15000.0
-15000.0
-15000.0
15000.0
15000.0
15000.0
15000.0
15000.0
15000.0
15000.0
15000.0
15000.0
-15000.0
-15000.0
-15000.0
-13600.909090909092
-13769.802869003164
-13951.576145305578
-15000.0
15000.0
15000.0
15000.0
15000.0
15000.0
15000.0
-15000.0
-15000.0
-15000.0
-12705.258856120348
-12498.146292391964
-9073.312870198159
15000.0
15000.0
15000.0
15000.0
15000.0
15000.0
15000.0
-15000.0
15000.0
15000.0
-15000.0
-15000.0
-15000.0
-15000.0
-15000.0
15000.0
15000.0
15000.0
15000.0
15000.0
15000.0
-15000.0
-15000.0
-14549.407114624508
-15000.0
-15000.0
15000.0
15000.0
15000.0
15000.0
15000.0
15000.0
-15000.0
-14642.324888226536
-14558.230161740867
-15000.0
-15000.0
15000.0
15000.0
15000.0
15000.0
15000.0
-15000.0
-15000.0
-15000.0
-13571.339103686405
-13164.88698472556
-10303.353556484126
-5508.401811665084
15000.0
15000.0
15000.0
15000.0
15000.0
15000.0
15000.0
-15000.0
15000.0
-13642.31838030965
-12635.268967849472
15000.0
15000.0
15000.0
-15000.0
-15000.0
-15000.0
-15000.0
15000.0
15000.0
15000.0
15000.0
15000.0
-12718.696397941683
-12723.485337811653
-12570.8675976109
-13408.782899149111
-15000.0
15000.0
15000.0
15000.0
15000.0
-13038.767591590062
15000.0
15000.0
15000.0
-14675.042757531904
-15000.0
-15000.0
-15000.0
-15000.0
-13869.53816944658
13947.336159811588
15000.0
15000.0
9297.92614858007
15000.0
15000.0
15000.0
15000.0
-15000.0
-15000.0
-15000.0
-8313.782991202344
15000.0
15000.0
10778.514588859285
15000.0
15000.0
-14075.944631500188
-15000.0
-15000.0
-15000.0
-15000.0
-15000.0
-7522.8462802014665
15000.0
15000.0
15000.0
15000.0
15000.0
15000.0
15000.0
15000.0
15000.0
-15000.0
-15000.0
-15000.0
-15000.0
-10668.92808683854
15000.0
15000.0
15000.0
15000.0
-325.55443838874817
15000.0
15000.0
-15000.0
-15000.0
-15000.0
15000.0
15000.0
15000.0
15000.0
-14387.324817065612
-14666.403780294066
-15000.0
-15000.0
-15000.0
-15000.0
-15000.0
15000.0
15000.0
15000.0
15000.0
15000.0
15000.0
15000.0
15000.0
15000.0
-15000.0
-15000.0
-14221.75446580954
-13197.446064391701
-11155.19233816615
-10663.427374936568
-6772.299611445989
5829.509184404155
15000.0
15000.0
15000.0
15000.0
15000.0
15000.0
15000.0
-15000.0
-13227.272727272732
-13817.992776622523
-13175.538737157447
-12767.619171762846
-12713.649603865018
-15000.0
15000.0
15000.0
15000.0
15000.0
15000.0
15000.0
15000.0
15000.0
-13141.051773338771
-11790.630064781108
-11068.748167465223
-10625.523860113553
-6537.410417257585
15000.0
15000.0
15000.0
15000.0
-15000.0
-15000.0
15000.0
15000.0
15000.0
-13261.134838316051
-13296.843109118618
15000.0
15000.0
15000.0
-15000.0
-15000.0
15000.0
15000.0
15000.0
15000.0
-15000.0
-14241.156333206549
-14500.668621930196
-12285.520524123403
15000.0
15000.0
15000.0
15000.0
15000.0
-15000.0
-15000.0
-15000.0
-15000.0
-3974.854932301855
15000.0
15000.0
15000.0
15000.0
15000.0
-15000.0
-15000.0
-15000.0
-15000.0
-15000.0
-15000.0
-12763.243950294323
-10875.12934148105
15000.0
15000.0
15000.0
15000.0
15000.0
15000.0
15000.0
15000.0
-15000.0
-15000.0
-14107.085860192234
-15000.0
-15000.0
15000.0
15000.0
15000.0
15000.0
15000.0
15000.0
-13035.77289136856
-13579.1201471296
-13812.258905945968
-13164.444026578767
-13312.213609060054
-14220.514274801651
-15000.0
15000.0
15000.0
15000.0
15000.0
15000.0
15000.0
15000.0
15000.0
-14335.66433566434
-14629.285996916402
-15000.0
-15000.0
-15000.0
-15000.0
15000.0
15000.0
15000.0
15000.0
15000.0
15000.0
15000.0
-12824.72400163555
-13346.78973082142
-14284.43624279054
-14204.586727475813
-15000.0
-15000.0
-13468.887943527989
-13676.323791778861
1311.3962370739328
15000.0
15000.0
15000.0
15000.0
15000.0
15000.0
15000.0
15000.0
-15000.0
-13692.285632348729
-12863.62851581525
-12630.059215430181
-11378.882894291637
-9594.167574978415
-8123.378240324553
-5000.848129864386
4441.787546650187
15000.0
12393.288340756986
7720.538278987056
15000.0
15000.0
15000.0
15000.0
-9450.966356478173
-9145.18661618292
-6315.435293951734
-4592.716447944472
774.7534818848608
13431.460177577526
5845.8672568444545
15000.0
15000.0
-12531.337192354145
-12005.919628996926
-11349.138360569508
-9657.474945004513
-8336.301587008242
-5126.634908305831
727.6901840515629
6267.461572061074
8334.466817320928
10540.167404420234
15000.0
2410.9329636125594
15000.0
15000.0
-13035.329599310644
-13466.913230883536
-13000.18090442293
-13287.977792073969
15000.0
15000.0
15000.0
15000.0
15000.0
-15000.0
-15000.0
-15000.0
-14389.47650287857
-10781.75012660386
15000.0
15000.0
15000.0
15000.0
7778.12551739033
15000.0
15000.0
-13788.665879574972
-9527.135713899777
15000.0
15000.0
-11538.811619159394
-11253.713594625206
-10475.59674352979
-10697.527272721316
-11331.41654958819
-11304.834609226324
-11743.35365955796
15000.0
15000.0
15000.0
15000.0
15000.0
15000.0
-13456.957227937197
-13298.354829037831
-13445.44086863826
-12633.093239024882
-11765.373151131611
-12566.925465875353
15000.0
15000.0
15000.0
15000.0
15000.0
15000.0
-15000.0
-14660.465542521997
-14622.194997132756
-13692.838106463958
-14471.82474441177
-15000.0
-15000.0