Demand
15000.0
15000.0
15000.0
15000.0
15000.0
15000.0
15000.0
15000.0
15000.0
15000.0
15000.0
15000.0
15000.0
15000.0
15000.0
15000.0
-15000.0
-15000.0
-15000.0
-15000.0
15000.0
15000.0
15000.0
15000.0
15000.0
15000.0
15000.0
15000.0
15000.0
15000.0
15000.0
15000.0
-14636.788445199662
-15000.0
-15000.0
15000.0
15000.0
15000.0
15000.0
-15000.0
15000.0
15000.0
15000.0
-15000.0
-15000.0
-15000.0
15000.0
15000.0
15000.0
15000.0
-15000.0
-15000.0
-15000.0
-13668.22429906542
-12834.553150243191
-12084.627512632356
-7487.931717690171
14118.675471853474
13835.019491959036
118.13018257655312
15000.0
15000.0
15000.0
15000.0
15000.0
-13709.385259821127
-11078.613546541117
-8900.90095109593
15000.0
15000.0
15000.0
-15000.0
-15000.0
-15000.0
-15000.0
-15000.0
-12278.0332507959
-6832.84056400456
15000.0
15000.0
15000.0
15000.0
15000.0
15000.0
15000.0
15000.0
-15000.0
-15000.0
-15000.0
-14133.029133029137
-13982.197241942744
-14360.61841476915
-15000.0
-15000.0
15000.0
15000.0
15000.0
15000.0
15000.0
15000.0
15000.0
15000.0
15000.0
-12179.962894248609
-11087.765638131837
15000.0
15000.0
15000.0
-15000.0
-15000.0
-15000.0
15000.0
15000.0
15000.0
15000.0
-14344.073647871122
-14282.402753737602
-14597.17883512237
-15000.0
-15000.0
-15000.0
-15000.0
15000.0
15000.0
15000.0
15000.0
15000.0
15000.0
15000.0
15000.0
-15000.0
15000.0
-15000.0
-15000.0
-15000.0
15000.0
15000.0
15000.0
15000.0
15000.0
15000.0
15000.0
-14688.694702348446
-15000.0
-15000.0
-15000.0
-15000.0
-15000.0
15000.0
15000.0
15000.0
15000.0
15000.0
15000.0
-15000.0
-15000.0
-15000.0
15000.0
15000.0
15000.0
15000.0
-8281.19174239436
15000.0
15000.0
-15000.0
-14647.038079127975
-15000.0
-15000.0
-15000.0
-15000.0
-15000.0
-15000.0
15000.0
15000.0
15000.0
15000.0
15000.0
15000.0
15000.0
15000.0
15000.0
-15000.0
-15000.0
-15000.0
-15000.0
-13450.362341560132
-13625.984050165873
-15000.0
-15000.0
15000.0
15000.0
15000.0
15000.0
15000.0
15000.0
15000.0
-13158.388868279937
-13196.488277185577
-13712.727977977527
-13336.238732104997
15000.0
15000.0
15000.0
15000.0
15000.0
-15000.0
-15000.0
-15000.0
-14099.466789546444
-12827.052597522335
-13584.275555600947
-13851.821476970701
-15000.0
15000.0
15000.0
15000.0
15000.0
15000.0
15000.0
15000.0
15000.0
-14322.785414234062
-14184.87009476708
-15000.0
-15000.0
15000.0
15000.0
15000.0
15000.0
15000.0
-14689.711486118671
-14315.536189138948
-14221.563613375994
-14532.802112340101
-15000.0
-15000.0
15000.0
15000.0
15000.0
15000.0
15000.0
15000.0
15000.0
-14693.383539537386
-13636.80795414705
-13828.267218450015
-12604.87327044204
-13023.995388118248
-12310.759595356125
15000.0
15000.0
15000.0
15000.0
15000.0
15000.0
-15000.0
-15000.0
15000.0
15000.0
15000.0
-15000.0
-15000.0
-13935.242839352435
-13980.511875652344
15000.0
15000.0
15000.0
15000.0
15000.0
-15000.0
-15000.0
-15000.0
-15000.0
-15000.0
-15000.0
-15000.0
-1627.5659824048043
15000.0
15000.0
15000.0
15000.0
15000.0
15000.0
15000.0
15000.0
-15000.0
-15000.0
-15000.0
-15000.0
15000.0
15000.0
15000.0
15000.0
15000.0
-13337.028824833706
-13489.458961588323
-14544.544653160418
-15000.0
-15000.0
15000.0
15000.0
15000.0
15000.0
15000.0
15000.0
-15000.0
-15000.0
-13563.456345634564
-13012.140971001449
-13643.343466225004
-14456.368350348072
-15000.0
-15000.0
-15000.0
15000.0
15000.0
15000.0
15000.0
15000.0
15000.0
15000.0
15000.0
-15000.0
-15000.0
-15000.0
-15000.0
15000.0
15000.0
15000.0
15000.0
15000.0
-14634.247066411208
-15000.0
15000.0
15000.0
15000.0
-15000.0
-15000.0
-15000.0
-15000.0
-10253.296321998627
15000.0
15000.0
15000.0
15000.0
15000.0
15000.0
-15000.0
-15000.0
-15000.0
-15000.0
-15000.0
-15000.0
-15000.0
15000.0
15000.0
15000.0
15000.0
15000.0
15000.0
15000.0
15000.0
-15000.0
-14635.653409090912
-15000.0
-15000.0
-13795.642788795649
15000.0
15000.0
15000.0
15000.0
15000.0
15000.0
-15000.0
-15000.0
-15000.0
-14549.050632911392
-14441.09696666642
-15000.0
-15000.0
15000.0
15000.0
15000.0
15000.0
15000.0
15000.0
15000.0
15000.0
-14041.882616612973
-13874.5925601852
-12562.461570463598
-11796.800245668808
7958.114707078494
15000.0
15000.0
15000.0
15000.0
-15000.0
-15000.0
-15000.0
-12760.942760942762
-9498.003932550808
15000.0
15000.0
15000.0
15000.0
15000.0
15000.0
-15000.0
-15000.0
-15000.0
-13558.178752107928
-12591.075412253333
-10728.476683802746
-3511.9215244907546
15000.0
15000.0
15000.0
-5024.8851218503505
15000.0
15000.0
15000.0
15000.0
-15000.0
-13980.22151547498
-13478.884258851896
-14117.417883540511
-13892.644941728184
-14191.802216754902
-15000.0
15000.0
15000.0
15000.0
15000.0
15000.0
15000.0
15000.0
-14029.275808936825
-14295.015165905821
-14605.721281908867
-15000.0
-15000.0
-15000.0
-15000.0
15000.0
15000.0
15000.0
15000.0
15000.0
15000.0
15000.0
15000.0
-15000.0
-15000.0
-15000.0
15000.0
15000.0
15000.0
15000.0
15000.0
-13468.212530712535
-13681.382400441515
-13913.218529131227
-14589.006701219187
-15000.0
-15000.0
-15000.0
-15000.0
15000.0
15000.0
15000.0
15000.0
15000.0
15000.0
15000.0
-9995.547942787154
15000.0
15000.0
15000.0
-15000.0
-15000.0
-15000.0
-13110.795454545456
-11349.931627922491
15000.0
15000.0
15000.0
15000.0
15000.0
15000.0
-15000.0
-15000.0
-15000.0
-15000.0
-12331.252438548581
-13929.994652390265
-8705.032145580757
15000.0
15000.0
15000.0
15000.0
15000.0
15000.0
15000.0
-14348.395894977395
-13452.879678967107
-11452.25514832247
-10015.791824064745
15000.0
15000.0
517.8291190008913
15000.0
15000.0
-15000.0
-15000.0
-15000.0
15000.0
15000.0
15000.0
15000.0
-13756.05264952602
-13670.295024481442
-13917.953190574444
-15000.0
-15000.0
-15000.0
-15000.0
-15000.0
15000.0
15000.0
15000.0
15000.0
15000.0
15000.0
15000.0
15000.0
15000.0
-12502.738225629793
15000.0
-14669.41678520626
-15000.0
-15000.0
-15000.0
-15000.0
-15000.0
2008.4545273287877
15000.0
15000.0
15000.0
15000.0
15000.0
15000.0
15000.0
15000.0
-15000.0
-15000.0
-14616.634906400628
-15000.0
-13900.25866890547
-14239.096107685898
-10551.796540023217
15000.0
15000.0
15000.0
15000.0
15000.0
15000.0
15000.0
15000.0
-15000.0
-14100.378787878792
-15000.0
15000.0
15000.0
15000.0
15000.0
-15000.0
-15000.0
-15000.0
-15000.0
-15000.0
-15000.0
-13130.807068682829
-12675.1262085729
15000.0
15000.0
15000.0
15000.0
15000.0
15000.0
15000.0
15000.0
-15000.0
15000.0
15000.0
-15000.0
-15000.0
-15000.0
-15000.0
15000.0
15000.0
15000.0
15000.0
15000.0
15000.0
-14076.24633431085
-13669.051878354207
-13901.1894979537
-14583.4033873728
-15000.0
-15000.0
-15000.0
-15000.0
15000.0
15000.0
15000.0
15000.0
15000.0
15000.0
15000.0
-15000.0
-15000.0
-15000.0
-15000.0
-15000.0
-15000.0
-15000.0
15000.0
15000.0
15000.0
15000.0
15000.0
15000.0
15000.0
15000.0
-15000.0
-15000.0
-14032.542599682736
-14310.415247868059
-13379.580625236784
15000.0
15000.0
15000.0
15000.0
15000.0
15000.0
-15000.0
-15000.0
-15000.0
-12963.477570464467
-10835.223359931086
-7810.039786528181
15000.0
15000.0
15000.0
15000.0
9293.365966394991
15000.0
15000.0
-13487.060384870605
-13849.276008347875
-5087.629307103568
15000.0
15000.0
15000.0
-9425.7804188005
-7284.5783416670465
-6751.364740615689
-5250.689576005392
-4550.268339392192
-672.706562451267
15000.0
7951.982502363589
15000.0
15000.0
15000.0
-10975.887911371785
-10261.477646310996
-8533.983565184946
-5728.807994172278
-3313.6495270414307
-1237.6969583617265
4491.4234692644195
15000.0
8154.085258335466
15000.0
15000.0
-13178.775199695701
-13697.508218394469
-13571.85466307677
-14194.853404578633
-15000.0
-15000.0
-13961.220934986912
-15000.0
15000.0
15000.0
15000.0
15000.0
15000.0
15000.0
15000.0
-10858.944126433551
-11217.952159151882
-10282.376112158036
-9424.011672222703
-10477.092967974339
-9835.059076807254
-1288.2632465012084
15000.0
15000.0
15000.0
15000.0
15000.0
15000.0
-11835.530881332412
-12648.775768597086
-13185.34643611083
-14196.888370676326
-14537.585875296492
-15000.0
-15000.0
-15000.0
15000.0
15000.0
15000.0
15000.0
15000.0
15000.0
15000.0
15000.0
15000.0
-15000.0
15000.0
15000.0
-15000.0
-15000.0
-15000.0
-14503.181382376017
-14340.04871753537
-11658.572780166505
-9687.606772217892
15000.0
15000.0