Demand
-15000.0
-15000.0
-15000.0
-15000.0
-15000.0
-15000.0
-15000.0
-15000.0
15000.0
15000.0
15000.0
15000.0
15000.0
15000.0
15000.0
15000.0
-15000.0
15000.0
15000.0
-15000.0
-15000.0
-15000.0
15000.0
15000.0
15000.0
-15000.0
-15000.0
-15000.0
-15000.0
15000.0
15000.0
15000.0
5727.272727274405
15000.0
15000.0
-15000.0
-15000.0
-15000.0
-15000.0
-15000.0
-11323.710073710077
15000.0
15000.0
15000.0
15000.0
15000.0
15000.0
15000.0
-15000.0
-15000.0
-15000.0
-15000.0
-15000.0
-10749.289772727276
15000.0
15000.0
15000.0
15000.0
15000.0
15000.0
15000.0
-15000.0
-11742.275406322555
-8907.866267589055
15000.0
15000.0
15000.0
-12321.068886800058
-12164.840614582092
-9434.200231273273
15000.0
15000.0
15000.0
-15000.0
-15000.0
-15000.0
-12218.319796260072
15000.0
15000.0
9850.954486327595
15000.0
15000.0
15000.0
-15000.0
-15000.0
-15000.0
-15000.0
-15000.0
-15000.0
-13434.496017577596
-12239.200065035377
173.77409191661354
15000.0
15000.0
15000.0
15000.0
15000.0
15000.0
15000.0
15000.0
-14373.28202308961
-12905.12936499152
-11800.321143455054
-11146.014878079452
-10485.562047828342
-10426.167501744643
15000.0
15000.0
15000.0
15000.0
15000.0
15000.0
-15000.0
-13968.6369119421
-14219.463188297883
-14062.261130853207
-13750.137851712814
-13919.1495164671
-15000.0
15000.0
15000.0
15000.0
15000.0
15000.0
15000.0
-12447.64066423116
-11478.431134536462
-9641.12855060655
-8556.286187568625
15000.0
15000.0
15000.0
15000.0
15000.0
-15000.0
-15000.0
-15000.0
-12601.010101010113
15000.0
15000.0
15000.0
15000.0
15000.0
-15000.0
-15000.0
-15000.0
-15000.0
-15000.0
-15000.0
-5196.560196560154
15000.0
15000.0
15000.0
15000.0
15000.0
15000.0
15000.0
-15000.0
-13902.269371995306
-14578.121742062256
-13953.265263599951
-10566.481515047974
-9617.444041595805
15000.0
15000.0
15000.0
15000.0
15000.0
15000.0
15000.0
-15000.0
-15000.0
-15000.0
-13609.756097560978
-12133.470612738147
-11077.861330793832
-12210.698307616665
15000.0
15000.0
15000.0
15000.0
15000.0
15000.0
15000.0
15000.0
-14044.336810730256
-14296.684665442746
-15000.0
-15000.0
-14312.428330602968
-15000.0
15000.0
15000.0
15000.0
15000.0
15000.0
15000.0
15000.0
-14373.419808728155
-14661.972878479606
-14627.412799233545
-15000.0
-15000.0
-15000.0
-15000.0
-15000.0
15000.0
15000.0
15000.0
15000.0
15000.0
15000.0
15000.0
15000.0
-15000.0
-15000.0
-15000.0
-15000.0
-11171.66324932153
15000.0
15000.0
15000.0
15000.0
15000.0
15000.0
15000.0
-15000.0
-15000.0
15000.0
15000.0
-14591.178052716517
-13927.890027283313
-13207.410406296556
-4766.592044208242
15000.0
15000.0
15000.0
15000.0
15000.0
-15000.0
15000.0
15000.0
-15000.0
-14638.717855849336
-13133.010648648964
-12749.659633375944
15000.0
1050.4138173860947
15000.0
15000.0
15000.0
-15000.0
-15000.0
-15000.0
-15000.0
15000.0
15000.0
15000.0
15000.0
-15000.0
-15000.0
-15000.0
-14127.272727272732
-14478.475251280113
-15000.0
-15000.0
-15000.0
15000.0
15000.0
15000.0
15000.0
15000.0
15000.0
15000.0
15000.0
-15000.0
-14626.960079432945
-14142.307141274723
-13440.659302620697
-10147.110013428544
-6408.924231307137
-2224.540956656924
15000.0
15000.0
15000.0
15000.0
15000.0
15000.0
15000.0
-15000.0
-15000.0
-15000.0
-12055.78512396694
15000.0
15000.0
15000.0
15000.0
15000.0
-15000.0
-15000.0
-15000.0
-15000.0
-15000.0
-15000.0
-15000.0
15000.0
15000.0
15000.0
15000.0
15000.0
15000.0
15000.0
15000.0
15000.0
-15000.0
-15000.0
-15000.0
-15000.0
-15000.0
-15000.0
-15000.0
15000.0
15000.0
15000.0
15000.0
15000.0
15000.0
15000.0
15000.0
-14673.329035031165
-15000.0
-14609.492838376718
-15000.0
-15000.0
-15000.0
-15000.0
-15000.0
15000.0
15000.0
15000.0
15000.0
15000.0
15000.0
15000.0
15000.0
15000.0
-15000.0
-15000.0
-15000.0
-15000.0
-15000.0
-15000.0
15000.0
15000.0
15000.0
15000.0
15000.0
15000.0
15000.0
15000.0
-15000.0
-15000.0
-15000.0
-14389.176638685483
-15000.0
15000.0
15000.0
15000.0
15000.0
15000.0
-15000.0
-15000.0
-15000.0
15000.0
15000.0
15000.0
-14667.011189502537
-14630.92377054408
-15000.0
-15000.0
-15000.0
-15000.0
15000.0
15000.0
15000.0
15000.0
15000.0
15000.0
15000.0
15000.0
-13429.752066115707
-13543.11890061741
-14072.618069978289
-14235.903561791823
-15000.0
15000.0
15000.0
15000.0
15000.0
-15000.0
-13710.768279939992
-13407.390045614273
-13505.18668605699
-13420.768847235257
15000.0
15000.0
15000.0
15000.0
15000.0
15000.0
15000.0
-14039.415785038855
-13584.686634705224
-12983.862061786924
-11620.795448243553
-10620.506159596065
-9126.165306067687
1281.358587935776
15000.0
15000.0
15000.0
15000.0
15000.0
15000.0
-14087.351005159224
-12689.32133185117
15000.0
15000.0
-14578.71396895788
-15000.0
15000.0
15000.0
-15000.0
-14474.91911462614
-12371.03357373501
9237.434955630815
15000.0
15000.0
15000.0
15000.0
15000.0
-15000.0
15000.0
-15000.0
-15000.0
-11869.667549279202
-11082.714390645604
-10524.136715955585
-8464.44529782328
-9008.35922202597
-9423.858341241918
-6100.720162621031
15000.0
15000.0
15000.0
15000.0
15000.0
15000.0
15000.0
15000.0
-13448.557430593362
-13653.115836954952
-13875.030288884296
-14564.869598113477
-15000.0
-15000.0
-15000.0
15000.0
15000.0
15000.0
15000.0
15000.0
15000.0
15000.0
-12140.322649511054
-11823.680254975512
-12551.020575242172
-13448.899757066381
-14175.826311439389
-15000.0
15000.0
15000.0
15000.0
15000.0
15000.0
-13598.512786892225
-14221.07686869281
-14548.86846682441
-15000.0
-15000.0
-15000.0
15000.0
15000.0
15000.0
15000.0
15000.0
15000.0
15000.0
15000.0
-15000.0
-15000.0
15000.0
15000.0
15000.0
-14386.248269497002
-13671.981397532229
-12442.785530747104
-12538.308148141747
-11626.896409302
-11374.496829485954
-11480.459117504757
-10713.927928418052
15000.0
15000.0
15000.0
15000.0
15000.0
15000.0
15000.0
-14031.667900858127
-13583.589118919728
-13405.801840846769
-13594.900796916805
-15000.0
-15000.0
-15000.0
15000.0
15000.0
15000.0
15000.0
15000.0
15000.0
15000.0
-12172.792526935915
-11968.042441197053
-12427.728457603149
-12934.028734060026
-13046.529207105545
-13741.798827629089
-13997.863265713215
-15000.0
15000.0
15000.0
15000.0
15000.0
15000.0
15000.0
15000.0
-15000.0
-15000.0
-15000.0
-15000.0
-15000.0
-15000.0
-15000.0
15000.0
15000.0
15000.0
15000.0
15000.0
15000.0
15000.0
15000.0
15000.0
-15000.0
-15000.0
-15000.0
-15000.0
-15000.0
15000.0
15000.0
15000.0
15000.0
15000.0
15000.0
-14675.121117127386
-15000.0
-15000.0
-15000.0
15000.0
15000.0
15000.0
15000.0
15000.0
-14358.785066441684
-14654.746445857298
-15000.0
-15000.0
-15000.0
-15000.0
-15000.0
-15000.0
15000.0
15000.0
15000.0
15000.0
15000.0
15000.0
15000.0
15000.0
15000.0
-15000.0
-15000.0
-12702.20683239444
-13276.55098625835
-13474.361458105104
-12396.83795630644
-12108.781592656862
-12629.412935796663
15000.0
15000.0
15000.0
15000.0
15000.0
15000.0
15000.0
15000.0
-13912.905276541642
-13717.334060700166
15000.0
15000.0
15000.0
-15000.0
-15000.0
-15000.0
-15000.0
-15000.0
-12529.526492577748
-9671.788192169864
-6501.907850583882
15000.0
15000.0
15000.0
15000.0
15000.0
15000.0
15000.0
15000.0
-14692.656098350046
-14653.905492596401
-14589.335000292282
-14460.332298213514
-14075.454008843375
15000.0
15000.0
-15000.0
15000.0
15000.0
15000.0
-13603.010378326468
-12672.180570616405
-12343.246985231948
-10750.747356163389
-8161.96491316166
-5081.878290414927
4188.437847975715
15000.0
15000.0
7056.162305123249
15000.0
15000.0
15000.0
15000.0
-9741.495291178166
-8981.168151008165
-8796.837450001134
-6244.2804197191035
-5430.771905668666
-3322.5562757195075
-1953.8923337611404
4290.866109406225
15000.0
10930.128565045034
15000.0
8855.01695623506
15000.0
-10715.387086411822
-9826.701996178912
-7648.765789601767
-3755.0496573780765
539.0967227775745
5525.873777172651
14781.403549193084
6528.271140626404
15000.0
15000.0
-12842.743492701014
-12829.839070325877
-13089.062477288615
-11267.327629869134
15000.0
15000.0
15000.0
15000.0
-15000.0
15000.0
-15000.0
-15000.0
-15000.0
-14500.875656742559
-12427.388663539597
-9324.379579417437
8060.210891450441
11552.755553583422
15000.0
14288.542151793554
1266.3335630816428
15000.0
15000.0
15000.0
15000.0
-12754.010695187171
-11229.500851330766
-10946.33304265864
-10167.600749071386
-10513.218399408834
-11356.292274011583
-11739.258669269257
-13095.499976458334
-12553.73334936045
15000.0
15000.0
15000.0
15000.0
15000.0
15000.0
15000.0
15000.0
-13386.731574776408
-13260.627251698552
-14235.902131499712
-15000.0
-15000.0
-15000.0
-15000.0
-15000.0
15000.0
15000.0
15000.0
15000.0
15000.0
15000.0
15000.0
15000.0