Demand
11250.0
11250.0
11250.0
11250.0
11250.0
11250.0
11250.0
11250.0
11250.0
11250.0
11250.0
11250.0
11250.0
11250.0
11250.0
11250.0
11250.0
11250.0
11250.0
11250.0
11250.0
-11250.0
-11250.0
11250.0
11250.0
11250.0
11250.0
11250.0
11250.0
11250.0
11250.0
11250.0
11250.0
11250.0
11250.0
11250.0
11250.0
-11250.0
-9862.476455916287
-7107.450789142498
-8646.892128226777
-9301.150518041104
-8744.679479324004
10101.564413720876
11250.0
11250.0
-11250.0
11250.0
11250.0
11250.0
-11250.0
-11250.0
-10288.680462157146
-10492.01990956379
-10275.386892418763
-9762.660421392608
-9190.193806858471
11250.0
11250.0
11250.0
11250.0
11250.0
11250.0
11250.0
11250.0
-11250.0
-11250.0
-11250.0
-11250.0
11250.0
11250.0
11250.0
11250.0
11250.0
-11250.0
-11250.0
-11250.0
-11250.0
-11250.0
-11250.0
-9259.423503325954
11250.0
11250.0
11250.0
11250.0
11250.0
11250.0
11250.0
-10279.209498503704
-10368.604546308736
-10832.180315140664
-10048.906513189286
11250.0
11250.0
11250.0
11250.0
-11250.0
-10362.265081596583
-10521.458537144154
-6564.810609243574
5419.090181394691
11250.0
9709.745525638937
8771.614346757458
8546.028942844543
7867.579356048115
-7500.000000000001
5714.725716508867
7463.117818015082
6075.334615253778
-6818.181818181818
-2991.5815456875534
-3525.5355497106752
-3512.864041432056
-3452.9611557431235
-3894.3804882483914
-4878.38979229671
-5171.362517260401
-3735.7124271229436
-3941.6119651860427
-1992.328749450282
5692.766531465219
11250.0
11122.879995290754
6345.148105087185
11250.0
11250.0
-9576.446280991739
-9941.94426649584
-10361.341061247582
-10538.714599403349
-10773.369468621142
-11250.0
11250.0
11250.0
11250.0
11250.0
11250.0
11250.0
11250.0
-11250.0
-11250.0
-11250.0
-11250.0
-11250.0
-11250.0
-9080.493076874885
-568.4799315128457
11250.0
11250.0
11250.0
11250.0
11250.0
11250.0
11250.0
11250.0
-10788.25382538254
11250.0
-11250.0
-10433.251074669639
-10013.928022596258
-9050.592480158703
-8923.250632443855
-7756.643058017373
-6021.69096152261
11250.0
11250.0
11250.0
11250.0
11250.0
11250.0
11250.0
-10500.665425980827
-9796.777870069593
-9798.727501233636
-10165.109291986457
-11250.0
11250.0
11250.0
11250.0
11250.0
11250.0
11250.0
11250.0
-11250.0
11250.0
11250.0
-11250.0
-10924.4786158467
-11250.0
-11250.0
11250.0
11250.0
11250.0
11250.0
-11250.0
-11250.0
-10926.816139116734
-10489.331185248571
-11250.0
-11250.0
-11250.0
11250.0
11250.0
11250.0
11250.0
11250.0
11250.0
11250.0
11250.0
11250.0
-11250.0
-11250.0
-11250.0
-11250.0
-11250.0
11250.0
11250.0
11250.0
11250.0
11250.0
-11250.0
-11250.0
-11250.0
-11250.0
11250.0
11250.0
11250.0
11250.0
11250.0
-11250.0
11250.0
11250.0
11250.0
-11012.54397333827
-10409.439178946803
-10523.259014139563
-9999.423043922725
11250.0
11250.0
11250.0
11250.0
11250.0
-7467.3100871731
-5613.597810312698
-4973.306641348296
-3906.8597209888044
-3650.6363665540534
-3603.7537658094097
-1275.3931055254689
2118.211373327692
4146.7223418483645
3740.6978205505006
5484.761540128045
9460.948669020614
7355.000102876249
6800.918133179526
11250.0
-7386.363636363636
-2820.7639569049934
-1068.2691178856585
-369.74766312769134
56.35579819618033
2080.073163839029
2552.758663778741
2142.841269394371
1254.0175466721375
-802.4687474388684
-112.0932193137105
-480.79203279331705
86.78167217968803
1179.8051659299017
4749.233457816348
6868.35819799521
-6477.272727272728
36.14107676345793
130.9737151625577
-1593.5223627253563
-2158.998178687909
-3780.2758790811026
-5089.43946922519
-3534.4595449512904
-3786.6312983956323
-3843.6180901229177
-2460.842978336159
-1710.9873573132554
8056.5055052517455
8117.859238955909
11250.0
4529.478253582785
11250.0
11250.0
-10335.423552160617
-10258.563964343
-9875.08190174634
-10304.824241943319
-10477.792510296651
-11250.0
-11250.0
11250.0
11250.0
11250.0
11250.0
11250.0
11250.0
11250.0
-11250.0
-11250.0
-11250.0
-11250.0
-11250.0
-11250.0
-11250.0
11250.0
11250.0
11250.0
11250.0
11250.0
11250.0
11250.0
11250.0
-11250.0
11250.0
-11250.0
-11250.0
-11250.0
-6808.441558441566
11250.0
11250.0
11250.0
11250.0
11250.0
11250.0
-11250.0
-11250.0
-11250.0
-11250.0
11250.0
11250.0
11250.0
11250.0
11250.0
-8517.012359710188
-8856.491701082403
-9508.093342803048
-10267.997858375926
-10860.53495578079
-11250.0
-11250.0
-11250.0
11250.0
11250.0
11250.0
11250.0
11250.0
11250.0
11250.0
11250.0
-11001.746640159337
-11250.0
-11250.0
-11250.0
-11250.0
-11250.0
11250.0
11250.0
11250.0
11250.0
11250.0
11250.0
11250.0
-11250.0
-11250.0
11250.0
11250.0
11250.0
-11250.0
-11250.0
-11250.0
-11250.0
-11250.0
11250.0
11250.0
11250.0
11250.0
11250.0
11250.0
-10994.238055895847
-10120.508904686914
-9657.65131673355
-9385.78120169531
-9850.229931294267
-11250.0
-11250.0
11250.0
11250.0
11250.0
11250.0
11250.0
11250.0
11250.0
11250.0
-11250.0
-11250.0
-11250.0
-11250.0
11250.0
11250.0
11250.0
11250.0
-11250.0
-11250.0
-11250.0
-10861.21422716722
-11250.0
-11250.0
-11250.0
11250.0
11250.0
11250.0
11250.0
11250.0
11250.0
11250.0
11250.0
11250.0
-11250.0
-11250.0
-11250.0
11250.0
11250.0
11250.0
11250.0
-11250.0
-11250.0
-11250.0
-11250.0
11250.0
11250.0
11250.0
11250.0
11250.0
11250.0
-11250.0
-11250.0
-11250.0
-11250.0
11250.0
11250.0
11250.0
11250.0
11250.0
-11250.0
-11250.0
-11250.0
11250.0
11250.0
11250.0
11250.0
-11017.700918328534
-10725.811739982128
-10006.983413872553
-8840.358877055063
-8742.796709942359
8715.614639081918
11250.0
11250.0
11250.0
-2061.087292032502
11250.0
-9499.963807214732
-8319.142708818556
-6074.427212632163
1442.621535017991
7972.08578617754
8120.422889081117
7384.562473115265
6867.2959401696135
11250.0
-5779.2504570383935
-5626.3723588573885
-5346.057270650064
-5554.223827136964
-5967.138800393885
-3395.4490499374406
6198.645135057271
11250.0
11250.0
5154.408155993386
11250.0
11250.0
-7375.743415463043
-6402.439432509556
-4774.563331115927
-3841.1325456405116
-3999.007064497821
-4732.377938587269
-3614.6793490604437
-2536.313178720866
-1923.7223116756868
682.9110464723153
4150.542644125611
9996.141671306013
7972.219199983717
11250.0
9044.7706813431
8110.48992926413
-7386.363636363636
-1869.950087717134
-389.0634051907091
1094.0929598453313
481.37044164083636
-730.5981388393175
-253.96614361479442
3403.9105468729776
11250.0
-7272.727272727273
-3627.867585878996
-4673.4875690816625
-3780.6187577696273
-3369.3197739409975
-4102.183347854176
-5125.679220119469
-3419.2500931115865
-2901.6887740967304
-1091.3152347297073
2688.7203595787396
7117.404819688599
7474.898453432299
11250.0
11167.016950149464
837.9785075612235
11250.0
-8792.580370449225
-8640.512116572878
-8618.565159934518
-7019.833294520632
11250.0
11250.0
11250.0
11250.0
11250.0
-11250.0
-11250.0
-11250.0
-11250.0
11250.0
11250.0
11250.0
11250.0
11250.0
11250.0
-11250.0
-11250.0
-11250.0
-11250.0
11250.0
11250.0
11250.0
11250.0
11250.0
-11250.0
-11250.0
-11250.0
-11250.0
-11250.0
-11250.0
11250.0
11250.0
11250.0
11250.0
11250.0
11250.0
11250.0
-8093.20643255661
-1961.9347421597195
11250.0
11250.0
-8983.001191520565
-8267.627711634617
-7113.935742139103
-4731.95304484553
-4773.088542871563
-3020.671031235588
-193.4299671646495
542.5790414360044
-811.0223157836535
1106.643327802447
11250.0
11250.0
-2516.864199315638
11250.0
11250.0
11250.0
-11250.0
-11250.0
-10923.231757032205
-11250.0
-11250.0
-11250.0
11250.0
11250.0
11250.0
11250.0
11250.0
11250.0
11250.0
-11250.0
11250.0
-11250.0
-11250.0
-11250.0
-11250.0
-11250.0
-11250.0
-11250.0
-11250.0
11250.0
11250.0
11250.0
11250.0
11250.0
11250.0
11250.0
11250.0
11250.0
-11250.0
-11250.0
-11250.0
-11250.0
-11250.0
-11250.0
11250.0
11250.0
11250.0
11250.0
11250.0
11250.0
11250.0
11250.0
-11250.0
-11250.0
11250.0
11250.0
11250.0
-11250.0
-11250.0
-11250.0
11250.0
11250.0
11250.0
11250.0
11250.0
-10296.291132180704
-9128.472466685827
-8526.251788276222
-8341.400886084812
-8321.396275627063
-8558.09511698467
11250.0
11250.0
11250.0
11250.0
11250.0
11250.0
-9404.13423410193
-8001.092695623451
-6221.8567155815435
5315.188524645817
11250.0
6688.996338451983
11250.0
11250.0
-4959.482780992916
-3510.571599592676
-1495.4714526266544
-504.01974005977354
470.0646185615833
1915.7710106188342
1328.278671505368
570.6307712187054
231.20741328141412
1413.8510054664257
4398.025855028676
3704.8498234125354
1647.238571345637
-5909.09090909091
11250.0
-880.7434431078727
-502.4906730083512
11250.0
-5827.167019027485
-4630.421020248119
-5137.700656012217
-5360.587260034292
-5259.290256852502
-5998.395604159283
-7092.302212483421
-7100.2872964853805
-6839.627876139282
-3719.2645588573523
11250.0
10880.230473465115
11250.0
5452.320936767797
11250.0
11250.0
11250.0
-11250.0
-11250.0
11250.0
11250.0
11250.0
-11250.0
11250.0
-11250.0
-11250.0
-10639.975622807542
-10892.639911670449
-11250.0
-11250.0
-11250.0
11250.0
11250.0
11250.0
11250.0
11250.0
11250.0
11250.0
11250.0
-11010.593615829755
-11250.0
-11250.0
-11250.0
-11250.0
-11250.0
-11250.0
-11250.0
11250.0
11250.0
11250.0
11250.0
11250.0
11250.0