Demand
11250.0
11250.0
11250.0
11250.0
11250.0
11250.0
11250.0
11250.0
11250.0
11250.0
11250.0
11250.0
11250.0
11250.0
11250.0
-11250.0
-11250.0
-11250.0
-11250.0
-11250.0
11250.0
11250.0
11250.0
11250.0
11250.0
11250.0
11250.0
11250.0
11250.0
11250.0
11250.0
11250.0
-11250.0
11250.0
11250.0
-11250.0
-10951.595479474821
-11250.0
-7065.758817553444
11250.0
11250.0
11250.0
11250.0
11250.0
-10266.110471806682
11250.0
11250.0
-11250.0
-11250.0
-11250.0
-11250.0
-11250.0
-9520.354645354644
-9112.853989271702
11250.0
11250.0
11250.0
11250.0
11250.0
11250.0
11250.0
11250.0
-11250.0
-11250.0
-11250.0
-11250.0
-11250.0
-11250.0
-11250.0
11250.0
11250.0
11250.0
11250.0
11250.0
11250.0
11250.0
-11250.0
-11250.0
-11250.0
-11250.0
-10641.699604743088
-8683.114455161747
11250.0
11250.0
11250.0
11250.0
11250.0
11250.0
11250.0
11250.0
-10952.321083172148
-10814.170299117097
-11250.0
11250.0
11250.0
11250.0
11250.0
-10504.540183567082
-10697.012472123846
-8365.401131904604
-4364.697292932577
-1606.6300203841693
1176.445075853435
5785.280174820088
9333.517547775256
10308.7889448565
7795.577013817718
6426.138573450966
7114.271371217088
-6590.909090909091
-1789.8062066256389
-2836.4092183273933
-3316.74509332746
-3204.17146321278
-2999.1789032436463
-3268.481233683304
-4037.7056914814116
-3751.391513444682
-119.96300762648752
3425.156483747941
11250.0
10147.464695148039
3826.75618466636
11250.0
-9156.666747270552
-9020.273558228215
-9376.849158439618
-9176.635228136405
-9558.981182992378
-10019.793377599486
-10129.711851961558
-10211.774078916336
11250.0
11250.0
11250.0
11250.0
11250.0
11250.0
11250.0
11250.0
-11250.0
-11250.0
11250.0
11250.0
11250.0
11250.0
-10505.802707930368
-9480.87699663164
-7795.658120335174
-6362.13474961157
11250.0
11250.0
1103.0177758203718
11250.0
11250.0
-9934.615384615387
-10653.471682105741
-11250.0
-11250.0
-8396.985624968584
11250.0
11250.0
11250.0
11250.0
11250.0
11250.0
11250.0
-11250.0
-11250.0
-11250.0
-11250.0
-9824.683262947332
11250.0
11250.0
11250.0
11250.0
11250.0
-11250.0
-11250.0
-11250.0
-11250.0
-11250.0
-11250.0
-11250.0
11250.0
11250.0
11250.0
11250.0
11250.0
11250.0
11250.0
11250.0
-11250.0
-11250.0
-11250.0
11250.0
11250.0
11250.0
11250.0
11250.0
11250.0
-11250.0
11250.0
11250.0
-11250.0
-11250.0
-11250.0
-11250.0
-11250.0
-11250.0
-11250.0
-11250.0
11250.0
11250.0
11250.0
11250.0
11250.0
11250.0
11250.0
11250.0
11250.0
-11250.0
-11250.0
-11250.0
-11250.0
-11250.0
-11250.0
11250.0
11250.0
11250.0
11250.0
11250.0
11250.0
11250.0
-10971.407624633433
-10082.30340873713
-9473.210034521959
11250.0
11250.0
11250.0
11250.0
-10064.329738058554
-8445.874848294716
-7120.027778337644
-4954.893181115185
-4067.5371688280484
-2586.4654341408004
-1963.625922764275
-1438.479266708846
2565.650072032666
7920.254455332128
8183.672059785138
5358.108342646752
7700.796737857819
9765.889292092343
2827.19775573902
11250.0
-3717.928766678393
-2711.6017811172096
-2438.9729607559875
-505.6359907215883
303.0797425536157
816.4193173801905
3039.903620814225
3438.831989007604
2834.7036074440257
1769.1516427903825
-385.0964578224957
837.6202318598771
1202.2741774335827
5773.0339041007355
-7159.09090909091
4039.4117647058542
7349.295798798543
-6477.272727272728
876.1393549773411
1007.8293494710415
-821.3372261697023
-1301.3387247754908
-2893.7576473657737
-4014.736223217418
-1213.023796881169
-165.3083888420697
3127.37176496462
11250.0
2949.741576539077
11250.0
11250.0
-9805.936838154474
-9948.281469307542
-10097.348240209722
-10258.828080512423
-9642.38503461573
-9095.64473544712
-6680.100713347333
817.1172103587796
11250.0
11250.0
11250.0
11250.0
11250.0
11250.0
11250.0
-11250.0
-11250.0
-11250.0
11250.0
11250.0
11250.0
-11250.0
-11250.0
-11250.0
-11250.0
-11250.0
11250.0
11250.0
11250.0
11250.0
11250.0
11250.0
11250.0
-11250.0
11250.0
-11250.0
-11250.0
-11250.0
-10466.341910516672
-11250.0
-11250.0
11250.0
11250.0
11250.0
11250.0
11250.0
11250.0
11250.0
-11250.0
-11250.0
-11250.0
-9859.599096555623
-8318.477889034628
-6414.609913100928
-2791.3129516293247
340.0399169599814
10341.344436505366
71.90365123548054
11250.0
11250.0
11250.0
11250.0
11250.0
11250.0
-11250.0
-11250.0
11250.0
11250.0
11250.0
-11250.0
11250.0
11250.0
-11250.0
-11250.0
-11250.0
-11250.0
-11250.0
11250.0
11250.0
11250.0
11250.0
11250.0
-11250.0
-11250.0
-11250.0
11250.0
11250.0
11250.0
-11250.0
-11250.0
-11250.0
-11250.0
11250.0
11250.0
11250.0
11250.0
11250.0
11250.0
-11250.0
-10894.230007133236
-9071.109281756526
-3098.625706500696
11250.0
11250.0
11250.0
11250.0
11250.0
-11250.0
-11250.0
-11250.0
-11250.0
-11250.0
-11250.0
11250.0
11250.0
11250.0
11250.0
11250.0
11250.0
11250.0
-11250.0
-11250.0
-11250.0
-11250.0
-11250.0
-10411.88643624746
-11250.0
11250.0
11250.0
11250.0
11250.0
11250.0
11250.0
11250.0
11250.0
-11250.0
-11250.0
-11250.0
-11250.0
-11250.0
-11250.0
-11250.0
-11250.0
11250.0
11250.0
11250.0
11250.0
11250.0
11250.0
11250.0
11250.0
-10791.111942862077
11250.0
11250.0
11250.0
-11250.0
-11250.0
11250.0
11250.0
11250.0
11250.0
-11250.0
-11250.0
-11250.0
-11250.0
11250.0
11250.0
11250.0
11250.0
11250.0
-11250.0
-10971.882309205532
-10625.707978344955
-9799.469614649883
-8594.989908463773
-8910.417361796757
-4411.170903816705
11250.0
9159.185813344331
11250.0
4174.585914847226
11250.0
11250.0
11250.0
11250.0
11250.0
-4847.380585516179
-3884.013538765794
-2386.376846507068
-29.782652884026902
3710.1513975745024
11250.0
-8977.272727272728
-6469.8434211934255
-6901.227287422265
-7612.759853962581
-6948.039642794112
-5722.939643703292
-2137.4747669133776
8306.771653814543
10844.080240186755
8116.680626394479
11250.0
9047.05012083878
11250.0
-5772.676853356746
-5087.587728892338
-5327.220056190385
-6054.568537466668
-5390.984936391651
-4870.501462308695
-4824.5786183929795
-3771.92782811886
-2530.7905538420055
669.17331673236
7032.455861218654
11250.0
11250.0
7691.570484196473
6820.856222359448
-7045.454545454546
-923.1694543550148
293.35248671924364
-368.20024228535294
-1735.293876942722
-2138.3376088965815
-1518.5743130255614
-366.2837298521772
1073.6484737284718
491.38888840851905
1224.129416282286
11250.0
1661.1591491334002
11250.0
-7146.29181924841
-6471.774339905238
-6721.082431083349
-6680.034333988322
-6572.464188439408
-7009.406415766247
-7805.335813192417
-8261.556930665902
-7098.500449391001
11250.0
11250.0
11250.0
7882.863274717046
11250.0
11250.0
11250.0
-10281.435853865762
-10989.836311724357
-11250.0
-11250.0
-11250.0
-11250.0
-11250.0
-11250.0
11250.0
11250.0
11250.0
11250.0
11250.0
11250.0
11250.0
11250.0
11250.0
-11250.0
-10755.002672050356
-10703.541150331377
-11250.0
-11250.0
-11250.0
-11250.0
-11250.0
11250.0
11250.0
11250.0
11250.0
11250.0
11250.0
11250.0
-8730.56464079316
-9625.94947622194
-7668.544748714511
-7267.529502605722
-7445.884084207303
-7084.08173636844
-6885.068847133953
-3620.9779924056566
11250.0
11250.0
11250.0
11250.0
11250.0
11250.0
3840.0249261316953
11250.0
-6675.814377427279
-6907.202751941681
-5497.878273764003
11250.0
11250.0
11250.0
11250.0
-11250.0
-11250.0
-11250.0
-10896.783410984372
-11250.0
-11250.0
-11250.0
11250.0
11250.0
11250.0
11250.0
11250.0
11250.0
11250.0
11250.0
11250.0
-11250.0
-11250.0
-11250.0
-11250.0
-11250.0
11250.0
11250.0
11250.0
11250.0
11250.0
11250.0
-11250.0
-11250.0
11250.0
11250.0
-11250.0
-11250.0
-11250.0
-11250.0
11250.0
11250.0
11250.0
11250.0
11250.0
-11250.0
-11250.0
-11250.0
-11250.0
-11250.0
-11250.0
11250.0
11250.0
11250.0
11250.0
11250.0
11250.0
11250.0
11250.0
-11250.0
-11250.0
-11250.0
-11250.0
-9588.371841934786
-6800.997766392295
11250.0
11250.0
11250.0
11250.0
11250.0
11250.0
11250.0
-11250.0
11250.0
-11250.0
-11250.0
-11250.0
11250.0
11250.0
11250.0
2419.2789968650577
11250.0
11250.0
-6152.044293015333
-5276.927828278862
-3666.270646205021
-1482.1257219126346
1609.9564868840134
3184.3458553943797
4480.093839859128
5908.534520945752
3801.896761006321
2275.9739488169016
2426.7431813617677
11250.0
2573.0576762686833
2858.559180519109
2102.7932315289245
-223.2381004121089
-1803.2003235235534
-1273.86412280691
-2703.8620563908007
-3646.6436243644293
-3940.6846193006004
938.8227714551522
7122.385747517212
10788.328967879896
-8863.636363636364
-5971.263846014172
-6835.526108422509
-6231.122681273548
-3434.1470080265867
11250.0
11250.0
11250.0
11250.0
11250.0
-8024.1645706072595
11250.0
11250.0
-11250.0
-11250.0
-11250.0
-11250.0
-11250.0
11250.0
11250.0
11250.0
11250.0
11250.0
-10882.205334098086
11250.0
11250.0
-11250.0
-11250.0
-11250.0
-11250.0
-11250.0
-11250.0
11250.0
11250.0
11250.0
11250.0
11250.0
11250.0
11250.0
-11250.0
-11250.0
-11250.0
-11250.0
-11250.0
-11250.0
11250.0
11250.0
11250.0
11250.0