Demand
11250.0
11250.0
11250.0
11250.0
11250.0
11250.0
11250.0
11250.0
11250.0
11250.0
11250.0
11250.0
11250.0
11250.0
11250.0
11250.0
11250.0
11250.0
11250.0
11250.0
11250.0
11250.0
11250.0
11250.0
11250.0
11250.0
-11250.0
-753.2721963165077
11250.0
11250.0
11250.0
-2461.88504748569
11250.0
11250.0
11250.0
11250.0
11250.0
11250.0
11250.0
-8207.33503662956
-9506.905486133772
-10161.262152062274
-10325.981368349567
-10516.726684812842
-10290.601268043283
-9702.159497686203
-11250.0
11250.0
11250.0
11250.0
11250.0
11250.0
11250.0
11250.0
-10742.183631717358
-10695.27087728836
-10939.678563952559
-11250.0
-11250.0
-11250.0
-11250.0
11250.0
11250.0
11250.0
11250.0
11250.0
11250.0
11250.0
11250.0
11250.0
-11250.0
-11250.0
-11250.0
-11250.0
-11250.0
-11250.0
-11250.0
-11250.0
11250.0
11250.0
11250.0
11250.0
11250.0
11250.0
11250.0
11250.0
11250.0
-11250.0
-10095.92022676655
-10223.814113321198
-10803.381397529396
-10496.262491246627
-11250.0
11250.0
11250.0
11250.0
11250.0
11250.0
11250.0
-8914.110285981955
-5963.278356014573
-4223.799379510763
-2626.669575576616
333.7479093184502
4677.971712733597
10211.72602371003
7842.550382652276
6400.522862103356
7155.917684934317
-6590.909090909091
-1243.4070530891331
-2299.19837619144
-2714.2831233701345
-2434.4422698508406
-1968.9218411282254
-1910.0202254208416
-2163.3089402091573
161.78463378156812
11250.0
3958.793150407228
11250.0
11250.0
-9199.978433511787
-9304.785989131415
-8872.472864996998
-8613.88221673778
-8899.921676438313
-8373.99459546584
-8439.0808422283
-8033.877693010716
11250.0
11250.0
11250.0
11250.0
11250.0
11250.0
11250.0
-11250.0
-11250.0
-11250.0
11250.0
11250.0
11250.0
11250.0
-11250.0
-11250.0
-10437.447202547275
-9427.89234592528
-8099.875175981786
-7897.020285543568
-6302.154720901453
-1992.6107008886593
1693.2257738410408
11250.0
11250.0
11250.0
-1060.2499246249881
11250.0
11250.0
11250.0
-10232.056297304192
-9365.633307932654
-8985.826895080405
-4854.301696815173
11250.0
11250.0
11250.0
11250.0
-11250.0
-11250.0
-11250.0
-10040.55073557149
11250.0
11250.0
11250.0
11250.0
11250.0
-11250.0
-11250.0
11250.0
11250.0
11250.0
-11250.0
-11250.0
-11250.0
-11250.0
11250.0
11250.0
11250.0
11250.0
-11250.0
-11250.0
-11250.0
-11250.0
-11250.0
-11250.0
11250.0
11250.0
11250.0
11250.0
11250.0
11250.0
-11250.0
-11250.0
-11250.0
11250.0
11250.0
11250.0
11250.0
11250.0
-11250.0
-11250.0
-11250.0
11250.0
11250.0
11250.0
11250.0
-11250.0
-11250.0
-11250.0
-11250.0
-11250.0
-11250.0
11250.0
11250.0
11250.0
11250.0
11250.0
11250.0
11250.0
-11250.0
-10971.407624633433
-11250.0
-11250.0
-10521.114061898443
5282.374727028872
11250.0
11250.0
11250.0
11250.0
11250.0
11250.0
-8583.679833679835
-7091.109129382228
-4278.545924407748
-2083.5758775381164
2898.007342125339
8358.674982753335
6337.782264458576
11250.0
-8068.181818181819
-4270.454941490294
-4762.445889700244
-4705.08513054421
-3749.4131269786017
-2948.8987603739733
-2625.980835858718
-348.9332345747298
1817.161906604686
2795.4199564780483
6579.082081796334
6639.888653120189
5751.168500942153
7142.29406892214
2325.2859268532156
-5454.545454545455
1617.892976588625
-511.5354765410011
205.48764108506657
-174.37790910924377
415.86000029131174
1532.2163363013533
5099.339703863345
6583.941292629359
-6477.272727272728
2954.2665659807453
3182.397182891455
1102.3546167618142
5565.834733648935
11250.0
-6018.356643356645
-4985.940149063776
-5498.900391391464
-5999.829088635889
-5856.510261798252
-6656.778219675165
-6276.791427417822
-6560.971931418429
-6593.557986953852
-737.8667418239256
11250.0
11250.0
11250.0
11250.0
11250.0
11250.0
11250.0
11250.0
11250.0
-11250.0
-11250.0
-11250.0
-11250.0
-11250.0
11250.0
11250.0
11250.0
11250.0
11250.0
-11250.0
-11250.0
-11250.0
-11250.0
-11250.0
-11250.0
11250.0
11250.0
11250.0
11250.0
11250.0
11250.0
11250.0
-11250.0
11250.0
11250.0
-11250.0
-10713.332984621826
-11250.0
-11250.0
-11250.0
-11250.0
11250.0
11250.0
11250.0
11250.0
11250.0
11250.0
-11250.0
-11250.0
-10004.440240658536
-8737.696461002826
-7385.535752051088
-5248.737003001217
-4429.886750341342
-2893.5379786989197
11250.0
11250.0
-11250.0
11250.0
11250.0
11250.0
11250.0
11250.0
-11250.0
-10939.319534871047
-10867.1666255386
-11250.0
-11250.0
11250.0
11250.0
11250.0
11250.0
11250.0
11250.0
11250.0
-11250.0
-11250.0
-11250.0
-11250.0
-11250.0
-11250.0
-11250.0
11250.0
11250.0
11250.0
11250.0
11250.0
11250.0
11250.0
11250.0
-11250.0
-11250.0
-11250.0
-11250.0
-11250.0
-11250.0
-11250.0
11250.0
11250.0
11250.0
11250.0
11250.0
11250.0
11250.0
11250.0
11250.0
-11250.0
11250.0
-11250.0
-11250.0
-11250.0
11250.0
11250.0
11250.0
11250.0
-11250.0
-11250.0
-11250.0
11250.0
11250.0
11250.0
11250.0
11250.0
-11021.837751289808
-11250.0
-11250.0
-11250.0
-11250.0
-11250.0
11250.0
11250.0
11250.0
11250.0
11250.0
11250.0
11250.0
-11250.0
-11250.0
-11250.0
-11250.0
-11250.0
-11250.0
11250.0
11250.0
11250.0
11250.0
11250.0
11250.0
11250.0
-10930.572851805726
-10470.24223316928
11250.0
11250.0
11250.0
-11250.0
-11250.0
11250.0
11250.0
11250.0
-11250.0
11250.0
-11250.0
-11250.0
11250.0
11250.0
11250.0
-11250.0
-11250.0
-11250.0
-10905.069017069989
-10364.444006362573
-8554.710270744581
-1072.4300754982596
11250.0
11250.0
11250.0
11250.0
11250.0
11250.0
11250.0
-8884.387351778663
11250.0
11250.0
-4666.042780748663
11250.0
-8068.181818181819
2437.5517526911462
6052.389003076707
5442.462288562971
11250.0
-8977.272727272728
-6246.564632297199
-6734.79444958899
-7530.5300955032135
-6986.161354323154
-6109.905969638319
-3937.198915831237
-261.9900454879953
7801.211554234053
11250.0
11250.0
8499.610159285696
11250.0
6465.841962048715
11250.0
-5527.746793084219
-6223.480697764552
-5564.149559586
-5024.208980945381
-4914.703845918108
-3723.275444116722
-2108.4233117167605
2408.0369027979996
11250.0
7911.145650960025
11250.0
5731.893156547356
11250.0
-1368.4085703047276
153.2119785237246
1647.2831758544544
942.7504275555893
-430.57222804092635
-312.2882538708036
1869.1886250545786
6288.163710167311
6822.635808277737
-7840.909090909091
-4824.890723043973
-4013.810318721911
-3689.8240447831636
-4478.508090031995
-5566.404325802109
-4249.656278325667
-4153.590679617502
-3339.108697210924
-1862.0244908959394
-551.9260193139216
2630.5361812395367
11250.0
11250.0
11250.0
11250.0
6085.3101479604475
11250.0
-9769.48051948052
-9925.406695514845
-10091.520310297074
-9949.750037344478
-10871.461284374876
-11250.0
-11250.0
-11250.0
11250.0
11250.0
11250.0
11250.0
11250.0
11250.0
11250.0
11250.0
11250.0
-11250.0
-11250.0
-11250.0
-11250.0
-8020.334928229688
11250.0
11250.0
11250.0
11250.0
11250.0
-11250.0
-11250.0
-11250.0
11250.0
11250.0
11250.0
11250.0
11250.0
-8921.40602522382
-9748.07313073038
-7927.225669462252
-7526.230873904624
-7632.9013985125675
-7134.893255884912
-6495.475350894562
1229.498492197804
11250.0
11250.0
11250.0
11250.0
11250.0
11250.0
-5759.264164721717
-5978.347612238307
-7231.945565442475
-7999.039693411942
-8513.1527310259
-6943.843941244588
-8807.196398748929
-7932.926921832665
11250.0
11250.0
11250.0
11250.0
11250.0
11250.0
-11250.0
-11250.0
-11250.0
11250.0
11250.0
11250.0
11250.0
-10998.64314789688
-10971.04445319892
-11250.0
-11250.0
-11250.0
-11250.0
11250.0
11250.0
11250.0
11250.0
11250.0
11250.0
11250.0
11250.0
-11250.0
-11250.0
-11250.0
-11250.0
-11250.0
11250.0
11250.0
11250.0
11250.0
11250.0
-11250.0
-11250.0
-11250.0
-11250.0
11250.0
11250.0
11250.0
11250.0
11250.0
11250.0
-11250.0
-11250.0
-11250.0
-11250.0
11250.0
11250.0
11250.0
11250.0
-11250.0
-11250.0
-11250.0
-11250.0
-8742.66862170088
4726.491862567938
11250.0
11250.0
11250.0
11250.0
11250.0
11250.0
11250.0
-11250.0
-11250.0
-11250.0
-11250.0
11250.0
11250.0
11250.0
11250.0
11250.0
-7905.178837555887
-7214.853707733109
-5623.807453595011
-4701.032870072595
-3030.285672125523
-845.7259357435869
2151.3816212333822
3548.6292210941606
4728.117331232988
6267.487821951414
4722.210132675642
3286.548805766988
2661.768937458166
4075.364127622857
6818.5955465291845
-4659.09090909091
11250.0
-451.59990078134797
-2020.265635691574
-1616.4759303353148
-3112.8089436257865
-4282.130819417624
-5135.258997195452
-3269.511376583779
-3251.7854591256605
-2330.267762398118
714.4226917011947
6334.789230111808
11250.0
-1023.3806646795547
11250.0
-9294.596912521443
-9137.980639956982
-9214.52492105831
-7943.132033548754
-8144.103305305332
-7783.167480803189
-8267.185924814734
-8988.09460269118
11250.0
11250.0
11250.0
11250.0
11250.0
11250.0
11250.0
-11250.0
-11250.0
-10599.16342438091
-10787.227207294207
-11250.0
11250.0
11250.0
11250.0
11250.0
11250.0
-11250.0
-11250.0
-11250.0
-10837.788861183664
-9949.941992167223
-8827.927541656343
11250.0
11250.0
11250.0
11250.0
11250.0
11250.0
-11250.0
-11250.0
11250.0
11250.0
11250.0
-11250.0
-10702.716604434965