Demand
11250.0
11250.0
11250.0
11250.0
11250.0
11250.0
11250.0
11250.0
11250.0
11250.0
11250.0
11250.0
11250.0
11250.0
11250.0
11250.0
11250.0
11250.0
-11250.0
11250.0
11250.0
11250.0
11250.0
11250.0
11250.0
11250.0
11250.0
11250.0
11250.0
-9473.565633762191
-9580.27964970499
-10620.961995226076
-11250.0
-11250.0
-11250.0
-11250.0
11250.0
11250.0
11250.0
11250.0
11250.0
11250.0
11250.0
-10726.910751067913
-10659.963956993251
-10553.53938571137
-11250.0
-11250.0
-11250.0
11250.0
11250.0
11250.0
11250.0
11250.0
11250.0
11250.0
-10866.416835420878
11250.0
11250.0
11250.0
-11250.0
-11250.0
-11250.0
11250.0
11250.0
11250.0
-11250.0
-11250.0
-11250.0
11250.0
11250.0
11250.0
11250.0
11250.0
11250.0
-11250.0
-11250.0
-11250.0
-11250.0
-11250.0
-10511.04353393086
-6888.367588148307
11250.0
11250.0
11250.0
11250.0
11250.0
11250.0
11250.0
11250.0
-10993.078648984334
-10878.311283205272
-11250.0
11250.0
11250.0
11250.0
-11250.0
-10461.768103228536
-10664.435789263687
-8195.870846719026
-3994.7544865959912
-1222.008158464696
1349.0545839798378
5388.716982176192
8738.41837521148
10737.00372258656
8684.838971242185
6904.924148082552
7122.488412248975
6540.603526832417
-6818.181818181818
-2031.333853734688
-2548.5960292081545
-2415.8264401619836
-2190.354015490755
-2503.451105222639
-3390.086661183481
-3198.048761992684
152.74977287157435
2007.1357160215866
11250.0
4907.90710427056
11250.0
11250.0
11250.0
-9124.029732929881
-9476.070617929628
-9305.21119356684
-9685.409988934585
-10137.442880427974
-10282.260203691614
-10464.03226721822
-11250.0
11250.0
11250.0
11250.0
11250.0
11250.0
11250.0
11250.0
-11250.0
-11250.0
-11250.0
-11250.0
-11250.0
-11250.0
11250.0
11250.0
11250.0
11250.0
11250.0
11250.0
11250.0
-9799.432742782414
-9620.080057992658
-9647.945613184042
-10416.394883627108
-11250.0
11250.0
11250.0
11250.0
11250.0
11250.0
11250.0
-10499.092470432104
-11250.0
-11250.0
-11250.0
-11250.0
11250.0
11250.0
11250.0
11250.0
11250.0
11250.0
-10785.494386092
-11250.0
-11250.0
-11250.0
-11250.0
-11250.0
-11250.0
-11250.0
11250.0
11250.0
11250.0
11250.0
11250.0
11250.0
11250.0
11250.0
11250.0
-11250.0
-11250.0
-11250.0
-11250.0
-11250.0
-10256.680220737733
11250.0
11250.0
11250.0
11250.0
11250.0
11250.0
11250.0
11250.0
-11250.0
-11250.0
-11250.0
-11250.0
-11250.0
-11250.0
-11250.0
11250.0
11250.0
11250.0
11250.0
11250.0
11250.0
11250.0
-11250.0
-11250.0
-11250.0
-11250.0
-11250.0
-11250.0
-11250.0
11250.0
11250.0
11250.0
11250.0
11250.0
11250.0
11250.0
-11011.572783045176
-10437.597856885626
-10603.600946884264
-10386.086459824968
-11250.0
11250.0
11250.0
11250.0
11250.0
11250.0
11250.0
-5410.131545661523
-4239.863603455016
-3702.1766759193238
-3111.8795805466452
913.477310549456
7984.4979570169635
7888.97976153743
4843.269213563057
11250.0
-8181.818181818182
-3820.0689150260264
-3732.0686444042767
-2092.5174578154983
-631.2721501492342
-70.69424954590068
2696.7858834405706
3750.6907488404117
4230.587374393906
6708.913430981649
5876.961152468006
3984.280213099652
2080.675212057031
-185.63847715549855
11250.0
-2412.2051417969815
-2467.1134416985315
-2486.599967041502
-1705.95511751483
-889.7468620485615
-50.073106515354084
790.3688514354353
1034.9358450791424
-675.2531466970904
-650.1825275063566
-1343.0955513307908
1669.8314244833773
11250.0
11250.0
-6300.385934819893
-5896.639145577741
-6225.128611986511
-4343.977013197769
2654.4954407334917
11250.0
11250.0
11250.0
11250.0
-10339.618456078086
-10247.17816849253
-9820.505486171412
-10217.242227358904
-10306.77369041073
-11250.0
11250.0
11250.0
11250.0
11250.0
11250.0
11250.0
-11250.0
-11250.0
-11250.0
-11250.0
-11250.0
-11250.0
-11250.0
11250.0
11250.0
11250.0
11250.0
11250.0
11250.0
11250.0
11250.0
-11006.880679596696
-11250.0
-11250.0
-11250.0
-11250.0
-11250.0
-11250.0
-7070.167548481128
11250.0
11250.0
11250.0
11250.0
11250.0
11250.0
11250.0
11250.0
11250.0
-11250.0
-11250.0
-11250.0
-10009.946014543842
-8716.52115417732
-7264.853583171098
-4797.334933581245
-3308.4207873747328
1204.6046792201469
11250.0
11250.0
11250.0
11250.0
11250.0
11250.0
11250.0
-11250.0
-11250.0
-10911.810270947328
-10782.948183239852
-11250.0
11250.0
11250.0
11250.0
11250.0
11250.0
11250.0
-11250.0
-11250.0
-11250.0
-11250.0
-11250.0
-11250.0
11250.0
11250.0
11250.0
11250.0
11250.0
11250.0
-11250.0
-11250.0
11250.0
11250.0
11250.0
11250.0
-11250.0
-11250.0
-11250.0
-11250.0
-11250.0
11250.0
11250.0
11250.0
11250.0
11250.0
11250.0
11250.0
-11250.0
-11250.0
-11250.0
-11250.0
-11250.0
-11250.0
-11250.0
11250.0
11250.0
11250.0
11250.0
11250.0
11250.0
11250.0
11250.0
-11250.0
-11250.0
-11250.0
-11250.0
-11250.0
-10615.664259570683
-11250.0
11250.0
11250.0
11250.0
11250.0
11250.0
11250.0
11250.0
11250.0
11250.0
-11250.0
-11250.0
-11250.0
-11250.0
11250.0
11250.0
11250.0
11250.0
-11250.0
-11250.0
-11250.0
11250.0
11250.0
11250.0
11250.0
11250.0
11250.0
-11250.0
-11250.0
11250.0
11250.0
11250.0
-11250.0
-11250.0
-11250.0
-11250.0
-11250.0
-11250.0
-11250.0
11250.0
11250.0
11250.0
11250.0
11250.0
11250.0
11250.0
11250.0
-10254.849660523767
-9574.192703239929
-9948.43761927421
-8358.650959705796
-5864.906126675705
-461.0704192382382
11250.0
11250.0
11250.0
11250.0
11250.0
-9659.09090909091
-3284.9860262912775
262.51851481971426
5273.182780348129
9870.349405082427
1892.5696178204562
11250.0
-6113.150867823766
-6011.419258544167
-5808.844246686109
-6079.378197512888
-6577.500703488324
-4707.517637725747
1344.8953621060064
11250.0
11250.0
11250.0
3359.3966481420416
11250.0
-7552.125256796859
-6627.805666564579
-5078.652014106427
-4186.365924579277
-4326.78344765208
-5007.863369400118
-3890.668413822983
-2747.9742091990065
-1939.6865109348073
1240.960047559919
6017.997214591225
11250.0
5808.058755102662
11250.0
11250.0
-7727.272727272728
-2301.101381857987
-1148.793458013004
317.8987398827794
1744.4115910423434
990.6587790573058
-497.752573663216
-741.7198514385891
408.97355785611944
2470.5441303410134
4957.704127951681
3684.9814507513006
11250.0
-8181.818181818182
-3738.7927502349903
-4303.818363482345
-5075.376456917875
-2691.4497394415666
-746.301349022986
6291.490109464088
11250.0
2171.4658007294292
11250.0
11250.0
-10066.89647113812
-9978.551516136733
-9303.583984091063
-8460.30143328907
-8411.742813502173
-8676.551210555728
-8350.79950553627
-7176.384709370002
11250.0
-2000.2511507383933
11250.0
11250.0
11250.0
11250.0
11250.0
11250.0
-11250.0
-11250.0
-11250.0
-11250.0
-11250.0
-11250.0
-11250.0
11250.0
11250.0
11250.0
11250.0
11250.0
11250.0
11250.0
11250.0
-11250.0
-11250.0
-11250.0
-11250.0
11250.0
11250.0
11250.0
11250.0
11250.0
-8671.695951107718
-9181.212104952512
-1278.0375193452746
11250.0
11250.0
11250.0
-9550.109402284827
-9314.029103710443
-8233.22593253992
-6273.7984063815165
-328.49999350415237
11250.0
11250.0
10016.46023803862
5196.840422750219
11250.0
-7384.497804058901
-7929.2776440417865
-8017.406430303687
-2982.5792957260946
11250.0
11250.0
11250.0
11250.0
-11250.0
-11250.0
-10956.763307115423
-11250.0
-11250.0
-11250.0
11250.0
11250.0
11250.0
11250.0
11250.0
11250.0
11250.0
-11250.0
-11250.0
11250.0
11250.0
11250.0
-11250.0
-11250.0
-11250.0
-11250.0
11250.0
11250.0
11250.0
11250.0
11250.0
-11250.0
-11250.0
-11250.0
11250.0
11250.0
11250.0
11250.0
-11250.0
-11250.0
-11250.0
-11250.0
11250.0
11250.0
11250.0
11250.0
11250.0
-11250.0
-11250.0
-11250.0
-11250.0
-11250.0
11250.0
11250.0
11250.0
11250.0
11250.0
11250.0
-11250.0
-11250.0
-11250.0
-9828.801559614203
-8274.334578033151
-2269.0578593886676
11250.0
11250.0
11250.0
11250.0
11250.0
11250.0
11250.0
-11250.0
-11250.0
-11250.0
-11250.0
-7480.317027083776
-1953.5123902707091
11250.0
11250.0
11250.0
9040.105233419854
11250.0
4069.334313906732
11250.0
-3469.9052132701404
-1373.21823009135
-309.1649847123608
738.5918695816299
2254.431156699681
1607.6295948397947
828.647245541797
569.6754830971331
2051.4440785340794
5276.106345623751
-4659.09090909091
11250.0
565.7315399810013
-1151.5368577857953
-683.3873694022477
-2306.003438690879
-3546.504442630443
-4416.2899833687425
-2162.624863317762
-1990.8945409675016
-646.1567766138123
3433.0602227416566
7897.117862864219
6498.370714211109
11250.0
11250.0
-9156.074967686345
-8826.137913795905
-8608.7955397049
-5686.793147658089
-1636.8762003881566
11250.0
11250.0
11250.0
11250.0
11250.0
-11250.0
-11250.0
-11250.0
11250.0
11250.0
11250.0
-11250.0
-10714.031983952304
-10954.536082307859
-11250.0
-11250.0
-11250.0
-11250.0
-11250.0
11250.0
11250.0
11250.0
11250.0
11250.0
11250.0
11250.0
11250.0
11250.0
-11250.0
-11250.0
-11250.0
-11250.0
-11250.0
-11250.0
11250.0
11250.0
11250.0
11250.0
11250.0