Demand
11250.0
11250.0
11250.0
11250.0
11250.0
11250.0
11250.0
11250.0
11250.0
11250.0
11250.0
11250.0
11250.0
11250.0
11250.0
11250.0
11250.0
11250.0
11250.0
11250.0
11250.0
11250.0
11250.0
11250.0
11250.0
11250.0
11250.0
11250.0
-8385.48843336946
-8315.677108431282
-8103.299795276985
-9758.026311254831
-11250.0
11250.0
11250.0
11250.0
11250.0
11250.0
11250.0
11250.0
11250.0
11250.0
-10521.812503942969
-10712.399999174915
-10631.43463239259
-10492.896097447949
-11250.0
-11250.0
11250.0
11250.0
11250.0
11250.0
11250.0
11250.0
11250.0
-10760.465042305492
-10977.841224796048
-11250.0
-11250.0
-11250.0
-11250.0
11250.0
11250.0
11250.0
11250.0
11250.0
11250.0
11250.0
-11250.0
-11250.0
11250.0
11250.0
11250.0
-11250.0
-11250.0
-11250.0
-11250.0
11250.0
11250.0
11250.0
11250.0
11250.0
-10987.745384435617
-10959.079884636332
-11250.0
-11250.0
-10163.019177806123
-11250.0
11250.0
5896.791411536509
11250.0
11250.0
11250.0
11250.0
11250.0
11250.0
11250.0
-10564.293352343611
-10744.869433683918
-8636.362066093086
-5046.71540823326
-2520.619054418672
274.519313187242
5506.950489660743
9909.555639730306
9247.523309785993
7044.794906457926
6071.477526755387
11250.0
-1821.5438407746115
-2050.6091861597524
-2914.5766889372026
-3063.642026181242
-2251.606836324405
-449.37017374346215
3695.3969755562475
11250.0
-9204.545454545456
-5702.566020554186
-6061.098562178893
-5102.933112174524
-719.4895601168937
11250.0
11250.0
11250.0
11250.0
-9537.426609296515
-9295.822061301074
-9552.688933737838
-9808.234014641133
-8896.27225728998
11250.0
11250.0
11250.0
11250.0
11250.0
-11250.0
-11250.0
-11250.0
-11250.0
11250.0
11250.0
11250.0
11250.0
-11250.0
-11250.0
-10315.195383680908
-9055.583598883997
-7183.966597714258
-6425.835825453283
-2263.086528696036
11250.0
6354.787127119181
11250.0
11250.0
7223.839736447827
11250.0
11250.0
11250.0
-10475.243575643985
-10102.811329623433
-9279.268094436276
-9286.202279969617
-8668.086483524909
-8760.050308111182
-11250.0
11250.0
11250.0
11250.0
11250.0
11250.0
11250.0
11250.0
-9933.348776131632
-10099.57471014392
-10605.280166013006
-11250.0
-11250.0
-11250.0
-11250.0
11250.0
11250.0
11250.0
11250.0
11250.0
11250.0
11250.0
11250.0
11250.0
-11250.0
11250.0
11250.0
11250.0
-11250.0
-11250.0
-11250.0
-11250.0
-10436.304722197048
11250.0
-11250.0
11250.0
11250.0
11250.0
11250.0
11250.0
-11250.0
-11250.0
-11250.0
-11250.0
-11250.0
-11250.0
-11250.0
11250.0
11250.0
11250.0
11250.0
11250.0
11250.0
11250.0
11250.0
11250.0
-11250.0
-11250.0
-11250.0
-11250.0
-11250.0
-11250.0
-11250.0
11250.0
11250.0
11250.0
11250.0
11250.0
11250.0
11250.0
11250.0
11250.0
-10762.720842892842
-11250.0
-11250.0
-10144.949687363754
-8853.869925334493
-3189.4991389495713
8674.147195881938
11250.0
11250.0
11250.0
4937.521834842519
11250.0
2130.4461526582836
11250.0
-2087.0288248337383
11250.0
-5447.532726066234
-4262.596519996423
-2799.2953620785393
-809.8337851418619
9132.921617527554
4108.559366921226
11250.0
-1735.1487771919165
-900.5178428285835
-278.84443999760515
2005.758291432462
2348.0217237929037
1515.007832234569
224.659154576324
11250.0
-769.5991584542135
-1285.2627846483047
-1134.7476980337324
-845.9195949921341
602.6010474448221
2233.993771473768
3858.5288325869665
4900.422317392654
3587.878261120253
11250.0
-3462.002143239866
-4771.075551246229
-5749.134855181477
-3868.5358765640335
-3129.2797009248934
190.64415215415283
11250.0
11250.0
-9886.363636363638
-8831.89055321951
-9487.390589390478
-9589.879199317991
-9678.079636476043
-9735.31019141266
-8146.136297282491
-3274.729352490494
11250.0
11250.0
11250.0
11250.0
11250.0
11250.0
11250.0
11250.0
-11250.0
-11250.0
-11250.0
-11250.0
-11250.0
-11250.0
11250.0
11250.0
11250.0
11250.0
11250.0
11250.0
11250.0
-11015.453547915145
-10726.31310584419
-10337.70157335914
-10115.376381962105
-10702.960579733968
-11250.0
11250.0
11250.0
11250.0
11250.0
11250.0
11250.0
-11250.0
-11250.0
-11250.0
-11250.0
-11250.0
-11250.0
-11250.0
11250.0
11250.0
11250.0
11250.0
11250.0
11250.0
11250.0
11250.0
-7997.8747935549945
-8024.386967635983
-8248.184948896986
-7814.980474839865
11250.0
11250.0
11250.0
11250.0
11250.0
-11250.0
-11250.0
-11250.0
-10860.194219020705
-10720.783066250115
-11250.0
11250.0
11250.0
11250.0
11250.0
11250.0
11250.0
11250.0
11250.0
-11250.0
-11250.0
-11250.0
-11250.0
-11250.0
-11250.0
-11250.0
11250.0
11250.0
11250.0
11250.0
11250.0
11250.0
11250.0
11250.0
-11250.0
-11250.0
-11250.0
-11250.0
11250.0
11250.0
11250.0
11250.0
11250.0
-10032.249532025722
-9927.768439486128
-10369.297429151957
-11250.0
-11250.0
-11250.0
-11250.0
11250.0
11250.0
11250.0
11250.0
11250.0
11250.0
11250.0
11250.0
-11250.0
-11250.0
-11250.0
-11250.0
-11250.0
-11250.0
-11250.0
11250.0
11250.0
11250.0
11250.0
11250.0
11250.0
11250.0
11250.0
-11250.0
-11250.0
-11250.0
11250.0
11250.0
11250.0
11250.0
-11250.0
-11250.0
-11250.0
-11250.0
-11250.0
-11250.0
11250.0
11250.0
11250.0
11250.0
11250.0
11250.0
11250.0
-10896.265445719328
-10519.171767075906
11250.0
11250.0
11250.0
11250.0
-11250.0
-11250.0
-11250.0
-11250.0
-11250.0
-11250.0
-11250.0
-11250.0
11250.0
11250.0
11250.0
11250.0
11250.0
11250.0
11250.0
11250.0
11250.0
-9600.614902339043
-9913.283323721229
-7934.991813201508
-2539.5164460881097
11250.0
11250.0
11250.0
11250.0
11250.0
-8742.668621700883
11250.0
-8522.727272727274
-1927.4983846650885
757.8579640684884
5405.07749761889
8493.886933950802
2193.2331946382274
11250.0
-6632.538253825383
-6603.753718655942
-7039.445686992373
-7748.79716367475
-7150.221860336693
-6071.007233395474
-2991.602477283719
5524.701490315403
11250.0
11250.0
5868.52645001563
11250.0
11250.0
-5072.998193859119
7500.167575297201
11250.0
-4703.626665305501
-1953.8439334854847
5021.405787391675
11250.0
1983.497948633767
11250.0
-6926.876339499366
-6507.499058646382
-5271.838478803518
-2403.9372672649497
2093.101271201892
5675.685708700843
7708.32146138202
7095.508552889514
4567.828518420754
-6477.272727272728
157.2426937738128
-96.78420673015353
1142.156268495126
3277.4559388872
5567.669323285707
3671.621079129124
11250.0
-8181.818181818182
-4162.782584426461
-4839.443827746962
-5774.356165944333
-4271.373345029604
-3775.167734893553
-1960.4294654310888
2511.5237192366567
10456.510943263911
1698.0741302459846
11250.0
11250.0
11250.0
-9470.81764389457
-8759.437500699765
-8797.982041154079
-9142.076730644327
-9107.283953439844
-8908.21823558224
-6976.956093352681
8192.193028460966
11250.0
11250.0
11250.0
11250.0
11250.0
11250.0
11250.0
-11250.0
-11250.0
11250.0
11250.0
11250.0
11250.0
-11250.0
-11250.0
-11250.0
-10300.659264399728
-9588.298434212917
-11250.0
11250.0
11250.0
11250.0
11250.0
11250.0
11250.0
-11250.0
-11250.0
-9962.369930165078
-11250.0
-9668.732657984852
-2254.527531890126
379.2205508922798
11250.0
11250.0
11250.0
11250.0
11250.0
11250.0
11250.0
-8548.73625087761
-7375.372824944912
-4774.938624748618
-4215.949717771302
-503.0670381468117
8290.271617404782
6493.267179991166
6499.047734490145
11250.0
11250.0
-8815.027529903175
-10178.400934899713
-10628.16333111676
-11250.0
-11250.0
-11250.0
11250.0
11250.0
11250.0
11250.0
11250.0
11250.0
-11250.0
-11250.0
-11250.0
-11250.0
11250.0
11250.0
11250.0
11250.0
11250.0
-11250.0
-11250.0
-11250.0
-11250.0
11250.0
11250.0
11250.0
11250.0
11250.0
-11250.0
-11250.0
11250.0
11250.0
11250.0
-11250.0
-11250.0
-11250.0
-11250.0
-11250.0
-11250.0
-11250.0
11250.0
11250.0
11250.0
11250.0
11250.0
11250.0
11250.0
11250.0
-11250.0
-11250.0
-11250.0
-11250.0
-11250.0
-11250.0
-11250.0
-11250.0
11250.0
11250.0
11250.0
11250.0
11250.0
11250.0
11250.0
11250.0
11250.0
11250.0
11250.0
11250.0
-10411.216481360367
-11250.0
11250.0
11250.0
-11250.0
-11250.0
-8808.121855124697
-6927.545839409609
-4832.293963197228
4783.196474797641
5917.865944264199
11250.0
11250.0
11250.0
7984.843695693482
9660.026862702678
-6818.181818181818
-756.9544551369472
133.40686430605274
1496.1253042395938
958.2936017828924
220.05822963743412
-179.4829060226657
794.7892799479523
3543.993357901835
3638.889414092822
2581.7905368751253
-6.859225973224966
-1552.4132323702906
-546.7010340502256
-1363.3521182181394
3147.804072653723
11250.0
-1681.7491019618774
2835.5555393279074
11250.0
-8863.636363636364
-5437.10721767283
-6086.941227140374
-4271.196094025798
11250.0
10687.055713117647
7059.454106407044
11250.0
11250.0
-9023.920590149708
-8896.577613043526
-9395.456699536207
-10222.57261910606
11250.0
11250.0
11250.0
11250.0
11250.0
-11250.0
-11250.0
-11250.0
-11250.0
-9936.828055291455
-8723.476466860688
11250.0
11250.0
11250.0
11250.0
11250.0
11250.0
-11250.0
-11250.0
-11250.0
-10932.608369390156
-10494.824880327596
-10765.214345409066
-11250.0
-11250.0
11250.0
11250.0
11250.0
11250.0
11250.0
11250.0
11250.0
11250.0
-11250.0
-11250.0
-10648.325922235832