Demand
11250.0
11250.0
11250.0
11250.0
11250.0
11250.0
11250.0
11250.0
11250.0
11250.0
11250.0
11250.0
11250.0
11250.0
11250.0
11250.0
11250.0
11250.0
11250.0
11250.0
11250.0
11250.0
11250.0
11250.0
11250.0
11250.0
-11250.0
-7740.612201413962
-4526.776492100837
-1132.1807205633559
11250.0
-3541.6768819980157
11250.0
11250.0
11250.0
11250.0
11250.0
11250.0
11250.0
11250.0
-9292.838456507525
-9336.704302748654
11250.0
11250.0
11250.0
-10771.580184280228
-11250.0
-11250.0
-11250.0
-11250.0
11250.0
11250.0
11250.0
11250.0
11250.0
11250.0
-11001.405311106806
-11250.0
-11250.0
11250.0
11250.0
11250.0
11250.0
-11250.0
-11250.0
-11250.0
-11250.0
-11250.0
-11250.0
11250.0
11250.0
11250.0
11250.0
11250.0
11250.0
11250.0
-11250.0
-11250.0
-11250.0
-11250.0
-10748.803184993409
-9347.261732594718
11250.0
11250.0
11250.0
11250.0
11250.0
11250.0
11250.0
-10540.521851373778
-10993.4679304893
-10964.124111883157
-11250.0
-11250.0
-11250.0
-11250.0
11250.0
11250.0
11250.0
11250.0
11250.0
11250.0
11250.0
11250.0
-4570.044873592693
-2209.643792478555
1110.1724129915056
5565.875513620578
8522.902369745945
-6590.909090909091
-493.2913570216715
-1548.8342425969531
-1828.3672084230984
-1203.6789125283049
-135.68173156176817
852.6383123823207
2667.595569378096
11250.0
4989.729412040418
11250.0
-8260.489510489511
-8414.69111099332
-8475.997330594033
-7846.149938597737
-2844.0535297473416
11250.0
11250.0
11250.0
11250.0
-10484.632981897754
-10414.123743196033
11250.0
11250.0
11250.0
-11250.0
11250.0
11250.0
-11250.0
-11250.0
-11250.0
-11250.0
11250.0
11250.0
11250.0
11250.0
11250.0
-10549.239894605194
-9741.651817198948
-8785.804092702827
-8828.433871192188
-8135.898080916486
-6706.202791972861
-7060.5328511813095
-6461.732982328518
2310.425068065457
11250.0
11250.0
11250.0
11250.0
11250.0
11250.0
11250.0
-10112.271567195756
-10019.895965261785
-10434.328621540026
-11250.0
-11250.0
-11250.0
-11250.0
11250.0
11250.0
11250.0
11250.0
11250.0
11250.0
11250.0
-11250.0
-11250.0
-11250.0
-11250.0
11250.0
11250.0
11250.0
11250.0
-11250.0
-11250.0
-10938.183807439826
-11250.0
-10744.357813005503
-11250.0
-11250.0
11250.0
11250.0
11250.0
11250.0
11250.0
11250.0
11250.0
-10705.090504520223
-11250.0
-11250.0
-11250.0
-11250.0
11250.0
11250.0
11250.0
11250.0
11250.0
11250.0
-11250.0
-11250.0
-11250.0
-11250.0
11250.0
11250.0
11250.0
11250.0
11250.0
11250.0
-11250.0
-11250.0
-11250.0
-11250.0
-11250.0
-11250.0
-11250.0
-11250.0
11250.0
11250.0
11250.0
11250.0
11250.0
11250.0
11250.0
11250.0
-10348.523898781634
-10479.73569134322
-10009.92553003072
-11250.0
11250.0
11250.0
11250.0
11250.0
11250.0
-6002.160393061244
-5445.903524348905
-4512.46265661329
-4333.787340673332
-4361.52939407785
-2390.235093450219
511.5975193119666
2424.524274732463
2442.1594717169164
4476.16352825759
9130.37802814371
7541.075897459402
6633.13001563372
11250.0
-7386.363636363636
-3080.739299610894
-1353.164568697095
-646.6447804834606
-201.18596544989123
1816.3849348735876
2278.4876673929884
1855.2129411912629
970.6527284712174
-1017.8822077567002
-129.9918715745498
-179.1898672818952
1448.9220828644811
6804.562959803647
-6931.818181818183
1755.780346820803
3152.6957977270604
4283.912329220341
3993.3134729698327
1357.1079578194258
11250.0
-4421.4651942417695
-5704.224742360286
-4488.750269899743
-4910.8254233836815
-5273.784755755929
-4782.504375179065
-5268.268668151402
-3561.7703473061447
-729.3122610755963
11250.0
11250.0
11250.0
2157.756244476688
11250.0
11250.0
-10072.314049586781
-10475.49709528658
-10663.677001330692
-11250.0
-11250.0
-11250.0
11250.0
11250.0
11250.0
11250.0
11250.0
11250.0
11250.0
-11250.0
-11250.0
-11250.0
-11250.0
11250.0
11250.0
11250.0
11250.0
11250.0
-10712.466993587328
-10306.513205289444
-10061.072531676586
-10659.345682964467
-11250.0
11250.0
11250.0
11250.0
11250.0
11250.0
11250.0
-11250.0
-11250.0
-11250.0
-11250.0
-11250.0
-11250.0
11250.0
11250.0
11250.0
11250.0
11250.0
11250.0
-10179.160640048813
-9193.320871265481
-8299.479494728352
-7126.031204742834
-7261.430943510259
-7837.2064702258185
-8580.878218913072
-7859.609211175136
11250.0
11250.0
11250.0
11250.0
11250.0
11250.0
11250.0
11250.0
-10985.442144164477
-11250.0
-11250.0
-10726.517847337574
-11250.0
11250.0
11250.0
11250.0
11250.0
11250.0
11250.0
11250.0
-11250.0
-11250.0
-11250.0
-11250.0
-11250.0
-11250.0
11250.0
11250.0
11250.0
11250.0
11250.0
11250.0
11250.0
-11250.0
-11250.0
11250.0
11250.0
11250.0
-11250.0
-11250.0
-10910.002209212416
-9597.562069023992
-8543.436527514805
-7057.001994805374
-4531.274188236775
11250.0
11250.0
11250.0
11250.0
11250.0
11250.0
11250.0
11250.0
-11250.0
11250.0
-11250.0
-11250.0
-11250.0
-11250.0
-11250.0
-11250.0
-11250.0
11250.0
11250.0
11250.0
11250.0
11250.0
11250.0
11250.0
11250.0
-11250.0
-11250.0
-11250.0
-11250.0
-11250.0
-11250.0
-11250.0
-11250.0
11250.0
11250.0
11250.0
11250.0
11250.0
11250.0
11250.0
11250.0
-11250.0
-11250.0
-11250.0
-11250.0
-11250.0
-10570.961507915501
-9796.578560440114
11250.0
11250.0
11250.0
11250.0
11250.0
11250.0
11250.0
11250.0
11250.0
-11250.0
-11250.0
-11250.0
-11250.0
-11250.0
-11250.0
-11250.0
11250.0
11250.0
11250.0
11250.0
11250.0
11250.0
11250.0
11250.0
-7489.002932551316
11250.0
-8200.545517146169
-6214.621749581267
11250.0
11250.0
10706.951859518042
-10113.636363636366
-7510.38781163435
-4073.8346560720347
-2289.6937520957854
-830.4505962311523
1102.6943037368655
3081.9269306463348
3195.340135481136
5450.329384717934
11250.0
1382.432216701216
11250.0
-8312.790253832944
-8059.659671848181
-7702.084161176765
-6819.910741314903
-5873.366907106381
-4607.489485378885
854.6947625274324
11250.0
11250.0
11250.0
8934.507907486033
6407.684300395162
11250.0
-6219.601882722105
-5559.183315522223
-5017.991070758993
-4907.339581231794
-3712.621485907807
-2092.2925870634062
2438.1592127659314
11250.0
7927.803086950698
11250.0
5696.661648541576
11250.0
-1905.8910403675782
-605.9660991987839
675.5356945238154
0.5479686362159555
-1386.5058940369163
-1726.700873155074
-927.267612402311
540.5689460254252
2435.606188656492
2019.7984496637173
4511.51365998771
11250.0
-8181.818181818182
-4493.299992364668
-5367.377380315898
-3463.413354690174
-2415.685637784767
1104.191674623382
10727.135044649098
3153.797853980145
11250.0
11250.0
11250.0
-9974.388303162923
-9280.704658758572
-8390.799559587591
-8280.804991142952
-8452.741393304383
-7801.323900668952
-4498.895174330884
11250.0
11250.0
11250.0
11250.0
11250.0
11250.0
11250.0
-11250.0
-11250.0
-11250.0
-11250.0
-11250.0
-11250.0
-11250.0
11250.0
11250.0
11250.0
11250.0
11250.0
11250.0
11250.0
11250.0
-11250.0
-11250.0
-11250.0
-11250.0
11250.0
11250.0
11250.0
11250.0
11250.0
-10281.63696768348
-5591.327733771635
11250.0
11250.0
11250.0
-10113.636363636366
-8783.352668213462
-8877.852256810136
-7690.646809920254
3593.219483979064
11250.0
11250.0
11250.0
11250.0
-6306.215868936718
-5179.8518135206905
-5293.141319038011
-6559.776069513763
-7216.572526786564
-7413.119725912941
-3026.1325011163844
430.3098278387197
11250.0
11250.0
11250.0
11250.0
11250.0
-11000.340665758227
-11250.0
-11250.0
-11250.0
-11250.0
-11250.0
11250.0
11250.0
11250.0
11250.0
11250.0
11250.0
11250.0
-11250.0
11250.0
-11250.0
-11250.0
-11250.0
-11250.0
-11250.0
-11250.0
11250.0
11250.0
11250.0
11250.0
11250.0
11250.0
11250.0
11250.0
11250.0
-11250.0
-11250.0
-11250.0
-11250.0
-11250.0
-11250.0
11250.0
11250.0
11250.0
11250.0
11250.0
11250.0
-11250.0
-11250.0
-11250.0
11250.0
11250.0
11250.0
11250.0
-11250.0
-11250.0
-11250.0
-11250.0
-11250.0
-11250.0
-8187.787407145387
11250.0
11250.0
11250.0
11250.0
11250.0
3567.017663255475
11250.0
11250.0
11250.0
-11250.0
-11250.0
-11250.0
11250.0
11250.0
11250.0
11250.0
-3616.962305986694
11250.0
7207.690704460136
11250.0
-5908.185440057951
-4435.374767037347
-2361.0052852003028
730.5896416727301
2563.4389487125527
4152.767607357235
5447.6904724591
1654.9448892358078
11250.0
-553.4107694373597
336.12254009184653
2951.8386999676804
3203.3294059466075
2378.2442415047417
-30.197940616253618
-1628.1281933002447
-1027.0855649168698
-2424.2794183913265
-3200.3918151529106
-2898.523282861923
8542.057054915458
3127.622709670253
11250.0
11250.0
11250.0
-8248.088451385553
-8574.97064809257
-8917.2256072577
-8633.802830443135
-8206.881690343675
-7964.83395665824
-4724.841368199377
-2767.37036338088
11250.0
386.4715554939503
11250.0
11250.0
11250.0
11250.0
11250.0
11250.0
-11250.0
-11250.0
-11250.0
-11250.0
-10290.404040404046
-10525.211403215006
-11250.0
11250.0
11250.0
11250.0
11250.0
11250.0
11250.0
11250.0
11250.0
-11011.074799202139
-10706.973432524363
-10924.266214728465
-11250.0
-11250.0
11250.0
11250.0
11250.0
11250.0
11250.0
11250.0
-11250.0
-11250.0
-11250.0
-11250.0
11250.0