Demand
11250.0
11250.0
11250.0
11250.0
11250.0
11250.0
11250.0
11250.0
11250.0
11250.0
11250.0
11250.0
11250.0
11250.0
11250.0
11250.0
11250.0
11250.0
11250.0
11250.0
11250.0
11250.0
11250.0
-11250.0
-11250.0
-11250.0
-11250.0
-3673.69543813587
11250.0
11250.0
11250.0
11250.0
11250.0
11250.0
-11250.0
-11250.0
-10937.036585136935
-11250.0
-8964.124696362804
-3202.8741782419306
-5251.232078170473
-3345.528242246384
11250.0
11250.0
11250.0
11250.0
11250.0
11250.0
11250.0
11250.0
-11250.0
-11250.0
-9615.548003398475
-7743.833500686054
11250.0
11250.0
11250.0
11250.0
11250.0
-11250.0
-11250.0
-11250.0
-11250.0
-11250.0
-11250.0
11250.0
11250.0
11250.0
11250.0
11250.0
11250.0
11250.0
-11250.0
-11250.0
-11250.0
-11250.0
-11250.0
11250.0
11250.0
11250.0
11250.0
11250.0
11250.0
-11002.670960774485
-11250.0
-11250.0
-10551.201945645345
-11250.0
-8899.546714067968
-8295.073280541117
-5891.614801147836
11250.0
11250.0
11250.0
11250.0
11250.0
11250.0
11250.0
11250.0
-8867.627471106905
-5965.029728199159
-4416.674727119502
-3202.6369628247708
-1119.0073769544397
1644.9157503761562
6128.820620631159
8499.871923500054
7434.195970683471
7414.2108741839365
7880.916037006721
1887.640267246823
11250.0
-3693.934114665824
-3644.0754232634863
-3529.429643885329
-3887.247511070709
-4753.793509212383
-4822.0797076148065
-2688.881133869947
-1713.3116511827666
7359.511746303171
11250.0
2893.6403462396465
11250.0
11250.0
-9025.78079836355
-9369.65469405297
-9146.638627561519
-9503.623947159394
-9933.80931341674
-9941.583465728407
-9473.466566376537
11250.0
11250.0
11250.0
11250.0
11250.0
11250.0
11250.0
-11250.0
-11250.0
-11250.0
-11250.0
-11250.0
-11250.0
-11250.0
11250.0
11250.0
11250.0
11250.0
11250.0
11250.0
11250.0
-9717.477461927585
-9587.492644561964
-9716.124380954003
-10547.757599557073
-11250.0
-11250.0
-7896.332656126674
11250.0
11250.0
11250.0
11250.0
10081.64542023436
-11250.0
11250.0
11250.0
11250.0
-11250.0
-11250.0
-10900.9503913005
-9990.400222314056
-8537.05212086394
-8058.734956797228
-7637.249545705596
11250.0
11250.0
11250.0
11250.0
11250.0
11250.0
11250.0
11250.0
11250.0
-11250.0
-10978.18106123685
-11250.0
-10897.174889516038
-11250.0
-11250.0
-11250.0
11250.0
11250.0
11250.0
11250.0
11250.0
11250.0
11250.0
11250.0
11250.0
-11250.0
-11250.0
-11250.0
-11250.0
-11250.0
11250.0
11250.0
11250.0
11250.0
11250.0
11250.0
11250.0
-11250.0
11250.0
-11250.0
-11250.0
-11250.0
-11250.0
-11250.0
11250.0
11250.0
11250.0
11250.0
11250.0
11250.0
-11250.0
-11250.0
-11250.0
-11250.0
-11250.0
11250.0
11250.0
11250.0
11250.0
11250.0
-10758.677163544424
-10689.227784216648
-11250.0
-11250.0
-8208.390176086781
11250.0
11250.0
11250.0
11250.0
11250.0
11250.0
-5641.653312328544
-5876.821077599816
-4720.782673424699
-3115.424773158093
-2256.2442869625593
-2571.1674174919062
-1972.0729835112015
284.771663809629
2638.1802615533907
4216.683463166406
9494.00532671583
8028.596711683069
5619.619333494566
10622.140797898148
-6477.272727272728
11250.0
-5568.181818181818
4324.952561669828
3624.3252889424284
2452.147862604991
128.07564280794577
1148.1718567997532
1038.6945466187344
2757.0221880213758
7104.55127004645
-6931.818181818183
2242.3070179283704
3471.4435587184175
4432.604659180808
4177.2894608302795
1530.5441210574172
5846.908403157031
11250.0
-6286.337834351081
-5313.871890627779
-5803.533126248109
-6279.273365456393
-6140.5034604721395
-6887.129840641582
-6492.975101307526
-6682.570741604854
-6450.089569271695
5166.213775900356
11250.0
11250.0
11250.0
11250.0
11250.0
11250.0
-10777.780846128357
-11250.0
-11250.0
-11250.0
-11250.0
-11250.0
-11250.0
-11250.0
11250.0
11250.0
11250.0
11250.0
11250.0
11250.0
11250.0
11250.0
-11250.0
-11250.0
-11250.0
-10789.742415393266
-9652.11525332824
11250.0
11250.0
-4430.271152536119
11250.0
11250.0
11250.0
11250.0
-11250.0
-11250.0
-10648.926379757686
-11250.0
-11250.0
-11250.0
-11250.0
11250.0
11250.0
11250.0
11250.0
11250.0
11250.0
11250.0
-11250.0
-9934.80523798515
-8196.162292714384
-4851.724625287567
11250.0
5555.068231099973
11250.0
11250.0
11250.0
11250.0
-11250.0
-11250.0
-11250.0
11250.0
11250.0
11250.0
-10996.944923113351
-10973.181235459982
-11250.0
-11250.0
-10797.005827277335
-11250.0
-11250.0
11250.0
11250.0
11250.0
11250.0
11250.0
11250.0
11250.0
11250.0
11250.0
-11250.0
-11250.0
-11250.0
-11250.0
-11250.0
11250.0
11250.0
11250.0
11250.0
11250.0
11250.0
11250.0
-11250.0
-11250.0
-11250.0
11250.0
11250.0
11250.0
-10185.590005038983
-9780.329763917445
-9583.445037776342
-10065.260357368756
-11250.0
-11250.0
-11250.0
11250.0
11250.0
11250.0
11250.0
11250.0
11250.0
11250.0
11250.0
-11250.0
-11250.0
-11250.0
-11250.0
-11250.0
11250.0
11250.0
11250.0
11250.0
11250.0
11250.0
11250.0
-11250.0
-11250.0
-11250.0
-11250.0
11250.0
11250.0
11250.0
11250.0
11250.0
-11250.0
-11250.0
11250.0
11250.0
11250.0
11250.0
-11250.0
-11250.0
-11250.0
-11250.0
-11250.0
-11250.0
11250.0
11250.0
11250.0
11250.0
11250.0
11250.0
11250.0
-11250.0
-11250.0
-11250.0
11250.0
11250.0
11250.0
-11250.0
-11250.0
-11250.0
-11250.0
11250.0
11250.0
11250.0
11250.0
11250.0
-11250.0
-10955.413199938754
-10518.286544583352
-9153.040249275873
-4549.593994586037
11250.0
11250.0
11250.0
11250.0
11250.0
11250.0
-9740.406874092674
-8849.311989202433
-3359.9533412417804
11250.0
11250.0
11250.0
-4229.47214076246
-3138.3982392332946
-1779.1963331238458
-763.8702032853071
5868.0742805013
11250.0
-9090.909090909092
-7029.996800950576
-7690.975980603773
-6956.763977887193
-5464.44784077811
-247.19952410631595
11250.0
11250.0
7177.896011605694
11250.0
11250.0
-6719.882877858338
-4801.5198876142385
-3151.7826725167265
-2037.1413347699363
236.61744968718085
11250.0
11250.0
-9090.909090909092
-5599.8459703865665
-4877.949910042078
-2792.3063825123554
2733.034725181389
11250.0
11250.0
5801.544840939994
11250.0
-1972.8739002932562
-729.8432666123754
494.44234500862876
-190.11241794628768
-1598.0652327525622
-2047.3179962145732
-1498.3967989122102
-474.1534898517184
749.3244781963331
-51.0010704170636
-106.83028100740921
6621.623263260348
8587.51490275142
2434.0605441179778
11250.0
-5763.368983957218
-5651.909751232673
-4833.755991543911
-2922.4051999808
1546.439987927235
11250.0
11250.0
7374.7442002376165
11250.0
-9620.98530212303
-8846.67965827823
-8634.723405784844
-8413.539789347447
-4319.834737764146
11250.0
11250.0
11250.0
11250.0
-11250.0
-11250.0
-11250.0
-11250.0
11250.0
11250.0
11250.0
11250.0
11250.0
-11250.0
-11250.0
-11250.0
-11250.0
-11250.0
-11250.0
-6180.8300395257465
11250.0
11250.0
11250.0
11250.0
11250.0
11250.0
11250.0
-11250.0
-11250.0
-11250.0
-9460.595160235447
-11250.0
7063.209898948979
11250.0
11250.0
11250.0
11250.0
11250.0
11250.0
-9607.874519846355
-9361.345638731611
-8230.384489805154
-5891.505334026293
4481.028817977563
11250.0
11250.0
10669.643071959323
-8636.363636363638
-5785.022929264236
-6999.895381194448
-7676.568206125458
-7998.684203120349
-5061.51210548302
-5218.287860569911
11250.0
11250.0
11250.0
11250.0
11250.0
-11010.733988966182
-11250.0
-11250.0
-11250.0
-11250.0
-11250.0
-11250.0
11250.0
11250.0
11250.0
11250.0
11250.0
11250.0
11250.0
11250.0
-11250.0
11250.0
-11250.0
-11250.0
-11250.0
-11250.0
11250.0
11250.0
11250.0
11250.0
11250.0
11250.0
-11250.0
-11250.0
-11250.0
-11250.0
-11250.0
-11250.0
-11250.0
11250.0
11250.0
11250.0
11250.0
11250.0
11250.0
11250.0
11250.0
-11250.0
-11250.0
-11250.0
11250.0
11250.0
11250.0
11250.0
11250.0
-11250.0
-11250.0
-11250.0
11250.0
11250.0
11250.0
11250.0
11250.0
-9314.881176914372
-8732.995331851653
-8461.601044214065
-8093.684504920297
-5061.955612523707
11250.0
11250.0
11250.0
11250.0
-11250.0
11250.0
11250.0
-8932.0892824869
-8492.311116528268
-6548.137317742393
-6934.168014202271
-5453.634703476502
-1796.5186728540339
1959.295278685444
8563.632022045364
10961.338432377157
9458.244202511658
5722.617928294819
4894.496429799756
-5568.181818181818
1180.6714770340832
420.3360587889656
-13.236229201198512
924.078051602155
3663.932654568482
3879.1200508848833
2965.670886281916
422.03869040670725
-1242.4236707875607
-597.3643895200148
-2040.5204784479374
-2804.290057412305
-2363.265168595868
10880.40120197478
-794.8894356107885
11250.0
-4542.029887920295
11250.0
-9886.363636363638
-8685.752179360723
-9040.909243271024
-8818.024683057098
-8500.446869063857
-8418.091628232913
-6121.199429331606
-5582.34513328235
-2100.1961394350965
11250.0
-4575.470213891642
11250.0
11250.0
11250.0
11250.0
11250.0
11250.0
-11250.0
-11250.0
-11250.0
11250.0
11250.0
11250.0
11250.0
-11250.0
-11250.0
-11250.0
-11250.0
11250.0
11250.0
11250.0
11250.0
11250.0
-10995.01199018339
-11250.0
-11250.0
-11250.0
-11250.0
11250.0
11250.0
11250.0
11250.0
11250.0
-11250.0
-11250.0
-11250.0
-10290.752392364215