Demand
11250.0
11250.0
11250.0
11250.0
11250.0
11250.0
11250.0
11250.0
11250.0
11250.0
11250.0
11250.0
11250.0
11250.0
11250.0
11250.0
11250.0
11250.0
11250.0
11250.0
11250.0
-11250.0
11250.0
11250.0
11250.0
11250.0
11250.0
11250.0
-9209.40982497079
-9294.86318430883
-9360.421306793072
-10505.605001177013
-11250.0
-11250.0
-11250.0
11250.0
11250.0
11250.0
11250.0
11250.0
11250.0
11250.0
-10446.306301946486
-10569.870205186031
-10152.268697685464
-425.0336135112884
11250.0
11250.0
11250.0
11250.0
-11250.0
-11250.0
-10341.136227354498
-10553.665377133992
-10401.840981167501
-10105.197123473194
-10262.941620384128
-11250.0
11250.0
11250.0
11250.0
11250.0
11250.0
11250.0
11250.0
11250.0
-11250.0
11250.0
11250.0
11250.0
-11250.0
-11250.0
-11250.0
-11250.0
-11250.0
-11250.0
11250.0
11250.0
11250.0
11250.0
11250.0
11250.0
11250.0
-10956.320128234485
-11250.0
11250.0
11250.0
11250.0
-10300.175893353084
-10180.698693186088
11250.0
11250.0
-11250.0
-11250.0
-11250.0
-11250.0
-11250.0
-8828.496503496503
-6397.360099133879
11250.0
11250.0
11250.0
11250.0
11250.0
11250.0
11250.0
11250.0
-187.42071881606353
3917.568200233795
10568.08470923599
-6818.181818181818
-3102.9590359194717
-3646.8805830898814
-3659.5615906160456
-3634.0656430978856
-4107.167979215061
-5118.416959791904
-5494.03835522553
-4333.404348566532
-4808.189321503196
-3880.2461543370723
-985.8683776853522
11250.0
8207.91363831156
11250.0
11250.0
4142.013387195764
11250.0
-9838.487783403041
-10096.673666387669
-9532.133033030503
11250.0
11250.0
11250.0
11250.0
-11250.0
-11250.0
11250.0
11250.0
11250.0
-11250.0
-11250.0
11250.0
11250.0
11250.0
-11250.0
-10473.589950559985
-9458.541602900914
-7983.76038473387
-7393.558966205556
-3780.5600127674224
11250.0
11250.0
2075.055856362341
11250.0
11250.0
11250.0
-11250.0
-11250.0
-10335.285565370057
-9846.245459743976
-8705.964703961145
-8493.362075688761
-6929.801677169561
-3990.177712345227
11250.0
11250.0
11250.0
11250.0
11250.0
11250.0
11250.0
11250.0
-10074.951644100584
-10181.761982427528
-10601.060822705796
-11250.0
-11250.0
11250.0
11250.0
11250.0
11250.0
11250.0
-11250.0
11250.0
11250.0
-10547.160272882666
11250.0
-10978.48659736152
-11250.0
-11250.0
-11250.0
-11250.0
-11250.0
11250.0
11250.0
11250.0
11250.0
11250.0
11250.0
11250.0
-11250.0
-11250.0
-11250.0
-11250.0
-11250.0
-11250.0
11250.0
11250.0
11250.0
11250.0
11250.0
11250.0
11250.0
11250.0
-11250.0
-11250.0
-11250.0
-11250.0
-11250.0
11250.0
11250.0
11250.0
11250.0
11250.0
11250.0
-11250.0
-11250.0
-11250.0
-11250.0
-11250.0
11250.0
11250.0
11250.0
11250.0
11250.0
11250.0
-9676.12732517032
11250.0
11250.0
-10552.181333366523
-9983.144738582665
-8151.951942677962
-6483.333349787703
-3546.0369255240926
-1861.297073906846
1086.650032904643
3060.957926450504
5054.0060095859135
11250.0
9662.101617903172
5830.08209681408
9126.525143923176
-8409.09090909091
-3628.84056695132
-2738.901926258859
-2301.1521623947065
269.77143962890204
2777.6662311696336
3889.2822545604995
7911.200419725421
6636.634726585671
5162.127618003704
6238.67542114764
-5340.909090909092
1343.068830365126
563.003585145022
-1382.2569186856726
-930.2775656236536
-1491.1173163269286
-1443.1020522093022
-1315.9778161073482
-201.92135070184486
996.390711749842
2222.4975002390393
3347.869538662063
3472.3780883272257
1241.49973582232
5668.850378020983
11250.0
-6423.5106628094545
-5133.951466604438
-5122.787951883973
-4541.772719335688
-57.81543585161671
11250.0
11250.0
-10227.272727272728
-9718.605923911244
-9833.019459154133
-9941.490251480645
-10038.199713912847
-8956.890063886687
-6623.207425673133
11250.0
11250.0
11250.0
11250.0
11250.0
11250.0
11250.0
-11250.0
-11250.0
-11250.0
-11250.0
-11250.0
11250.0
11250.0
11250.0
11250.0
11250.0
-11250.0
11250.0
-11250.0
-11250.0
-10956.454566262302
-10555.25916570767
-9917.287560860892
-9246.77361471498
-9484.176884642136
11250.0
11250.0
11250.0
11250.0
11250.0
11250.0
11250.0
-11250.0
11250.0
-11250.0
-11250.0
-11250.0
-11250.0
-11250.0
-11250.0
-11250.0
11250.0
11250.0
11250.0
11250.0
11250.0
11250.0
11250.0
11250.0
-9773.54272995894
-10417.059372657903
-10915.845871932765
-11250.0
-11250.0
11250.0
11250.0
11250.0
11250.0
11250.0
11250.0
-11001.212415130944
-11250.0
-11250.0
-10803.365272250106
-11250.0
-11250.0
11250.0
11250.0
11250.0
11250.0
11250.0
11250.0
11250.0
11250.0
-11250.0
11250.0
11250.0
11250.0
-11250.0
-11250.0
-11250.0
-11250.0
-11250.0
11250.0
11250.0
11250.0
11250.0
11250.0
11250.0
-11250.0
-11250.0
-11250.0
-10406.361005130908
11250.0
11250.0
11250.0
11250.0
11250.0
-11250.0
-11250.0
-11250.0
-11250.0
-11250.0
-11250.0
11250.0
11250.0
11250.0
11250.0
11250.0
11250.0
11250.0
-11250.0
-11250.0
-11250.0
-11250.0
-11250.0
-11250.0
-11250.0
-9055.347593582901
11250.0
11250.0
11250.0
11250.0
11250.0
11250.0
11250.0
11250.0
-11250.0
-11250.0
-11250.0
-11250.0
-11250.0
-11250.0
-11250.0
11250.0
11250.0
11250.0
11250.0
11250.0
11250.0
11250.0
11250.0
11250.0
-11002.541743970316
-10976.220522640611
-10936.948379294085
-11250.0
-11250.0
-11250.0
-11250.0
11250.0
11250.0
11250.0
11250.0
11250.0
11250.0
11250.0
-11250.0
-11250.0
-11250.0
-11250.0
11250.0
11250.0
11250.0
11250.0
11250.0
11250.0
-9790.263052553091
-10137.493846438123
-8847.921391401265
-6943.257529347382
-2951.84749370194
11250.0
11250.0
11250.0
11250.0
11250.0
-7959.864603481627
-5012.812386723661
-3511.2466168894475
-2241.5951351874664
-406.88244268536255
1911.7739806864338
3281.7361457553643
9291.50210065148
4391.486649737742
11250.0
-7508.615031178211
-8201.5817625354
-7799.304654745996
-7126.305876778843
-5333.247630780057
-1544.1836391797551
11250.0
11250.0
5288.025904284128
11250.0
11250.0
-4747.641011196394
-3535.3982210190793
-3317.6608782374974
-3498.8385038425818
-439.8749441111304
5088.991602309363
9618.13409345227
6904.053601823596
11250.0
-9204.545454545456
-6810.950400807622
-6061.027485039936
-4393.221490933549
-2279.72145147843
-955.9423550268639
425.0591596877748
2136.932251124548
3715.269287208739
2682.807026777824
885.7942781037327
598.1547055400588
1902.222670280119
4049.140161977652
6039.494162605374
3619.2788168595976
11250.0
-8181.818181818182
-4151.159215013886
-4827.9756545334985
-5763.306093547508
-4254.5116566968845
-3753.524020749417
-1926.2911679255321
2575.3816910231235
10473.518175981568
1668.4846593918364
11250.0
11250.0
11250.0
-9376.69541628991
-8433.437944732053
-8115.321033011813
-7751.687575141816
-2505.393059164837
11250.0
11250.0
11250.0
11250.0
11250.0
-11250.0
-11250.0
-11250.0
-11250.0
-11250.0
-11250.0
-11250.0
11250.0
11250.0
11250.0
11250.0
11250.0
11250.0
11250.0
11250.0
-10739.067312259627
-11250.0
-11250.0
-11250.0
-11250.0
-11250.0
11250.0
11250.0
11250.0
11250.0
11250.0
11250.0
11250.0
11250.0
-9136.569623729745
-607.0836612322873
11250.0
11250.0
11250.0
-9476.561574019204
-9241.388893048399
-8166.560406130183
-6363.13229165315
-1777.5504512061125
11250.0
7834.967839014989
11250.0
7626.088055311062
9346.445866087823
-9545.454545454546
-8068.1920700076735
-8584.910710438384
-7095.952643159441
-8932.698627792772
-8385.588918600413
11250.0
11250.0
11250.0
11250.0
11250.0
11250.0
-11250.0
-11250.0
-11250.0
-11250.0
-11250.0
-11250.0
-11250.0
-10121.700879765402
11250.0
11250.0
11250.0
11250.0
11250.0
11250.0
11250.0
11250.0
11250.0
-11250.0
-11250.0
-11250.0
-11250.0
11250.0
11250.0
11250.0
11250.0
11250.0
-11250.0
-11250.0
-11250.0
-11250.0
-11250.0
-11250.0
-11250.0
11250.0
11250.0
11250.0
11250.0
11250.0
11250.0
11250.0
11250.0
-11250.0
-11250.0
11250.0
11250.0
11250.0
-11250.0
-11250.0
-11250.0
11250.0
11250.0
11250.0
-11250.0
-10099.431818181816
-8826.210959416494
-1493.0584712609998
11250.0
11250.0
11250.0
11250.0
11250.0
-10285.375821090107
-11250.0
11250.0
11250.0
11250.0
11250.0
-9644.064613072878
-8313.627784203396
-5723.008957939615
11250.0
11250.0
11250.0
10417.33708769107
-8636.363636363638
-4008.43347328797
-2215.2230051490787
271.09801103825885
1499.6566107256585
2653.862697800435
4274.002275807037
3334.4974261269053
2289.04660597805
1829.7750455469413
3177.7096996269506
6257.158803878363
3926.653321708718
-4886.363636363637
11250.0
7479.463307776485
-6590.909090909091
-3199.9452314433033
-4456.483134587064
-5450.828831277748
-4054.351338548439
-4487.96654064036
-4560.267312317221
-4172.049657063548
-4670.705933493415
-5434.495104449645
-3672.9549734539073
7961.181441675651
11250.0
11250.0
6341.756516775564
11250.0
11250.0
-9656.832298136647
-10253.847380633495
-10966.482711923454
-11250.0
-11250.0
-11250.0
11250.0
11250.0
11250.0
11250.0
11250.0
11250.0
-10784.56722917801
-10958.700963591138
-11250.0
11250.0
11250.0
11250.0
11250.0
-11250.0
-11250.0
-11250.0
-11250.0
-10804.80772939407
-9869.511961906865
-9147.915736909057
11250.0
11250.0
11250.0
11250.0
11250.0
11250.0
11250.0
-11250.0
-11250.0
-11250.0
11250.0
11250.0
11250.0