Demand
11250.0
11250.0
11250.0
11250.0
11250.0
11250.0
11250.0
11250.0
11250.0
11250.0
11250.0
11250.0
-11250.0
11250.0
11250.0
11250.0
11250.0
11250.0
11250.0
11250.0
11250.0
-11250.0
11250.0
11250.0
-11250.0
-11250.0
-11250.0
-8378.597415924254
-5055.040182412897
4524.504074620832
11250.0
11250.0
-11250.0
11250.0
11250.0
11250.0
-10938.54998458422
-11250.0
11250.0
11250.0
11250.0
11250.0
-10510.52277532193
-10702.358400675996
-10616.81704843251
-10468.549627739707
-11250.0
-11250.0
11250.0
11250.0
11250.0
11250.0
11250.0
11250.0
11250.0
-10779.197367386005
-10994.381508627983
-11250.0
-11250.0
-11250.0
-11250.0
-11250.0
11250.0
11250.0
11250.0
11250.0
11250.0
11250.0
11250.0
11250.0
-11250.0
-11250.0
-11250.0
-11250.0
-11250.0
-11250.0
-11250.0
-11250.0
11250.0
11250.0
11250.0
11250.0
11250.0
11250.0
11250.0
11250.0
11250.0
-11250.0
-10164.928719488984
-10302.24320004899
-10851.176514745977
-10636.770908728362
-11250.0
11250.0
11250.0
11250.0
11250.0
11250.0
11250.0
-8999.136165739306
-6197.760261400668
-4594.1553651264785
-3163.5266497483917
-509.2285027168855
3509.8237733046067
9509.721699541467
8162.593999767424
6220.554805848501
7449.439036473679
-6590.909090909091
4024.3846576681117
2431.4686447240783
3076.586445377661
6960.984252713902
6681.861282091043
11250.0
-6390.668092893781
-6625.051391366304
-5443.324264722181
-5147.18900311126
158.8055135882787
11250.0
11250.0
11250.0
-9045.128939828082
-8815.128376713812
-9086.184739530898
-8603.688747175871
-8637.38385995086
-8046.216310479547
11250.0
11250.0
11250.0
11250.0
11250.0
11250.0
-11250.0
11250.0
-11250.0
-11250.0
-11250.0
-11250.0
-11250.0
-11250.0
-11250.0
11250.0
11250.0
11250.0
11250.0
11250.0
11250.0
11250.0
11250.0
11250.0
-9663.729128014846
-9527.66102296946
-9997.802964811235
11250.0
11250.0
11250.0
11250.0
-9728.14621926297
-9783.63053439292
-9412.900181175013
-9609.202989953723
-11250.0
11250.0
11250.0
11250.0
11250.0
11250.0
-11004.471477798681
-10370.558877660525
-9304.822961015954
-8541.272596119637
11250.0
11250.0
11250.0
11250.0
11250.0
-11250.0
-11250.0
-11250.0
-11250.0
11250.0
11250.0
11250.0
11250.0
11250.0
-11250.0
-11250.0
-11250.0
-11250.0
-11250.0
-11250.0
11250.0
11250.0
11250.0
11250.0
11250.0
11250.0
11250.0
-11250.0
-11250.0
-11250.0
-11250.0
-11250.0
-11250.0
-11250.0
11250.0
11250.0
11250.0
11250.0
11250.0
11250.0
11250.0
11250.0
11250.0
-11250.0
-11250.0
-11250.0
-11250.0
-11250.0
-11250.0
-11250.0
11250.0
11250.0
11250.0
11250.0
11250.0
11250.0
11250.0
-11250.0
-11250.0
11250.0
11250.0
11250.0
-10465.7562168773
11250.0
11250.0
11250.0
-9974.388303162923
-8155.393035192039
-6544.478185067335
-3778.1710263863556
-2342.26938852722
103.02239646485305
1576.5499053216454
3119.2981486161757
10221.946048586013
10344.089821584123
6753.875908590864
5667.122963779158
11250.0
-8181.818181818182
4562.41743725232
11250.0
-7727.272727272728
-1862.4865446716904
-1010.6121283234461
2300.946472114925
3917.5306685542564
4560.541642295958
6461.106243009566
-5340.909090909092
4053.1322200450463
2840.15726674867
424.7129102840654
1308.6884160412774
973.3627774641191
1939.326165090617
3830.466179357121
9043.44212367525
-6704.545454545455
565.8685590190198
1374.839021340622
1547.9284103065038
-326.27616364067217
-615.1700765927762
-1966.3238554255695
-2287.707764863135
6406.3444893877095
7985.641603740365
8601.774408520134
11250.0
-8267.548567135345
-7860.318374320203
-7211.930931843464
11250.0
11250.0
11250.0
-10532.584374417303
-10182.736512995969
-10012.735591156765
-9325.105183510434
-9600.768586968945
-8628.903550246538
11250.0
11250.0
11250.0
11250.0
11250.0
11250.0
-11250.0
-11250.0
-11250.0
11250.0
11250.0
11250.0
11250.0
-11250.0
-11250.0
11250.0
11250.0
11250.0
-10996.770876182643
-10681.33286074963
-10253.632324476297
-10005.706322700935
-10652.347930333395
-11250.0
11250.0
11250.0
11250.0
11250.0
11250.0
11250.0
11250.0
-11250.0
-11250.0
-11250.0
-11250.0
-11250.0
-11250.0
-11250.0
11250.0
11250.0
11250.0
11250.0
11250.0
11250.0
11250.0
11250.0
-9093.571348503534
-9651.377218051985
-10312.657988008752
-10842.334009444756
-11250.0
11250.0
11250.0
11250.0
11250.0
11250.0
11250.0
-10965.862934790639
-10847.672887325705
-11250.0
11250.0
11250.0
11250.0
11250.0
-11250.0
-11250.0
-11250.0
-11250.0
-11250.0
11250.0
11250.0
11250.0
11250.0
11250.0
11250.0
11250.0
-11250.0
-11250.0
-11250.0
-11250.0
-11250.0
-11250.0
-11250.0
11250.0
11250.0
11250.0
11250.0
11250.0
11250.0
11250.0
11250.0
-10229.510642530338
-9840.062246525722
-9646.805852737063
-10102.04987303229
-11250.0
-11250.0
-11250.0
11250.0
11250.0
11250.0
11250.0
11250.0
11250.0
11250.0
-11250.0
-11250.0
-11250.0
-11250.0
11250.0
11250.0
11250.0
11250.0
11250.0
11250.0
-11250.0
-10996.841689696012
-11250.0
-11250.0
-11250.0
-11250.0
11250.0
11250.0
11250.0
11250.0
11250.0
11250.0
11250.0
-11250.0
-11250.0
-11250.0
-11250.0
11250.0
11250.0
11250.0
11250.0
-11250.0
-11250.0
-11250.0
-11250.0
-11250.0
-10184.025974025983
11250.0
11250.0
11250.0
11250.0
11250.0
11250.0
11250.0
11250.0
-11250.0
-11250.0
-11250.0
-11250.0
11250.0
11250.0
11250.0
11250.0
-11250.0
-11250.0
-11250.0
-11250.0
-9180.338891877363
11250.0
11250.0
11250.0
11250.0
11250.0
11250.0
-8578.56653102663
-3596.1599024873776
11250.0
11250.0
-9406.04075093456
-7580.978616742134
624.185651873433
11250.0
11250.0
11250.0
-4413.04670597718
-4150.209218545608
-4853.511089568203
-5527.005026269271
-5276.363794439054
-4828.031793411668
-4805.981591856158
-4763.973116098225
1152.9886498334536
11250.0
11250.0
11250.0
2256.0547058465545
11250.0
-8000.618326597095
-7153.669339449556
-5719.7620079474145
-2980.095791388969
-276.7456484261311
1831.249388252878
5166.001013988884
11250.0
5214.765118508196
11250.0
-6054.001705878174
-5318.087941816797
-2966.7214412888134
5991.970136176584
11250.0
11250.0
-7727.272727272728
-2127.9967365382236
-856.8166517211994
762.3987266364984
2325.653108661738
1533.512224542148
61.74374374168292
191.633060290741
2477.5697668124285
6735.756406471224
6118.014262072982
-7840.909090909091
-3645.719071477275
-2019.2728866040816
-651.6050427121609
-432.053552166044
628.2431718542157
11250.0
7625.687227954911
11250.0
-9431.818181818182
-6816.161385912925
-7237.546579535818
-6432.592023101006
11250.0
11250.0
11250.0
11250.0
11250.0
-9817.874734791618
-9968.037582387828
-10127.015355483098
-9984.990742200127
-10878.869192791037
-11250.0
-11250.0
-11250.0
11250.0
11250.0
11250.0
11250.0
11250.0
11250.0
11250.0
11250.0
-11250.0
-11250.0
-11250.0
-11250.0
-11250.0
11250.0
11250.0
11250.0
11250.0
11250.0
11250.0
-11250.0
-11250.0
11250.0
11250.0
11250.0
11250.0
-11250.0
11250.0
-8060.721517638282
-8749.288037331797
-2123.0762017318466
11250.0
11078.110314422276
2852.4955730039865
11250.0
11250.0
-9042.767812750986
-8235.229613592386
-6808.627850374447
-3538.414172776227
-2519.615276377708
3066.106707300802
11250.0
5397.6067858756105
8811.633115347475
9055.717869544325
11250.0
-8653.320510224745
11250.0
-10787.337662337664
-11250.0
-11250.0
-11250.0
-11250.0
-10816.004153070306
-11250.0
-11250.0
11250.0
11250.0
11250.0
11250.0
11250.0
11250.0
11250.0
11250.0
11250.0
-11250.0
-11250.0
-11250.0
11250.0
11250.0
11250.0
-11250.0
11250.0
11250.0
-11250.0
-11250.0
-11250.0
-11250.0
-11250.0
-11250.0
-11250.0
11250.0
11250.0
11250.0
11250.0
11250.0
11250.0
11250.0
11250.0
-11250.0
-11250.0
-11250.0
-11250.0
-11250.0
-11250.0
-11250.0
11250.0
11250.0
11250.0
11250.0
11250.0
11250.0
11250.0
-11250.0
-11250.0
-11250.0
-11250.0
-11250.0
-8958.912266772528
-3004.4159799119043
11250.0
11250.0
11250.0
11250.0
11250.0
11250.0
11250.0
11250.0
-11250.0
11250.0
11250.0
-11250.0
-8988.339451522352
-6886.381930584757
-2987.669079648702
11250.0
11250.0
11250.0
8047.806411665239
11250.0
-4836.677779202462
-3322.363816702143
-1212.2667186310719
-157.84583634793853
874.7079222611665
2380.9540926908594
1734.9090214197322
937.0114364212286
614.5499750543095
1929.0362480237145
5035.327160511428
3460.7179884143634
-4886.363636363637
11250.0
-2027.2517528615117
-1624.0140525736697
-3119.369180804302
-4288.126622034764
-5141.10623925061
-3278.436417323479
-3262.0010577588105
-2344.010236045955
691.1987364710903
6307.11567760284
11250.0
-957.5733052396718
11250.0
-9255.572474567485
-9102.253614859055
-9190.602987512008
-7934.454991124003
-8182.717532607585
-7930.818922374777
-8600.546531347318
-9876.359157712213
11250.0
11250.0
11250.0
11250.0
11250.0
11250.0
11250.0
11250.0
-11250.0
-10639.842603972567
-10799.780575685509
-11250.0
11250.0
11250.0
11250.0
11250.0
-11250.0
-11250.0
-11250.0
-11250.0
11250.0
11250.0
11250.0
11250.0
11250.0
-11250.0
-11250.0
-11250.0
-11250.0
-11250.0
-11250.0
11250.0
11250.0
11250.0
11250.0
11250.0