Demand
-11250.0
-11250.0
-11250.0
-11250.0
11250.0
11250.0
11250.0
11250.0
11250.0
11250.0
11250.0
11250.0
11250.0
11250.0
11250.0
11250.0
-11250.0
11250.0
11250.0
-11250.0
-11250.0
-11250.0
-11250.0
-11250.0
-11250.0
-11250.0
-11250.0
11250.0
11250.0
11250.0
11250.0
11250.0
11250.0
11250.0
11250.0
11250.0
-10911.297558796541
-11250.0
11250.0
11250.0
11250.0
4935.521054338895
11250.0
-4183.884297520455
11250.0
-10780.99546759162
-11250.0
-11250.0
-11250.0
-11250.0
-11250.0
11250.0
11250.0
11250.0
11250.0
11250.0
11250.0
11250.0
-11250.0
-11250.0
-11250.0
-11250.0
-11250.0
-11250.0
-11250.0
11250.0
11250.0
11250.0
11250.0
11250.0
11250.0
11250.0
-11250.0
-11250.0
-11250.0
-11250.0
-11250.0
11250.0
11250.0
11250.0
11250.0
11250.0
11250.0
-10895.6203371097
-11250.0
11250.0
11250.0
11250.0
-10179.169841897157
-10318.098203905945
-10860.468409951918
-10661.261914576862
-11250.0
11250.0
11250.0
11250.0
11250.0
11250.0
11250.0
-8833.673056659598
-5507.678350359147
-3061.923960929808
-14.822846768662203
6577.693796875003
10675.573640197388
6752.745099502321
9717.041933406945
-7386.363636363636
51.40339425586353
4591.003549735496
3913.1070891858885
11250.0
5405.844155844188
11250.0
-2873.939644170867
-556.3852308145451
11250.0
-9204.545454545456
-1665.9292035398394
11250.0
11250.0
-8615.808571819802
-8953.582777039224
-9035.643125707782
-8483.060268901729
-8088.522562188711
-8302.75095751154
-7337.84680228429
-6721.911921370262
386.05100719753773
11250.0
11250.0
11250.0
11250.0
11250.0
11250.0
11250.0
-11250.0
-11250.0
-11250.0
-11250.0
-11250.0
-11250.0
-11250.0
11250.0
11250.0
11250.0
11250.0
11250.0
11250.0
11250.0
11250.0
11250.0
-9764.344921678916
-9645.733979813424
-9779.007065464266
-10582.650437995173
-11250.0
-11250.0
-8501.676003651355
3994.851845614541
11250.0
11250.0
11250.0
11250.0
11250.0
11250.0
11250.0
11250.0
-11250.0
-11250.0
-10954.209110128773
-10215.026939383966
-9121.405415182326
-8930.740286393579
-9152.817227652831
11250.0
11250.0
11250.0
11250.0
11250.0
11250.0
11250.0
11250.0
-11250.0
-11250.0
-10971.256248641603
-11250.0
-10840.383810455816
-11250.0
-11250.0
11250.0
11250.0
11250.0
11250.0
11250.0
11250.0
11250.0
-10744.808812357562
-11250.0
-11250.0
-11250.0
-11250.0
-11250.0
-11250.0
11250.0
11250.0
11250.0
11250.0
11250.0
11250.0
11250.0
11250.0
-11250.0
-11250.0
-11250.0
-11250.0
-11250.0
11250.0
11250.0
11250.0
11250.0
11250.0
11250.0
-11250.0
-11250.0
11250.0
11250.0
11250.0
-11250.0
-11250.0
-10895.466392859962
-11250.0
-11250.0
11250.0
11250.0
11250.0
11250.0
11250.0
-11250.0
-9050.748078063622
11250.0
11250.0
11250.0
11250.0
-5897.577092511008
-4910.433955311524
-4531.9981695948445
-4168.541408663896
-1048.1579848888541
4858.99936495754
8287.197092770675
4535.0371760003745
11250.0
-8181.818181818182
-4087.9235943647714
-3953.778631092582
-2267.1223518712923
-696.071090776657
29.53985068978909
3111.191845683436
4272.754721417057
4676.444366079486
6978.9753506506095
4607.979370482412
1627.3423511829205
-5795.454545454547
-813.271395632717
-372.85474075060847
-1006.4293817332091
-1027.0630556640845
-998.9131281412938
-20.47457138286518
981.8521900307696
1970.3467936879724
2887.5233212819367
3008.449955012449
847.8488800647974
867.3480691927434
58.415240753576654
3827.248188967989
11250.0
11250.0
-6800.5942820430455
-6311.905262070122
-6223.15481835465
-995.0950282678514
11250.0
11250.0
11250.0
-10236.60661372526
-10423.283140162384
-10021.461188183395
-9838.534204651016
-9114.843858622116
-9564.069093744103
-9385.43183988793
-11250.0
11250.0
11250.0
11250.0
11250.0
11250.0
11250.0
11250.0
11250.0
11250.0
11250.0
-11250.0
-11250.0
-11250.0
-11250.0
-11250.0
11250.0
11250.0
11250.0
11250.0
11250.0
11250.0
-11006.899689134887
-11250.0
-11250.0
11250.0
11250.0
11250.0
-11250.0
-10722.127647742163
-11250.0
-11250.0
-11250.0
-11250.0
-11250.0
-11250.0
11250.0
11250.0
11250.0
11250.0
11250.0
11250.0
11250.0
11250.0
11250.0
-8503.416538801834
-8843.070550949731
-9496.806157631592
-10260.334448973586
-10856.622957899057
-11250.0
-11250.0
-11250.0
11250.0
11250.0
11250.0
11250.0
11250.0
11250.0
11250.0
11250.0
-9174.280872601707
11250.0
-11250.0
-11250.0
-11250.0
-11250.0
-11250.0
-11250.0
-11250.0
11250.0
11250.0
11250.0
11250.0
11250.0
11250.0
11250.0
11250.0
-11250.0
-11250.0
-11250.0
-11250.0
-11250.0
11250.0
11250.0
11250.0
11250.0
11250.0
11250.0
-11250.0
-10992.259161965463
-10110.122420988399
-9639.899420307389
-9359.607109000288
-9823.726545031135
-11250.0
-11250.0
11250.0
11250.0
11250.0
11250.0
11250.0
11250.0
11250.0
11250.0
-11250.0
11250.0
11250.0
-11250.0
-11250.0
-11250.0
-11250.0
-11250.0
-11250.0
-11250.0
-11250.0
11250.0
11250.0
11250.0
11250.0
11250.0
11250.0
11250.0
11250.0
11250.0
-11250.0
11250.0
11250.0
11250.0
-11250.0
-11250.0
-11250.0
11250.0
11250.0
11250.0
11250.0
11250.0
-11250.0
-11250.0
-11250.0
-11250.0
-10793.675502579612
-10464.353324512405
3133.9104684925774
11250.0
11250.0
11250.0
11250.0
11250.0
11250.0
-11250.0
11250.0
11250.0
11250.0
-11250.0
-11250.0
-11250.0
-11250.0
-11250.0
11250.0
11250.0
11250.0
11250.0
11250.0
11250.0
-9679.947857628656
-10028.990720055255
-8510.33177099311
-5933.412998077176
1845.6015942617732
11250.0
11250.0
11250.0
11250.0
11250.0
-7335.676913015045
2619.7865760258737
11250.0
-8068.181818181819
11250.0
1456.696276050554
11250.0
-6449.197860962566
-6262.7884759607
-5878.305339684746
-5741.603363236484
-5156.833614070703
11250.0
5179.5492767030255
11250.0
11250.0
-7458.4257206208595
11250.0
-8017.77677767777
-7313.327174116996
-6215.290265625728
-4329.7759432660805
-3064.614174806009
-2898.154091480743
-3229.5729429669827
-565.0685506979207
3391.6902971955537
7296.397188994088
11089.511717869485
3215.0104486320656
11250.0
11250.0
-6181.677585080027
-4505.593186659222
-2351.047087182824
-946.8430481627947
546.2653118825938
2392.2674980847614
4057.1887813427975
2934.893814614129
1152.4619190423764
1245.2808935496623
3634.9094276403102
7265.065268525269
5305.252848447087
11250.0
-5113.636363636366
-3065.119760479054
1315.4628587942734
11250.0
-9204.545454545456
-4525.280898876403
-3877.3954375625217
-1516.0610424982115
5865.113605453318
11250.0
-229.34096302842772
11250.0
11250.0
-9906.786761625473
-8971.426522191941
-7278.202194203015
-4950.0656490267575
11250.0
11250.0
11250.0
11250.0
-11136.363636363636
-11250.0
11250.0
11250.0
-11250.0
-11250.0
-11250.0
-11250.0
-11250.0
-11250.0
11250.0
11250.0
11250.0
11250.0
11250.0
11250.0
11250.0
-10746.120223946567
-10645.266122914323
-11250.0
-11250.0
11250.0
11250.0
11250.0
11250.0
11250.0
-11250.0
-11250.0
-9916.007905138344
-11250.0
-9390.532987324084
3230.2145218295627
9956.967257743574
11250.0
11250.0
11250.0
3852.7510221860953
11250.0
11250.0
-8815.387049145753
-7705.809331969919
-5380.744296862413
1558.3663434157934
6674.308705850545
11250.0
9402.923214934199
2704.644086263682
11250.0
-6970.244716351503
11250.0
5856.26658931799
11250.0
-10746.609171591183
-11250.0
-11250.0
-11250.0
-11250.0
11250.0
11250.0
11250.0
11250.0
11250.0
-11250.0
-11250.0
-11250.0
-11250.0
-10769.995523812271
-10513.555135519575
-11250.0
11250.0
11250.0
11250.0
11250.0
11250.0
11250.0
11250.0
11250.0
-11250.0
11250.0
11250.0
-11250.0
-11250.0
-11250.0
-11250.0
11250.0
11250.0
11250.0
11250.0
11250.0
-11250.0
-11250.0
-11250.0
-11250.0
11250.0
11250.0
11250.0
11250.0
11250.0
11250.0
-11250.0
-11250.0
-11250.0
-11250.0
-11250.0
-11250.0
-11250.0
-11250.0
11250.0
11250.0
11250.0
11250.0
11250.0
11250.0
11250.0
11250.0
11250.0
-8846.9812630118
-8773.933663727898
-8918.721652704506
-9472.688376060829
-3834.469976728329
11250.0
11250.0
11250.0
11250.0
11250.0
-9565.508021390378
-8679.205125907345
-8203.702942544143
-6103.837275752248
-6603.640622046358
-5217.351791501609
-2012.7421248794253
547.013662177691
4916.748949008592
9331.138044782763
11250.0
9473.826712545395
7820.660146330076
7274.625640333718
3423.252925510252
1675.8760256945698
11250.0
11250.0
11250.0
5502.120711658274
2511.4365788406312
-5909.09090909091
11250.0
-1902.6646993991526
-3401.6898619595063
-4622.124617692656
-5584.02124115526
-4200.027347829211
-4599.0638376451425
-4624.913150929711
-4154.670026582729
-4508.786513981548
-4983.22965926946
-1522.7049868408521
11250.0
11250.0
11250.0
11250.0
-10113.636363636366
-9178.856718526957
-9275.450442506906
-9988.791292594306
-10880.276973763925
-11250.0
-11250.0
-11250.0
11250.0
11250.0
11250.0
11250.0
11250.0
11250.0
11250.0
11250.0
-11250.0
-11250.0
-11250.0
11250.0
11250.0
11250.0
11250.0
11250.0
-11250.0
-10975.990812947333
-10636.79744848605
-10895.391912670635
-11250.0
-11250.0
-11250.0
11250.0
11250.0
11250.0
11250.0
11250.0
11250.0
11250.0
11250.0
11250.0
-10721.243042671616