Demand
-11250.0
-11250.0
11250.0
11250.0
11250.0
11250.0
11250.0
11250.0
11250.0
-11250.0
-11250.0
-11250.0
-11250.0
-11250.0
-11250.0
-11250.0
11250.0
11250.0
11250.0
11250.0
11250.0
11250.0
11250.0
-11250.0
-11250.0
11250.0
11250.0
11250.0
-9212.365324462538
-9281.213793850919
-9319.523288369594
-10468.595242064377
-11250.0
-11250.0
11250.0
11250.0
11250.0
11250.0
11250.0
11250.0
11250.0
-10266.589250165893
-10440.316470235568
-10638.523567024069
-10520.542808539314
-10297.767480931692
-11250.0
-11250.0
11250.0
11250.0
11250.0
11250.0
11250.0
11250.0
11250.0
-10715.825948008205
-10947.287398543373
-11250.0
-11250.0
-11250.0
-11250.0
11250.0
11250.0
11250.0
11250.0
11250.0
11250.0
11250.0
-11250.0
-11250.0
-11250.0
-11250.0
-11250.0
-11250.0
11250.0
11250.0
11250.0
11250.0
11250.0
11250.0
11250.0
11250.0
11250.0
11250.0
-11250.0
-11250.0
-10575.284090909096
-11250.0
-8649.641215116488
-6607.087880797197
11250.0
11250.0
11250.0
11250.0
11250.0
11250.0
11250.0
-10455.55440842453
-10644.840129615328
-7941.9606173782495
-2769.2417218591563
1536.464027408214
5898.512340270769
10161.616384683985
8832.044801238644
10011.183360538795
6356.801366593871
7280.962821235115
-7159.09090909091
-534.6225953700723
-507.8904352500758
-971.519262484142
803.6419550595992
11250.0
-7954.545454545456
-4762.3546402861575
-5752.187897838342
-6197.261522347926
-5379.071392656904
-6029.388258600225
-5805.224041115362
-5055.504156529138
-2328.9900171920053
11250.0
11250.0
11250.0
7612.01655193515
11250.0
11250.0
-10514.41066819616
-10721.286432633944
-10959.23159013579
-11250.0
-11250.0
-11250.0
-11250.0
-11250.0
11250.0
11250.0
11250.0
11250.0
11250.0
11250.0
11250.0
11250.0
11250.0
-10542.07675676356
-9674.87024279993
-8541.708167982852
-8362.876639693684
-6904.147290113815
-2326.608462847
7922.435977319211
11250.0
11250.0
1490.7807048838495
11250.0
11250.0
-11250.0
-10159.23265923266
11250.0
11250.0
11250.0
-10018.926061971259
-10451.580169411842
-11250.0
-11250.0
-11250.0
-11250.0
-11250.0
-11250.0
11250.0
11250.0
11250.0
11250.0
11250.0
11250.0
11250.0
11250.0
-11250.0
-11250.0
-11250.0
-11250.0
-11250.0
-11250.0
11250.0
11250.0
11250.0
11250.0
11250.0
11250.0
11250.0
11250.0
-11250.0
-11250.0
-11250.0
-11250.0
-10429.762448606674
11250.0
-11250.0
11250.0
11250.0
11250.0
11250.0
11250.0
-11250.0
11250.0
11250.0
11250.0
-11250.0
-11250.0
-11250.0
-11250.0
-11250.0
-11250.0
11250.0
11250.0
11250.0
11250.0
11250.0
11250.0
-11250.0
-11250.0
-11250.0
-11250.0
-11250.0
-11250.0
11250.0
11250.0
11250.0
11250.0
11250.0
11250.0
11250.0
11250.0
-10434.678957406231
-10581.906107537627
-10283.539199764444
-11250.0
11250.0
11250.0
11250.0
11250.0
11250.0
-6181.4547172069
-5609.0758583068755
-4639.704469267101
-4371.177613765898
-4244.96335573398
-1876.3033135515743
1886.6500399645793
4637.732580649234
4651.150986340734
7691.671343790188
9779.494995020708
2801.3495433294684
11250.0
-3358.475585549826
-1993.8317981384862
-1314.6644092279876
1555.2498557476174
2954.9422648097934
3780.4447537459073
6414.242042013403
2543.704796212175
-5454.545454545455
698.4264522390085
-1272.0431766022757
-830.1052496732937
-1413.0171938206895
-1393.8616377178132
-1309.7954355772727
-268.3832990222836
830.5986121171027
1941.9797019255457
2978.38904245056
3144.459479645398
1006.0390226460459
2214.726049859637
6554.897711445214
11250.0
-3429.4806646679276
-2502.68025109886
1533.7414577246745
11250.0
11250.0
-9886.363636363638
-8974.469902742487
-9516.277176684005
-9461.014858809922
-9156.463711314158
-6942.949817485711
11250.0
11250.0
11250.0
11250.0
11250.0
-11250.0
-11250.0
-11250.0
-11250.0
-11250.0
-11250.0
-11250.0
11250.0
11250.0
11250.0
11250.0
11250.0
11250.0
11250.0
11250.0
-11250.0
-11250.0
-11250.0
-10862.797718886282
-10153.741954531037
-7875.8894881773995
11250.0
11250.0
11250.0
11250.0
11250.0
11250.0
11250.0
-11250.0
-9377.053669222358
11250.0
11250.0
-11250.0
-11250.0
-11250.0
-11250.0
11250.0
11250.0
11250.0
11250.0
11250.0
11250.0
-10279.186985952401
-9389.248397339812
-8579.43515100097
-7497.692773911851
-7565.312090072926
-7967.72164629541
-8295.46761965852
11250.0
11250.0
11250.0
11250.0
11250.0
11250.0
11250.0
-11250.0
-10757.535758855716
11250.0
11250.0
11250.0
11250.0
-11250.0
-11250.0
11250.0
11250.0
-11250.0
-11250.0
-11250.0
-11250.0
-11250.0
-11250.0
-11250.0
11250.0
11250.0
11250.0
11250.0
11250.0
11250.0
11250.0
-11250.0
-11250.0
-11250.0
-11250.0
11250.0
11250.0
11250.0
11250.0
11250.0
11250.0
-11020.64083457526
-10241.043054129146
-9829.707145984128
-9580.829553899817
-9974.24101229819
-11250.0
-11250.0
11250.0
11250.0
11250.0
11250.0
11250.0
11250.0
-11250.0
-11250.0
-11250.0
-11250.0
-11250.0
-11250.0
11250.0
11250.0
11250.0
11250.0
11250.0
11250.0
-11250.0
-10908.643887391343
-11250.0
-11250.0
-11250.0
11250.0
11250.0
11250.0
11250.0
11250.0
11250.0
11250.0
-11250.0
-11250.0
-11250.0
-11250.0
-11250.0
11250.0
11250.0
11250.0
11250.0
11250.0
-11250.0
-11250.0
-11250.0
-11250.0
-10394.901101834323
11250.0
11250.0
11250.0
11250.0
11250.0
11250.0
-11250.0
-11250.0
-11250.0
-11250.0
-11250.0
-11250.0
-11250.0
11250.0
11250.0
11250.0
11250.0
11250.0
11250.0
11250.0
-10992.24559523012
-10668.861986427684
-9884.068509718334
-8680.807427185191
-8829.995573606517
-2124.56481613711
11250.0
11250.0
11250.0
11250.0
11250.0
11250.0
-10113.636363636366
-7486.585434017106
-4318.206410663717
-2968.4567110584267
-2125.121526041332
-1152.2671026450025
-405.061531515099
-1106.7141555274393
-1566.6193582281412
98.35422815997208
3044.5668447783282
5536.191538899694
7714.176905810349
11250.0
9652.495381182183
11250.0
-9772.727272727274
11250.0
11250.0
-7723.55740903199
-6952.994703602875
-5762.322651472186
-3741.440720904027
-2448.0791255342174
-2405.4767018275124
-2991.0840104192084
-895.4692533609468
1560.955852298055
3583.975010305624
9019.722766081719
7625.309191901528
11250.0
3769.7121111922397
11250.0
11250.0
-3492.1026385967966
-2242.647554866715
-856.9202015489136
937.1003511161862
2680.3465859550024
1874.8964515574426
574.7392079596466
2061.334108825944
11250.0
-7386.363636363636
-2739.2012548262574
-3705.736889279205
-4615.955193102498
-3455.1514330271402
-2643.1528961218773
-2899.2664349747647
-3061.8985606598108
3581.248817735481
11250.0
2948.1235100806252
11250.0
11250.0
-9156.666747270552
-9763.515705485475
-9903.981087586424
-9750.637143524225
-8828.876370731883
-7492.225091612804
-6917.883345038124
-6205.010262230135
1773.0544254553643
11250.0
11250.0
11250.0
11250.0
11250.0
11250.0
11250.0
-11250.0
-11250.0
-11250.0
-11250.0
-11250.0
11250.0
11250.0
11250.0
11250.0
11250.0
11250.0
11250.0
-10776.46570140043
-10735.301691993864
-11250.0
-11250.0
-11250.0
-11250.0
-11250.0
11250.0
11250.0
11250.0
11250.0
11250.0
11250.0
11250.0
11250.0
-9567.822678866996
-6970.796106981259
-5063.925193278692
803.1071458580109
11250.0
11250.0
11250.0
11250.0
-8722.714870395634
-7805.323332632543
-5925.4643168533
-6047.78436108835
-4783.38783859445
-2717.438318032313
-2120.4893438107592
-2972.069601264322
-891.9374473476455
11250.0
11250.0
3009.571541282525
11250.0
11250.0
-11250.0
-11250.0
-11250.0
-10825.174825174829
-11250.0
-11250.0
11250.0
11250.0
11250.0
11250.0
11250.0
11250.0
11250.0
-10996.004009701286
-11250.0
-11250.0
-11250.0
-11250.0
-11250.0
-11250.0
11250.0
11250.0
11250.0
11250.0
11250.0
11250.0
11250.0
11250.0
11250.0
11250.0
-11250.0
-11250.0
11250.0
11250.0
11250.0
-11250.0
-11250.0
-11250.0
-11250.0
-11250.0
-11250.0
-11250.0
11250.0
11250.0
11250.0
11250.0
11250.0
11250.0
11250.0
-11250.0
-11250.0
-11250.0
-11250.0
11250.0
11250.0
11250.0
11250.0
11250.0
-10558.840612687272
-10260.221448731074
-10170.387409930052
-8837.192466989713
-8149.598672447388
-7963.7627501287825
-8041.298063606525
-8664.961471849649
2794.646965873995
11250.0
11250.0
11250.0
11250.0
11250.0
11250.0
11250.0
-8461.405416090136
-6485.650801933661
-6866.640167710244
-5340.340441430573
-1560.3251033844153
2331.9724816923754
8982.031465617387
10874.047553040164
9500.123657834862
5705.5689248081835
4904.300503395507
-5568.181818181818
1108.0098211803943
356.1835690589651
-59.03253075228167
905.439122744875
3662.447697929356
3800.4257867998776
2792.0854749286827
209.6427481908231
-1392.9715545164836
-562.6773813160544
-1739.7007406319153
-1329.362023510319
11250.0
-8181.818181818182
-4303.486797562629
-3739.76716696013
-1687.1786824990631
2444.4212552479285
11250.0
11250.0
-10340.909090909092
-9072.61915288708
-8815.110229292462
-8775.940417707632
-6851.433386057569
-6467.291656008201
-3655.5848488884126
11250.0
-3216.1923550411734
11250.0
11250.0
11250.0
11250.0
11250.0
-11250.0
-11250.0
-11250.0
-11250.0
-10029.065392283832
-9341.692075914005
11250.0
11250.0
11250.0
11250.0
11250.0
11250.0
-11250.0
-11250.0
-11250.0
-10854.727582579242
-10207.43760356848
-10415.99187927445
-11250.0
11250.0
11250.0
11250.0
11250.0
11250.0
11250.0
11250.0
11250.0
-11250.0
-11250.0
-11250.0
-9834.563383091827