Demand
11250.0
11250.0
11250.0
11250.0
11250.0
11250.0
11250.0
11250.0
11250.0
11250.0
11250.0
11250.0
11250.0
11250.0
11250.0
-11250.0
-11250.0
-11250.0
11250.0
11250.0
11250.0
11250.0
-11250.0
-11250.0
-11250.0
-11250.0
11250.0
11250.0
11250.0
11250.0
11250.0
-10783.48085725545
-11250.0
-11250.0
-11250.0
-11250.0
-10332.243458226883
11250.0
11250.0
11250.0
11250.0
11250.0
11250.0
11250.0
-10771.678321678322
-10735.31131434064
-11250.0
-11250.0
-11250.0
-11250.0
-11250.0
-11250.0
11250.0
11250.0
11250.0
11250.0
11250.0
11250.0
11250.0
11250.0
11250.0
-11250.0
-11250.0
-11250.0
-11250.0
-11250.0
11250.0
11250.0
11250.0
11250.0
11250.0
11250.0
11250.0
-11250.0
-11250.0
-11250.0
-11250.0
-11250.0
-11250.0
-11250.0
11250.0
11250.0
11250.0
11250.0
11250.0
11250.0
11250.0
11250.0
11250.0
-10428.723051016295
-10922.088735018358
-10804.851622146813
-11250.0
11250.0
11250.0
11250.0
11250.0
11250.0
11250.0
-9125.874125874128
-6390.21361698387
-4628.103651888261
-2668.10322026619
1768.4418119090515
10027.688972050004
7572.040063439456
7615.106921136352
-7386.363636363636
-1977.9226690944179
-433.23812349928085
-795.6037803043055
-1931.7775572801402
-2422.5803936679713
-2236.1557773035966
-1931.0848119184284
-2148.064793616095
-2903.4897230970164
-2307.0589373488237
2773.697616876232
6095.694912833194
11250.0
3994.2660897999644
11250.0
11250.0
-9129.594136161562
-8987.734108403525
-9345.483984106504
-9135.51820626932
-9517.882537696889
-9980.453922285516
-10075.603933391947
-10104.909302414075
11250.0
11250.0
11250.0
11250.0
11250.0
11250.0
11250.0
11250.0
-11250.0
-11250.0
-11250.0
-11250.0
11250.0
11250.0
11250.0
11250.0
11250.0
-9288.015833556434
-8776.143663392035
-7717.275868249977
-8048.471114677878
-7629.652350419617
469.873401826987
11250.0
11250.0
11250.0
11250.0
11250.0
-10165.433403805495
-9262.2162883616
-8961.060033174159
-6443.909867758779
11250.0
11250.0
11250.0
11250.0
11250.0
-11250.0
-11250.0
-10963.676549383817
-10220.939340125136
-9007.847207284718
-8426.545072421704
-5847.5461529955355
11250.0
11250.0
11250.0
11250.0
11250.0
11250.0
-11250.0
-11250.0
11250.0
11250.0
11250.0
-11250.0
-10807.025421387127
-11250.0
11250.0
11250.0
11250.0
11250.0
-11250.0
-11250.0
-11250.0
-10927.79212730116
-10479.936079059575
-11250.0
-11250.0
-11250.0
11250.0
11250.0
11250.0
11250.0
11250.0
11250.0
11250.0
11250.0
-11250.0
-11250.0
-11250.0
-11250.0
-11250.0
-11250.0
11250.0
11250.0
11250.0
11250.0
11250.0
11250.0
-11250.0
-11250.0
-11250.0
-11250.0
-11250.0
11250.0
11250.0
11250.0
11250.0
11250.0
11250.0
11250.0
-10988.63867943754
-10351.515314669643
-10528.295567812733
-10275.76989138468
-11250.0
11250.0
11250.0
11250.0
11250.0
11250.0
11250.0
11250.0
-5591.83175667077
-5565.665074252262
-5747.078143071427
-4456.897345500676
-2615.963295486932
-1487.2019009648884
-1559.880334097863
-358.2813933848738
3373.3616235113955
6957.939945238556
6860.715771129999
11248.065973687859
1091.0364915652153
11250.0
-2015.076507650765
-1423.7569010879179
-1073.7201746302308
712.331302552654
1176.359113052058
872.9350643156404
119.73661129993707
-1742.3301563866262
-1244.729677856947
-1714.546790559516
-1523.9574456332448
-1154.2473113225224
462.2717972033879
2450.756351244756
4547.911375072831
5071.096805864468
-6250.0
-1619.048625792815
-2143.1831141472576
-3714.397183414716
-4945.202443495706
-3129.219721022646
-3092.0241394528744
-2547.2361234551736
869.3139813416647
6355.653697577029
11250.0
6068.292403738877
11250.0
11250.0
-10337.026161238657
-10495.306300632707
-10097.867102874447
-9852.437447766813
-8859.878914701301
-8594.510968885974
11250.0
11250.0
11250.0
11250.0
11250.0
11250.0
-11250.0
-11250.0
-11250.0
-11250.0
-11250.0
-11250.0
-11250.0
11250.0
11250.0
11250.0
11250.0
11250.0
11250.0
11250.0
11250.0
-10508.012882323448
-10404.19279115034
-10908.891857190778
-11250.0
-11250.0
11250.0
11250.0
11250.0
11250.0
11250.0
11250.0
-11250.0
-11250.0
-11250.0
-11250.0
11250.0
11250.0
11250.0
11250.0
11250.0
-11250.0
-11250.0
-10084.57650221499
-8905.480803489292
-7644.161747834958
-5615.3332270797655
-4688.790447970559
-2388.7700987692533
11250.0
11250.0
11250.0
11250.0
11250.0
11250.0
11250.0
-11250.0
-11250.0
-10777.972027972028
-9226.945244956765
11250.0
11250.0
11250.0
11250.0
-11250.0
-11250.0
-11250.0
-11250.0
-11250.0
11250.0
11250.0
11250.0
11250.0
11250.0
11250.0
11250.0
-11250.0
11250.0
11250.0
-11250.0
-11250.0
-11250.0
-11250.0
-11250.0
-11250.0
-11250.0
11250.0
11250.0
11250.0
11250.0
11250.0
11250.0
11250.0
-9965.581935690632
-9852.642484257354
-10317.901576594373
-11250.0
-11250.0
-11250.0
-11250.0
11250.0
11250.0
11250.0
11250.0
11250.0
11250.0
11250.0
11250.0
11250.0
-11250.0
-11250.0
11250.0
11250.0
11250.0
-11250.0
-11250.0
-11250.0
-10598.133894859136
-11250.0
11250.0
11250.0
11250.0
11250.0
11250.0
11250.0
11250.0
11250.0
-11250.0
-11250.0
-11250.0
-11250.0
-11250.0
-11250.0
-11250.0
11250.0
11250.0
11250.0
11250.0
11250.0
11250.0
11250.0
11250.0
-11002.348243472505
-10978.191857942202
-10943.36253062871
-11250.0
-11250.0
-11250.0
-11250.0
11250.0
11250.0
11250.0
11250.0
11250.0
11250.0
11250.0
11250.0
-11250.0
-11250.0
-11250.0
-11250.0
-11250.0
-11250.0
11250.0
11250.0
11250.0
11250.0
11250.0
11250.0
11250.0
-8669.01133727184
-4509.842901686299
11250.0
11250.0
-9498.884929974905
-8549.730351443406
-7123.275959151677
-3448.6710316787667
-1720.9877795596585
-519.9241108064452
894.320354821637
2051.755768049181
1391.064320370935
1365.35068689945
5084.969953623877
9231.731331022864
5181.285585541978
11250.0
10659.209673018897
-9886.363636363638
-7328.084161003659
-6641.350462854694
-5854.5791012008085
-2465.193933650815
8665.773908770061
11250.0
11250.0
7918.698562805955
10395.50175224536
-8522.727272727274
-5012.538756155387
-1505.6294728101057
11250.0
1619.1152162131257
11250.0
-6940.685084935598
-6728.703923504174
-6466.92015748053
-5567.739078583098
-3592.8034873817596
-1032.3565777177137
650.6456606768625
2383.933202347691
4401.29229165805
5983.7101874264845
4287.882825958414
2087.814408647184
2067.1484933279917
4413.276655761612
7397.516833431136
5106.293095857844
11250.0
-4735.085544763684
-2900.4314400528056
-304.6591650580358
4715.2733204851065
11250.0
-8977.272727272728
-6656.427221172027
-6495.757446278978
-6178.929667632743
-6310.94350080732
-6577.220655881276
-4705.308030253987
11250.0
11250.0
11250.0
11250.0
11250.0
-9788.350491965204
-9878.934122606672
-9946.93147201481
-9528.73053826522
-10512.923831255826
11250.0
11250.0
11250.0
11250.0
11250.0
11250.0
-11250.0
-11250.0
-11250.0
-11250.0
-11250.0
-11250.0
-11250.0
-11250.0
11250.0
11250.0
11250.0
11250.0
11250.0
11250.0
11250.0
11250.0
11250.0
-11250.0
-11250.0
-11250.0
11250.0
11250.0
11250.0
11250.0
11250.0
-9851.841196777907
-8197.492129023307
-7882.713331607392
-8053.294421307764
-7755.575608883016
-7529.694112619123
-4040.953216130192
11250.0
11250.0
11250.0
11250.0
11250.0
11250.0
-5872.99158876071
-6117.225475465166
-7370.27938068791
-8156.35947288794
-8712.126383924366
-7454.940446315686
-9298.701106370303
-9575.860994166116
-11250.0
11250.0
11250.0
11250.0
11250.0
11250.0
11250.0
-11250.0
-11250.0
-11250.0
11250.0
11250.0
11250.0
11250.0
11250.0
-11250.0
11250.0
11250.0
-11250.0
-11250.0
-11250.0
-11250.0
-11250.0
-11250.0
-11250.0
11250.0
11250.0
11250.0
11250.0
11250.0
11250.0
11250.0
11250.0
11250.0
-11250.0
-11250.0
-11250.0
-11250.0
-11250.0
11250.0
11250.0
11250.0
11250.0
11250.0
-11250.0
-11250.0
-11250.0
-11250.0
-11250.0
-11250.0
11250.0
11250.0
11250.0
11250.0
11250.0
11250.0
11250.0
11250.0
-11250.0
-10357.72263450835
-9782.690871181963
-9188.52529563809
-2661.356229083818
11250.0
11250.0
11250.0
11250.0
9035.444784872754
11250.0
-11250.0
-11250.0
-11250.0
-11250.0
-8157.509472959013
-5472.502770154355
-2056.2424866935944
11250.0
6363.364569436473
11250.0
11250.0
11250.0
10925.137853972326
6902.5151909954875
10115.969107834939
-6477.272727272728
12.07434871694386
1404.014320574568
859.3768021496089
143.61042132636794
-178.5793454785744
962.347380562459
3875.137361001412
3340.715174384417
-4886.363636363637
7633.928571428602
-6704.545454545455
-298.21638201991664
-1976.565690819838
-3247.666437875976
-4123.911254780007
-1708.2601485889718
-1480.3923237660983
19.809465803930834
4397.299067997471
7722.006290538106
7093.945137522143
11250.0
11250.0
-9401.062628398431
-9279.046372963141
-9385.098622670092
-8303.44532414255
-8589.618282415038
-8485.219415690706
-9204.522354732791
-10416.65019722515
-11250.0
11250.0
11250.0
11250.0
11250.0
11250.0
11250.0
11250.0
-11250.0
-10625.057331177002
-10866.161439790158
-11250.0
-11250.0
11250.0
11250.0
11250.0
11250.0
11250.0
11250.0
11250.0
-11003.827867763226
-10705.842252384944
-10940.295119937062
-11250.0
-11250.0
-11250.0
-11250.0
11250.0
11250.0
11250.0
11250.0
11250.0
11250.0
11250.0
-11250.0
-10483.012784960712