Demand
11250.0
11250.0
11250.0
11250.0
11250.0
11250.0
11250.0
11250.0
11250.0
11250.0
11250.0
11250.0
11250.0
11250.0
11250.0
11250.0
11250.0
11250.0
11250.0
11250.0
11250.0
11250.0
11250.0
11250.0
11250.0
11250.0
11250.0
11250.0
-7640.3389427169095
-7241.060243790744
-6239.567546476839
-7744.405688556566
11250.0
11250.0
11250.0
11250.0
11250.0
11250.0
11250.0
11250.0
11250.0
-10299.401475002782
-10482.033959725857
-10687.110991146616
-10611.8791467509
-10492.945803057733
-11250.0
-11250.0
-11250.0
11250.0
11250.0
11250.0
11250.0
11250.0
11250.0
11250.0
11250.0
-11250.0
-11250.0
-11250.0
-11250.0
-11250.0
-11250.0
-11250.0
-11250.0
11250.0
11250.0
11250.0
11250.0
11250.0
11250.0
11250.0
11250.0
11250.0
-11250.0
-11250.0
-11250.0
-11250.0
-11250.0
-11250.0
-9490.13722126931
11250.0
11250.0
11250.0
11250.0
11250.0
11250.0
11250.0
11250.0
-10463.20806162096
-10940.214162837307
-10841.728488060824
-11250.0
11250.0
11250.0
11250.0
11250.0
11250.0
11250.0
-8987.413109365341
-6318.002666967081
-4994.008581036493
-4053.729434252138
-2464.488099809383
-429.0901589058394
3080.341502592386
6029.028771971116
6802.463053503333
7506.065403921312
8546.49208019823
3878.446305206703
3709.827682385142
11250.0
-3609.7045156678214
-3448.1727567748326
-3742.352356541456
-4519.664439997738
-4359.483543088118
-1321.7694357608525
1648.4682978507726
11250.0
11250.0
-1210.3924894298052
11250.0
-8916.453265044816
-8671.482685159019
-8962.615965755678
-8474.33525465451
-8580.28254817978
-8344.236043243312
11250.0
11250.0
11250.0
11250.0
11250.0
11250.0
11250.0
-11250.0
-11250.0
-11250.0
-11250.0
11250.0
11250.0
11250.0
11250.0
11250.0
-10508.012882323448
-9558.385582300682
-8222.726461632948
-7786.320517273268
-5059.086862937735
11250.0
2403.0643468631934
11250.0
11250.0
11250.0
11250.0
-11250.0
11250.0
11250.0
-10256.391632771647
-9577.37004552292
-9626.96510206363
-9205.075393901112
-9433.456387291175
-11250.0
11250.0
11250.0
11250.0
11250.0
11250.0
11250.0
-10463.949549410267
-9790.947188356517
-9912.338351098013
-10437.533354298474
-11250.0
-11250.0
11250.0
11250.0
11250.0
11250.0
11250.0
11250.0
11250.0
11250.0
-11021.837751289808
-11250.0
-10964.964821490037
-11250.0
-11250.0
-11250.0
11250.0
11250.0
11250.0
11250.0
11250.0
11250.0
11250.0
-11250.0
-11250.0
-11250.0
-11250.0
11250.0
11250.0
11250.0
11250.0
-11250.0
-11250.0
-11250.0
-11250.0
-11250.0
11250.0
11250.0
11250.0
11250.0
11250.0
11250.0
11250.0
-11250.0
-11250.0
-11250.0
-11250.0
-11250.0
-11250.0
-11250.0
11250.0
11250.0
11250.0
11250.0
11250.0
11250.0
11250.0
11250.0
-11008.383571966846
-10435.252074479416
-10614.852223891885
-10441.440379308082
-11250.0
-11250.0
11250.0
11250.0
11250.0
11250.0
11250.0
11250.0
-4997.083001412491
-4939.387805198719
-5110.944055565737
-3630.8885483640715
-1537.7695212983745
-296.587303966513
-479.6014226206462
634.8615789011219
4072.1691994949624
6778.259309020399
6700.222132960764
10698.612141965616
5659.046068934353
7280.308512089785
-6704.545454545455
2127.623245995286
2830.2972571900928
5449.3351621985275
4819.518835777484
2930.871972335887
935.5735265224339
11250.0
-1177.881852660612
-1783.6337360786565
-1837.3360379378082
-1855.1756424854575
-1019.2413530367521
-156.9300742358173
713.0961610475906
1561.147448842321
1753.10328250146
-134.6115941548269
-296.154210934641
-1435.2392823388782
-823.8453347762643
11250.0
4655.703223425991
11250.0
-6987.536656891494
-7738.793866280105
-7646.398304173427
-8123.724678987957
-8631.648794537017
-7934.417209493099
-3388.814968219045
11250.0
11250.0
11250.0
11250.0
11250.0
11250.0
-11250.0
-11250.0
-11250.0
-11250.0
-11250.0
-11250.0
11250.0
11250.0
11250.0
11250.0
11250.0
11250.0
11250.0
-11250.0
-11250.0
11250.0
11250.0
11250.0
-10998.509687034279
-10670.501192384378
-10182.762814005964
-9761.206400695024
-10230.92012099642
11250.0
11250.0
11250.0
11250.0
11250.0
11250.0
-10747.091693353377
-11250.0
-11250.0
-11250.0
-11250.0
-11250.0
11250.0
11250.0
11250.0
11250.0
11250.0
11250.0
11250.0
-10314.369315350337
-9436.201352978478
-8594.47427953211
-7380.344143902861
-7173.518941645639
-6885.762057598804
1728.4197255157987
11250.0
11250.0
11250.0
11250.0
11250.0
-11250.0
-11250.0
-11250.0
-10644.332939787488
-7527.86723234118
11250.0
11250.0
11250.0
11250.0
11250.0
-11250.0
-11250.0
-11250.0
-11250.0
-11250.0
11250.0
11250.0
11250.0
11250.0
11250.0
11250.0
-11250.0
-11250.0
-11250.0
11250.0
11250.0
11250.0
11250.0
-11250.0
-11250.0
-11250.0
-11250.0
-11250.0
11250.0
11250.0
11250.0
11250.0
11250.0
-10058.05141696932
-9951.263223322014
-10379.441229016684
-11250.0
-11250.0
-11250.0
-11250.0
11250.0
11250.0
11250.0
11250.0
11250.0
11250.0
11250.0
-11250.0
-11250.0
11250.0
11250.0
11250.0
11250.0
-11250.0
-11250.0
-11250.0
-11250.0
-10794.404973357017
-11250.0
-11250.0
11250.0
11250.0
11250.0
11250.0
11250.0
11250.0
11250.0
11250.0
11250.0
-11250.0
-11250.0
-11250.0
-11250.0
-11250.0
11250.0
11250.0
11250.0
11250.0
11250.0
11250.0
11250.0
-11250.0
-10989.897581503828
-10956.176188227164
-10902.201969372443
-11250.0
-11250.0
-11250.0
11250.0
11250.0
11250.0
11250.0
11250.0
11250.0
11250.0
-11250.0
-11250.0
-11250.0
11250.0
11250.0
11250.0
-11250.0
-11250.0
-10790.781488264027
-9659.182374021777
11250.0
11250.0
11250.0
11250.0
11250.0
3203.3638986675337
11250.0
-9336.88147295743
-8906.931584622369
-2349.352258175484
11250.0
11250.0
11250.0
-4480.205278592377
-3946.4192774783733
-3351.207609969027
-2967.8589412225083
-3706.94101773536
-4388.943697197068
-3900.3515453465134
-3062.7694465963486
-2613.0984153369573
-1708.0171533365537
11250.0
8123.767154402121
11250.0
9469.234714749213
10240.144002082157
-9772.727272727274
-7647.923615116485
-6870.05166338605
-5674.440124383571
-3656.7040847511744
-2401.119936748115
-2426.350993471149
-3110.1978015004265
-1278.589309472478
703.7915674287979
2144.5940522025458
6651.578546344438
8445.120533385647
9483.503870096016
8162.282486568442
11250.0
4632.05749956972
11250.0
-2925.575579397502
-1816.4224770713863
-385.1214095560772
1036.2622694346765
393.11899010724665
-903.6491329309301
-810.2748229835561
1238.7986891408364
5700.794184503325
7758.769823597918
-7840.909090909091
-3429.1150356132275
-704.8561050249064
3302.6306870023222
7466.690023499126
7154.814882881023
11250.0
-6800.594282043046
-6742.457565750599
-6605.449066559107
-6990.111310845219
-7708.713848963682
-7998.378507478421
-5682.46170147874
11250.0
11250.0
11250.0
11250.0
11250.0
11250.0
-10201.991828396323
-10041.034674464685
-10877.046038331227
-11250.0
-11250.0
11250.0
11250.0
11250.0
11250.0
11250.0
11250.0
-11250.0
-11250.0
-11250.0
-11250.0
-11250.0
-11250.0
-11250.0
11250.0
11250.0
11250.0
11250.0
11250.0
11250.0
11250.0
11250.0
11250.0
-11250.0
11250.0
-11250.0
-10126.812160830745
-11250.0
-10148.994384398244
-6728.460371281314
-7781.074226906993
-289.0452227156802
6727.1663737559975
8351.38093813962
10903.893065437107
3953.3211543137254
11250.0
11250.0
11250.0
11250.0
11250.0
-6452.507677742629
-5289.635058563676
-3348.2211074428506
-2658.485025029693
-3120.684770186413
954.136926526473
11250.0
11250.0
11250.0
11250.0
-11250.0
-11250.0
11250.0
11250.0
11250.0
-11250.0
-11250.0
-11250.0
-11250.0
11250.0
11250.0
11250.0
11250.0
-10974.726336123633
-10930.183155337367
-11250.0
-11250.0
-11250.0
11250.0
11250.0
11250.0
11250.0
11250.0
11250.0
11250.0
-11250.0
-11250.0
-11250.0
-11250.0
-11250.0
-11250.0
11250.0
11250.0
11250.0
11250.0
11250.0
11250.0
11250.0
-11250.0
-11250.0
-11250.0
-11250.0
-11250.0
-11250.0
-11250.0
11250.0
11250.0
11250.0
11250.0
11250.0
11250.0
11250.0
11250.0
-11250.0
-11250.0
-11250.0
-11250.0
-11250.0
-11250.0
-8639.755766621438
-1557.1369708059974
11250.0
11250.0
11250.0
11250.0
11250.0
11250.0
11250.0
11250.0
11250.0
-11250.0
-11250.0
-11250.0
-8975.055432372508
-7458.691893745647
-6180.070796444001
-967.369518929363
-162.11197360935876
8616.228218350705
11250.0
11250.0
11250.0
9585.092622026295
8464.657469342757
3399.1082369474652
11250.0
568.24325154505
85.37176547463969
-597.5307350919356
-988.1117928121585
-128.30991521022952
2393.063744483916
2639.460724834731
1843.7584464230895
-475.79280948648557
-2001.3743855915454
-1378.5892652740786
-2657.556198970953
-3164.1051005343725
-1567.713429375288
11250.0
11250.0
-6205.75221238938
-6246.451252690538
-7008.502763435972
-8064.451458510791
-8352.643289630505
-8642.611870743345
-8169.525847788712
-7331.597610900421
-6208.300819605563
5108.079468503818
11250.0
7396.204669896492
11250.0
-3137.4062070509713
11250.0
11250.0
11250.0
-11250.0
11250.0
11250.0
11250.0
-11250.0
-11250.0
-10390.607549698463
-10340.821605239325
11250.0
11250.0
11250.0
11250.0
11250.0
-11250.0
-11250.0
-11250.0
-11250.0
-10663.461049850095
-8887.906200947611
11250.0
11250.0
11250.0
11250.0
11250.0
11250.0
11250.0
11250.0
-11250.0
-11250.0
-11250.0
-11250.0
-11250.0
-9461.452976553657