Demand
11250.0
11250.0
11250.0
11250.0
11250.0
11250.0
11250.0
11250.0
11250.0
11250.0
11250.0
11250.0
11250.0
11250.0
11250.0
11250.0
11250.0
11250.0
11250.0
11250.0
11250.0
11250.0
11250.0
11250.0
-11250.0
-11250.0
-11250.0
11250.0
11250.0
11250.0
11250.0
11250.0
11250.0
11250.0
11250.0
11250.0
11250.0
11250.0
11250.0
-7393.303261623871
-6286.653689108327
11250.0
11250.0
-10750.443617320554
-10666.640707298644
-10507.511431896852
-11250.0
-11250.0
11250.0
11250.0
11250.0
11250.0
11250.0
-10761.480891997478
-10693.260892549188
-10576.28370190219
-10789.848065385486
-11250.0
11250.0
11250.0
11250.0
11250.0
11250.0
11250.0
-11250.0
11250.0
-11250.0
-11250.0
-11250.0
11250.0
11250.0
11250.0
11250.0
11250.0
11250.0
-11250.0
-11250.0
-11250.0
-11250.0
11250.0
11250.0
11250.0
11250.0
11250.0
-11250.0
-11250.0
11250.0
11250.0
11250.0
-10409.488811909
-10886.661542768456
-10613.514159028553
11250.0
11250.0
11250.0
11250.0
11250.0
-10505.802707930368
-10660.292332210549
-7690.628498570808
342.96711541683544
11250.0
7620.806863872145
11250.0
1261.7420654632497
11250.0
-3648.3911939034733
-3206.2773597442647
-2486.553029965269
-982.066735882503
-1285.5285585398906
-2312.1106860189248
-2678.170114810462
-2307.9381672978616
-1680.0201105838332
-1345.0734714989612
-1004.4841139024938
4605.101847128963
11250.0
7338.505855229974
11250.0
-8669.517102615697
-8895.070818010485
-8782.518626695208
-7616.148533105908
-5235.168105624543
11250.0
9059.999558251362
11250.0
5657.130347939401
11250.0
-11006.15883966646
-11250.0
-11250.0
-11250.0
-11250.0
-11250.0
-11250.0
11250.0
11250.0
11250.0
11250.0
11250.0
11250.0
11250.0
11250.0
-10521.20559673692
-9671.967669515656
-8652.772369300288
-8673.77591060173
-7890.814395103855
-6246.644066945515
-6495.049007045703
-5397.644728063959
11250.0
6493.63391445194
11250.0
11250.0
11250.0
11250.0
11250.0
11250.0
-9598.57069276333
-8386.432078083544
11250.0
11250.0
11250.0
11250.0
-11250.0
-11250.0
-11250.0
-10861.234047712875
-9668.691565858917
-6752.047480704314
3867.693861612036
11250.0
11250.0
11250.0
11250.0
11250.0
11250.0
11250.0
-11250.0
-11250.0
-11250.0
11250.0
11250.0
11250.0
11250.0
-11250.0
-11250.0
-11250.0
-11250.0
-11250.0
-11250.0
-11250.0
11250.0
11250.0
11250.0
11250.0
11250.0
11250.0
11250.0
11250.0
-11250.0
-11250.0
11250.0
11250.0
11250.0
11250.0
-11250.0
11250.0
11250.0
-11250.0
-11250.0
-11250.0
-11250.0
-11250.0
-11250.0
-11250.0
-11250.0
11250.0
11250.0
11250.0
11250.0
11250.0
11250.0
11250.0
11250.0
11250.0
-11250.0
-10975.668449197867
-11250.0
-11250.0
-10328.951037075156
11250.0
11250.0
11250.0
11250.0
11250.0
11250.0
-9978.838758276179
-8059.670587982616
-6139.06102745425
-2435.99175272267
405.36854609519196
5690.066759084391
7490.149906869478
7070.735708026066
11250.0
4269.6032474560125
11250.0
-3473.2846681281826
-2124.354533704445
2892.8631047540593
11250.0
-268.59248992514586
11250.0
-2879.370629370631
-2640.6183407729786
-793.9798634413401
-35.328139784884115
440.4319839043419
2572.984684477615
3015.7279501980574
2512.3793343727584
1536.9848919923215
-568.5406655727147
379.8276602138649
323.33908258651263
2019.5271602593366
7056.202905070732
-6931.818181818183
-1365.0355511879334
-611.5873078007717
144.3816565861216
351.2395499233435
-1288.7058531944476
-1469.8990663173263
-2545.4749848380307
-2265.1155142147563
11250.0
917.8154246275044
11250.0
-7050.157957595452
-7851.889347670866
-7865.186614718794
-8452.945788272373
-9114.493024350657
-9070.517956515061
-8848.983597847066
-7885.222054334937
11250.0
11250.0
11250.0
11250.0
11250.0
11250.0
11250.0
11250.0
-11250.0
-11250.0
-11250.0
11250.0
11250.0
11250.0
11250.0
-11250.0
-11250.0
-11250.0
-11250.0
-11250.0
-11250.0
11250.0
11250.0
11250.0
11250.0
11250.0
11250.0
11250.0
-11250.0
-11250.0
-11250.0
-11250.0
-11250.0
11250.0
11250.0
11250.0
11250.0
11250.0
11250.0
-11250.0
11250.0
11250.0
-11250.0
11250.0
-11250.0
-11250.0
-11250.0
-9902.836134453788
-8379.747626358941
-6402.802494150922
-2276.3415193429773
2699.850999536615
11250.0
1547.3354898944708
11250.0
11250.0
11250.0
11250.0
11250.0
-11250.0
11250.0
-11250.0
-10992.584335708452
-10965.457795318765
-11250.0
-11250.0
-10734.501814697436
-11250.0
-11250.0
11250.0
11250.0
11250.0
11250.0
11250.0
11250.0
11250.0
11250.0
-11250.0
-11250.0
-11250.0
-11250.0
-11250.0
-11250.0
-11250.0
-11250.0
11250.0
11250.0
11250.0
11250.0
11250.0
11250.0
11250.0
11250.0
11250.0
-11250.0
-10959.177078845325
-9849.16342683537
-8957.317532972716
-7582.584536653132
-2985.053487729976
11250.0
11250.0
11250.0
11250.0
11250.0
11250.0
-11250.0
-11250.0
-11250.0
-11250.0
-11250.0
-11250.0
11250.0
11250.0
11250.0
11250.0
11250.0
11250.0
11250.0
-11250.0
-11250.0
-10880.261387660968
-11250.0
11250.0
11250.0
11250.0
11250.0
11250.0
-11250.0
-11250.0
-11250.0
-11250.0
-11250.0
11250.0
11250.0
11250.0
11250.0
11250.0
-11250.0
-11250.0
-11250.0
-11250.0
-11250.0
11250.0
11250.0
11250.0
11250.0
11250.0
11250.0
-11250.0
-11250.0
-11250.0
-11250.0
11250.0
11250.0
11250.0
11250.0
11250.0
11250.0
-11250.0
-11250.0
-11250.0
-11250.0
-11250.0
-11250.0
11250.0
11250.0
11250.0
11250.0
11250.0
11250.0
11250.0
-9112.39820943855
-6969.141985955899
9780.981973652317
11250.0
-1380.7110068466518
11250.0
-8963.903743315514
-4340.85435416405
11250.0
11250.0
11250.0
-4721.913411922644
-4221.439417506801
-3910.1231521665977
-4589.004425865098
-5218.81329546397
-4823.259765277529
-4103.131891263987
-3633.83540698995
-2405.055684465784
11250.0
11250.0
6769.364107499205
11250.0
11250.0
-7580.068236847899
-6577.493289357859
-4393.455592002874
801.413651444459
11250.0
9296.13510079313
4580.319271370239
11250.0
-8863.636363636364
-2460.5933033091987
293.42687770817156
11250.0
4411.734641222985
11250.0
11250.0
-6593.193619055688
-5157.02054969516
-3352.095492617094
-2246.388872696147
-1084.2923713520577
393.5974988890903
1828.6811171012669
1065.9739370296556
-433.87945964977916
-678.0815499021755
482.36837306714006
2553.8606056374474
5026.143852571293
3686.742133587625
11250.0
-8181.818181818182
11250.0
11250.0
-6161.515571370088
-4565.491701491303
-3601.063502848067
163.36826355025732
11250.0
4781.363915935917
11250.0
11250.0
-10077.053228461682
-9952.956251052805
-9167.802034682085
-8017.075877712985
-7449.600351625482
-6399.34030156493
11250.0
11250.0
11250.0
-7395.082285867644
11250.0
11250.0
-11250.0
-11250.0
-11250.0
-11250.0
-11250.0
-11250.0
11250.0
11250.0
11250.0
11250.0
11250.0
11250.0
-11250.0
-11250.0
-10548.573616053942
-10393.646599679974
-11250.0
-11250.0
11250.0
11250.0
11250.0
11250.0
11250.0
11250.0
11250.0
11250.0
11250.0
-10534.718349135528
11250.0
11250.0
-8412.087405495116
-8036.241374098111
-8023.249145546335
-7180.023272607712
-3974.2252151333705
11250.0
11250.0
11250.0
11250.0
-6553.172723610484
-6821.946835299659
-6033.489390397841
-4843.609485768708
-4970.708939406115
-6322.838699834476
-7049.845305290255
-7350.720245367571
-3589.9648151140777
-4052.0098904027086
11250.0
11250.0
11250.0
11250.0
11250.0
11250.0
-11250.0
-11250.0
-11250.0
-11250.0
11250.0
11250.0
11250.0
11250.0
-10986.357311152926
-10954.52283482745
-11250.0
-11250.0
-11250.0
-11250.0
11250.0
11250.0
11250.0
11250.0
11250.0
11250.0
11250.0
11250.0
-11250.0
-11250.0
-11250.0
-11250.0
-11250.0
-11250.0
-11250.0
11250.0
11250.0
11250.0
11250.0
11250.0
11250.0
11250.0
11250.0
-11250.0
-11250.0
-11250.0
-11250.0
-11250.0
-11250.0
-11250.0
-11250.0
11250.0
11250.0
11250.0
11250.0
11250.0
11250.0
11250.0
11250.0
11250.0
-10500.033736674013
-10146.441604734697
-9997.412027633742
-8266.83708451399
-7027.714386921198
-5932.311891656773
-3348.003166033084
11250.0
11250.0
11250.0
11250.0
11250.0
11250.0
11250.0
-9474.503922473468
-8327.887859490183
-7345.399571938098
-3055.5573265348376
-1034.5978794245202
11250.0
11250.0
11213.622933569459
2027.4193654530063
11250.0
-1855.2779864763324
-781.5983535041996
298.91240739777004
1841.9301641543598
1204.4858808978224
502.1907515461444
557.29560854385
3581.0700849971245
-4886.363636363637
3504.7463870784914
2471.390339712275
-88.17391887891972
-1622.7067449815822
-632.6010465343315
-1447.9734623152272
2955.825140380787
11250.0
-5051.495972382048
-5536.421674619141
-5754.740108727591
-5669.030916108328
-6361.211333084058
-7377.019376191827
-7366.5548959658145
-7045.519278161984
-3462.271549159659
11250.0
11250.0
11250.0
11250.0
5847.765122372137
11250.0
-11015.881708652792
-11250.0
-11250.0
-11250.0
11250.0
11250.0
11250.0
11250.0
11250.0
-11250.0
11250.0
11250.0
11250.0
-11250.0
-11250.0
11250.0
11250.0
11250.0
11250.0
-11250.0
-11250.0
-10945.107455306203
-10503.659785215226
-10737.494525556347
-11250.0
11250.0
11250.0
11250.0
11250.0
11250.0
11250.0
11250.0
-11250.0
-11250.0
-11250.0
-11250.0
-10405.138339920952