Demand
11250.0
11250.0
11250.0
11250.0
11250.0
11250.0
11250.0
11250.0
11250.0
11250.0
11250.0
11250.0
11250.0
11250.0
11250.0
11250.0
11250.0
-11250.0
-11250.0
-11250.0
-11250.0
-11250.0
11250.0
11250.0
11250.0
11250.0
11250.0
11250.0
11250.0
11250.0
11250.0
11250.0
11250.0
-11250.0
-11250.0
-11250.0
-10839.789608358806
-11250.0
-3472.91154136306
11250.0
11250.0
11250.0
11250.0
11250.0
11250.0
11250.0
-11250.0
-11250.0
-11250.0
-11250.0
11250.0
11250.0
11250.0
11250.0
-10749.149209182964
-10700.325975343349
-10940.04858537177
-11250.0
-11250.0
-11250.0
-11250.0
11250.0
11250.0
11250.0
11250.0
11250.0
11250.0
11250.0
11250.0
-11250.0
-11250.0
-11250.0
11250.0
11250.0
11250.0
11250.0
-11250.0
-11250.0
-11250.0
-11250.0
-10732.849346024545
-9432.915845719988
-1473.432352138052
11250.0
11250.0
11250.0
11250.0
11250.0
11250.0
11250.0
-11008.610954263127
-10981.75109162879
-11250.0
-11250.0
-11250.0
-11250.0
11250.0
11250.0
11250.0
11250.0
11250.0
11250.0
11250.0
-4763.718548489063
-2751.4915778556915
2061.044506813533
9587.279658352287
2257.652934853282
11250.0
-1388.4391292932069
-1741.1708802973371
-2805.107402963182
-3308.44623301886
-3230.2176413331404
-3077.5039284820923
-3418.9967530387094
-4291.755616286511
-4275.367476439045
-1744.7120343351598
-397.6537098366298
10826.731525691703
3819.3454943568327
11250.0
11250.0
11250.0
-9034.06691154826
-9400.562803210567
-9223.834799211989
-9624.198943303734
-10101.80462242035
-10269.118613829687
-10498.337498106044
-11250.0
11250.0
11250.0
11250.0
11250.0
11250.0
11250.0
11250.0
11250.0
-11250.0
-11250.0
-11250.0
-11250.0
-11250.0
-7718.329625661452
11250.0
11250.0
11250.0
11250.0
11250.0
11250.0
11250.0
-9795.643545643547
-9904.094533374278
-10626.647344397574
-11250.0
-11250.0
-4632.134909830276
11250.0
11250.0
11250.0
11250.0
11250.0
11250.0
11250.0
11250.0
-11250.0
-11250.0
-11250.0
-10919.458762886603
-10030.88579051802
-8486.693742415311
-7514.126133378253
162.34763615815336
11250.0
11250.0
11250.0
11250.0
11250.0
11250.0
11250.0
-11250.0
11250.0
11250.0
-11009.074136195908
-11250.0
-10954.458178741523
-11250.0
-11250.0
-11250.0
-11250.0
11250.0
11250.0
11250.0
11250.0
11250.0
11250.0
11250.0
11250.0
-11250.0
-11250.0
-11250.0
-11250.0
-11250.0
11250.0
11250.0
11250.0
11250.0
11250.0
-11250.0
-11250.0
-11250.0
-11250.0
11250.0
11250.0
11250.0
11250.0
11250.0
-11250.0
-11250.0
-11250.0
-11250.0
-11250.0
-11250.0
11250.0
11250.0
11250.0
11250.0
11250.0
11250.0
11250.0
11250.0
-11018.668831168834
-10505.649477441475
-10710.984023808436
-10650.332041247791
-11250.0
-11250.0
-9504.988539744598
-6290.971242810548
11250.0
11250.0
11250.0
11250.0
11250.0
11250.0
7721.1426420089165
11250.0
-8068.181818181819
11250.0
11250.0
-5441.365629189462
-4594.507560246308
-3860.732146613613
-3505.4503129412765
-1267.8384971135292
1125.0005070394418
2659.6662072891013
7448.583632937768
5785.69843042504
4141.922329950675
-5568.181818181818
1292.5728354534276
977.2197302760942
211.19050586172852
-1661.9903070995624
-1117.6065219915527
-1542.868914988936
-1241.5897047692451
-660.872805085437
1501.1361396313223
4352.17321041407
6036.268784598605
-6250.0
572.5465719224103
-1196.734533062483
-1703.8096073950146
-3295.8065006423385
-4492.399791170483
-2267.9012191856436
-1858.836404457952
-393.35809461555255
6951.238712954819
7730.723877737061
11250.0
2018.6968659569611
11250.0
-10101.094707421078
-10226.372334336684
-10353.453605029194
-9721.618986277565
-8877.944226385123
-116.836867598975
11250.0
11250.0
11250.0
11250.0
11250.0
-11250.0
-11250.0
-11250.0
-11250.0
-11250.0
-11250.0
-11250.0
11250.0
11250.0
11250.0
11250.0
11250.0
11250.0
11250.0
-11250.0
-10947.624614417353
-10540.414880582728
-9915.572968968325
-9349.055837079046
-9948.541256828616
11250.0
11250.0
11250.0
11250.0
11250.0
11250.0
11250.0
11250.0
-11250.0
-11250.0
-11250.0
-11250.0
11250.0
11250.0
11250.0
11250.0
11250.0
-11250.0
-11250.0
-9883.457645178478
-8325.109587267296
-6273.493326244322
-1910.9944127743838
3485.3474524207545
11250.0
860.5280276456706
11250.0
11250.0
11250.0
11250.0
11250.0
-11250.0
-11250.0
-11250.0
-10946.499435686463
-10898.632029263743
-11250.0
-11250.0
-10109.265655187046
11250.0
11250.0
11250.0
11250.0
11250.0
11250.0
11250.0
11250.0
11250.0
-11250.0
-11250.0
-11250.0
-11250.0
11250.0
11250.0
11250.0
11250.0
11250.0
-11250.0
-11250.0
-11250.0
-11250.0
-11250.0
-11250.0
-11250.0
-11250.0
11250.0
11250.0
11250.0
11250.0
11250.0
11250.0
11250.0
11250.0
11250.0
-11250.0
11250.0
11250.0
-11250.0
-11250.0
-11250.0
-11250.0
11250.0
11250.0
11250.0
11250.0
11250.0
-11250.0
-11250.0
-11250.0
-11250.0
-11250.0
-11250.0
-11250.0
11250.0
11250.0
11250.0
11250.0
11250.0
11250.0
11250.0
-11250.0
-11250.0
-11250.0
-11250.0
-11250.0
-11250.0
-11250.0
11250.0
11250.0
11250.0
11250.0
11250.0
11250.0
11250.0
11250.0
-11250.0
-11250.0
-11250.0
-10870.348716734261
-10741.193315224802
-10369.664722229354
-11250.0
11250.0
11250.0
11250.0
11250.0
11250.0
11250.0
11250.0
-11250.0
-11250.0
-11250.0
-11250.0
-11250.0
-11250.0
-11250.0
-11250.0
11250.0
11250.0
11250.0
11250.0
11250.0
11250.0
11250.0
11250.0
11250.0
-8685.58422406861
-8223.40546180955
-8220.230585060715
-7043.323363438506
11250.0
11250.0
11250.0
11250.0
7993.071883896882
-8068.181818181819
-3967.4783723165688
-3588.538104679989
-4229.339519342962
-4787.001172510909
-4151.28374177735
-2927.7766821650002
-1437.873470876917
3793.210366478723
11250.0
11250.0
11250.0
-9772.727272727274
-8026.558310991961
-7309.015642390214
-6256.548795315288
-4062.39051256471
633.014521776282
10804.346680777908
8496.319377382042
5934.553326245023
7699.452157463059
11250.0
-8863.636363636364
-6071.595545732747
-5534.027615727198
-5083.438617105994
-3822.3141416757285
-1492.6783050510912
5184.371996354504
11250.0
11250.0
7066.628560521599
6570.070319582966
-6590.909090909091
295.38634658664796
-319.3379391299877
-1595.039163646603
-1738.8617148342655
-490.29394976360527
2037.7663217200734
5935.392275351649
3790.423806241545
11250.0
-4762.938840250285
-4520.324881746947
-5270.141270798015
-6289.0411856626815
-5252.2229715502135
-5294.872632199924
-4809.296843263777
-3924.915359285911
-3363.7852925008115
-1977.2402332644306
11250.0
11250.0
11250.0
10282.221165068633
11250.0
-10340.909090909092
-8669.73342275128
-1319.7464624541662
11250.0
11250.0
11250.0
-11250.0
-11250.0
-11250.0
-11250.0
-11250.0
-11250.0
-11250.0
-11250.0
11250.0
11250.0
11250.0
11250.0
11250.0
11250.0
11250.0
11250.0
-10761.422367268158
-10719.634864598916
-11250.0
-11250.0
-11250.0
-11250.0
-11250.0
-11250.0
11250.0
11250.0
11250.0
11250.0
11250.0
11250.0
11250.0
11250.0
-7802.332631455248
-7131.00712398543
-6706.032053603422
-3970.2310269279697
11250.0
11250.0
11250.0
11250.0
-9659.09090909091
-5771.474467365577
-5920.272880731689
-4678.539581012179
-2697.979485685297
-2289.8071971777936
-3445.6455080492346
-2685.68677421378
6480.533201305967
11250.0
11250.0
-1009.4459361196004
11250.0
11250.0
-11250.0
-11250.0
-10981.000249437755
-11250.0
-11250.0
-11250.0
-11250.0
-11250.0
11250.0
11250.0
11250.0
11250.0
11250.0
11250.0
11250.0
11250.0
-11250.0
-11250.0
-11250.0
-11250.0
-11250.0
-11250.0
-11250.0
11250.0
11250.0
11250.0
11250.0
11250.0
11250.0
11250.0
-11250.0
-11250.0
-11250.0
-11250.0
-11250.0
11250.0
11250.0
11250.0
11250.0
11250.0
11250.0
11250.0
-11250.0
-11250.0
-11250.0
-11250.0
-11250.0
-11250.0
-11250.0
-11250.0
11250.0
11250.0
11250.0
11250.0
11250.0
11250.0
11250.0
11250.0
11250.0
-10289.14590747331
-9109.15333987034
-8495.43221606566
-8298.3849429457
-8258.004385729135
-8440.860635125598
11250.0
11250.0
11250.0
11250.0
11250.0
11250.0
-9624.230351321985
-8779.900753791146
-8338.427932519811
-6363.985237472324
-6868.394618818085
-5619.0461097265215
-2733.5405539665317
-462.57876632752595
3536.320794037333
8075.0205401981
11250.0
9040.990112342126
7726.426866066144
7251.7433183091625
3420.864850283207
1675.3897845352913
11250.0
127.13580437381916
2718.3024155320363
2920.1666482045075
2044.011574677169
-356.2473998372152
-1881.030216845269
-1133.6449165494978
-2277.438608208109
-2035.320672524147
11250.0
-8181.818181818182
-4337.185015496569
-3436.6281243808758
165.85684011940248
11250.0
-1110.6522896158713
11250.0
-9403.015301530155
-9245.397817213066
-9020.532417601717
-8996.376185392946
-7257.265473071297
-6874.315036599383
-3893.6785660199553
11250.0
11250.0
11250.0
11250.0
11250.0
11250.0
11250.0
11250.0
-11250.0
-11250.0
-11250.0
-10479.266826923082
-10751.139691779474
-11250.0
-11250.0
11250.0
11250.0
11250.0
11250.0
11250.0
11250.0
11250.0
11250.0
-10590.509416728451
-10645.875601523097
11250.0
11250.0
11250.0
11250.0
-11250.0
-11250.0
-11250.0
-11250.0
11250.0
11250.0
11250.0
11250.0
11250.0