Demand
-11250.0
-11250.0
-11250.0
-11250.0
11250.0
11250.0
11250.0
11250.0
11250.0
-11250.0
-11250.0
-11250.0
-11250.0
11250.0
11250.0
11250.0
11250.0
11250.0
-11250.0
-11250.0
-11250.0
-11250.0
-11250.0
-11250.0
11250.0
11250.0
11250.0
11250.0
11250.0
11250.0
11250.0
-10682.17160794992
-11250.0
-11250.0
-11250.0
-11250.0
11250.0
11250.0
11250.0
11250.0
11250.0
11250.0
-10477.320103456103
-10683.03830756267
-10606.227018041285
-10484.303462583131
-11250.0
-11250.0
-11250.0
11250.0
11250.0
11250.0
11250.0
11250.0
11250.0
11250.0
11250.0
-11250.0
-11250.0
-11250.0
-11250.0
11250.0
11250.0
11250.0
11250.0
11250.0
-11250.0
-11250.0
-11250.0
-11250.0
11250.0
11250.0
11250.0
11250.0
11250.0
11250.0
-11250.0
-11250.0
-11250.0
-11250.0
-10816.576546130447
-10055.888447827187
-10180.5936577026
11250.0
-11250.0
11250.0
11250.0
11250.0
11250.0
11250.0
11250.0
11250.0
-11250.0
11250.0
11250.0
11250.0
-11250.0
-10419.843210586881
-10584.682269259698
-7187.809359639014
1765.7471672840811
11250.0
7929.448526939883
10637.558981643931
5799.138529374835
11250.0
-7500.000000000001
-2743.367147873585
-1857.5657131415446
-81.88875309636933
-302.5470071233867
-1259.2942240126304
-1267.0379485514914
37.84821958067914
2679.5743389249546
6719.977104899583
7467.025602070622
11250.0
-6863.411341134117
-7282.574710998874
-6788.645026305701
-4076.924758888677
11250.0
11250.0
11250.0
-9016.457680250787
-9383.890268683674
-9202.549766288565
-9603.74259313761
-10083.517283063178
-10247.312757227424
-10470.006744130911
-11250.0
11250.0
11250.0
11250.0
11250.0
11250.0
11250.0
11250.0
11250.0
-11250.0
-11250.0
-11250.0
11250.0
11250.0
11250.0
11250.0
11250.0
-9155.695039804039
-8605.882321130703
-7481.724318789194
-7871.938614847506
-7587.30779807219
-2468.4297931824367
11250.0
11250.0
11250.0
11250.0
11250.0
11250.0
-9663.729128014846
-9664.859185076606
-9091.730263147612
-8726.509137450157
11250.0
11250.0
11250.0
11250.0
11250.0
-11250.0
-10980.674730674731
-10300.47134016789
-9250.65297433448
-8914.428159756342
-8324.574087158828
11250.0
11250.0
11250.0
11250.0
11250.0
11250.0
-11250.0
-11250.0
-11250.0
-11250.0
-10302.106430155214
11250.0
11250.0
11250.0
11250.0
11250.0
11250.0
-11250.0
-11250.0
-11250.0
-11250.0
-10830.909744461147
-10067.7432643596
-11250.0
11250.0
11250.0
11250.0
11250.0
11250.0
11250.0
11250.0
11250.0
-11250.0
-11250.0
-11250.0
-11250.0
-11250.0
-11250.0
11250.0
11250.0
11250.0
11250.0
11250.0
11250.0
11250.0
-11250.0
-11250.0
-11250.0
-11250.0
11250.0
11250.0
11250.0
11250.0
11250.0
-11250.0
11250.0
11250.0
11250.0
-11020.941239507058
-10448.935682715797
-10573.121059343128
-10162.235164761129
-11250.0
11250.0
11250.0
11250.0
11250.0
-7241.7613296183445
-5204.794670743708
-4432.54066414169
-3149.476792804182
-2718.4288385512573
-2457.4556328807157
650.0793732354978
5098.865530685911
6907.489812753747
5238.216789410417
6822.910172536457
10056.486516742643
5542.295060488497
11250.0
-7727.272727272728
1958.0329557157593
3473.771846235595
8119.22699273696
5648.299885648545
4217.475053679696
-5568.181818181818
1072.453773970883
782.9756046854054
43.050045050070366
-1812.3263457998291
-1373.5371403908375
-1899.5122444646986
-1833.0587444953017
-1673.9973176398016
-526.1712631001519
758.209971812199
2134.517354465128
3438.4553209170563
3586.1258759939346
1360.592855284589
11250.0
-2810.4435778698535
-2617.12577900048
11250.0
-44.611910470841394
11250.0
-3616.962305986694
11250.0
2593.2680283450945
11250.0
-9853.701687534027
-9997.716318908475
-10148.955144933097
-10313.180925094988
-9757.016206410004
-9312.005900516466
-7452.728349921417
-4726.303983639151
11250.0
11250.0
11250.0
11250.0
11250.0
11250.0
11250.0
-11250.0
-11250.0
-11250.0
11250.0
11250.0
11250.0
11250.0
-11250.0
-11250.0
-11250.0
-11250.0
-11250.0
-10700.330968141341
-9195.681493335469
11250.0
11250.0
11250.0
11250.0
11250.0
11250.0
11250.0
11250.0
-11250.0
-10739.643645914166
-11250.0
-11250.0
-11250.0
-11250.0
11250.0
11250.0
11250.0
11250.0
11250.0
11250.0
-11250.0
-11250.0
-10070.41832870659
-8725.275923539026
-6865.283372577043
-2187.8012016593457
10946.711678967098
1323.9512862393349
11250.0
11250.0
11250.0
11250.0
-11250.0
-11250.0
-11250.0
-11250.0
-11250.0
-10687.006145741881
-10337.474237034217
-11250.0
11250.0
11250.0
11250.0
11250.0
11250.0
11250.0
11250.0
11250.0
11250.0
-11250.0
-11250.0
-11250.0
-11250.0
-11250.0
-11250.0
-11250.0
11250.0
11250.0
11250.0
11250.0
11250.0
11250.0
11250.0
11250.0
-11250.0
11250.0
11250.0
11250.0
-11250.0
-11250.0
-10757.362355953908
-5650.916685984638
11250.0
11250.0
11250.0
11250.0
11250.0
-11250.0
-11250.0
-11250.0
11250.0
11250.0
11250.0
11250.0
-11250.0
-11250.0
-11250.0
-11250.0
-11250.0
-11250.0
11250.0
11250.0
11250.0
11250.0
11250.0
11250.0
-10982.051918205321
-11250.0
-11250.0
-11250.0
11250.0
11250.0
11250.0
11250.0
11250.0
-11250.0
-11250.0
-11250.0
-11250.0
11250.0
11250.0
11250.0
11250.0
-11250.0
-11250.0
-11250.0
-11250.0
11250.0
11250.0
11250.0
11250.0
-10972.051001664819
-10912.286951672671
-10783.98058471196
-11250.0
11250.0
11250.0
11250.0
11250.0
11250.0
11250.0
11250.0
11250.0
-11250.0
-11250.0
-11250.0
-11250.0
-11250.0
11250.0
11250.0
11250.0
11250.0
11250.0
11250.0
-10326.507650765077
-9764.114541464529
-10173.68724545318
-9146.532040916532
-8152.06219154182
-7556.689262349267
-6488.8999502407605
-5691.684105737484
927.7490909759263
11250.0
11250.0
11250.0
11250.0
11250.0
11250.0
11250.0
11250.0
-8409.09090909091
-5692.1802048133795
-5676.804837885673
-5615.4601821310725
-6128.431114410181
-6991.617669527186
-6302.68858965344
-5194.3201387088775
-2508.578421205526
1744.4484942629242
8350.106678625558
11250.0
10961.571522758783
9811.618250162279
11250.0
8135.043468306277
9420.327859570643
-8522.727272727274
-4278.375733855186
-1093.4677205100961
7048.676290728348
9864.775663709446
3854.4075445900216
11250.0
-6756.131983648047
-6423.450913155313
-5386.757051597426
-3099.0059815965365
26.8589309824647
2270.849424119493
4505.185621625937
6649.823366330387
7396.189700223091
4217.374799376323
2094.1052396169307
6935.137328155168
-7500.000000000001
-1030.3442618681802
-112.06994925998879
-1102.8613206160662
-1794.7175528562748
1293.8873326039602
4474.488962145541
5107.338829517603
8575.676820655059
11250.0
-9204.545454545456
-6542.489204194942
-6009.800217618296
-5631.737224353739
-4001.839701225412
11250.0
11250.0
11250.0
11250.0
-9045.906226589697
-9123.522736540039
-9474.698099408633
-9530.079769123586
-9531.113858605382
-8753.13494393463
-9847.931312728535
11250.0
11250.0
11250.0
11250.0
11250.0
11250.0
11250.0
-11250.0
-11250.0
-11250.0
-11250.0
-11250.0
-11250.0
11250.0
11250.0
11250.0
11250.0
11250.0
11250.0
-11250.0
-11250.0
-11250.0
-11250.0
-11250.0
11250.0
11250.0
11250.0
11250.0
11250.0
11250.0
11250.0
-9853.701687534023
-7827.015649572323
-6482.102794184393
-1671.7883969046616
11250.0
11250.0
11250.0
-9185.2259310937
-8468.777702899079
-7233.30591887546
-4471.849149079513
-3804.6052039788847
354.17570381155656
9869.76247540913
5258.208111440854
9118.991314204151
5954.548445929212
11250.0
-8792.632688254456
-10166.707141920087
-10619.48616438013
-11250.0
-11250.0
-11250.0
11250.0
11250.0
11250.0
11250.0
11250.0
11250.0
-11250.0
-11250.0
-11250.0
-11250.0
11250.0
11250.0
11250.0
11250.0
11250.0
11250.0
-11250.0
-11250.0
-11250.0
-11250.0
-11250.0
11250.0
11250.0
11250.0
11250.0
11250.0
-11250.0
-11250.0
-11250.0
-11250.0
-11250.0
-11250.0
-11250.0
11250.0
11250.0
11250.0
11250.0
11250.0
11250.0
11250.0
11250.0
-11250.0
-11250.0
11250.0
11250.0
11250.0
11250.0
11250.0
-11250.0
-11250.0
-11250.0
11250.0
11250.0
11250.0
11250.0
-11250.0
-10208.123791102513
-9209.779567175305
-5932.813418486072
11250.0
11250.0
11250.0
11250.0
11250.0
-10502.089677962806
-11250.0
-11250.0
-11250.0
-11250.0
-11250.0
-3025.6258758343956
11250.0
11250.0
11250.0
11250.0
11250.0
11250.0
10899.445089676403
2669.7102779008565
11250.0
-2058.7443887328373
-1176.0302523133178
-305.3405384979069
1021.3868196770818
509.17623014177207
-189.96541295128736
-548.1691909614638
446.4852081757481
3167.9629197111162
3146.854805592437
1946.608309366903
-5909.09090909091
1078.76712328765
5079.413191076585
-7386.363636363636
-4288.481244028417
-5297.652107440455
-3846.030240275095
-4276.219897168432
-4328.19260008349
-3893.2814065973835
-4370.22776155543
-5100.141858060044
-2990.235353662276
11250.0
7633.342681285885
11250.0
11250.0
11250.0
-10340.909090909092
-9247.166696412638
-9558.413090564605
-8977.569622271043
11250.0
11250.0
11250.0
-11250.0
11250.0
11250.0
-11250.0
-11250.0
-11250.0
-6892.160753485226
11250.0
11250.0
11250.0
11250.0
11250.0
-11250.0
-11250.0
-11250.0
-11250.0
-11250.0
-10523.724183000504
-5648.103212476159
11250.0
11250.0
11250.0
11250.0
11250.0
11250.0
11250.0
-11250.0
-11250.0
-11250.0
-11250.0
11250.0
11250.0
11250.0