Demand
-11250.0
-11250.0
-11250.0
-11250.0
-11250.0
11250.0
11250.0
11250.0
11250.0
11250.0
11250.0
11250.0
11250.0
-11250.0
-11250.0
11250.0
11250.0
11250.0
-11250.0
-11250.0
-11250.0
-11250.0
-11250.0
-11250.0
-11250.0
11250.0
11250.0
11250.0
11250.0
11250.0
11250.0
11250.0
-11250.0
-11250.0
-11250.0
-11250.0
-10559.89858334152
-11250.0
11250.0
11250.0
11250.0
11250.0
11250.0
11250.0
11250.0
-10405.175549387135
-11250.0
11250.0
11250.0
11250.0
-11250.0
-11250.0
-10052.954058076113
-10055.209331989307
-7704.769914249147
11250.0
11250.0
11250.0
11250.0
11250.0
11250.0
-11250.0
-11250.0
-11250.0
-11250.0
11250.0
11250.0
11250.0
11250.0
11250.0
-11250.0
-11250.0
-11250.0
-11250.0
-11250.0
-11250.0
11250.0
11250.0
11250.0
11250.0
11250.0
11250.0
11250.0
11250.0
-11250.0
-11250.0
-10530.620217156142
-11250.0
-1915.3984193046635
11250.0
11250.0
11250.0
11250.0
11250.0
-11250.0
11250.0
-11250.0
-10242.42424242424
-10285.073419689772
-38.04453118254787
11250.0
11250.0
11250.0
11250.0
11250.0
-4116.633706198627
-2666.7408358686553
-1380.9643603898658
966.6906931710037
5767.927493802621
3332.9903740626246
11250.0
-3279.1929339956805
-3064.517024777313
-2692.410608312961
-2710.7586863069446
-3052.2509608227483
-1270.271024084719
11250.0
1693.2654689902374
11250.0
11250.0
-8843.306922435364
-8711.221703425224
-7460.7385157322715
-4759.135067747309
11250.0
11250.0
3642.7054289259418
11250.0
11250.0
-11010.790092140112
-11250.0
-11250.0
11250.0
11250.0
11250.0
-11250.0
-11250.0
-11250.0
-11250.0
11250.0
11250.0
11250.0
11250.0
11250.0
11250.0
-9709.45945945946
-8652.194632981467
-8569.49980087937
-7482.14818113264
-4714.984447734014
-2583.546310552716
11250.0
11250.0
11250.0
11250.0
-11250.0
11250.0
-10516.922651422821
-10190.833818682033
-9496.640590889612
-9600.36983209334
-9300.818869574152
-9763.32977116144
-11250.0
-11250.0
11250.0
11250.0
11250.0
11250.0
11250.0
11250.0
11250.0
11250.0
-10735.612993964241
-11250.0
-11250.0
-11250.0
-11250.0
11250.0
11250.0
11250.0
11250.0
11250.0
11250.0
11250.0
-11250.0
-10984.83523124881
-11250.0
-11250.0
-11250.0
-11250.0
-11250.0
11250.0
11250.0
11250.0
11250.0
11250.0
11250.0
11250.0
11250.0
-11250.0
-11250.0
-11250.0
-11250.0
-11250.0
11250.0
11250.0
11250.0
11250.0
11250.0
-11250.0
-11250.0
-11250.0
-11250.0
-11250.0
11250.0
11250.0
11250.0
11250.0
11250.0
11250.0
11250.0
-11250.0
11250.0
11250.0
11250.0
11250.0
-11250.0
-11250.0
-10950.610284799575
-11250.0
-11250.0
-10712.861460488275
-8726.652489012828
-6833.773732514015
11250.0
11250.0
11250.0
11250.0
11250.0
11250.0
11250.0
11250.0
11250.0
-5569.985237128625
-5485.627881463428
-5583.645614407607
-4078.047747821152
-1816.030325126192
-142.9416469745065
346.98723557333506
3147.773103400555
10197.592979322291
5391.706607445221
11250.0
-7727.272727272728
-2318.471104608634
-2039.2809309201948
-32.42101295905559
788.3659534823646
1291.6937658516754
3557.0951448526916
3942.4314514862135
3307.1778860097997
2196.9738430406614
-62.26475272673633
941.1634226623182
851.3120554561319
2572.929787453607
7119.923102861012
-6931.818181818183
-1694.7373699744985
-1038.7739593086444
-386.0868698607683
-250.0449311303837
-1870.343981994658
-2294.0455651751763
-3712.2000308348856
-4694.924419991596
-2008.9299813906146
-480.48534426783226
5562.629172324957
11250.0
1914.8594551605074
11250.0
-8959.626668934437
-9594.253334806112
-9709.81016608452
-9819.50679812481
-9917.738634730813
-8721.762082456207
-6271.770559806432
11250.0
11250.0
11250.0
11250.0
11250.0
11250.0
11250.0
11250.0
-11250.0
-11250.0
-11250.0
-11250.0
11250.0
11250.0
11250.0
11250.0
-11250.0
-11250.0
-11250.0
-11250.0
-11250.0
-10568.624557260922
-7827.591720927423
11250.0
11250.0
11250.0
11250.0
11250.0
11250.0
11250.0
11250.0
-11250.0
-10633.116883116887
-11250.0
-11250.0
11250.0
11250.0
11250.0
11250.0
11250.0
-11250.0
11250.0
11250.0
-11250.0
-11250.0
-10031.183178902356
-8729.954622733952
-7192.472341604283
-4347.952328300564
-1775.3284698211082
11250.0
-1603.426889896762
11250.0
11250.0
11250.0
11250.0
11250.0
-11250.0
-11250.0
-11250.0
-10863.457408732997
-10668.965500547074
-11250.0
11250.0
11250.0
11250.0
11250.0
11250.0
11250.0
-11250.0
-11250.0
-11250.0
-11250.0
-11250.0
-11250.0
-11250.0
11250.0
11250.0
11250.0
11250.0
11250.0
11250.0
11250.0
11250.0
-11250.0
-11250.0
-11250.0
-11250.0
-11250.0
11250.0
11250.0
11250.0
11250.0
11250.0
11250.0
-10007.841486492529
-9886.800080420537
-10326.852058798708
-11250.0
-11250.0
-11250.0
-11250.0
11250.0
11250.0
11250.0
11250.0
11250.0
11250.0
11250.0
-11250.0
-11250.0
11250.0
11250.0
11250.0
-11250.0
-11250.0
-11250.0
-11250.0
-11250.0
-10562.328293464176
-11250.0
11250.0
11250.0
11250.0
11250.0
11250.0
11250.0
11250.0
11250.0
-11250.0
-11250.0
-11250.0
-11250.0
-11250.0
-11250.0
-11250.0
11250.0
11250.0
11250.0
11250.0
11250.0
11250.0
11250.0
11250.0
-11003.886010362694
-10972.152719944963
-10920.325611790078
-11250.0
-11250.0
-11250.0
11250.0
11250.0
11250.0
11250.0
11250.0
11250.0
-11250.0
-11250.0
-11250.0
-11250.0
-11250.0
-11250.0
-11250.0
11250.0
11250.0
11250.0
11250.0
11250.0
11250.0
11250.0
11250.0
11250.0
11250.0
-6414.432341851691
11250.0
-9601.749609278606
-8692.640387061296
-4454.447187677893
11250.0
11250.0
11250.0
11250.0
-4002.1192633732862
-3756.9040015029163
-4542.972773702157
-5316.154695156849
-5178.363637647114
-4936.323892585642
-5273.627349309805
-5932.296254173922
-4185.634595930718
-127.53519672679613
11250.0
9701.505188024013
7974.84715721841
11250.0
11250.0
1909.840497780032
11250.0
-1953.714889761386
11250.0
11250.0
-5193.329397874852
-2916.296624106755
2629.8425013869064
11250.0
5023.852606881699
11250.0
-6390.4384566806
-5574.420423711981
-3217.017122541652
3476.532600895989
11250.0
6882.4859741987675
6869.561861442846
-6590.909090909091
-373.74811544260047
-1021.1030325316133
-2357.23648087517
-2858.2719738118976
-2505.725832830027
-1793.5786383457162
-977.5887261155003
-1906.338732113929
-2594.2593515884982
80.3549681663917
3061.604613038362
4634.887673206177
9245.21827904128
9317.353149460865
-9204.545454545456
-5018.488745980705
-699.3761103687575
11250.0
11250.0
11250.0
-9965.95915098118
-9718.530013360116
-8383.660383267728
-4797.361856924523
11250.0
11250.0
3085.0629977887547
11250.0
11250.0
-10971.740073768713
-11250.0
11250.0
11250.0
11250.0
-11250.0
-11250.0
-11250.0
-11250.0
11250.0
11250.0
11250.0
11250.0
11250.0
-11250.0
-11250.0
-11250.0
-10590.2070695162
-10459.574242644161
-11250.0
-11250.0
-11250.0
11250.0
11250.0
11250.0
11250.0
11250.0
11250.0
11250.0
11250.0
-10476.872947009284
-8280.27462116627
-9132.41445631707
-5533.978621847971
-2395.1485401072387
6643.142415185346
11250.0
9907.124712938252
11250.0
8007.104073281607
11250.0
-7804.404145077722
-5879.769267043157
-5945.951054165635
-4532.159356735647
-2125.394875393904
-1099.6242927879575
-1359.792301881571
5344.828278551921
11250.0
11250.0
451.0320482109719
11250.0
-11250.0
-11250.0
-11250.0
-11250.0
-10844.017094017094
-11250.0
-11250.0
-11250.0
11250.0
11250.0
11250.0
11250.0
11250.0
11250.0
11250.0
11250.0
-11250.0
-11250.0
11250.0
11250.0
11250.0
-11250.0
-11250.0
-11250.0
-11250.0
-11250.0
-11250.0
-11250.0
11250.0
11250.0
11250.0
11250.0
11250.0
11250.0
11250.0
11250.0
11250.0
-11250.0
-11250.0
-11250.0
-11250.0
-11250.0
-11250.0
11250.0
11250.0
11250.0
11250.0
11250.0
11250.0
11250.0
-11250.0
-11250.0
-11250.0
-11250.0
-11250.0
-11250.0
-11250.0
11250.0
11250.0
11250.0
11250.0
11250.0
11250.0
11250.0
11250.0
11250.0
-10539.190955987891
-10473.21821210982
-11250.0
-11250.0
-11250.0
-11250.0
-11250.0
11250.0
11250.0
11250.0
11250.0
11250.0
11250.0
11250.0
-3408.140151998514
2252.3645175104666
11250.0
4476.604979929254
11250.0
32.991202346040154
1413.2776891250132
872.233578453428
150.29251210731036
-198.82313647024785
876.9873579736495
3721.5361102357256
3472.9703094815113
1961.6943750311893
-5909.09090909091
7898.936170212666
-6590.909090909091
-2764.5192328482735
-3925.038199142491
-4717.297873514759
-2445.7720777963623
-2050.143668503066
-28.155331323492646
7112.87067152093
7505.941840940002
11250.0
-10113.636363636366
-9202.459089094864
-8894.022779132705
-8346.39914744033
-7636.172871260166
555.1602993324459
11250.0
11250.0
11250.0
7773.962735075289
11250.0
-11250.0
11250.0
11250.0
-11250.0
-11250.0
-11250.0
-11250.0
11250.0
11250.0
11250.0
11250.0
11250.0
-11250.0
-11250.0
-11250.0
-11250.0
-11250.0
-11250.0
11250.0
11250.0
11250.0
11250.0
11250.0
11250.0
11250.0
-11250.0
-11250.0
11250.0
11250.0
11250.0
-11250.0
-11250.0
-11250.0
-11250.0
-10219.741598607583