Demand
-11250.0
-11250.0
-11250.0
11250.0
11250.0
11250.0
11250.0
11250.0
11250.0
11250.0
11250.0
11250.0
11250.0
11250.0
-11250.0
-11250.0
-11250.0
-11250.0
11250.0
11250.0
11250.0
11250.0
-11250.0
-11250.0
-11250.0
-11250.0
-11250.0
-6686.755025796127
489.24433640412826
11250.0
10572.458795138016
-4019.467600705047
11250.0
11250.0
11250.0
11250.0
11250.0
11250.0
-10010.550222279497
-7534.545951670421
-8876.469306919123
-9370.987267903853
-8063.641132647249
11250.0
11250.0
11250.0
11250.0
11250.0
-11250.0
-11250.0
-11250.0
-11250.0
-9474.503922473468
-8996.933861704005
11250.0
11250.0
11250.0
11250.0
11250.0
11250.0
11250.0
11250.0
-11250.0
-11250.0
-11250.0
11250.0
11250.0
11250.0
11250.0
-11250.0
-11250.0
-11250.0
-11250.0
-11250.0
-11250.0
11250.0
11250.0
11250.0
11250.0
11250.0
11250.0
11250.0
11250.0
-10974.185074810284
-11250.0
-11250.0
11250.0
11250.0
11250.0
11250.0
11250.0
-10986.815103632263
-11250.0
-11250.0
-11250.0
11250.0
11250.0
11250.0
11250.0
11250.0
-6907.073005422153
-5862.999522920218
-5213.008970024891
-4117.190211343794
-2783.105166991174
-414.0748027386926
1885.0020948322108
3401.127414175249
5333.65340273855
7953.493031591945
4886.122739175307
3030.2261034750836
8788.98599771416
-7840.909090909091
-3182.212581344902
-2813.99538918709
-2022.6458905219642
10748.8832017044
1940.2825398333944
11250.0
-8005.691768826622
-8240.101097535262
-8449.488027484818
-8233.777563318563
-6617.058519040675
-3080.8900220356354
11250.0
11250.0
3670.9649611567042
11250.0
11250.0
11250.0
-11250.0
-11250.0
-11250.0
-11250.0
-11250.0
-11250.0
-11250.0
11250.0
11250.0
11250.0
11250.0
11250.0
11250.0
11250.0
11250.0
-9827.195685670264
-8826.548335024305
-8687.953856129181
-7409.200987622417
-3116.015477502667
11250.0
4497.4055726486495
11250.0
11250.0
11250.0
-11250.0
-11250.0
-7515.77159495309
11250.0
11250.0
11250.0
-9864.178046929814
-10023.237666475296
-11250.0
11250.0
11250.0
11250.0
-11250.0
-11250.0
-10929.18103560655
-10119.587130317042
-8908.467293149017
-8686.667696288434
-8944.446364607451
11250.0
11250.0
11250.0
11250.0
11250.0
11250.0
11250.0
11250.0
11250.0
-11250.0
-10987.670454545456
-11250.0
-10833.595871246962
-11250.0
11250.0
11250.0
11250.0
11250.0
11250.0
11250.0
-11250.0
-10973.71822490306
-10607.377727343595
-11250.0
-11250.0
-11250.0
11250.0
11250.0
11250.0
11250.0
11250.0
11250.0
11250.0
-11250.0
-11250.0
-11250.0
-11250.0
-11250.0
-11250.0
-11250.0
11250.0
11250.0
11250.0
11250.0
11250.0
11250.0
11250.0
11250.0
-11250.0
-11250.0
-11250.0
-11250.0
11250.0
11250.0
11250.0
11250.0
11250.0
-11250.0
-10932.486631016043
-9553.059784988087
11250.0
11250.0
11250.0
11250.0
-10552.963875502737
-10000.706807715342
-8253.371438636394
-6760.360972925711
-4260.221552024144
-3096.4275515728295
-1142.8409891113934
-114.690280482866
919.724313383681
6662.9642100491355
11168.545121666852
7420.613820609025
5292.048246100228
9714.04996387363
3881.9148792475858
11250.0
-3336.589880707527
-329.38487696701304
3693.203384663158
6319.704061139404
9347.269119657998
-6477.272727272728
-582.5372734577322
1309.000514856435
1783.6306098768482
1441.5980958417258
635.1466278843282
-1310.9705762160138
-730.8477875761073
-1160.4887163086605
-823.8493125322366
-191.47508676989855
2088.418814277875
4867.516092667252
5772.76943261745
-6250.0
4170.841683366751
1528.2141430930606
5845.666399061924
11250.0
-6464.835652946404
-5065.362266647815
-4799.276670314188
-3243.767076353948
11250.0
830.9791438134052
11250.0
-9121.565554121335
-9237.993803937985
-534.3269417343672
11250.0
11250.0
-10313.317847071474
-10183.32889109962
-9630.908560847998
-9911.740547206395
-9317.152823848195
11250.0
11250.0
11250.0
11250.0
11250.0
-11250.0
-11250.0
-11250.0
-11250.0
-11250.0
11250.0
11250.0
11250.0
11250.0
11250.0
-11250.0
-11250.0
-11250.0
-10790.301984855956
-9655.924866892023
11250.0
11250.0
-4649.149781768843
11250.0
11250.0
11250.0
11250.0
-11250.0
-11250.0
-5847.608960378639
11250.0
11250.0
11250.0
11250.0
-11250.0
11250.0
11250.0
-11250.0
-11250.0
-11250.0
-11250.0
-11250.0
-8605.840474196251
49.94466681508129
11250.0
11250.0
11250.0
11250.0
11250.0
11250.0
11250.0
-11250.0
11250.0
11250.0
-11250.0
-11250.0
-11250.0
-9685.021354484437
11250.0
11250.0
11250.0
11250.0
11250.0
11250.0
-11250.0
-11250.0
-11250.0
-11250.0
-11250.0
11250.0
11250.0
11250.0
11250.0
11250.0
11250.0
-11250.0
-11250.0
-11250.0
-11250.0
-11250.0
11250.0
11250.0
11250.0
11250.0
11250.0
11250.0
-11250.0
-11250.0
-11250.0
-11250.0
-9611.72024696615
11250.0
11250.0
11250.0
11250.0
11250.0
11250.0
-11250.0
-11250.0
-11250.0
-11250.0
-11250.0
11250.0
11250.0
11250.0
11250.0
11250.0
11250.0
-11250.0
-11250.0
-11250.0
-11250.0
-11250.0
-11250.0
-11250.0
11250.0
11250.0
11250.0
11250.0
11250.0
11250.0
11250.0
11250.0
-11250.0
-11250.0
-11250.0
-11250.0
-11250.0
-11250.0
-11250.0
11250.0
11250.0
11250.0
11250.0
11250.0
11250.0
11250.0
-11250.0
-11250.0
-11250.0
-11250.0
11250.0
11250.0
11250.0
11250.0
11250.0
-11250.0
-11250.0
-11250.0
11250.0
11250.0
11250.0
11250.0
-11250.0
-11250.0
-11250.0
-11250.0
11250.0
11250.0
11250.0
11250.0
11250.0
-10990.332051022477
-10655.882106841611
-9815.492356890361
-8402.479453757922
-8196.720481098222
11250.0
11250.0
11250.0
6006.37836703312
11250.0
11250.0
11250.0
-8826.07257607258
-7353.7381230833535
-3194.589858402633
-208.63141623889533
3210.667884560859
7659.44661964651
6894.450473988105
5494.070577271512
11250.0
-6347.789386506978
-6352.5689722025745
-6864.555694853472
-7680.769074280511
-7242.810335580216
-6582.201045843365
-5004.562681631469
-2846.866833496075
989.7329943306959
11250.0
11250.0
11206.21616907225
8870.96558689736
11250.0
2416.9524584177716
11250.0
-6261.0864745011095
-5564.097965040437
-4949.352891324992
-4707.358516526165
-3157.4787642265946
-601.8289161885623
7614.099647480096
11250.0
5453.32556257744
11250.0
-7727.272727272728
-2443.1965723188805
-1371.8973233632132
-6.084019814310523
1327.9394985308563
589.6606983158836
-900.0874774458734
-1307.462667412974
-575.9227921242091
738.7410085375031
2310.745712372318
1504.216299276808
2150.1097963785714
11250.0
1998.9268956567184
11250.0
-6906.632173095015
-6053.235430055891
-6142.489492449782
-5791.57246454995
-5113.165753976435
-4668.074915515106
-3249.8581776016886
11250.0
11250.0
11250.0
11250.0
11250.0
-9410.78492297764
-9780.55813577865
-9921.823442628422
-10069.442056077263
-9888.633683856893
-10834.249994448466
-11250.0
-11250.0
11250.0
11250.0
11250.0
11250.0
11250.0
11250.0
11250.0
11250.0
-11250.0
-11250.0
-11250.0
-11250.0
-11250.0
-11250.0
-9735.832349468721
-7650.564960311046
11250.0
11250.0
11250.0
11250.0
11250.0
11250.0
11250.0
11250.0
11250.0
-10077.642945290005
-11250.0
11250.0
11250.0
11250.0
11250.0
-7458.4257206208595
11250.0
-9132.498624105672
-9445.010763299466
-9197.03654314319
-8076.8355021904135
-6161.2249133320765
-1155.8106694241615
11250.0
9501.858089253416
10287.403734540148
7842.135659325743
8257.384630690078
11250.0
-8588.59810929214
-9076.038544260758
-7992.611118207969
-9531.246245587954
-9536.44755466493
11250.0
11250.0
11250.0
11250.0
11250.0
-11250.0
-11250.0
-11250.0
-11250.0
-11250.0
-11250.0
-11250.0
-11250.0
11250.0
11250.0
11250.0
11250.0
11250.0
11250.0
11250.0
11250.0
11250.0
-11250.0
-11250.0
-11250.0
-11250.0
-11250.0
-11250.0
11250.0
11250.0
11250.0
11250.0
11250.0
11250.0
11250.0
11250.0
-11250.0
-11250.0
-11250.0
-11250.0
-11250.0
-11250.0
-11250.0
11250.0
11250.0
11250.0
11250.0
11250.0
11250.0
11250.0
11250.0
-11250.0
-11250.0
11250.0
11250.0
-11250.0
-11250.0
-11250.0
-11250.0
-9513.676477962192
-6942.66803499217
11250.0
11250.0
11250.0
11250.0
11250.0
7868.126784282977
11250.0
11250.0
-11250.0
-11250.0
-11250.0
-11250.0
11250.0
11250.0
11250.0
11250.0
11250.0
-7255.450652131593
-5324.008940712189
-3718.7692544616643
-423.3632895664505
4945.019950158457
10266.384742990616
5373.743013556474
5085.454858037125
-5568.181818181818
1164.0434370525745
414.3577559466048
34.89811046547584
1088.6462287132254
3938.0553423896276
3804.8736704384696
2449.4734284778133
-327.39607846715626
-1704.555793385869
1120.6708659029218
11250.0
-4774.154928166388
-5613.8873635607015
-3994.989440156176
-4081.7113028242834
-3444.1936958162264
-1184.1062243657507
3397.1986685697752
11250.0
11250.0
-10340.909090909092
-9235.02186493493
-9077.018084276326
-9162.458790069664
-7880.010009836151
-8121.272959655838
-7843.696311756736
-8498.206716364279
-9757.082482762908
11250.0
11250.0
11250.0
11250.0
11250.0
11250.0
11250.0
11250.0
-11250.0
-10698.579797382637
-10907.394304109479
-11250.0
-11250.0
11250.0
11250.0
11250.0
11250.0
11250.0
-11250.0
-11250.0
-10889.980336492656
-10217.689886684526
-10088.461813671409
11250.0
11250.0
11250.0
11250.0
11250.0
11250.0
-11250.0
-11250.0
-11250.0
-11250.0
-11250.0
-11250.0
-9743.65750528542