Demand
11250.0
11250.0
11250.0
11250.0
11250.0
11250.0
11250.0
11250.0
11250.0
11250.0
11250.0
11250.0
11250.0
11250.0
11250.0
11250.0
11250.0
11250.0
11250.0
11250.0
11250.0
11250.0
11250.0
11250.0
11250.0
11250.0
11250.0
1494.7062266544199
11250.0
11250.0
11250.0
11250.0
11250.0
11250.0
11250.0
11250.0
-10991.865145924188
-11250.0
-9525.165523961401
-5641.956451542661
-7321.9007469219
-7245.756748915548
11250.0
11250.0
11250.0
11250.0
11250.0
11250.0
11250.0
-11250.0
-11250.0
-11250.0
-9999.819481551014
-10045.710373031416
-8425.626582320656
11250.0
11250.0
11250.0
11250.0
11250.0
11250.0
11250.0
-11250.0
-11250.0
-11250.0
-11250.0
-11250.0
-11250.0
-11250.0
-11250.0
11250.0
11250.0
11250.0
11250.0
11250.0
11250.0
11250.0
11250.0
11250.0
-11250.0
-10965.730977486466
-10608.979156836267
-10875.129025370363
-10779.061812964668
-11250.0
-11250.0
11250.0
11250.0
11250.0
11250.0
11250.0
11250.0
11250.0
11250.0
11250.0
-11250.0
-11250.0
-10432.627097870674
-10638.27824554719
-8022.382018080909
-3469.625184536302
-374.2571311425272
2465.981016683172
6629.530846124479
9305.789336288493
10716.112050174204
8689.905429478815
6903.957703461119
7122.858272764627
6540.095851973019
-6818.181818181818
-2577.1344040574786
-3137.1416713805047
-3124.550741090403
-3066.3392187357626
-3540.2281834626374
-4589.772740383254
-4931.636638146418
-3533.2445210369697
-3922.9553404740814
-2536.337283440349
1815.7368271895912
11250.0
11250.0
8580.562994091302
11250.0
10798.060401636667
-10454.545454545456
11250.0
11250.0
-10788.25382538254
-10996.293592989441
-11250.0
-11250.0
-11250.0
-11250.0
11250.0
11250.0
11250.0
11250.0
11250.0
11250.0
11250.0
-11250.0
-11250.0
-11250.0
11250.0
11250.0
11250.0
11250.0
11250.0
-8722.40835632637
-9233.659649793917
-9516.952211329113
-9104.371564148845
-8666.880325143757
-8635.04020532599
11250.0
11250.0
11250.0
11250.0
11250.0
-10031.279695913843
-9715.564768380751
-9767.195733745451
11250.0
11250.0
11250.0
11250.0
-11250.0
-11250.0
-10896.336979501793
-9820.260504326005
-7154.258775098784
6562.721622806315
11250.0
11250.0
11250.0
11250.0
11250.0
11250.0
-11250.0
11250.0
-11250.0
-11250.0
-11250.0
-10938.515861450509
-11250.0
-10796.531952221932
-11250.0
-11250.0
11250.0
11250.0
11250.0
11250.0
11250.0
11250.0
11250.0
11250.0
11250.0
-11250.0
-11250.0
11250.0
11250.0
11250.0
-11250.0
-11250.0
-11250.0
-11250.0
-11250.0
-11250.0
-11250.0
11250.0
11250.0
11250.0
11250.0
11250.0
11250.0
11250.0
11250.0
-11250.0
-11250.0
-11250.0
-11250.0
-11250.0
-11250.0
-11250.0
11250.0
11250.0
11250.0
11250.0
11250.0
11250.0
11250.0
11250.0
-10532.517482517484
-10730.193649494937
-10670.596758529286
-11250.0
-11250.0
-9479.338696874463
-5648.594980013411
11250.0
11250.0
11250.0
11250.0
11250.0
11250.0
11250.0
-8522.727272727274
-4306.173257275454
-3627.2016553828744
-3931.4050114623037
-3466.3895254297313
-1565.2887788120606
700.2927303101815
2980.9618628833905
10104.893271157558
6154.169179090652
6513.160922000861
-6704.545454545455
-677.4257994868713
-278.59833492022335
1669.4284699905193
2147.474161144575
1781.974157522216
942.5523039664167
-1058.9524056145583
-454.8204664854384
-890.1567946040232
-531.5168272313058
131.57928931321203
2479.1753855828483
5166.594384177159
5591.562461597126
-6250.0
11250.0
11250.0
-2518.5222266720048
-3914.9327403399075
-4897.740340807177
-2374.1950555093044
-995.2506209110361
4622.675787702534
11250.0
4798.337507217238
11250.0
-7981.096006796946
11250.0
11250.0
-10199.416342412453
-10354.273772006974
-9812.45560777598
-9345.798529830401
-7249.8623224335715
637.4878411311438
11250.0
11250.0
11250.0
11250.0
11250.0
11250.0
-11250.0
11250.0
11250.0
-11250.0
11250.0
-11250.0
-11250.0
-11250.0
-11250.0
-11250.0
-11250.0
11250.0
11250.0
11250.0
11250.0
11250.0
11250.0
11250.0
-11250.0
-11250.0
-11250.0
11250.0
11250.0
11250.0
-10736.760488227843
-11250.0
-11250.0
-11250.0
-11250.0
-11250.0
-11250.0
11250.0
11250.0
11250.0
11250.0
11250.0
11250.0
11250.0
11250.0
11250.0
-8713.744232036915
-9012.06359532525
-9597.674771705504
-10291.149139128393
-10844.602615403335
-11250.0
-11250.0
11250.0
11250.0
11250.0
11250.0
11250.0
11250.0
-10991.034120152886
-11250.0
-11250.0
-10870.541036652176
-11250.0
-11250.0
-11250.0
11250.0
11250.0
11250.0
11250.0
11250.0
11250.0
11250.0
11250.0
11250.0
-11250.0
-11250.0
-11250.0
-11250.0
-11250.0
-11250.0
11250.0
11250.0
11250.0
11250.0
11250.0
11250.0
-11250.0
-11250.0
-11250.0
-11250.0
-10636.004574711424
-6002.575834829353
11250.0
11250.0
11250.0
11250.0
11250.0
11250.0
11250.0
11250.0
-11250.0
-11250.0
-11250.0
-11250.0
-11250.0
-11250.0
-11250.0
-11250.0
11250.0
11250.0
11250.0
11250.0
11250.0
11250.0
11250.0
11250.0
-11019.856081541831
-11250.0
-11250.0
-11250.0
-11250.0
-11250.0
-11250.0
-11250.0
11250.0
11250.0
11250.0
11250.0
11250.0
11250.0
11250.0
11250.0
-11250.0
-11250.0
-11250.0
-11250.0
-11250.0
11250.0
11250.0
11250.0
11250.0
11250.0
11250.0
11250.0
-11250.0
-11250.0
-11250.0
-11250.0
-11250.0
-11250.0
11250.0
11250.0
11250.0
11250.0
11250.0
11250.0
11250.0
-11250.0
-11250.0
-11250.0
-11250.0
-11250.0
-10580.706606826014
-8438.77326035464
11250.0
11250.0
11250.0
11250.0
11250.0
11250.0
11250.0
11250.0
11250.0
-9652.447415562387
-8817.347828908238
-7588.160343176812
-4446.95433018408
-3044.3848221244516
-2100.8793675565576
-967.2669393192209
9.923288094680174
-452.81556394098516
-416.72133024208415
2898.587037344967
8742.039103050349
5767.524293782928
11250.0
6491.909298720827
11250.0
-7969.30342384888
-7487.135190882174
-6978.3718948501155
-4566.938329473929
4569.652325262918
11250.0
11250.0
11250.0
-8295.454545454546
-4947.401560292403
-5579.735062173
-4573.332125334824
-3502.3809784903005
-2616.0897922141103
959.9036899937782
7919.338511094844
10760.814820911659
4665.023139976205
11250.0
11250.0
-3672.8130360205887
-2604.2521150385073
-1471.9115803972345
-21.917334672643847
1401.3533101987796
699.5005912116412
-701.6422208687218
-808.746993620267
656.4895383820485
3440.735217632289
6750.127901036518
2841.7098268023874
11250.0
-4832.151793160967
-4613.089900087569
-5376.0321884787845
-6406.835312685242
-5454.260875315827
-5572.826338050239
-5242.277955868052
-4658.585872634267
-4593.819864670557
-4567.694015729468
-143.71282057971257
11250.0
11250.0
11250.0
11250.0
11250.0
11250.0
-9925.103305785127
-9971.99893718299
-9486.468340858166
-10340.70941052197
11250.0
11250.0
11250.0
11250.0
11250.0
-11250.0
-11250.0
11250.0
11250.0
11250.0
11250.0
-11250.0
11250.0
11250.0
-11250.0
-11250.0
-10645.275367785744
-10515.588466401096
-11250.0
-11250.0
11250.0
11250.0
11250.0
11250.0
11250.0
11250.0
11250.0
-10277.395961702528
-11250.0
-10385.502301498786
-8009.820978267991
-9040.632340044333
-5895.599144587541
-4563.565212790412
-3598.1898796206115
841.4298117401177
11250.0
11046.268037050006
11250.0
11250.0
11250.0
10922.439142517229
-509.686878434326
11250.0
-5908.185440057951
-6184.0372546932085
-7456.719049723038
-8273.601385059206
-8874.276484320726
-7869.328501518496
-9653.839254108236
-10183.927733443677
-11250.0
11250.0
11250.0
11250.0
11250.0
11250.0
11250.0
11250.0
11250.0
-11250.0
-11250.0
-11250.0
-11250.0
-10647.68534048977
-9287.551012879627
11250.0
11250.0
11250.0
11250.0
11250.0
11250.0
-11250.0
-11250.0
-11250.0
-11250.0
-11250.0
11250.0
11250.0
11250.0
11250.0
11250.0
11250.0
-11250.0
-11250.0
-11250.0
-11250.0
-11250.0
11250.0
11250.0
11250.0
11250.0
11250.0
11250.0
-11250.0
-11250.0
-11250.0
-11250.0
-11250.0
-11250.0
-11250.0
-11250.0
11250.0
11250.0
11250.0
11250.0
11250.0
11250.0
11250.0
11250.0
11250.0
-10160.082387101345
-9952.157172803778
-7827.832731161667
-5184.183719702833
4913.216678751076
11250.0
11250.0
11250.0
11250.0
11250.0
-11250.0
-11250.0
11250.0
11250.0
11250.0
11250.0
11250.0
-7833.774116214467
-6953.675402035988
-4885.727419940831
-3234.665757433046
-16.68216059792394
4726.2588034079545
9652.134434064188
7175.336648825491
5909.972851584563
4591.736786243937
-5795.454545454547
340.28764753135783
-82.7120988475217
862.7872834666014
3599.589292664343
3784.8566444871503
2838.2188616062112
289.94073097825094
-1342.0929754915578
-627.2311348687872
-1968.5310522586824
-2391.986322817902
-158.7304520975249
11250.0
11250.0
-3158.5173501577337
772.2071967623633
11250.0
-745.0729121343029
11250.0
-9335.622473307765
-9084.829331276625
-8658.0905531143
-8210.798130367384
-3195.9843375039513
11250.0
11250.0
3084.3923914736765
11250.0
11250.0
-11250.0
-11250.0
-11250.0
11250.0
11250.0
11250.0
11250.0
-11250.0
-10704.39819359906
-10942.836895730805
-11250.0
-11250.0
-11250.0
-11250.0
11250.0
11250.0
11250.0
11250.0
11250.0
11250.0
11250.0
11250.0
-11250.0
-11250.0
-11250.0
-11250.0
-11250.0
-11250.0
11250.0
11250.0
11250.0
11250.0
11250.0
11250.0
-10720.431085028107