Demand
11250.0
11250.0
11250.0
11250.0
11250.0
11250.0
11250.0
11250.0
11250.0
11250.0
11250.0
11250.0
11250.0
11250.0
11250.0
11250.0
11250.0
11250.0
11250.0
11250.0
11250.0
11250.0
11250.0
11250.0
11250.0
11250.0
-11250.0
-8784.033225657593
-7284.800165086959
-6824.060202959405
-5708.463528021112
-7460.262758771409
11250.0
11250.0
11250.0
11250.0
11250.0
11250.0
11250.0
11250.0
11250.0
11250.0
-10281.100478468903
-9736.428009441392
11250.0
11250.0
11250.0
-11250.0
11250.0
-11250.0
-11250.0
-11250.0
-10101.792442272541
-10134.570670954057
-8384.313157203535
11250.0
11250.0
11250.0
11250.0
11250.0
11250.0
-11250.0
-11250.0
-11250.0
11250.0
11250.0
11250.0
-11250.0
11250.0
11250.0
-11250.0
-11250.0
-11250.0
-11250.0
-11250.0
-11250.0
-11250.0
11250.0
11250.0
11250.0
11250.0
11250.0
11250.0
11250.0
-11250.0
-11250.0
-9909.87460815048
-11250.0
11250.0
11250.0
11250.0
11250.0
11250.0
-11250.0
-11250.0
-11250.0
-11250.0
-9969.680690151574
-10105.545021425925
-2371.513295576764
11250.0
11250.0
11250.0
11250.0
11250.0
11250.0
6138.320803688304
7676.567181508228
-7159.09090909091
-63.532278652384775
-383.9844145327879
-1486.5998732124244
-1841.846711579923
-1362.877048978762
-579.5470155241183
-119.90529805145343
363.20065354954113
6900.041002546706
11250.0
525.0254820492682
11250.0
-8731.672993847365
-9066.466516804754
-9159.910636579898
-8664.789496734556
-8337.138663086665
-8591.077346706857
-7856.771030274744
-7644.290107956906
-5580.069492025403
11250.0
11250.0
11250.0
11250.0
11250.0
11250.0
11250.0
-11250.0
11250.0
-11250.0
-11250.0
-11250.0
-11250.0
-11250.0
11250.0
11250.0
11250.0
11250.0
11250.0
11250.0
-8407.282270726228
-6884.844846853429
-6698.923157413152
-2744.02161759491
11250.0
11250.0
11250.0
11250.0
11250.0
-10353.912739694126
-9531.46200188194
-4412.273209299901
11250.0
11250.0
11250.0
11250.0
-11250.0
-11250.0
-11250.0
11250.0
11250.0
11250.0
-10523.919607473108
-9896.215157448383
-9994.024131080576
-10463.92134262677
-11250.0
-11250.0
11250.0
11250.0
11250.0
11250.0
11250.0
11250.0
-11250.0
11250.0
11250.0
11250.0
-10994.533656129814
-11250.0
-11250.0
-11250.0
-11250.0
-11250.0
11250.0
11250.0
11250.0
11250.0
11250.0
11250.0
11250.0
11250.0
-11250.0
-11250.0
-11250.0
-11250.0
-11250.0
11250.0
11250.0
11250.0
11250.0
11250.0
11250.0
-11250.0
-11250.0
-11250.0
-11250.0
-11250.0
11250.0
11250.0
11250.0
11250.0
11250.0
11250.0
11250.0
-11250.0
-11250.0
-11250.0
-11250.0
-11250.0
-11250.0
-10304.029135165045
-11250.0
11250.0
11250.0
11250.0
11250.0
11250.0
11250.0
11250.0
-10433.749222946943
-9706.068301806583
-7239.3808089164595
-4565.436560123853
741.2711005791589
4305.381943532824
8794.56237904914
7227.919843570573
6812.32521394749
11250.0
7961.372361117366
6555.3789014176
11250.0
-4017.3133318294645
-937.972007405333
6884.39965413807
8306.446737866827
-7727.272727272728
-2094.094488188979
-1531.1836183258238
1064.1867524105628
2293.2048077854142
3079.9551247511695
5781.06792741732
4345.773141750169
1602.3248509786536
-5795.454545454547
-65.55476275419642
492.9009222498089
-112.65233304291905
20.423827813880052
271.88610494159457
1720.938368256001
3189.562763554111
4453.417266696773
5167.728053542502
4294.283487168013
1331.6653448922489
11250.0
-3758.4375405650985
-4336.593994788238
642.5387695153331
10791.225529142497
-821.797044755056
11250.0
-7933.409588223596
-7956.970316556886
-8540.566388048883
-9195.232282155677
-9177.38050863057
-9018.782109888834
-8325.788287647447
11250.0
11250.0
11250.0
10527.328514552795
11105.78328951501
-11250.0
11250.0
11250.0
-11250.0
-11250.0
-11250.0
-11250.0
-11250.0
-11250.0
-11250.0
11250.0
11250.0
11250.0
11250.0
11250.0
11250.0
11250.0
11250.0
-10957.123803564446
-10498.517559105232
-9472.003818846406
-3821.1326649646635
11250.0
11250.0
11250.0
11250.0
11250.0
-11250.0
11250.0
-10766.220294228595
-11250.0
-11250.0
-11250.0
-11250.0
-11250.0
-11250.0
-11250.0
11250.0
11250.0
11250.0
11250.0
11250.0
11250.0
11250.0
11250.0
11250.0
-9166.641597978462
-9577.24755593012
-10024.1022725045
-9206.691417941747
11250.0
11250.0
11250.0
-11250.0
11250.0
11250.0
11250.0
-11000.048723445725
-10966.764716694644
-11250.0
-11250.0
-10473.698246658118
-11250.0
11250.0
11250.0
11250.0
11250.0
11250.0
11250.0
-11250.0
-11250.0
-11250.0
-11250.0
11250.0
11250.0
11250.0
11250.0
11250.0
11250.0
-11250.0
-11250.0
11250.0
11250.0
-11250.0
-11250.0
-11250.0
-11250.0
11250.0
11250.0
11250.0
11250.0
11250.0
11250.0
-9999.407962555375
-10431.748539808083
-11250.0
-11250.0
-11250.0
-11250.0
-11250.0
11250.0
11250.0
11250.0
11250.0
11250.0
11250.0
11250.0
11250.0
-11250.0
-11250.0
-11250.0
11250.0
11250.0
11250.0
11250.0
11250.0
-11002.009612994116
-11250.0
-11250.0
-11250.0
-11250.0
-11250.0
-11250.0
11250.0
11250.0
11250.0
11250.0
11250.0
11250.0
11250.0
11250.0
-11250.0
-11250.0
-11250.0
11250.0
11250.0
11250.0
-11250.0
-11250.0
-11250.0
-11250.0
-10313.320863702938
11250.0
11250.0
11250.0
11250.0
11250.0
11250.0
11250.0
-11250.0
-11250.0
-11250.0
11250.0
11250.0
11250.0
-11250.0
-11250.0
11250.0
11250.0
11250.0
-11250.0
-11250.0
-10956.763307115423
-10541.807895960392
-9355.815557044389
-6495.992044769566
1421.6206369253086
11250.0
11250.0
11250.0
11250.0
11250.0
11250.0
-9546.713320392886
-8600.542747705083
-7146.455022916431
-3337.9475814061275
-1383.166128162502
128.07288228569996
1985.8961795880086
3604.291984919062
3079.168821923078
3946.0234077358505
11212.693253009238
3054.5119889508733
11250.0
11250.0
-8177.775781530724
-7817.203523719516
-6917.358985608193
-5864.868100208543
-4194.333505404171
4359.564846323097
11250.0
11250.0
11250.0
5085.556620024961
11250.0
-5716.351051716909
-6405.198349662929
-5796.070983470701
-5313.593752744269
-5256.129095248797
-4214.268745224863
-2848.769932005802
1009.785170996136
10332.649691866169
8902.980575663903
11250.0
3803.792571654546
11250.0
-1937.269674436864
-530.9817101948738
869.0462771948596
240.04028496222418
-1037.7673438219372
-953.6187198235239
1052.6187828188658
5503.893286188944
8072.1575822673685
-7840.909090909091
-4196.630881932373
-2985.4544444903822
-2187.7199366959885
-2584.4978919939877
-3048.6687332544643
1949.1846073267034
7030.731094445946
11036.602015272503
3263.0767910162704
11250.0
11250.0
-9864.761476147614
-9923.883483831614
-9593.59505707784
-7735.714988354615
2957.7548665279737
11250.0
11250.0
11250.0
11250.0
-10280.42903042903
-10982.266571247506
-11250.0
-11250.0
-11250.0
-11250.0
11250.0
11250.0
11250.0
11250.0
11250.0
11250.0
11250.0
-11250.0
-11250.0
-11250.0
-11250.0
11250.0
11250.0
11250.0
11250.0
11250.0
-11250.0
-11250.0
-11250.0
11250.0
11250.0
11250.0
11250.0
-10264.030367095907
-11250.0
-9566.296155463438
11250.0
11250.0
11250.0
11250.0
-8938.980989278316
-9049.058741418423
-9414.732352784937
-9241.879231463583
-8354.666155459938
-7166.824046921088
-5008.573795319553
-50.30192614143925
1108.1938137466805
6965.848454294925
11250.0
6220.777701375802
3590.2773931706515
11250.0
4028.131344037003
11250.0
11250.0
-10741.239669421488
-11250.0
-11250.0
-11250.0
-11250.0
-9174.370647278989
11250.0
11250.0
11250.0
11250.0
11250.0
11250.0
11250.0
-11250.0
-10996.258716949233
-10964.963184142285
-11250.0
-11250.0
-11250.0
-11250.0
11250.0
11250.0
11250.0
11250.0
11250.0
11250.0
11250.0
-11250.0
-11250.0
-11250.0
-11250.0
11250.0
11250.0
11250.0
11250.0
11250.0
-11250.0
-11250.0
-11250.0
-11250.0
-11250.0
-11250.0
-11250.0
11250.0
11250.0
11250.0
11250.0
11250.0
11250.0
11250.0
11250.0
11250.0
-11250.0
11250.0
-11250.0
11250.0
11250.0
11250.0
-11250.0
-11250.0
-10125.328851213097
-9204.865011803628
-7588.320339861343
11250.0
11250.0
11250.0
11250.0
10264.047931051762
11250.0
11250.0
-11250.0
-11250.0
11250.0
11250.0
11250.0
11250.0
-8710.396039603962
-7043.923663444624
-7525.362248298061
-6544.539744617166
-4261.235788904756
-2478.400972565236
859.5930511902188
5382.5104085353705
9833.777719645375
8071.634336188141
6866.373499165937
6179.687589467769
1535.400890114899
11250.0
-1135.523017668278
-290.9460598265632
2192.771415657304
2445.1462362668135
1671.0824947261044
-5909.09090909091
-1286.9003690036952
-564.8849415304667
-1912.3132494184683
-2329.6852848683757
-45.63369909620815
11250.0
11250.0
-5537.305122494432
-5383.437775964787
-6026.475749710335
-6989.685529728086
-6704.487656508867
-5520.438569641516
10746.154263886874
8485.543257780246
11250.0
11250.0
3558.499553768519
11250.0
-10086.998413058267
-10843.202251883686
-11250.0
11250.0
11250.0
11250.0
11250.0
-11250.0
-11250.0
-11250.0
-11250.0
-10374.226995565747
-10624.108646578989
-11250.0
11250.0
11250.0
11250.0
11250.0
11250.0
11250.0
11250.0
11250.0
-10967.149662564512
-10359.906408223807
-5652.404281056919
11250.0
11250.0
11250.0
-11250.0
-11250.0
-11250.0
-11250.0
-11250.0
-11250.0
-11250.0
-11250.0
11250.0
11250.0