Demand
11250.0
11250.0
11250.0
11250.0
11250.0
11250.0
11250.0
11250.0
11250.0
11250.0
11250.0
11250.0
11250.0
11250.0
11250.0
-11250.0
-11250.0
11250.0
11250.0
11250.0
11250.0
11250.0
11250.0
-11250.0
-11250.0
11250.0
11250.0
11250.0
-8830.293856566565
-8615.005843763323
-7924.807894627593
-8244.254582931557
11250.0
11250.0
11250.0
11250.0
11250.0
-11250.0
-9905.134084617323
-7417.907417335591
-8985.890779449823
-9762.915587839365
-9878.402751355337
-9983.855690622568
-8847.177759417908
11250.0
11250.0
11250.0
11250.0
11250.0
11250.0
11250.0
11250.0
11250.0
-10723.63020726452
-10607.87917151106
-10797.302742259435
-11250.0
11250.0
11250.0
11250.0
11250.0
11250.0
-11250.0
-11250.0
-11250.0
-11250.0
-11250.0
-11250.0
-11250.0
-11250.0
11250.0
11250.0
11250.0
11250.0
11250.0
11250.0
11250.0
11250.0
11250.0
-10967.868338557993
-10156.729963697297
11250.0
11250.0
11250.0
-11250.0
-10734.81243433657
-11250.0
-9919.430707104872
-10039.783475347638
-10703.295710927283
-10234.26935378362
11250.0
11250.0
11250.0
11250.0
11250.0
11250.0
11250.0
11250.0
-7119.451517445462
-6155.6509917344665
-5577.1099115213
-4597.7027348460015
-3418.556690583948
-1309.0304082248385
762.144490417506
2234.3750009179794
4263.884525845494
7238.950828027943
4774.331358708802
3009.679178741535
8804.2149032132
-7840.909090909091
494.50549450550807
1527.0321268526095
3276.690486342552
11250.0
4344.289604648116
11250.0
-7996.688203282527
-8155.30506588559
-8227.856146454978
-7621.367229761556
-3554.1685738487117
11250.0
11250.0
11250.0
11250.0
-10909.09090909091
11250.0
11250.0
11250.0
-11250.0
-11250.0
-11250.0
-11250.0
-11250.0
-11250.0
-11250.0
-11250.0
11250.0
11250.0
11250.0
11250.0
11250.0
11250.0
11250.0
11250.0
11250.0
-8831.101471142967
-7877.26995867302
-8323.909546676066
-8295.710106357397
-5772.273737752752
11250.0
11250.0
11250.0
11250.0
11250.0
11250.0
-9750.43846828413
-9906.039429919394
-9777.272180128944
-10257.806445399128
-11250.0
-11250.0
-11250.0
-11250.0
11250.0
11250.0
11250.0
11250.0
11250.0
11250.0
11250.0
11250.0
11250.0
-11250.0
-11250.0
-11250.0
-11250.0
-11250.0
11250.0
11250.0
11250.0
11250.0
11250.0
-10984.417063574241
-11250.0
-11250.0
-11250.0
-11250.0
-11250.0
11250.0
11250.0
11250.0
11250.0
11250.0
11250.0
11250.0
-11250.0
11250.0
11250.0
-11250.0
-11250.0
-11250.0
-11250.0
11250.0
11250.0
11250.0
11250.0
11250.0
11250.0
-11250.0
-11250.0
-11250.0
-11250.0
11250.0
11250.0
11250.0
11250.0
11250.0
-11250.0
-11250.0
-11250.0
-11250.0
11250.0
11250.0
11250.0
11250.0
11250.0
-11250.0
-11250.0
-10933.940306681274
-10037.832749160301
-10029.779914223149
-7441.179552619688
11250.0
11250.0
11250.0
11250.0
11250.0
11250.0
-5904.128622469238
-5019.457940377035
-3404.206790166231
-2139.185168448883
123.32555149893778
11250.0
7207.867668297989
8708.51770073509
-8295.454545454546
-4388.041733547356
-3234.572554403932
-2163.316878432808
-1510.4239606465453
1653.567276311238
4695.4521950699655
5544.70448677097
9205.523628521772
5328.613505666497
4381.539749515331
-5568.181818181818
2531.115879828327
2158.532378285915
1295.4996761053899
-777.0108626015881
-231.6513265276717
-766.8764394169939
-591.1499558626801
-267.61064740792244
1280.3483899479434
2954.6157972667106
4461.649264668327
5154.053037716505
3513.4395439839686
11250.0
307.1163530347203
-432.34261711083127
3140.145912988984
11250.0
11250.0
-6967.068645640073
-7008.3960258904335
-7814.592609132404
-7823.035193020467
-8412.498599033745
-9076.905341553782
-9019.98312632327
-8766.134669287105
-7649.1034029953735
11250.0
11250.0
11250.0
11250.0
11250.0
11250.0
11250.0
11250.0
-11250.0
-11250.0
11250.0
11250.0
11250.0
-11250.0
-11250.0
-11250.0
-11250.0
-11250.0
-11250.0
-11250.0
-11250.0
11250.0
11250.0
11250.0
11250.0
11250.0
11250.0
11250.0
11250.0
11250.0
-11250.0
11250.0
-11250.0
-11250.0
-10267.768246917367
-11250.0
11250.0
11250.0
11250.0
11250.0
-11250.0
-11250.0
-11250.0
11250.0
11250.0
11250.0
11250.0
-10267.511939196946
-9362.830868207311
-8533.891498063946
-7418.783456030655
-7466.710237407489
-7843.237898342798
-8078.7753283042985
11250.0
11250.0
11250.0
11250.0
11250.0
11250.0
11250.0
-11250.0
-10988.731856378916
-10954.55529618675
-11250.0
-11250.0
-10519.243633679922
-11250.0
11250.0
11250.0
11250.0
11250.0
11250.0
11250.0
11250.0
11250.0
11250.0
-11250.0
-11250.0
-11250.0
-11250.0
-11250.0
-11250.0
-11250.0
-11250.0
11250.0
11250.0
11250.0
11250.0
11250.0
11250.0
11250.0
11250.0
11250.0
-11250.0
-10924.871976879786
-9619.880919491436
-8376.815306549157
-5646.026410465765
11250.0
11250.0
11250.0
11250.0
11250.0
11250.0
11250.0
-11250.0
-11250.0
-11250.0
-11250.0
11250.0
11250.0
11250.0
11250.0
11250.0
-11250.0
-11250.0
-11250.0
11250.0
11250.0
11250.0
-10983.607976182233
-11250.0
-11250.0
-11250.0
-11250.0
-11250.0
11250.0
11250.0
11250.0
11250.0
11250.0
11250.0
11250.0
11250.0
11250.0
-11250.0
-11250.0
-11250.0
-11250.0
-11250.0
-11250.0
-11250.0
11250.0
11250.0
11250.0
11250.0
11250.0
11250.0
11250.0
11250.0
-11250.0
11250.0
11250.0
11250.0
-11250.0
-11250.0
-11250.0
-11250.0
-11250.0
11250.0
11250.0
11250.0
11250.0
11250.0
-11250.0
-11250.0
-10954.209110128773
-10560.017959589313
-9537.286130761036
-7703.110869605098
-7153.6522097081615
11250.0
11250.0
11250.0
11250.0
11250.0
8295.125170197876
11250.0
11250.0
-7915.655602738541
-5194.308817461781
-4094.5391017999705
-3445.488916893258
-2698.742561746496
-2144.5184270259087
-2794.5963207417553
-3294.4014608101475
-2176.0176126641272
-48.99994426746707
2642.510986322228
8816.775176129297
11250.0
5412.5892045479195
11250.0
11250.0
-8093.0769230769265
-7454.110601322894
-6571.5831792839845
-4837.8067370413755
-1520.5578934045388
5349.152963933029
9166.96270536223
6039.336153877659
5821.609719921541
11250.0
3841.591914276584
11250.0
-6566.644243705556
-6069.617033656152
-4457.123114447124
868.1984688581088
11250.0
11250.0
-7727.272727272728
-2140.262663096124
-919.9666731674151
630.9658341857576
2130.4827784242807
1347.4188071919525
-153.21924315422257
-253.79663553518003
1314.3490588971626
4157.918165506981
6949.872227594995
2610.954591798256
11250.0
-4683.553305267949
-4432.4826247945675
-5186.543806607795
-6213.073631684674
-5147.922167336174
-5177.101624176288
-4659.451007017431
-3717.352923726084
-3080.359023339362
-1492.2060423824423
11250.0
11250.0
11250.0
11250.0
5101.168608097061
11250.0
-9634.421583035903
-9625.31156258511
-9456.013302216506
-7461.887144028551
11250.0
11250.0
11250.0
11250.0
11250.0
-11250.0
-11250.0
-11250.0
-11250.0
-11250.0
-11250.0
-11250.0
-11250.0
11250.0
11250.0
11250.0
11250.0
11250.0
11250.0
11250.0
11250.0
11250.0
-11250.0
-11250.0
11250.0
11250.0
11250.0
-11250.0
-10151.011461186517
-11250.0
-10184.462709650019
-6919.720193328834
-7970.619054334414
-1230.2744940797184
5027.906267044216
8957.65166037632
9782.366141004786
6307.381384493863
11250.0
11250.0
11250.0
11250.0
-8977.272727272728
-6753.6407766990305
-5916.747413881207
-4641.939716716424
-4702.040860395364
-6023.932117008124
-6636.877004570918
-6614.33738310948
530.1423320082049
10955.897821509552
-1067.154204504919
11250.0
11250.0
11250.0
11250.0
-11003.507591773978
-11250.0
-11250.0
-11250.0
11250.0
11250.0
11250.0
11250.0
11250.0
-11008.225902347775
-10983.71064354941
-11250.0
-11250.0
-11250.0
-11250.0
-11250.0
11250.0
11250.0
11250.0
11250.0
11250.0
11250.0
11250.0
-11250.0
11250.0
11250.0
11250.0
-11250.0
-11250.0
-11250.0
-11250.0
-11250.0
11250.0
11250.0
11250.0
11250.0
11250.0
11250.0
-11250.0
-11250.0
-11250.0
-11250.0
11250.0
11250.0
11250.0
11250.0
11250.0
11250.0
-11250.0
-11250.0
11250.0
11250.0
11250.0
-11250.0
-11250.0
-10349.951414381343
-9873.972080980766
-9597.181508297996
-6918.095695357897
-4120.900978010224
712.2716269756993
11250.0
3399.2513575814414
11250.0
11250.0
11250.0
11250.0
11250.0
11250.0
-9613.727495494037
-8613.400117090394
-7838.892245750369
-4498.357183531938
-3427.0899280595427
8701.966671454782
11250.0
9553.751225091495
6195.03905426374
11250.0
-1772.4321133412068
-837.1036499447346
83.94371811553265
1470.3968616350921
925.1742832104483
198.96722819972183
-151.87664984343974
928.8157955935776
3783.095319426821
3522.193674693344
1996.3367080908001
-5909.09090909091
7898.936170212666
-6590.909090909091
10354.459124690398
1561.7382564272975
11250.0
-8181.818181818182
-5166.862469531614
-5199.223301398192
-4760.994040874377
-5027.309379595803
-5265.193420380841
-33.29924075593044
11250.0
11250.0
11250.0
11250.0
-8847.587861496566
-9174.409178183621
-9237.647680471891
-9927.717893547535
-10840.311131208167
-11250.0
-11250.0
11250.0
11250.0
11250.0
11250.0
11250.0
11250.0
11250.0
-10767.621393914324
-10976.026331470184
-11250.0
-11250.0
-11250.0
11250.0
11250.0
11250.0
11250.0
11250.0
11250.0
-11004.06220835837
-10714.49631758398
-10952.494448443944
-11250.0
-11250.0
-11250.0
-11250.0
11250.0
11250.0
11250.0
11250.0
11250.0
11250.0
11250.0
11250.0
11250.0