Demand
-11250.0
-11250.0
-11250.0
-11250.0
11250.0
11250.0
11250.0
11250.0
11250.0
11250.0
11250.0
-11250.0
-11250.0
-11250.0
11250.0
11250.0
11250.0
-11250.0
-11250.0
-11250.0
11250.0
11250.0
11250.0
11250.0
-11250.0
-11250.0
-11250.0
-7229.623824451406
11250.0
4964.96636771313
11250.0
11250.0
11250.0
11250.0
-11250.0
-11250.0
-10977.773060828433
-11250.0
-9481.869732566967
-5712.877144817361
-7602.517122604062
-8203.77043000072
-5548.342467555031
11250.0
11250.0
11250.0
11250.0
11250.0
11250.0
11250.0
11250.0
-11250.0
-10408.622305529523
-10522.203987060238
-9995.733235275384
11250.0
11250.0
11250.0
11250.0
11250.0
-11250.0
-11250.0
-11250.0
-11250.0
11250.0
11250.0
11250.0
11250.0
11250.0
11250.0
-11250.0
-11250.0
-11250.0
-11250.0
-11250.0
11250.0
11250.0
11250.0
11250.0
11250.0
11250.0
11250.0
-11004.338581772212
-10968.772090968821
-11250.0
-11250.0
-9149.345390401853
11250.0
11250.0
11250.0
11250.0
11250.0
11250.0
-11250.0
-11250.0
-11250.0
-11250.0
-9856.483158275987
-9893.892603627159
3139.4275174576287
11250.0
11250.0
11250.0
11250.0
11250.0
11250.0
6767.637471365957
-7386.363636363636
-543.22339603195
1538.14863204014
1244.087681277544
123.19549461946372
159.56359309970503
1726.4778455055985
4503.032156872259
6780.937024753137
7235.394441143839
11250.0
-6673.084147257702
-7462.781460060378
-7756.153121260472
-8047.890540580192
-8339.767866299662
-8261.749175428733
-7124.852928549847
-5713.732073583928
-4246.577691947536
11250.0
4252.2177320906
11250.0
11250.0
11250.0
11250.0
11250.0
11250.0
-11250.0
-11250.0
-11250.0
-11250.0
-11250.0
-11250.0
11250.0
11250.0
11250.0
11250.0
11250.0
11250.0
11250.0
11250.0
-9376.635694142948
-8878.94441293133
-7826.7992056924695
-8056.901331785041
-7239.989023467378
11250.0
11250.0
4773.321734434168
11250.0
11250.0
-10050.779220779223
11250.0
11250.0
11250.0
-9886.895061291012
-9058.150308895707
11250.0
11250.0
-11250.0
-11250.0
-11250.0
-11250.0
-10817.55812987475
-9387.112409210371
-5021.628187988157
11250.0
11250.0
-11250.0
11250.0
11250.0
11250.0
11250.0
11250.0
11250.0
11250.0
11250.0
-11250.0
-10721.841861422836
11250.0
11250.0
11250.0
11250.0
-11250.0
-11250.0
-11250.0
-11250.0
-11250.0
-11250.0
11250.0
11250.0
11250.0
11250.0
11250.0
11250.0
-11250.0
-11250.0
-11250.0
11250.0
11250.0
11250.0
11250.0
-11250.0
-11250.0
11250.0
11250.0
11250.0
11250.0
-11250.0
-11250.0
-11250.0
-11250.0
-11250.0
-11250.0
11250.0
11250.0
11250.0
11250.0
11250.0
11250.0
11250.0
11250.0
-11250.0
-10964.878559386405
-11250.0
-11250.0
-10680.338053282536
-7926.657334042408
11250.0
11250.0
11250.0
11250.0
11250.0
11250.0
11250.0
11250.0
-5728.103087710665
-4942.275679919614
-3587.5028785032173
-2888.0983178695915
-2069.2882348623007
2842.6045648919135
10177.702195000962
6846.7573520473525
5603.929049029738
11250.0
-8181.818181818182
11250.0
11250.0
-4105.509853642954
-3018.890192284618
-2584.3120800214238
-367.5645963101979
743.0588698011843
1585.1054626831901
4341.38225303083
3781.807921898613
1507.1145979660268
-5795.454545454547
-1553.7405258283416
-1069.3798682785564
-1576.8167410664646
-1443.2495387311446
-1178.1487337177623
206.05122439715524
1794.495275711286
3456.6421678921265
4693.5063724931715
3639.1553760196366
11250.0
-3152.936573202114
-4646.495709264647
-5881.0211940789495
-4688.738879747814
-5073.956177608525
-5384.232392844297
-4808.176851138127
-5114.41197197222
-2710.2912768917395
3895.5187385114955
11250.0
11250.0
11250.0
11250.0
-10795.454545454546
-10186.374238693796
-9637.2280132403
-9919.87265561155
-9346.241271331048
11250.0
11250.0
11250.0
11250.0
11250.0
-11250.0
-11250.0
-11250.0
-11250.0
11250.0
11250.0
11250.0
11250.0
11250.0
-11250.0
-11250.0
-11250.0
-11250.0
-10848.214285714283
-10182.474794543767
-8641.919603860853
-1920.5206644047594
11250.0
11250.0
11250.0
11250.0
11250.0
11250.0
11250.0
11250.0
-11250.0
-11250.0
11250.0
11250.0
-11250.0
11250.0
11250.0
-11250.0
-11250.0
-11250.0
11250.0
11250.0
11250.0
11250.0
-9082.88273065225
-8416.112918533498
-8741.998253139118
-9395.839630754752
-10177.065672623507
-10803.100824176083
-11250.0
-11250.0
11250.0
11250.0
11250.0
11250.0
11250.0
11250.0
11250.0
11250.0
-11250.0
-10943.412335223002
-11250.0
-11250.0
11250.0
11250.0
11250.0
11250.0
11250.0
-11250.0
-11250.0
-11250.0
-11250.0
-11250.0
11250.0
11250.0
11250.0
11250.0
11250.0
-11250.0
11250.0
11250.0
-11250.0
11250.0
11250.0
11250.0
-11250.0
-11250.0
-11250.0
-11250.0
-10715.995836224847
-7377.153364363712
11250.0
11250.0
4097.317746691475
11250.0
11250.0
11250.0
11250.0
11250.0
-11250.0
-11250.0
-11250.0
-11250.0
-11250.0
11250.0
11250.0
11250.0
11250.0
11250.0
11250.0
-11250.0
-11250.0
-11250.0
-11250.0
-11250.0
-8086.6807610994
11250.0
11250.0
11250.0
11250.0
11250.0
11250.0
11250.0
-11250.0
-11250.0
-11250.0
-11250.0
-11250.0
-11250.0
-11250.0
-11250.0
11250.0
11250.0
11250.0
11250.0
11250.0
11250.0
11250.0
11250.0
-11250.0
-10954.204501613141
-10913.61057506115
-10849.696454818564
-11250.0
-11250.0
-11250.0
11250.0
11250.0
11250.0
11250.0
11250.0
11250.0
11250.0
11250.0
11250.0
-11250.0
-11250.0
-11250.0
-11250.0
11250.0
11250.0
11250.0
11250.0
-10103.672710137042
-9215.518537967615
-9523.825080453276
-6544.444965191258
4385.77153119883
11250.0
11250.0
11250.0
4355.835554488209
11250.0
11250.0
-7739.736070381234
-4837.475989973467
-3637.0211192606785
-2909.0113786417314
-2068.888378123478
-1431.5009622616526
-2094.8036053402284
-2570.926942914155
-1215.1559775320839
1310.4239735104293
4168.274293001694
8593.677174282384
11250.0
6141.4411700371
11250.0
11250.0
-8458.88899636074
-8044.7635802643335
-7553.494210485544
-6665.629415644681
-5257.070373383238
-2804.7467012631405
-1041.1829989279886
-650.548420454661
-848.5856587066937
3186.6001018796223
7587.015426878785
7100.850245025803
11250.0
3042.980413390641
11250.0
11250.0
-6526.533055061077
-4979.6980244396345
-2985.5199230339185
-1670.2119599594334
-241.78641343216623
1565.6765671496005
3260.822978784829
2314.011606337528
762.8326503151666
1304.6358355952452
5267.380600329256
9282.367648242383
-7272.727272727273
11250.0
11250.0
-8181.818181818182
-2773.2558139534867
-3198.724001047544
-3721.6504420525603
528.2925155942612
5506.593510169212
11250.0
4355.904408783568
11250.0
11250.0
-9751.126972201353
-9890.972862201099
-9733.311181792174
-8794.099020837806
-7422.425557106315
-6808.459740338458
-6002.795689845043
3333.5257799655487
11250.0
11250.0
11250.0
11250.0
11250.0
11250.0
11250.0
-11250.0
-11250.0
-11250.0
-11250.0
-11250.0
-11250.0
11250.0
11250.0
11250.0
11250.0
11250.0
11250.0
11250.0
-10703.906748988717
-11250.0
-11250.0
-11250.0
11250.0
11250.0
11250.0
11250.0
11250.0
-11250.0
11250.0
11250.0
11250.0
11250.0
11250.0
-8337.82742681048
-8131.738240077098
-8422.97563855255
-8401.336491964103
-8663.852025933054
-7982.154050173816
-5125.90825277323
3137.022019605034
11250.0
11250.0
11250.0
11250.0
9860.892678229307
1588.739395981289
11250.0
-6552.197802197796
11250.0
-8693.803428631509
-10114.682699025889
-10580.269349517668
-11250.0
-11250.0
-11250.0
11250.0
11250.0
11250.0
11250.0
11250.0
11250.0
-11250.0
-11250.0
-11250.0
-11250.0
-10716.53467628624
-10418.64398894615
-11250.0
11250.0
11250.0
11250.0
11250.0
11250.0
11250.0
11250.0
11250.0
11250.0
-11250.0
-11250.0
-11250.0
-11250.0
-11250.0
-11250.0
11250.0
11250.0
11250.0
11250.0
11250.0
11250.0
11250.0
11250.0
-11250.0
-11250.0
-11250.0
11250.0
11250.0
11250.0
11250.0
-11250.0
-11250.0
-11250.0
-11250.0
-11250.0
-11250.0
11250.0
11250.0
11250.0
11250.0
11250.0
11250.0
11250.0
-10543.607976612482
-10221.863639550855
-10100.830777317358
-8577.809258355963
-7598.572667340483
-6928.951473809527
-5796.325723006292
6154.376718415983
11250.0
11250.0
11250.0
11250.0
11250.0
11250.0
-9507.714380770194
-8548.947156573046
-7981.523820266353
-5559.905595552573
-5924.697983816583
-3892.691001076875
1057.783519998451
5410.441028207094
10702.131713794419
11079.478284782806
10725.783473265188
7027.5680821029155
5918.180792705487
4588.210338571367
-5795.454545454547
583.3640893153652
180.6878222890955
1213.2117791767105
4061.662658700393
4019.881082799261
2776.5230844164917
42.572774279280566
-1465.8714997914321
-3.9401468870200915
515.106571360946
11250.0
-5825.3386869368005
-4388.655307870908
-4626.506365419507
-4358.769624245777
-3204.033168556438
-2056.939213816884
5170.422983007862
11250.0
11250.0
11250.0
-9368.959691993401
-9482.227640504902
-8483.021868816697
-8781.612715596566
-8733.482769886003
-9450.041316181618
-10577.981993465932
-11250.0
11250.0
11250.0
11250.0
11250.0
11250.0
11250.0
11250.0
-11250.0
-10747.18933090462
-10973.895483895343
-11250.0
-11250.0
-11250.0
-11250.0
-11250.0
11250.0
11250.0
11250.0
11250.0
11250.0
11250.0
11250.0
11250.0
-11250.0
-11250.0
-11250.0
-11250.0
-11250.0
-11250.0
-11250.0
11250.0
11250.0
11250.0
11250.0
11250.0