Demand
-11250.0
-11250.0
-11250.0
-11250.0
-11250.0
-11250.0
-11250.0
11250.0
11250.0
11250.0
11250.0
11250.0
11250.0
11250.0
11250.0
-11250.0
-11250.0
-11250.0
-11250.0
-11250.0
-11250.0
11250.0
11250.0
11250.0
11250.0
11250.0
11250.0
11250.0
-9271.087823068021
-9275.220771002067
-9184.083324908439
-10277.391991821969
-11250.0
11250.0
11250.0
11250.0
11250.0
11250.0
-9870.853155820445
-6693.235307580901
-7784.5193801072455
-5223.628273165417
11250.0
11250.0
11250.0
11250.0
-11250.0
-11250.0
-11250.0
-11250.0
-11250.0
-11250.0
11250.0
11250.0
11250.0
11250.0
11250.0
11250.0
11250.0
-11250.0
-11250.0
-11250.0
-11250.0
-11250.0
-11250.0
11250.0
11250.0
11250.0
11250.0
11250.0
11250.0
11250.0
-11250.0
-11250.0
-11250.0
-11250.0
-11250.0
11250.0
11250.0
11250.0
11250.0
11250.0
11250.0
-11000.696559320935
-11250.0
-11250.0
-10541.306775281344
-11250.0
-8831.96013608946
-8142.281906535536
-4000.4042117238278
11250.0
11250.0
11250.0
11250.0
11250.0
11250.0
11250.0
11250.0
-9051.204443640021
-6339.640317924877
-4816.168945981828
-3483.3278860271234
-1012.5072545441508
2773.821429961661
8901.764356147627
8406.926955905623
6077.334715175325
7683.933285118997
-6590.909090909091
-1099.315068493146
-2188.8927498751636
-2643.481075046133
-2422.2337578017305
-2057.4947021211738
-2165.100079653632
-2728.683407930839
-1592.5487768016792
6439.37011431444
7384.506975838457
11250.0
931.1115362253076
11250.0
-9320.029290839222
-8909.38216112413
-8684.816029551486
-9005.462959488163
-8596.814424128886
-8833.382582114962
-9020.80846924345
-6317.116513649373
11250.0
11250.0
11250.0
11250.0
11250.0
11250.0
11250.0
11250.0
11250.0
-11250.0
-11250.0
-11250.0
-11250.0
11250.0
11250.0
11250.0
11250.0
-8920.534813319882
-8938.536343227603
-8217.898373938042
-6642.678072411392
-6622.668585625154
-4207.482443638972
11250.0
11250.0
11250.0
11250.0
11250.0
11250.0
-10238.365213961744
-9441.808667196296
-9267.817722503274
-7733.868943769186
11250.0
11250.0
11250.0
11250.0
11250.0
-11250.0
-11250.0
-10935.908111285273
-10084.230192731025
-8550.326607439805
-7290.992343805924
11250.0
11250.0
11250.0
11250.0
11250.0
11250.0
11250.0
-11250.0
-11250.0
-11250.0
-11250.0
-10759.893422784597
-11250.0
-3920.456040454923
11250.0
11250.0
11250.0
11250.0
11250.0
11250.0
11250.0
-11250.0
-10918.045103249551
-10283.585587543377
-11250.0
11250.0
11250.0
11250.0
11250.0
11250.0
-11250.0
-11250.0
-11250.0
-11250.0
-11250.0
11250.0
11250.0
11250.0
11250.0
11250.0
-11250.0
11250.0
11250.0
11250.0
-11250.0
-11250.0
-11250.0
-11250.0
-11250.0
11250.0
11250.0
11250.0
11250.0
11250.0
11250.0
-11250.0
-10721.243042671616
11250.0
11250.0
-10949.278373373192
-6611.849452002942
11250.0
11250.0
-11250.0
-11250.0
-10257.108790794726
-9274.856607492635
-5699.65281776264
-1014.4942932670328
8767.628561078956
9499.908502980557
10123.740014943665
7013.400143688159
6854.36452922098
11250.0
7924.251946033405
6652.933334058904
11250.0
11250.0
1341.8181818181292
11250.0
-5088.011460026337
-3935.667535239454
-2972.2690073108843
-2720.4642631007846
-865.240827851685
-89.10136253503879
407.84500536232554
2564.042398226975
2991.632264415488
2454.195324570903
1455.9477026255026
-624.5805476112073
561.081837479851
942.3946825409657
5553.096892219421
11250.0
-1762.945298812534
-273.37778171471837
1823.1083878125128
4817.531992958286
-6250.0
-917.3924877517693
-1086.5342374280208
-2175.606693616988
-1777.3387764992622
11250.0
2249.777325811843
11250.0
-6714.42687747036
-7408.316061080328
-7104.549940846841
-7307.387263551432
-7122.151839863302
5029.239159556421
11250.0
11250.0
11250.0
11250.0
11250.0
-10567.516629711754
-10764.549838177434
-11250.0
-11250.0
-11250.0
-11250.0
-11250.0
-11250.0
-11250.0
11250.0
11250.0
11250.0
11250.0
11250.0
11250.0
11250.0
11250.0
-11250.0
-11250.0
-11250.0
-10803.56046221859
-9743.678929612553
5365.8010252758895
11250.0
11250.0
11250.0
11250.0
11250.0
11250.0
-11250.0
-11250.0
-10550.354596111138
-11250.0
-11250.0
11250.0
11250.0
11250.0
11250.0
11250.0
-11250.0
-11250.0
11250.0
11250.0
11250.0
-9972.686775217782
-8325.003684530191
-5313.426622546183
9758.273178346051
6444.023546364911
11250.0
11250.0
-4794.826241469407
11250.0
-11250.0
-11250.0
-11250.0
-11250.0
11250.0
11250.0
11250.0
11250.0
11250.0
-11250.0
-10943.94032631414
-11250.0
-11250.0
-11250.0
11250.0
11250.0
11250.0
11250.0
11250.0
11250.0
11250.0
-11250.0
-11250.0
-11250.0
-11250.0
-11250.0
-11250.0
-11250.0
-11250.0
11250.0
11250.0
11250.0
11250.0
11250.0
11250.0
11250.0
11250.0
11250.0
-11250.0
-10992.779783393504
-10075.791971299619
-9500.712527600324
-8978.424717851536
-9084.463027507602
-11250.0
11250.0
11250.0
11250.0
11250.0
11250.0
11250.0
-11250.0
-11250.0
-11250.0
-11250.0
11250.0
11250.0
11250.0
11250.0
11250.0
-11250.0
-11250.0
-11250.0
-11250.0
-11250.0
-10304.98756562587
-11250.0
11250.0
11250.0
11250.0
11250.0
11250.0
11250.0
11250.0
-11250.0
-11250.0
-11250.0
-11250.0
-11250.0
-11250.0
11250.0
11250.0
11250.0
11250.0
11250.0
11250.0
11250.0
11250.0
-11250.0
-11250.0
-10867.42113505855
-10679.053917279289
-9621.183167764873
11250.0
11250.0
11250.0
11250.0
11250.0
11250.0
-11250.0
-11250.0
-11250.0
11250.0
11250.0
11250.0
11250.0
-11250.0
-11250.0
-11250.0
-11250.0
-11250.0
-10523.010699355207
-5624.396962853996
11250.0
11250.0
11250.0
11250.0
11250.0
11250.0
11250.0
-9638.992570792812
-9776.4887614107
-9384.595980756232
-8302.507946075031
-6592.559981891354
-2049.9981873125107
385.04773091547395
2214.9607311317595
4243.739084770266
5542.3843314654005
4126.046216101064
4470.708485207913
11039.798307426769
3311.6064749875363
11250.0
11250.0
-8473.23891022502
-8294.792218724586
-7794.389824059856
-7456.444595281562
-7299.9302208716035
-6190.349389387622
-4380.103778132925
-258.7293573576553
8789.683005852046
11250.0
10753.804253558072
4635.666424985639
9310.812589569992
6441.5007738243
11250.0
-6612.399289475354
-6294.712577130434
-6153.050060488361
-5567.526459745531
-4684.008901948331
-2332.3608300317865
3191.1142975224307
10173.36756173713
8708.88632318972
7821.674552794135
7056.458469486297
4599.798635124262
-6477.272727272728
-1407.3991828033468
-1541.2447950691094
-242.81935642151984
2355.0749966975227
6170.309352135474
3516.868957924498
11250.0
-3843.048128342245
-2795.742713972444
-2467.049755612332
-682.3810847798359
11250.0
11250.0
-9318.18181818182
-6380.902475678243
-6664.184495467136
-7230.140758562297
-6986.820758181829
7808.089299285097
11250.0
11250.0
11250.0
11250.0
11250.0
-10029.335381937839
-10189.27825901403
-10068.841966440585
-10909.44323636379
-11250.0
-11250.0
-11250.0
11250.0
11250.0
11250.0
11250.0
11250.0
11250.0
11250.0
11250.0
-11250.0
-11250.0
-11250.0
-11250.0
11250.0
11250.0
11250.0
11250.0
11250.0
11250.0
-11250.0
-11250.0
-11250.0
-11250.0
-11250.0
-11250.0
-8073.135992073326
-11250.0
11250.0
11250.0
11250.0
11250.0
11250.0
11250.0
11250.0
11250.0
11250.0
-9185.2259310937
-8468.777702899079
-7233.30591887546
-4471.849149079513
-3804.6052039788847
354.17570381155656
9869.76247540913
5258.208111440854
9118.991314204151
5954.548445929212
11250.0
-8850.02245593024
-10016.591859212487
-9960.94866719965
11250.0
11250.0
11250.0
-11250.0
-10799.407114624511
-11250.0
11250.0
11250.0
11250.0
-11250.0
-11250.0
-11250.0
-11250.0
-10602.518696235293
-9412.153823558012
11250.0
11250.0
11250.0
11250.0
11250.0
11250.0
11250.0
-11250.0
11250.0
-11250.0
11250.0
11250.0
11250.0
-11250.0
-11250.0
-11250.0
-11250.0
-11250.0
11250.0
11250.0
11250.0
11250.0
11250.0
11250.0
-11250.0
-11250.0
-11250.0
-11250.0
-11250.0
11250.0
11250.0
11250.0
11250.0
11250.0
11250.0
-11250.0
-11250.0
-11250.0
-11250.0
-11250.0
-11250.0
-11250.0
11250.0
11250.0
11250.0
11250.0
11250.0
11250.0
11250.0
11250.0
11250.0
-10427.005347593586
-10193.565972339245
-11250.0
11250.0
11250.0
11250.0
11250.0
11250.0
-8904.106456923364
-6765.5205909865035
11250.0
11250.0
-6404.663518299883
-2505.2706875871445
5077.701298781189
11250.0
6411.093121295355
11250.0
-1654.667181283774
-824.2014006027457
444.25883695931407
-37.89271352210926
-697.4439293372634
-1026.5719916939543
-49.00838980851586
2596.6430181135474
2529.1082727658095
-4886.363636363637
2395.1612903225887
426.57152423200387
11250.0
-3187.442218798151
-4127.311759777509
-4505.756298557944
-419.6915132847553
5217.313105260108
11250.0
-8863.636363636364
-6777.896164277419
-7715.543223182328
-7704.536627289519
-7357.122486158922
-3333.5319681991714
11250.0
11250.0
11250.0
11250.0
11250.0
-10265.54404145078
-10974.364283129988
-11250.0
-11250.0
-11250.0
-11250.0
11250.0
11250.0
11250.0
11250.0
11250.0
11250.0
-10811.243105726753
11250.0
11250.0
-11250.0
-11250.0
-11250.0
-11250.0
-11250.0
-11250.0
-11250.0
11250.0
11250.0
11250.0
11250.0
11250.0
11250.0
11250.0
11250.0
11250.0
-11250.0
-11250.0
-11250.0
-11250.0
-11250.0
-11250.0
11250.0