Demand
11250.0
11250.0
11250.0
11250.0
11250.0
11250.0
11250.0
11250.0
11250.0
11250.0
11250.0
11250.0
11250.0
11250.0
11250.0
11250.0
11250.0
-11250.0
-11250.0
11250.0
11250.0
11250.0
11250.0
11250.0
11250.0
11250.0
11250.0
11250.0
11250.0
11250.0
11250.0
11250.0
11250.0
11250.0
11250.0
11250.0
-10982.385059469987
-11250.0
11250.0
11250.0
-9605.271909459949
-10244.318096989482
-10425.073591966004
-10631.436641009259
-10522.523083195527
-10329.445411256373
-11250.0
-11250.0
11250.0
11250.0
11250.0
11250.0
11250.0
11250.0
11250.0
11250.0
-10927.033492822964
-11250.0
11250.0
11250.0
11250.0
-11250.0
-11250.0
11250.0
11250.0
-11250.0
-11250.0
-11250.0
11250.0
11250.0
11250.0
11250.0
-11250.0
-11250.0
-11250.0
-11250.0
-11250.0
-11250.0
11250.0
11250.0
11250.0
11250.0
11250.0
11250.0
11250.0
11250.0
-10718.834127148479
-11250.0
-9364.713705460243
-8036.300863485028
11250.0
11250.0
11250.0
11250.0
11250.0
11250.0
11250.0
-10501.235777209804
-10707.278887208726
-8529.331685909252
-5125.506608442731
-3246.8349397034253
-1764.6686497903193
681.3774177923297
3639.0264629079293
7852.572334251319
9237.324869351203
7899.896580180692
7779.8229749242055
8557.257431265747
3876.000935866482
3710.6365680137746
11250.0
-2050.296494667886
-802.3539934815853
958.1585078840299
6517.125542185688
11250.0
-9090.909090909092
-6934.401405817691
-6520.133399424344
-4772.1363994332605
11250.0
11250.0
5862.632323734674
11250.0
-9575.53064498079
-9453.856309018422
-9851.062316742325
-10307.862133628434
-10511.235484997032
-10779.818615267191
-11250.0
-11250.0
11250.0
11250.0
11250.0
11250.0
11250.0
11250.0
11250.0
11250.0
-11250.0
-11250.0
-11250.0
-11250.0
-10146.660595617952
-8464.578986350203
-5393.225635174535
-2507.7716112049256
11250.0
11250.0
9368.86937744577
8679.590537175874
11250.0
11250.0
-1195.8984661358154
11250.0
-11250.0
-10206.935865303683
-8578.284350549038
11250.0
11250.0
11250.0
11250.0
-11250.0
-11250.0
-11250.0
-11250.0
-11250.0
11250.0
11250.0
11250.0
11250.0
11250.0
11250.0
11250.0
-11250.0
-11250.0
-11250.0
-11250.0
-11250.0
-11250.0
11250.0
11250.0
11250.0
11250.0
11250.0
11250.0
11250.0
-11250.0
-11250.0
-11250.0
-11250.0
-11250.0
-11250.0
-11250.0
11250.0
11250.0
11250.0
11250.0
11250.0
11250.0
11250.0
11250.0
11250.0
-11250.0
-11250.0
-11250.0
11250.0
11250.0
11250.0
-11250.0
-11250.0
11250.0
11250.0
11250.0
11250.0
11250.0
-11250.0
-11250.0
-11250.0
-11250.0
11250.0
11250.0
11250.0
11250.0
11250.0
-11250.0
-11250.0
-11250.0
-10899.206783369806
-11250.0
-11250.0
-9679.741943181038
11250.0
11250.0
11250.0
11250.0
11250.0
11250.0
11250.0
11250.0
-7664.567533081964
-5887.048089493917
-5243.03348699279
-4156.952211088283
-3806.6659792132978
-3586.2170846705308
-827.3100652434223
3493.1668245163055
6091.747333423951
5143.763306537116
7710.178867311547
9751.903517468993
2853.851389992138
11250.0
11250.0
6290.225261464205
11250.0
1499.1426015209472
2898.9641104932107
3736.968590985636
6389.646720471324
2550.0232122993984
-5454.545454545455
495.35201712917114
-1426.287895307947
-857.6272611613986
-1285.3917997504632
-959.7875814891831
-343.2765963801685
1900.9033674644397
4711.467610704223
5859.491729079509
-6250.0
-809.0230664857536
-2394.702392557727
-2935.393813691797
-4444.906798143727
-5680.103828739117
-4363.618297528061
-4674.882650348742
-4854.64319069834
-3912.306697278358
-3667.9712388457956
2224.365776317096
11250.0
8254.289372066287
11250.0
11250.0
11250.0
-10236.335517016007
-10131.001002356985
-9657.326701407434
-10111.741246806923
-10250.06841719697
-11250.0
-11250.0
11250.0
11250.0
11250.0
11250.0
11250.0
11250.0
11250.0
-11250.0
11250.0
11250.0
11250.0
11250.0
-11250.0
-11250.0
11250.0
11250.0
-10975.668449197863
-10601.574172267981
-10000.855038360256
-9323.694372226717
-9148.494766526052
11250.0
11250.0
11250.0
11250.0
11250.0
11250.0
-10760.375358232832
-11250.0
-11250.0
-11250.0
-11250.0
-11250.0
11250.0
11250.0
11250.0
11250.0
11250.0
11250.0
-11250.0
-10020.38388494038
-8701.249906163528
-7130.228963511661
-4194.520307009165
-1455.3023879204175
11250.0
-996.1601824019108
11250.0
11250.0
11250.0
11250.0
11250.0
-11250.0
-11250.0
-11250.0
-10938.00291927093
-10886.243288614427
-11250.0
-11250.0
-9912.97277671727
11250.0
11250.0
11250.0
11250.0
11250.0
11250.0
11250.0
11250.0
11250.0
-11250.0
-11250.0
-11250.0
-11250.0
11250.0
11250.0
11250.0
11250.0
11250.0
-11250.0
11250.0
-11250.0
-11250.0
-11250.0
-11250.0
-11250.0
-11250.0
-11250.0
11250.0
11250.0
11250.0
11250.0
11250.0
11250.0
11250.0
11250.0
11250.0
-11250.0
11250.0
11250.0
-11250.0
-11250.0
-11250.0
-11250.0
11250.0
11250.0
11250.0
11250.0
11250.0
-11250.0
-11250.0
11250.0
11250.0
11250.0
-11250.0
-10956.910736322501
-11250.0
-11250.0
-11250.0
11250.0
11250.0
11250.0
11250.0
11250.0
11250.0
11250.0
-11250.0
-11250.0
-11250.0
11250.0
11250.0
11250.0
11250.0
-11250.0
-11250.0
11250.0
11250.0
11250.0
11250.0
-11250.0
-10967.629186023474
-10913.234947388384
-10806.948113612849
-11250.0
-11250.0
11250.0
11250.0
11250.0
11250.0
11250.0
11250.0
-11250.0
-11250.0
-11250.0
11250.0
11250.0
11250.0
11250.0
11250.0
-11250.0
-11250.0
-10953.966457369745
-10532.746731639676
-9319.528766500385
-6326.94750337211
3236.167831064672
11250.0
11250.0
11250.0
11250.0
11250.0
11250.0
-9544.385864918782
-8642.781698174149
-7310.483142027583
-3907.628463947212
-2389.0106272056782
-1387.81351095008
-218.18598333210502
721.2289701576319
59.43238498572828
-203.67906806792598
2343.209823736619
6525.640871216668
7053.269458018411
8154.339515449631
11250.0
7368.856452826123
11250.0
-5615.495099695858
11250.0
11250.0
-7814.600686250754
-7076.493001159277
-5938.650967863544
-4010.4577161373804
-2791.711212389391
-2775.7578758785785
-3367.5317827910258
-1436.0031856000915
842.0267022991193
2848.2725637291514
8541.30348043083
7997.802413092617
10623.717493240401
4938.723683054912
11250.0
11250.0
-3094.6153846153884
-1858.390412463612
-534.2282469120419
1142.9093502253918
2741.448526733575
1884.6027502008737
345.65794333323174
474.7429462941027
2804.674505872519
6927.642379573586
5820.363961680458
11250.0
-5256.635927472118
-3980.8956659429873
-2688.6134365923917
-1617.477223087908
5646.496853142572
11250.0
11250.0
-7100.567785320057
-7058.150666521866
-7517.126787070985
-8303.01183234909
-8830.436465097231
-8329.587151865842
-4316.48999615566
11250.0
11250.0
11250.0
11250.0
11250.0
11250.0
-10309.75073313783
-10976.576066532889
-11250.0
-11250.0
11250.0
11250.0
11250.0
11250.0
11250.0
-11250.0
-11250.0
-11250.0
-11250.0
-11250.0
-11250.0
-11250.0
-11250.0
11250.0
11250.0
11250.0
11250.0
11250.0
11250.0
11250.0
11250.0
-11250.0
-11250.0
11250.0
11250.0
11250.0
-11250.0
-10341.49940968123
-7355.1560399795635
-7884.191419565112
7428.783903099624
11250.0
6215.413586088242
11250.0
11250.0
11250.0
-9197.687266631106
-8571.938618399163
-7569.361462585809
-5503.442897332625
-5577.373851234472
-4092.9315321422123
-1641.2289471946096
-829.8393630290102
-1657.8872526749165
1439.5044740654084
11250.0
11250.0
4836.9726926220155
11250.0
11250.0
-11250.0
-11250.0
-11250.0
-10599.260042283302
-11250.0
11250.0
11250.0
11250.0
11250.0
11250.0
-11250.0
-11250.0
-10850.397716133553
-10700.58872411511
-11250.0
11250.0
11250.0
11250.0
11250.0
11250.0
11250.0
11250.0
11250.0
-11250.0
-11250.0
-11250.0
-11250.0
-11250.0
11250.0
11250.0
11250.0
11250.0
11250.0
-11250.0
-11250.0
-11250.0
-11250.0
11250.0
11250.0
11250.0
11250.0
11250.0
11250.0
-11250.0
-11250.0
-11250.0
-11250.0
-11250.0
11250.0
11250.0
11250.0
11250.0
11250.0
11250.0
11250.0
-11250.0
-11250.0
-11250.0
-7066.11570247935
11250.0
11250.0
11250.0
11250.0
11250.0
-9842.463874154018
-381.9736513063144
11250.0
-11250.0
-11250.0
-11250.0
-11250.0
-11250.0
-4528.877005347598
11250.0
11250.0
11250.0
11250.0
11250.0
7514.169872903418
11250.0
-4158.560311284047
-2325.169414545133
241.0081532341028
1554.9347970568551
2782.4080102926273
4427.039052961858
3323.956931549992
2215.225388328049
1867.5325144649687
3673.970545007398
6241.746032897499
-4659.09090909091
9456.954215200061
3413.73196780201
1050.2545465711755
2969.6649653113236
2198.670975639645
11250.0
-5483.13782991203
7603.536577654912
-8522.727272727274
-5403.274083624976
-5107.814253019766
-5570.921511000572
-6241.393012212468
-4613.574476927079
11250.0
6798.422885633652
11250.0
11250.0
11250.0
-9172.656408179795
-9035.975179332243
-9437.733870097676
-9891.629249893038
11250.0
11250.0
11250.0
11250.0
-11250.0
-11250.0
-11250.0
-11250.0
-11250.0
-9521.554876943112
-5071.106011886703
11250.0
11250.0
11250.0
11250.0
11250.0
11250.0
11250.0
-11250.0
-11250.0
-10881.020941688563
-10233.219305540915
-10295.491106531805
11250.0
11250.0
11250.0
11250.0
11250.0
11250.0
11250.0
-11250.0
11250.0
11250.0
-11250.0
-11250.0
-10487.414112050745