Demand
-11250.0
11250.0
11250.0
11250.0
11250.0
11250.0
11250.0
11250.0
11250.0
11250.0
11250.0
11250.0
11250.0
-11250.0
-11250.0
11250.0
11250.0
11250.0
11250.0
-11250.0
-11250.0
-11250.0
-11250.0
-11250.0
-11250.0
11250.0
11250.0
11250.0
11250.0
11250.0
11250.0
11250.0
11250.0
-11250.0
11250.0
-11250.0
11250.0
11250.0
-10021.951663251435
-7638.366438903643
-9010.70431322897
-9611.008536877627
-9233.126456647984
-303.4035835414652
11250.0
11250.0
11250.0
11250.0
11250.0
-11250.0
-11250.0
-11250.0
-9919.503573349732
-9918.170449138248
-7501.113947133668
11250.0
11250.0
11250.0
11250.0
11250.0
11250.0
11250.0
-11250.0
-11250.0
-11250.0
-11250.0
11250.0
11250.0
11250.0
11250.0
11250.0
-11250.0
11250.0
-11250.0
-11250.0
-11250.0
-11250.0
-11250.0
-11250.0
-11250.0
11250.0
11250.0
11250.0
11250.0
11250.0
11250.0
11250.0
11250.0
11250.0
-10492.790099159793
-10970.936894378614
-10929.395362329484
-11250.0
-11250.0
-11250.0
11250.0
11250.0
11250.0
11250.0
11250.0
11250.0
11250.0
11250.0
-5709.045904590461
-4533.539495084
-2146.894911811947
1214.3684579275787
5675.5543045742415
8343.265257384359
-6590.909090909091
-1417.1008011008998
-2361.433309147
-2579.6364879593
-1900.3977606921799
-607.9900902862464
1205.2789652637093
6746.378407818454
11250.0
-9090.909090909092
-7321.039553407311
-7540.561155086598
-7724.484181943939
-7843.772911746622
-7326.553726607588
-4286.12945761238
6929.735132803868
11250.0
10614.124092180497
3285.748827500934
11250.0
11250.0
11250.0
11250.0
11250.0
-11250.0
-11250.0
-11250.0
-11250.0
-11250.0
11250.0
11250.0
11250.0
11250.0
11250.0
11250.0
-11250.0
-10357.071812214046
-8860.729860279997
-5001.5906451842875
11250.0
11250.0
11250.0
-1789.879780184836
11250.0
-8528.0332507959
11250.0
11250.0
-11250.0
-11250.0
-7837.583148558765
11250.0
11250.0
11250.0
11250.0
-10494.551344983312
-11250.0
11250.0
11250.0
11250.0
-11250.0
-11250.0
-10841.318796376385
-9129.385294791271
11250.0
11250.0
344.18406904276526
11250.0
11250.0
11250.0
-11250.0
11250.0
11250.0
-11250.0
-11250.0
-11250.0
11250.0
11250.0
11250.0
11250.0
-11250.0
-11250.0
-11250.0
11250.0
11250.0
11250.0
11250.0
-11250.0
-10982.545841836356
-10654.353125679816
-11250.0
-11250.0
-11250.0
-11250.0
11250.0
11250.0
11250.0
11250.0
11250.0
11250.0
11250.0
11250.0
11250.0
-11250.0
-11250.0
-11250.0
-11250.0
-11250.0
-11250.0
-11250.0
11250.0
11250.0
11250.0
11250.0
11250.0
11250.0
11250.0
11250.0
11250.0
-11250.0
11250.0
11250.0
-11013.826652753058
-11250.0
-11250.0
-10882.69063880866
-9735.437982684074
-9417.185965317494
11250.0
11250.0
11250.0
11250.0
11250.0
11250.0
11250.0
-6243.0284439486895
-5713.349544440694
-4818.458837828552
-4633.798941644083
-4630.22545449425
-2655.5077492760356
346.7478876675541
2519.192066150925
2846.4332100253196
5597.886202795338
10495.794330732373
5077.101977096824
11250.0
-7727.272727272728
-2590.310600945313
-2209.925592206948
-55.298854825749004
917.1999433206001
1571.7542516785616
4052.891258451128
4132.438969741562
2998.2568012047623
1531.5821661956215
-467.82330728957277
11250.0
-1592.9181620026902
-1510.408048787047
-1329.0055983042112
-117.67167615933613
1222.8185846935476
2619.252284231934
3857.218955913271
3802.652216976879
1363.3266297828377
11250.0
-4594.704977897367
-5463.116150397254
-2979.695341196659
-823.6843631817683
11250.0
1626.3412877569936
11250.0
-8330.079977816375
-8890.279589544825
-9508.16372439187
-9570.586496093045
-9585.578429688572
-9469.599027692064
-6042.096849983012
11250.0
11250.0
11250.0
11250.0
11250.0
11250.0
11250.0
-11250.0
-11250.0
-11250.0
-11250.0
-11250.0
-11250.0
-11250.0
11250.0
11250.0
11250.0
11250.0
11250.0
11250.0
11250.0
-11250.0
-10871.304395969437
-10127.598802878048
-6872.825525548644
11250.0
11250.0
11250.0
11250.0
11250.0
11250.0
-11250.0
-11250.0
-10583.593141075606
-11250.0
-11250.0
-11250.0
11250.0
11250.0
11250.0
11250.0
11250.0
11250.0
11250.0
11250.0
-11250.0
-10137.756650694879
-8967.255957367157
-7593.538775498157
-5000.63545173575
-2197.872785383852
11250.0
5751.112194709993
11250.0
11250.0
11250.0
11250.0
-11250.0
-11250.0
-11250.0
-11250.0
-10716.40316205534
-10156.47011471121
11250.0
11250.0
11250.0
11250.0
11250.0
11250.0
11250.0
-11250.0
-11250.0
-11250.0
-11250.0
-11250.0
-11250.0
-11250.0
11250.0
11250.0
11250.0
11250.0
11250.0
11250.0
11250.0
11250.0
-11250.0
11250.0
-11250.0
-11250.0
-11250.0
11250.0
11250.0
11250.0
11250.0
-11011.014241980567
-10207.380244194756
-9803.594628851992
-9595.757797831997
-10054.5353328257
-11250.0
-11250.0
11250.0
11250.0
11250.0
11250.0
11250.0
11250.0
11250.0
11250.0
-11250.0
-11250.0
-11250.0
-11250.0
-11250.0
11250.0
11250.0
11250.0
11250.0
11250.0
11250.0
-11011.572783045176
-11250.0
-11250.0
-11250.0
11250.0
11250.0
11250.0
11250.0
11250.0
-11250.0
-11250.0
-11250.0
-11250.0
-11250.0
-11250.0
-11250.0
11250.0
11250.0
11250.0
11250.0
11250.0
11250.0
11250.0
11250.0
-11250.0
-10973.764980999713
-10940.398938131406
-10889.754404171726
-11250.0
-11250.0
-11250.0
11250.0
11250.0
11250.0
11250.0
11250.0
11250.0
11250.0
11250.0
11250.0
-11250.0
-11250.0
-11250.0
-11250.0
-11250.0
-11250.0
11250.0
11250.0
11250.0
11250.0
11250.0
11250.0
11250.0
-8589.007146699456
-7659.742883444917
-5800.5261401899625
11250.0
11250.0
11250.0
11250.0
-5645.63012095201
-4670.207552095604
-4119.054694993129
-3489.8720418619814
-3044.6145272655995
-3687.447425008504
-4223.550576295163
-3410.2797478039342
-1847.1485058060844
176.05532190451595
6724.844336121528
11250.0
11250.0
3185.4625774729934
11250.0
-8405.793753465165
-7892.781964277069
-7216.138924138525
-5919.613988385507
-3561.2691803553334
1266.0888990920503
5854.423765402437
6236.0102562400025
5751.617175497351
11250.0
3982.873256516507
11250.0
-6889.316392269149
-6938.233884272361
-6709.928322342396
-6423.407114909594
-5476.486031169341
-3398.9638248792385
-669.0192109329655
1170.7516034758628
3053.604666565885
5160.89405727174
6622.668000198981
4542.958810499691
2240.893632606784
2595.563083246664
6277.74531535343
7423.576499271804
-7272.727272727273
-3824.2369516667095
-4835.2067355911495
-3948.268942355368
-3521.426976516823
-4205.9257910081815
-5161.279227397921
-3324.476296512272
-2552.967801554025
-27.898500199391492
5850.245989767268
9011.912625399711
4716.405324564462
11250.0
11250.0
11250.0
-9454.715434147904
-8628.062837236197
-8481.673179052163
-8522.971822620588
-7337.612460412275
11250.0
11250.0
-3714.777994150079
11250.0
11250.0
11250.0
-11250.0
-11250.0
-11250.0
-11250.0
-11250.0
-11250.0
11250.0
11250.0
11250.0
11250.0
11250.0
11250.0
11250.0
11250.0
-10720.175116476556
-11250.0
-11250.0
-11250.0
11250.0
11250.0
11250.0
11250.0
11250.0
11250.0
-8033.699059561106
11250.0
-10440.548057237957
-7614.655295282086
-7485.6942393821
11250.0
11250.0
11250.0
11250.0
-9461.735592908695
-9286.774922457458
-8401.45446067012
-7186.262338612007
-4904.965936187442
567.133340777561
2209.4176080486304
9348.727178142639
11250.0
5278.945974286173
5133.605492556602
11250.0
11250.0
-10113.636363636366
-10274.703240295159
-10725.547416024245
-11250.0
-11250.0
-11250.0
-11250.0
-10504.155543085119
-11250.0
11250.0
11250.0
11250.0
11250.0
11250.0
11250.0
11250.0
11250.0
11250.0
-11250.0
-11250.0
-11250.0
-11250.0
-11250.0
-11250.0
-11250.0
11250.0
11250.0
11250.0
11250.0
11250.0
11250.0
11250.0
11250.0
-11250.0
-11250.0
-11250.0
-11250.0
-11250.0
-11250.0
-11250.0
11250.0
11250.0
11250.0
11250.0
11250.0
11250.0
11250.0
11250.0
-11250.0
-11250.0
-11250.0
-11250.0
11250.0
11250.0
11250.0
11250.0
-11250.0
-11250.0
-11250.0
-11250.0
-11250.0
-11250.0
-7684.932564604136
11250.0
11250.0
11250.0
11250.0
11250.0
11250.0
11250.0
6625.575491307028
11250.0
-11250.0
-11250.0
-11250.0
11250.0
11250.0
11250.0
-8354.966139954853
-6319.553771608491
-6742.0077265334985
-5254.766140162072
-1684.9165408286844
1624.960521445577
7284.551228048898
11004.671534910114
10741.806162465113
7024.666123981158
5918.312746215254
4588.153560842193
-5795.454545454547
2669.204100090432
2221.5588223633504
3970.1824385619766
6264.295689279355
-4659.09090909091
2484.7646488857145
147.78927572603516
-1510.0374370514364
-1084.228317996749
-2666.8309238619313
-3906.8205829681624
-4821.95184800284
-2915.606315259016
-3005.158144134728
-2331.6990568162346
-184.63991097059443
2304.3019241922348
11250.0
1924.4018070079346
11250.0
11250.0
-9373.285165538688
-9427.1721717187
-8228.23717575159
-8280.19510451479
-7506.010861400482
-6098.410636635315
11250.0
11250.0
11250.0
11250.0
11250.0
-11250.0
-11250.0
-11250.0
-11250.0
-11250.0
-7615.997638724923
11250.0
11250.0
11250.0
11250.0
11250.0
11250.0
-11250.0
-11250.0
-11250.0
-11250.0
-10850.093545369502
-10189.714308285671
-10391.018933300194
-11250.0
11250.0
11250.0
11250.0
11250.0
11250.0
11250.0
11250.0
11250.0
-11250.0
-11250.0
-11250.0
-10471.593025331975