Demand
11250.0
11250.0
11250.0
11250.0
11250.0
11250.0
11250.0
11250.0
11250.0
11250.0
11250.0
11250.0
11250.0
11250.0
11250.0
11250.0
11250.0
11250.0
11250.0
11250.0
11250.0
11250.0
11250.0
-11250.0
-11250.0
-11250.0
-11250.0
-8160.74758342778
-4202.4117525713955
10827.715486801364
6019.063632215177
11250.0
11250.0
11250.0
11250.0
11250.0
-10948.731501057086
-11250.0
11250.0
11250.0
11250.0
-10213.965263552698
-10283.885165753269
-10270.489767349092
-6786.414551385384
11250.0
11250.0
11250.0
11250.0
-11250.0
-11250.0
-11250.0
-10116.883701152608
-10286.905704101748
-9791.692458539477
-7360.307520245726
11250.0
11250.0
11250.0
11250.0
11250.0
11250.0
11250.0
11250.0
-11250.0
11250.0
11250.0
11250.0
-11250.0
-11250.0
-11250.0
-11250.0
-11250.0
-11250.0
-11250.0
11250.0
11250.0
11250.0
11250.0
11250.0
11250.0
11250.0
11250.0
11250.0
-11250.0
-11250.0
-10626.102158710855
-11250.0
-8354.67942838182
11250.0
-4815.299930161511
11250.0
11250.0
11250.0
11250.0
-11250.0
-11250.0
-10299.036987420372
-10488.779533716493
-6692.094109580103
2140.407794504268
9191.923780783727
9419.673851757252
9912.876666362681
8954.599375736854
9928.532855215428
6431.35464042511
7147.074471448774
-7159.09090909091
639.3201688272493
354.4219778507595
-730.6262086648512
-881.6243661680255
118.50088369337209
1871.1347175331466
3829.6892498064994
7249.314470067148
11250.0
-9090.909090909092
-7189.017261257162
-7427.05426156845
-7638.213418032461
-7803.5774962635405
-7391.886361779729
-4918.0589998966425
1231.6407455460067
11250.0
11250.0
6462.8821836784555
11250.0
11250.0
11250.0
11250.0
-11250.0
-11250.0
-11250.0
-11250.0
-11250.0
-11250.0
-11250.0
-11250.0
11250.0
11250.0
11250.0
11250.0
11250.0
11250.0
11250.0
11250.0
11250.0
-9161.111781383846
-8482.332952271252
-9027.87635216456
-9326.285553628328
-8852.76644580745
-8371.867923782767
-8575.21055214182
11250.0
11250.0
11250.0
11250.0
11250.0
11250.0
-9981.788516052478
-10366.967011039302
-11250.0
-11250.0
-11250.0
11250.0
11250.0
11250.0
11250.0
11250.0
-9998.598662804608
-10139.889274640147
-10610.406525962211
-11250.0
-11250.0
-11250.0
11250.0
11250.0
11250.0
11250.0
11250.0
11250.0
11250.0
-10993.078648984334
-11250.0
-9720.70900950914
11250.0
11250.0
11250.0
-11250.0
-11250.0
-11250.0
-11250.0
-11250.0
-10691.199945315904
-9317.433991058439
-11250.0
11250.0
11250.0
11250.0
11250.0
11250.0
11250.0
11250.0
11250.0
-11250.0
-11250.0
-11250.0
-11250.0
-11250.0
-11250.0
11250.0
11250.0
11250.0
11250.0
11250.0
11250.0
11250.0
11250.0
-11250.0
-11250.0
-11250.0
-11250.0
-11250.0
-11250.0
-11250.0
11250.0
11250.0
11250.0
11250.0
11250.0
11250.0
11250.0
11250.0
11250.0
-11250.0
-11250.0
-9615.548003398475
-2484.5837517151194
11250.0
11250.0
11250.0
11250.0
11250.0
-5636.062297785954
-5822.244235496972
-4561.387592259269
-2764.5436643181256
-1669.8060453358576
-1752.8030114029916
-595.083694039542
3042.87669989595
6712.053263896767
6909.293588755885
11190.779109214063
1160.2742721526301
11250.0
7479.463307776583
3767.9881489841364
11250.0
6468.983144515045
4518.11587953687
1620.0986667468096
-5795.454545454547
-891.1929170549902
-424.98297949452717
-1025.9663248755696
-995.804752874963
-896.3533876595629
203.22234109963665
1349.9950198026172
2482.798604627991
3494.044217955745
3555.046107532381
1252.4544116258967
2437.3098030480614
6497.2261395824535
11250.0
-4252.046185325935
-4228.152315107647
-3680.816200425624
-11.64866430991242
11250.0
3329.44099025429
11250.0
11250.0
-10028.660903963082
-10180.908924506773
-10346.288677622957
-9824.967595291324
-9434.283442581578
-7841.982827563563
-6331.902072641219
11250.0
11250.0
11250.0
11250.0
11250.0
11250.0
11250.0
-11250.0
-11250.0
-11250.0
-11250.0
-11250.0
-11250.0
-11250.0
11250.0
11250.0
11250.0
11250.0
11250.0
11250.0
11250.0
11250.0
11250.0
-11008.33804409271
-11250.0
-11250.0
-11250.0
-11250.0
-11250.0
11250.0
11250.0
11250.0
11250.0
11250.0
11250.0
-11250.0
-11250.0
11250.0
11250.0
-11250.0
-11250.0
-11250.0
11250.0
11250.0
11250.0
11250.0
-8677.488180471151
-8990.29418786478
-9594.936667687398
-10304.371785600062
-10863.647472575241
-11250.0
-11250.0
11250.0
11250.0
11250.0
11250.0
11250.0
11250.0
11250.0
-11250.0
-11250.0
-10892.481028341335
-11250.0
-11250.0
11250.0
11250.0
11250.0
11250.0
11250.0
11250.0
11250.0
-11250.0
-11250.0
-11250.0
-11250.0
-11250.0
-11250.0
-11250.0
-11250.0
11250.0
11250.0
11250.0
11250.0
11250.0
11250.0
11250.0
11250.0
11250.0
-11250.0
-11250.0
-10941.762302469506
-9795.529040351706
-8979.379150603028
-8060.4275796563115
-7589.2040730258095
11250.0
11250.0
11250.0
11250.0
11250.0
11250.0
11250.0
11250.0
-11250.0
-11250.0
-11250.0
-11250.0
-11250.0
11250.0
11250.0
11250.0
11250.0
11250.0
11250.0
-11250.0
-11250.0
-10928.989787745297
-11250.0
-11250.0
-11250.0
11250.0
11250.0
11250.0
11250.0
11250.0
11250.0
11250.0
-11250.0
-11250.0
-11250.0
-11250.0
-11250.0
-11250.0
11250.0
11250.0
11250.0
11250.0
11250.0
11250.0
-11250.0
-11250.0
-10863.022113022114
-10614.422954574376
-5624.5734253516275
11250.0
11250.0
11250.0
11250.0
11250.0
-11250.0
-11250.0
-11250.0
11250.0
11250.0
11250.0
11250.0
11250.0
-11250.0
-11250.0
-11250.0
-11250.0
-11250.0
-8610.205831903946
11250.0
11250.0
11250.0
11250.0
11250.0
11250.0
-9019.891673864899
-8866.654796578165
-9240.783326427088
-9336.408672294172
-8681.937251237377
-6834.790308476629
-3402.7815606613167
6586.718387244651
9749.437843657011
8958.05407721243
8516.667921430424
7499.205486361423
4707.403612725892
5741.200907251819
11250.0
982.4241433548686
11250.0
-8404.391371340527
-8226.69407840115
-7996.662503715488
-7390.827608526735
-6934.001281681718
-6638.264865926666
-5099.963025002713
-2381.9606183847063
4096.644251867565
11250.0
11250.0
11250.0
4749.091671077269
9182.369344644954
7026.6879707365915
11250.0
-6871.11894255536
-6494.605772138573
-6214.7509952582695
-5313.628181377477
-3567.352410791913
2264.6998699531923
11250.0
11250.0
2885.8645643954706
11250.0
-1616.3295591953392
-457.7416114773205
-1052.0728162165542
-2293.6286214886823
-2580.7443353937324
-1783.548297795467
-222.14531728367183
2133.426951818363
2768.9169939675276
11250.0
-8181.818181818182
-3955.392879713503
-4526.152024260802
-5305.2169146965025
-3097.8952957944384
-1369.1235142405203
5045.136445082135
11250.0
3639.191213108876
11250.0
11250.0
-10017.537958869885
-9872.898732873196
-9003.750439564497
-7672.41059675114
-6849.047511220062
-4873.555559019742
11250.0
11250.0
11250.0
11250.0
11250.0
11250.0
-11250.0
-11250.0
-11250.0
11250.0
11250.0
11250.0
11250.0
11250.0
-11250.0
-11250.0
-11250.0
-11250.0
-11250.0
-11250.0
11250.0
11250.0
11250.0
11250.0
11250.0
11250.0
-11250.0
-11250.0
-11250.0
-11250.0
-11250.0
-8126.331973451874
-11250.0
11250.0
11250.0
11250.0
11250.0
11250.0
11250.0
11250.0
11250.0
11250.0
-9088.078291814949
-8342.88068051192
-7074.378788374492
-4295.982527386554
-3806.7442860774986
-379.66305348203423
6467.587180825296
6930.751752387328
4103.30506507853
11250.0
11250.0
-10113.636363636366
11250.0
11250.0
-11250.0
-11250.0
-11250.0
-11250.0
-10882.591673032846
-11250.0
-11250.0
-11250.0
11250.0
11250.0
11250.0
11250.0
11250.0
11250.0
11250.0
11250.0
11250.0
-11250.0
11250.0
11250.0
-11250.0
-11250.0
11250.0
11250.0
-11250.0
-11250.0
-11250.0
-11250.0
-11250.0
11250.0
11250.0
11250.0
11250.0
11250.0
11250.0
-11250.0
-11250.0
-11250.0
-11250.0
-11250.0
11250.0
11250.0
11250.0
11250.0
11250.0
-11250.0
-11250.0
-11250.0
-11250.0
-11250.0
-11250.0
-11250.0
11250.0
11250.0
11250.0
11250.0
11250.0
11250.0
11250.0
11250.0
11250.0
11250.0
-9221.931211701914
-8706.494279679522
-8639.32048905998
-8825.768899643874
-9492.418409273134
-6557.178898560679
11250.0
11250.0
11250.0
11250.0
11250.0
11250.0
-8698.776606325842
-7520.0018065284685
197.56450960265374
11250.0
11250.0
-8863.636363636364
-4007.7952369260943
3918.5728505320603
11250.0
-6818.181818181818
-507.9041833494448
430.87253856304415
1845.8797174955762
1276.1331964844976
516.7580381288608
132.77335299943024
1195.3895114758525
4064.0995328182253
3909.372259684297
2526.918403215337
-275.0035140815635
-1657.4755621189488
1206.0601657182797
11250.0
-3600.7135925776934
-4469.33223094518
-2244.8391525734914
-2083.8540890053646
-768.7834316320386
3247.0428109382533
7892.421900992576
6513.914305101057
11250.0
11250.0
-9306.548257965122
-9164.568610079757
-9259.69126923738
-8066.974589360769
-8330.766408184416
-8137.040909504885
-8834.56634053964
-10115.06453065983
11250.0
11250.0
11250.0
11250.0
11250.0
11250.0
11250.0
11250.0
-11250.0
-10562.437772842157
-10742.845169489974
-11250.0
11250.0
11250.0
11250.0
11250.0
11250.0
-11250.0
-11250.0
-11250.0
-9853.631778249146
11250.0
11250.0
11250.0
11250.0
11250.0
-11250.0
-11250.0
-11250.0
-11250.0
11250.0
11250.0
11250.0
11250.0
11250.0
-10765.214515214517