Demand
11250.0
11250.0
11250.0
11250.0
11250.0
11250.0
11250.0
11250.0
11250.0
11250.0
11250.0
11250.0
11250.0
11250.0
11250.0
-11250.0
-11250.0
-11250.0
-11250.0
-11250.0
-11250.0
-11250.0
-11250.0
11250.0
11250.0
11250.0
11250.0
11250.0
11250.0
11250.0
11250.0
11250.0
-11250.0
-11250.0
11250.0
11250.0
11250.0
11250.0
-9964.156807700023
-7479.304337999245
-8929.656961795237
-9588.410678845812
-9359.56183766167
-7312.872214133247
11250.0
11250.0
11250.0
11250.0
11250.0
11250.0
-11250.0
-11250.0
-10337.945952352733
-10540.964360850761
-10361.323256728425
-9969.12946950179
-9859.639951520847
11250.0
11250.0
11250.0
11250.0
11250.0
11250.0
11250.0
11250.0
-11250.0
-11250.0
-11250.0
-11250.0
-11250.0
-11250.0
-11250.0
-11250.0
11250.0
11250.0
11250.0
11250.0
11250.0
11250.0
11250.0
11250.0
-10721.243042671616
-10954.278590108737
-10905.111787795511
-11250.0
-11250.0
-8407.71926979829
11250.0
11250.0
11250.0
11250.0
11250.0
11250.0
11250.0
11250.0
-11250.0
-11250.0
-10332.49648922922
-10487.606076331158
-6203.8262543011915
7836.932457719937
11250.0
9104.196107222717
9414.803364700998
7546.861303117208
11250.0
-7500.000000000001
-2659.704647744322
-1861.3839121783676
-219.10362582429298
-535.5581237233273
-1624.3335917707955
-1980.604701511429
-1518.8013413339722
-759.2595862923608
-315.6150709323829
154.27362665895998
6595.352490184614
11250.0
1192.829473992313
11250.0
-8706.733369388861
-8987.06210658982
-8989.855353378785
-8242.523395965065
-7388.8999200623075
-6597.143281620716
5852.399296483111
11250.0
11250.0
11250.0
11250.0
11250.0
-11250.0
-11250.0
-11250.0
-11250.0
11250.0
11250.0
11250.0
11250.0
-11250.0
-11250.0
-11250.0
11250.0
11250.0
11250.0
11250.0
11250.0
-9200.04995004995
-8537.059017221407
-6987.285689908902
-6459.745736982848
5606.192238783315
11250.0
11250.0
11250.0
11250.0
-11250.0
-10140.784162982894
11250.0
11250.0
11250.0
-9993.007282980747
-10420.551730662413
-11250.0
-11250.0
-11250.0
-11250.0
11250.0
11250.0
11250.0
11250.0
11250.0
11250.0
11250.0
11250.0
-11250.0
-11250.0
-11250.0
-11250.0
-11250.0
-11250.0
-11250.0
11250.0
11250.0
11250.0
11250.0
11250.0
11250.0
11250.0
-11250.0
-11250.0
-11250.0
-11250.0
-11250.0
11250.0
11250.0
11250.0
11250.0
11250.0
11250.0
-11250.0
-11250.0
-11250.0
-11250.0
-11250.0
11250.0
11250.0
11250.0
11250.0
11250.0
11250.0
11250.0
-11250.0
-11250.0
-11250.0
-11250.0
-11250.0
11250.0
11250.0
11250.0
11250.0
11250.0
11250.0
-11250.0
-11250.0
11250.0
11250.0
-11250.0
-11250.0
-9405.20713463753
11250.0
11250.0
11250.0
11250.0
11250.0
-10738.651633647441
-11250.0
-11250.0
-9250.232234988875
11250.0
11250.0
11250.0
11250.0
11126.448586204597
-8522.727272727274
1844.4806155667757
11250.0
3836.819227750368
11250.0
-4286.788895129588
-4778.601339573326
-4722.706696533429
-3771.482765502688
-2975.447027932809
-2655.822057382935
-390.06579349425556
1767.0766750534222
2746.763099269816
6529.219178756764
6617.135947259139
5744.3155381424585
7141.010473910504
2325.7202600605833
-5454.545454545455
556.2214721337868
-1391.2511744389085
-971.9737846170992
-1563.9586253161524
-1574.8139631488248
-1533.5181275116156
-579.3966891734217
418.58467891193595
1429.094362719723
2395.7304951660144
2600.6705668561535
589.1867352703412
992.9929665180061
1250.9644295356084
11250.0
-8522.727272727274
371.35922330097856
11250.0
11250.0
-8156.070228252131
-8073.932170393655
-8470.782388247047
-8842.815842674943
-7727.2406104255
11250.0
11250.0
11250.0
11250.0
11250.0
-10492.588290877597
-10700.000072633575
-11250.0
-11250.0
-11250.0
-11250.0
-11250.0
11250.0
11250.0
11250.0
11250.0
11250.0
11250.0
11250.0
11250.0
11250.0
-11250.0
-11250.0
11250.0
11250.0
11250.0
-10686.928902669926
-10191.309095435947
-9677.931627745089
-9718.483107566542
11250.0
11250.0
11250.0
11250.0
11250.0
-11250.0
-10634.249289513758
-11250.0
11250.0
11250.0
11250.0
11250.0
-11250.0
-11250.0
11250.0
11250.0
11250.0
11250.0
-11250.0
-10147.159594765271
-8876.810364059536
-7023.159026287406
-1478.5851015375029
11250.0
11250.0
-2024.507536629626
11250.0
11250.0
-11250.0
11250.0
11250.0
-11250.0
-11250.0
-11250.0
-10913.209033613453
-10833.210576102465
-11250.0
-11250.0
11250.0
11250.0
11250.0
11250.0
11250.0
11250.0
11250.0
11250.0
-11250.0
-11250.0
-11250.0
-11250.0
-11250.0
-11250.0
-11250.0
11250.0
11250.0
11250.0
11250.0
11250.0
11250.0
11250.0
11250.0
-11250.0
-11250.0
11250.0
11250.0
11250.0
-11250.0
-10979.93502196017
-9856.701702802708
-8463.009039504446
4619.601400596939
11250.0
11250.0
11250.0
11250.0
-11250.0
-11250.0
-11250.0
-11250.0
11250.0
11250.0
11250.0
11250.0
11250.0
-11250.0
-11250.0
-11250.0
-11250.0
11250.0
11250.0
11250.0
11250.0
-11250.0
-10919.629057187023
-11250.0
-11250.0
-11250.0
11250.0
11250.0
11250.0
11250.0
11250.0
11250.0
11250.0
11250.0
-11250.0
-11250.0
-11250.0
11250.0
11250.0
11250.0
-11250.0
-11250.0
11250.0
11250.0
11250.0
11250.0
11250.0
-11017.901309042649
-10999.63543650867
-10974.67180220444
-11250.0
-11250.0
-11250.0
-11250.0
-11250.0
11250.0
11250.0
11250.0
11250.0
11250.0
11250.0
11250.0
11250.0
-11250.0
-11250.0
-11250.0
11250.0
11250.0
11250.0
-10740.01455357565
-10091.853566975897
-9188.216034388734
-9491.497118626456
-6391.33146224578
5702.628646974337
11250.0
11250.0
9425.230521015794
11250.0
11250.0
-10113.636363636366
-7247.38570038911
-3567.6204849031947
-1699.984438259422
-258.887150912833
1534.3025216796505
3155.2482365083138
2774.484336377169
3755.0499205885326
11249.237184219983
3001.1112385893775
11250.0
11250.0
-8447.231833910038
-8203.73407994545
-7568.8931553958355
-6991.8305092013
-6391.435616081577
-3742.2729753094354
4217.385686920246
11250.0
11250.0
11250.0
3396.912947318721
11250.0
-6481.4556609035135
-5631.044140827241
-4613.558037727684
-3347.5883466855025
3335.3229051835083
11250.0
10903.297817273567
-9204.545454545456
-6010.206166127158
-4252.036441216716
-1985.3561874743573
-500.74565087825613
1067.7063868487949
2978.795648299605
4645.535027764432
3372.422914096614
1468.333071279657
1531.9293339963397
3919.5448241315303
7333.238065003505
5202.606721681699
11250.0
-4962.002353402633
-4029.478084203484
-3515.4436478252524
-4074.417097309899
-4837.448919128854
-2265.937456328318
-98.62409106105588
7471.539280551857
11030.171290479077
1320.074844450457
11250.0
11250.0
-9987.647151462661
-9812.405829864569
-8822.032198289355
-7109.12111154207
-5275.172846141624
7851.8745443511
11250.0
11250.0
11250.0
-7108.902340059005
11250.0
-11250.0
-11250.0
-11250.0
-11250.0
-11250.0
-11250.0
11250.0
11250.0
11250.0
11250.0
11250.0
11250.0
11250.0
11250.0
-11250.0
-10716.25048770972
-10595.346644867815
-11250.0
-11250.0
11250.0
11250.0
11250.0
11250.0
11250.0
-11250.0
-11250.0
-10114.060312107908
-11250.0
-10097.014831828074
-6317.161146411825
-7220.627454957124
4290.210070572239
11250.0
6113.766435362217
11250.0
8105.282711935382
11250.0
11250.0
11250.0
-9659.09090909091
-5783.364591547495
-5836.219564299466
-4365.622519646993
-1853.2498270988544
-757.6563553997148
-993.48971929049
6183.5872155074485
11250.0
11250.0
-3874.464263201465
11250.0
-11250.0
-11250.0
-11250.0
-11250.0
-10831.430772330023
-11250.0
-11250.0
-11250.0
11250.0
11250.0
11250.0
11250.0
11250.0
11250.0
11250.0
11250.0
11250.0
-11250.0
-11250.0
11250.0
11250.0
-11250.0
-11250.0
-11250.0
-11250.0
-11250.0
11250.0
11250.0
11250.0
11250.0
11250.0
11250.0
-11250.0
-11250.0
-11250.0
11250.0
11250.0
11250.0
11250.0
11250.0
11250.0
-11250.0
-11250.0
-11250.0
-11250.0
-11250.0
-11250.0
11250.0
11250.0
11250.0
11250.0
11250.0
11250.0
-11250.0
-11250.0
-11250.0
-11250.0
-11250.0
-11250.0
11250.0
11250.0
11250.0
11250.0
11250.0
11250.0
11250.0
11250.0
-10472.328466812818
-11250.0
-11250.0
-11250.0
-11250.0
-11250.0
11250.0
11250.0
11250.0
11250.0
11250.0
11250.0
11250.0
11250.0
-4505.071374906085
-2910.0043252896885
-695.6691248792959
396.1086842616769
1452.9560640051968
2993.619817225933
2288.321103443308
1421.508672161266
1027.0115042905236
2266.2438900828383
5339.010587882971
4298.123119013474
1969.8549203409675
-5909.09090909091
11250.0
11192.381562099803
-1886.8741947775707
11250.0
-2843.7589056711404
3661.569402646559
8229.69503388429
5899.590647270535
11250.0
-7227.448001869598
-8258.858978488246
-8571.560609430398
-8896.094949523256
-8575.547571835774
-8069.0778666659035
-7669.240696340207
-3402.637855280644
1295.6487525903412
11250.0
11250.0
-4237.889171447643
11250.0
11250.0
11250.0
11250.0
-11250.0
-11250.0
-11250.0
-11250.0
-11250.0
-10376.142315202022
-10651.824420390101
-11250.0
11250.0
11250.0
11250.0
11250.0
11250.0
11250.0
11250.0
11250.0
11250.0
-10759.503958389112
-10970.209171987892
-11250.0
-11250.0
-11250.0
11250.0
11250.0
11250.0
11250.0
11250.0
11250.0
-11250.0
-11250.0
-11250.0
-10511.232718894014