Demand
-11250.0
-11250.0
-11250.0
-11250.0
-11250.0
11250.0
11250.0
11250.0
11250.0
11250.0
-11250.0
11250.0
11250.0
-11250.0
-11250.0
-11250.0
11250.0
11250.0
11250.0
11250.0
-11250.0
-11250.0
-11250.0
11250.0
11250.0
11250.0
11250.0
11250.0
-9357.034353820985
-9478.903472697806
-9598.355114868187
-10635.743485394047
-11250.0
-11250.0
-11250.0
-11250.0
11250.0
11250.0
11250.0
11250.0
11250.0
11250.0
11250.0
11250.0
11250.0
11250.0
-11250.0
-11250.0
-11250.0
-11250.0
11250.0
11250.0
11250.0
11250.0
11250.0
-10754.2200889118
-10961.194857499107
-11250.0
-11250.0
-11250.0
11250.0
11250.0
11250.0
11250.0
11250.0
-11250.0
-11250.0
-11250.0
-11250.0
-11250.0
-11250.0
-11250.0
-11250.0
11250.0
11250.0
11250.0
11250.0
11250.0
11250.0
11250.0
11250.0
11250.0
-10976.354017078174
-10937.138298274094
-11250.0
-11250.0
-9448.536724714224
-11250.0
11250.0
11250.0
11250.0
11250.0
11250.0
11250.0
11250.0
-11250.0
-11250.0
11250.0
11250.0
11250.0
11250.0
-5963.615980432125
-5371.533132882585
-4376.575607037517
-3199.735423719556
-1117.0037005528702
855.2327054666148
2163.5580364279413
3972.595450390757
6822.566373369078
4980.488160526544
2996.8743726620396
4519.757567894969
11250.0
-7954.545454545456
-4487.862830721811
-5543.3476742147905
-6044.30337005018
-5279.344511719548
-6048.554589271556
-6040.893393323877
-5808.536318713764
-5001.004155099306
-409.68776982718373
11250.0
11250.0
11250.0
11250.0
5260.656770330948
11250.0
11250.0
-11006.25593918277
-11250.0
-11250.0
-11250.0
-11250.0
-11250.0
11250.0
11250.0
11250.0
11250.0
11250.0
11250.0
11250.0
-11250.0
-11250.0
-10162.905276541642
-8184.836329775805
-2399.263795992574
11250.0
11250.0
11250.0
9725.116178866658
11250.0
-10568.181818181818
-9012.365872808168
-5328.023612098874
11250.0
11250.0
11250.0
-10247.636738663408
-9578.219471224216
-9654.223993710166
-9306.730008673763
-9662.370645506773
-11250.0
11250.0
11250.0
11250.0
11250.0
11250.0
11250.0
11250.0
-9945.320447609363
-10068.882063144596
-10544.896535788019
-11250.0
-11250.0
11250.0
11250.0
11250.0
11250.0
11250.0
11250.0
11250.0
-11250.0
-10943.181818181816
-11250.0
11250.0
11250.0
11250.0
11250.0
-11250.0
-11250.0
-11250.0
-11250.0
-11250.0
-10271.419228253762
11250.0
11250.0
11250.0
11250.0
11250.0
11250.0
11250.0
-11250.0
-11250.0
-11250.0
-11250.0
-11250.0
-11250.0
11250.0
11250.0
11250.0
11250.0
11250.0
11250.0
11250.0
-11250.0
-11250.0
-11250.0
-11250.0
-11250.0
-11250.0
-11250.0
11250.0
11250.0
11250.0
11250.0
11250.0
11250.0
11250.0
11250.0
11250.0
-10796.33887513265
11250.0
-10588.185996836732
-10032.126795426379
11250.0
11250.0
11250.0
11250.0
-8485.594194568188
-7209.092100622664
-5149.300000752308
-4363.345555879896
-3058.482790839124
-2613.85568080098
-2339.0867549171453
829.1908399168842
5332.8917661900705
7055.839924274194
5279.386274851517
6834.466397149663
10050.973022114165
5548.200494670295
11250.0
-7727.272727272728
-3018.6990866452743
-2770.636497774163
-929.4029466975971
-159.33695991999593
334.268742162064
2477.7261661356206
2909.4701655497956
2383.263526072893
1396.7393610963918
-670.4410703664034
507.6356929279009
890.9070373106733
5505.178691021891
11250.0
-1954.7491893953847
-1200.929547955644
-429.8992708656788
341.5908271160606
550.5667368923823
-1120.3099049215125
-1295.4445747236932
-2376.4085243418813
-2041.5010617857952
11250.0
1531.0914137778245
11250.0
-6672.527818601723
-6994.218682022205
-5351.617718167898
5165.894877149916
11250.0
11250.0
11250.0
-10548.114928549712
-10221.12036328908
-10086.105282248478
-9520.73269159098
-9909.13678602027
-9795.204240068193
-11250.0
11250.0
11250.0
11250.0
11250.0
11250.0
11250.0
-11250.0
-11250.0
-11250.0
-11250.0
-11250.0
11250.0
11250.0
11250.0
11250.0
11250.0
11250.0
11250.0
-10764.480408858606
-10432.609701160734
-10293.294917357616
-10845.878796708734
-11250.0
-11250.0
11250.0
11250.0
11250.0
11250.0
11250.0
11250.0
-11250.0
-11250.0
-11250.0
-11250.0
-11250.0
11250.0
11250.0
11250.0
11250.0
11250.0
11250.0
-10281.833491763828
-9419.984932490923
-8676.717017509836
-7746.224855802164
-7976.625175702975
-8609.651051786972
-9444.817791754882
-10084.323188810064
11250.0
11250.0
11250.0
11250.0
11250.0
11250.0
11250.0
11250.0
-11016.662623567227
-11250.0
-11250.0
-10760.684253145835
-11250.0
11250.0
11250.0
11250.0
11250.0
11250.0
-11250.0
-11250.0
-11250.0
-11250.0
-11250.0
-11250.0
11250.0
11250.0
11250.0
11250.0
11250.0
11250.0
-11250.0
-11250.0
-11250.0
-11250.0
-11250.0
-11250.0
-11250.0
11250.0
11250.0
11250.0
11250.0
11250.0
11250.0
11250.0
11250.0
-11250.0
-11250.0
11250.0
11250.0
11250.0
-11250.0
-11250.0
-11250.0
-11250.0
-11250.0
-11250.0
-11250.0
11250.0
11250.0
11250.0
11250.0
11250.0
11250.0
11250.0
11250.0
-11250.0
-10978.49755035384
-11250.0
-11250.0
11250.0
11250.0
11250.0
11250.0
11250.0
-11250.0
-11250.0
-11250.0
-11250.0
-11250.0
11250.0
11250.0
11250.0
11250.0
11250.0
11250.0
11250.0
-11250.0
-11250.0
-11250.0
-11250.0
-11250.0
11250.0
11250.0
11250.0
11250.0
11250.0
11250.0
-11250.0
-11250.0
11250.0
11250.0
11250.0
-11250.0
-11250.0
-11250.0
-11250.0
-11250.0
-11250.0
-11250.0
11250.0
11250.0
11250.0
11250.0
11250.0
11250.0
11250.0
-10300.175893353084
-9468.901529352966
-8772.074717817442
-8530.216817661887
-8188.937967092545
-8468.116410465129
-8245.058875705934
-6145.635680596675
3193.6848684276133
11250.0
11250.0
11250.0
11250.0
11250.0
11250.0
-780.2799329172576
11250.0
-6642.2707512484885
-6672.484566872711
-7179.585226031402
-7969.2518872562405
-7621.190379714837
-7111.331526617934
-5886.351982937409
-4367.730474752483
-1919.8040435012826
8998.329393174103
11250.0
10287.825948423566
10713.631102856756
8872.247164124326
6613.842924660323
11250.0
-6497.007375013898
-5871.161987490032
-5343.122758253863
-5191.23525613948
-3905.263623143155
-1869.066082615771
4882.953462482908
11250.0
9026.856610234852
11250.0
-7727.272727272728
-2938.9032897495545
-1832.5056945136203
-404.5189401392363
1014.0633306846639
372.8601563340226
-921.3421401001742
-829.1334985897356
1214.417258589675
5675.604903391207
7798.9272378149035
-7840.909090909091
-4214.7000740557905
-2804.8292764938433
-1654.3524445219318
-1533.5666131566522
-717.253209278244
11250.0
5453.026779974286
11250.0
11250.0
-8030.038626017384
-8861.356704090646
-9498.8570953479
-9583.378595001774
-9238.148614416743
-7508.815785649007
-3673.290951448656
4024.9146605848196
11250.0
11250.0
7790.129018793195
11250.0
11250.0
11250.0
11250.0
-11250.0
-11250.0
-11250.0
11250.0
11250.0
11250.0
-11250.0
11250.0
11250.0
11250.0
11250.0
-11250.0
-11250.0
-11250.0
-9356.778201500809
11250.0
11250.0
11250.0
11250.0
11250.0
11250.0
-11250.0
-11250.0
-11250.0
-11250.0
11250.0
11250.0
11250.0
11250.0
-9649.209486166008
-7398.7803437481525
-6290.477603753527
-4720.241692329202
11250.0
3631.8774092929984
11250.0
11250.0
11250.0
-7626.38748738648
-5554.632742888327
-5574.508198698306
-3965.1964361515966
-1195.4791382296953
55.38404703196102
-166.46396463991368
7866.408078112545
11250.0
9193.057609937208
11250.0
-11022.727272727274
-11250.0
-11250.0
-11250.0
-11250.0
-10833.653051587771
-11250.0
-11250.0
-11250.0
11250.0
11250.0
11250.0
11250.0
11250.0
11250.0
11250.0
11250.0
-11250.0
-11250.0
-11250.0
-11250.0
-11250.0
-11250.0
11250.0
11250.0
11250.0
11250.0
11250.0
11250.0
11250.0
-11250.0
-11250.0
-11250.0
-11250.0
11250.0
11250.0
11250.0
11250.0
11250.0
11250.0
-11250.0
-11250.0
-11250.0
-11250.0
-11250.0
-11250.0
-11250.0
-11250.0
11250.0
11250.0
11250.0
11250.0
11250.0
11250.0
11250.0
11250.0
11250.0
-11250.0
-11250.0
-11250.0
-9466.745017546185
-4717.0219480610685
11250.0
11250.0
11250.0
11250.0
11250.0
11250.0
-10482.18918379565
-11250.0
-11250.0
-11250.0
-11250.0
11250.0
11250.0
11250.0
11250.0
11250.0
11250.0
11250.0
-3852.9936830541105
1412.8814079562744
11250.0
8730.13979157254
-6818.181818181818
-88.12010443864347
951.1452155634888
2464.7831053148193
1808.8828026410938
1002.0730024250506
675.2256231384272
1993.9870583494103
5103.599505920727
3491.311203513024
-4886.363636363637
11250.0
-1334.4017782359351
170.2233052486108
693.1459320822669
11250.0
668.1818181818244
11250.0
-5295.447104867639
-5501.593748267271
-5383.190063500818
-6077.892494242238
-7110.718023323116
-7019.523846625329
-6490.113784056325
-1305.176165379935
11250.0
11250.0
11250.0
11250.0
11250.0
11250.0
-11008.143598898681
-11250.0
-11250.0
-11250.0
-11250.0
-11250.0
-11250.0
-11250.0
11250.0
11250.0
11250.0
11250.0
11250.0
11250.0
11250.0
11250.0
-11250.0
-11250.0
-11250.0
-11250.0
-11250.0
11250.0
11250.0
11250.0
11250.0
11250.0
11250.0
11250.0
-11250.0
-11250.0
-11250.0
-11250.0
-11250.0
-11250.0
-11250.0
-11250.0
11250.0