Demand
11250.0
11250.0
11250.0
11250.0
11250.0
11250.0
11250.0
11250.0
11250.0
11250.0
11250.0
11250.0
11250.0
11250.0
11250.0
11250.0
-11250.0
11250.0
11250.0
-11250.0
-11250.0
-11250.0
-11250.0
-11250.0
11250.0
11250.0
11250.0
11250.0
11250.0
-9396.94954737122
-9509.337262020563
-10595.894184354656
-11250.0
-11250.0
-11250.0
-11250.0
11250.0
11250.0
11250.0
11250.0
11250.0
11250.0
11250.0
11250.0
-10645.39317936236
-9964.710234600581
11250.0
11250.0
11250.0
-11250.0
-11250.0
-11250.0
-9682.683821033337
-8217.48705996785
11250.0
11250.0
11250.0
11250.0
11250.0
11250.0
11250.0
11250.0
11250.0
-11250.0
-11250.0
-11250.0
11250.0
11250.0
11250.0
11250.0
-11250.0
-11250.0
-11250.0
-11250.0
-11250.0
-11250.0
11250.0
11250.0
11250.0
11250.0
11250.0
11250.0
11250.0
-10999.939068973923
-11250.0
-11250.0
-9492.532095471859
11250.0
11250.0
11250.0
11250.0
11250.0
-11250.0
-11250.0
-11250.0
-11250.0
-11250.0
11250.0
3143.9393939391825
11250.0
11250.0
11250.0
11250.0
11250.0
-4977.595195227477
-3309.7080375312803
-1529.6675323107975
105.61109122390644
2927.3890324076483
7545.708052640508
2134.0859210858252
11250.0
-3928.6262353446723
-3896.0112865399715
-3804.5253502178293
-4172.354339856272
-5034.680810118998
-5151.514657776574
-3247.7836785319323
-2504.469390794975
5018.89641749343
11250.0
11250.0
-712.9993570231054
11250.0
-8843.306922435364
-9028.568990497071
-8276.90227751415
-7397.618042616683
11250.0
11250.0
11250.0
11250.0
11250.0
-11250.0
11250.0
11250.0
-11250.0
-11250.0
11250.0
11250.0
-11250.0
-11250.0
-11250.0
11250.0
11250.0
11250.0
11250.0
11250.0
11250.0
-8968.873517786564
-7994.946715929644
-8273.922869798262
-7717.509183043523
11092.468398945517
3563.715626222582
11250.0
11250.0
11250.0
-10549.700376629378
-10232.282024204698
-9547.318353694289
-9617.52400982158
-9247.044645974584
-9589.120968293995
-11250.0
11250.0
11250.0
11250.0
11250.0
11250.0
11250.0
11250.0
-10087.743714559438
-10247.730469724247
-10697.949078491882
-11250.0
-11250.0
-11250.0
-11250.0
11250.0
11250.0
11250.0
11250.0
11250.0
11250.0
11250.0
11250.0
-10995.43469630806
-11250.0
-11250.0
-11250.0
11250.0
11250.0
11250.0
11250.0
11250.0
-11005.867076387567
-10715.474725367323
-11250.0
-11250.0
-11250.0
-11250.0
-11250.0
11250.0
11250.0
11250.0
11250.0
11250.0
11250.0
11250.0
11250.0
-11250.0
-11250.0
-11250.0
-11250.0
-11250.0
-11250.0
-11250.0
11250.0
11250.0
11250.0
11250.0
11250.0
11250.0
11250.0
-11250.0
11250.0
11250.0
11250.0
-11250.0
-10915.353303413005
-11250.0
11250.0
11250.0
11250.0
11250.0
-10765.214515214517
-11250.0
-11250.0
-9854.1842474326
-6832.313426375992
11250.0
11250.0
11250.0
11250.0
11250.0
11250.0
-5892.430873284266
-4704.27423276819
-3036.873642264045
-2093.3946344032556
-2317.3116495929207
-1516.387797732359
1225.1067472060668
4193.992126515695
5878.364352487827
10869.556715481795
5516.821198949212
7500.151376716032
-6704.545454545455
1823.2358473393724
2827.1755691727303
5787.197784737022
2680.012215010799
-5454.545454545455
540.1994582615125
-1402.964090334055
-969.8136020903457
-1547.0652181143523
-1532.2545744222116
-1454.1981258936885
-434.0505702283808
646.2250039609489
1746.6418704312891
2787.0980380863402
2986.2339895992445
906.697313265835
2121.6422825885147
6569.586453583505
11250.0
-5175.399644760215
-5579.763585543533
-5930.359427039413
-5519.764926813863
-5951.574764358593
-4358.192931379073
-887.6629810459763
11250.0
11250.0
11250.0
11250.0
11250.0
-10292.112207934475
-9958.783857865248
-10400.650000094058
-10609.139649679812
-11250.0
-11250.0
-11250.0
-11250.0
11250.0
11250.0
11250.0
11250.0
11250.0
11250.0
11250.0
11250.0
-11250.0
-11250.0
-11250.0
-11250.0
-11250.0
11250.0
11250.0
11250.0
11250.0
11250.0
11250.0
-11250.0
-11250.0
-11250.0
-11250.0
-11250.0
-11250.0
-9524.660587581198
-11250.0
11250.0
11250.0
11250.0
11250.0
11250.0
11250.0
11250.0
11250.0
11250.0
-11250.0
-11250.0
-9908.019052859545
-8324.060563927964
-6061.1524609589005
-413.06414829805544
9978.288237914705
3409.9269169295576
11250.0
11250.0
11250.0
11250.0
11250.0
-11250.0
-11250.0
-11250.0
-11250.0
-10485.111186845024
-2030.7680517769531
11250.0
11250.0
11250.0
11250.0
11250.0
11250.0
-11250.0
-11250.0
-11250.0
-11250.0
-11250.0
11250.0
11250.0
11250.0
11250.0
11250.0
-11250.0
-11250.0
-11250.0
-11250.0
-11250.0
11250.0
11250.0
11250.0
11250.0
11250.0
11250.0
11250.0
-11250.0
-11250.0
-11250.0
-10931.610590961824
-9733.50230705968
-8847.001898762199
-7774.339630048965
-6891.553568040747
11250.0
11250.0
11250.0
11250.0
11250.0
11250.0
11250.0
11250.0
-11250.0
-11250.0
-11250.0
-11250.0
-11250.0
-11250.0
-11250.0
-11250.0
11250.0
11250.0
11250.0
11250.0
11250.0
11250.0
11250.0
11250.0
-11250.0
-11250.0
-11250.0
-11250.0
-11250.0
-11250.0
11250.0
11250.0
11250.0
11250.0
11250.0
11250.0
11250.0
11250.0
-11250.0
-11250.0
-11250.0
11250.0
11250.0
11250.0
11250.0
-11250.0
-10933.463595228306
-10845.070990352579
-10620.215985063125
-11250.0
11250.0
11250.0
11250.0
11250.0
11250.0
11250.0
-11250.0
-11250.0
-11250.0
11250.0
11250.0
11250.0
11250.0
-11250.0
-11250.0
-11250.0
-11250.0
-10793.767310700128
-10005.712797002041
-6979.899048298995
11250.0
3051.3949971179536
11250.0
11250.0
11250.0
11250.0
11250.0
11250.0
11250.0
11250.0
-7860.837653003444
-5019.756664959128
-3799.452302885975
-3009.0907274786987
-2059.8411662285544
-1247.5501081232705
-1690.4948594794187
-1737.1310744413186
996.1910372172406
7039.341439072003
7884.251789517664
8880.700935020763
11250.0
-9886.363636363638
-7852.360533242761
-7530.215242544709
-7391.222722525334
-6335.508866166431
-4634.233963142187
-799.0763077387564
7736.619321037069
11250.0
11211.687645255904
4350.88820871439
9618.085561252441
5174.950075696299
11250.0
-4938.811188811189
-1268.3545500377932
11250.0
10851.787286191568
-9204.545454545456
-6157.322054089316
-4503.440172755601
-2395.2509033294955
-1052.1911060775656
362.2070496423594
2117.2964320938972
3729.5388154942057
2689.2998694676517
923.6354410898657
789.8358089349458
2480.8063524992085
5245.004564239967
7002.600916057039
2550.305591844989
11250.0
-3742.101595168038
-2860.5261399771534
-2911.3058585812196
-2525.354332142959
9693.943527239262
4706.03916145962
11250.0
11250.0
-8239.708404802746
-9053.937305044517
-9680.861496507165
-9816.585419904393
-9633.049668360869
-8589.258233573993
-7000.696998123392
-6122.486468272941
-4626.863185170112
11250.0
11250.0
8023.325817451886
11250.0
11250.0
11250.0
11250.0
11250.0
-11250.0
-11250.0
-11250.0
-11250.0
-11250.0
-11250.0
11250.0
11250.0
11250.0
11250.0
11250.0
11250.0
11250.0
11250.0
-11250.0
-11250.0
-11250.0
-11250.0
-11250.0
-11250.0
-11250.0
11250.0
11250.0
11250.0
11250.0
11250.0
11250.0
11250.0
-1037.6575978765668
11250.0
11250.0
-9179.171899428457
-9528.313402652668
-9372.003539647838
-8549.731747340771
-7446.2893152738325
-5418.503188613845
-645.2408892960939
824.5114233115255
7624.808446485538
11250.0
5754.641615851375
4875.9573727083925
11250.0
11250.0
-10113.636363636366
-10242.202375555356
-10694.339250499299
-11250.0
-11250.0
-11250.0
-11250.0
11250.0
11250.0
11250.0
11250.0
11250.0
11250.0
11250.0
11250.0
-11250.0
-10957.058017359526
-10903.555717574422
-11250.0
-11250.0
-11250.0
11250.0
11250.0
11250.0
11250.0
11250.0
11250.0
11250.0
-11250.0
11250.0
11250.0
-11250.0
-11250.0
-11250.0
11250.0
11250.0
11250.0
11250.0
11250.0
-11250.0
-11250.0
-11250.0
-11250.0
-11250.0
-11250.0
-11250.0
11250.0
11250.0
11250.0
11250.0
11250.0
11250.0
11250.0
11250.0
-11250.0
-11250.0
11250.0
11250.0
11250.0
-11250.0
-11250.0
-11250.0
-8978.748524203074
11250.0
11250.0
11250.0
11250.0
11250.0
-10568.181818181818
-10391.67797586957
-10264.27801789144
-11250.0
-11250.0
-11250.0
11250.0
11250.0
11250.0
11250.0
11250.0
11250.0
11250.0
11250.0
-6348.280098280101
-5655.207519546268
-4383.848134014783
-2749.4655346066484
-482.1592679512578
634.4965964688727
1709.9584179191097
3270.2896266769053
2528.1751246660315
1628.7153060909286
1216.1951034055146
2463.6282001761174
5547.661188925517
4418.699966619337
2030.9299831772496
-5909.09090909091
11250.0
-1619.9125142639805
-3140.893182175845
-4357.362913341072
-5288.539756749041
-3682.91091318747
-3941.927490636502
-3675.205924113723
-2556.2508581714646
-1902.5547204200957
904.1036806213697
11250.0
11250.0
11250.0
11250.0
-9442.235009835968
-8409.456638018604
-8703.438923530935
-8633.411834061339
-9352.843948519843
-10517.249660992562
-11250.0
11250.0
11250.0
11250.0
11250.0
11250.0
11250.0
11250.0
-11250.0
-10717.174502889167
-10939.056179235326
-11250.0
-11250.0
-11250.0
11250.0
11250.0
11250.0
11250.0
11250.0
11250.0
-10991.65110772918
-10673.362374147746
-10917.131900239052
-11250.0
-11250.0
-11250.0
11250.0
11250.0
11250.0
11250.0
11250.0
11250.0
11250.0
11250.0
-11250.0
-10747.119502925743