Demand
11250.0
11250.0
11250.0
11250.0
11250.0
11250.0
11250.0
11250.0
11250.0
11250.0
11250.0
11250.0
11250.0
11250.0
-11250.0
-11250.0
-11250.0
11250.0
11250.0
11250.0
11250.0
11250.0
11250.0
11250.0
11250.0
11250.0
11250.0
11250.0
11250.0
11250.0
-9805.652881186263
-10721.337008526178
-11250.0
-11250.0
-11250.0
-11250.0
11250.0
11250.0
11250.0
11250.0
11250.0
11250.0
11250.0
-10754.2200889118
-10608.900120056936
-10115.076751685789
11250.0
11250.0
11250.0
11250.0
-11250.0
-11250.0
-10150.469945702222
-10261.490425430693
-9448.801128864146
11250.0
11250.0
11250.0
11250.0
11250.0
11250.0
11250.0
-11250.0
-11250.0
-11250.0
-11250.0
-11250.0
11250.0
11250.0
11250.0
11250.0
11250.0
11250.0
-11250.0
-11250.0
-11250.0
-11250.0
-11250.0
11250.0
11250.0
11250.0
11250.0
11250.0
-10790.075309306081
11250.0
11250.0
-10786.681031145978
-11250.0
-10134.103383343652
-10297.651397992417
-10868.664847857555
-10737.844721800626
-11250.0
-11250.0
11250.0
11250.0
11250.0
11250.0
11250.0
11250.0
11250.0
-6113.361324054432
-5580.444268138421
-4683.996237756437
-3649.7483509106464
-1816.8908120878732
-123.18297878452358
977.9663030027696
2575.958162071084
5333.445253511742
4325.02956568056
2611.133274704561
3207.042915179529
7002.833250973945
6584.664964156324
11250.0
-6318.6624553694055
-6842.870947283573
-6341.168675689802
-7128.071149198196
-7361.672875440661
-7565.564209448123
-7718.07751289651
-7264.005688757639
-4597.017359281712
2373.7744701562688
11250.0
11250.0
6100.888525400791
11250.0
11250.0
11250.0
11250.0
-11250.0
-11250.0
-11250.0
-11250.0
11250.0
11250.0
11250.0
11250.0
-11250.0
-11250.0
-11250.0
-11250.0
-11250.0
-9578.845067975508
-5742.754198603575
11250.0
6475.954924799298
11250.0
11250.0
11250.0
2681.595969830155
11250.0
11250.0
11250.0
-11250.0
-11250.0
-10327.116814583835
-9785.788338736893
-8421.460441017134
-7740.426853356785
-2433.9468097067493
11250.0
11250.0
11250.0
11250.0
11250.0
11250.0
11250.0
-11017.711598746082
-10488.188152624964
-9830.781257354018
-9938.902364800419
-10439.97633536725
-11250.0
-11250.0
11250.0
11250.0
11250.0
11250.0
11250.0
11250.0
11250.0
-11250.0
11250.0
11250.0
-11020.339640661376
-11250.0
-11250.0
-11250.0
-11250.0
11250.0
11250.0
11250.0
11250.0
11250.0
-10756.603337588978
-11250.0
-11250.0
-11250.0
-11250.0
-11250.0
-11250.0
11250.0
11250.0
11250.0
11250.0
11250.0
11250.0
11250.0
11250.0
-11250.0
-11250.0
-11250.0
-11250.0
-11250.0
11250.0
11250.0
11250.0
11250.0
11250.0
11250.0
-11250.0
-11250.0
11250.0
11250.0
11250.0
-11250.0
-11250.0
-9256.99300699302
11250.0
11250.0
11250.0
11250.0
-10763.170221308384
-10626.54606018111
-11250.0
11250.0
11250.0
11250.0
11250.0
-7775.896630187453
-5961.122137012699
-5181.8521162495235
-3808.8737836673904
-2980.354283146593
-1809.1543517902555
4711.9449317079925
11250.0
5526.588556515494
10084.053095363723
-8409.09090909091
-2435.5670103092853
923.8173125314261
7622.082222575074
10241.205089977688
-7386.363636363636
-2523.1821214142747
-467.4144000892429
465.6343188755618
1108.2236840047426
3533.9544079804314
3722.221334859833
2724.9047493289763
1358.4577059604007
-569.789953680458
11250.0
-2494.1609773625623
-2423.722486142773
-2248.5932464386406
-1098.6917806015244
271.49319512829607
1884.2036803436185
3589.282449544179
3746.519489720187
11250.0
-2962.7019322141314
-3249.1069321723317
8221.763765878426
11250.0
-6368.523601149638
-6862.791746889903
-6839.452950836844
-7599.971829671496
-7477.0494240219305
-7941.310181513345
-8422.321325421843
-7478.851068051412
1020.3813166366945
11250.0
11250.0
11250.0
11250.0
11250.0
11250.0
-11250.0
-11250.0
-11250.0
11250.0
11250.0
11250.0
11250.0
11250.0
-11250.0
-11250.0
-11250.0
-11250.0
-11250.0
-11250.0
-11250.0
-11250.0
11250.0
11250.0
11250.0
11250.0
11250.0
11250.0
11250.0
11250.0
-11250.0
-11250.0
11250.0
11250.0
11250.0
11250.0
-11250.0
-11250.0
-11250.0
-11250.0
-11250.0
11250.0
11250.0
11250.0
11250.0
11250.0
-11250.0
-11250.0
-9969.367588932811
-8611.418897443149
-7047.206712468685
-4306.57280754513
-2441.3029983557153
3649.3264122618634
11250.0
11250.0
11250.0
11250.0
11250.0
11250.0
11250.0
-11250.0
-11250.0
-10952.700614302823
-10902.773721538957
-11250.0
-11250.0
-9772.74073754824
11250.0
11250.0
11250.0
11250.0
11250.0
11250.0
11250.0
11250.0
-11250.0
11250.0
-11250.0
-11250.0
-11250.0
-11250.0
-11250.0
-11250.0
11250.0
11250.0
11250.0
11250.0
11250.0
11250.0
11250.0
11250.0
-11250.0
-11250.0
-11250.0
-11250.0
-10310.832723088195
11250.0
11250.0
11250.0
11250.0
11250.0
11250.0
11250.0
-11250.0
-11250.0
-11250.0
-11250.0
-11250.0
11250.0
11250.0
11250.0
11250.0
11250.0
11250.0
11250.0
-11250.0
-11250.0
11250.0
11250.0
11250.0
-11250.0
-10935.45618051014
-11250.0
-11250.0
-11250.0
11250.0
11250.0
11250.0
11250.0
11250.0
11250.0
-11250.0
-11250.0
-11250.0
-11250.0
-11250.0
-11250.0
-11250.0
-11250.0
11250.0
11250.0
11250.0
11250.0
11250.0
11250.0
11250.0
11250.0
11250.0
-11012.128719429798
-11250.0
-11250.0
-11250.0
11250.0
11250.0
11250.0
11250.0
-11250.0
-11250.0
-11250.0
-11250.0
-11250.0
-11250.0
11250.0
11250.0
11250.0
11250.0
11250.0
11250.0
11250.0
11250.0
-9691.992306134845
-10062.667859058303
-8702.745490491874
-6807.346313951864
-3663.9029844565393
11250.0
10534.937080626354
6649.357257168631
11250.0
11250.0
11250.0
-5456.662902315078
-4471.630200230233
-3936.563778835765
-3339.859424448019
-2955.2177842967303
-3694.695178409018
-4376.749695314089
-3885.456942889101
-3043.4495736855297
-2588.9534239589557
-1674.123757054418
11250.0
8229.52525455004
11250.0
9018.407857802136
11250.0
-9772.727272727274
-6904.120779377954
-2953.384420984734
11250.0
11250.0
-8295.454545454546
-1127.4973279618625
1673.1137001198322
11250.0
11250.0
-9090.909090909092
-6549.4094166876885
-6511.603565607486
-6125.548475361407
-5597.17952458818
-4122.244709721801
-855.6036049074992
3708.8111180216556
6401.551612349289
7899.60112463517
8389.78382670529
7417.719215805719
3402.3022060006183
2265.716996482137
11250.0
-1256.4935064934925
11250.0
-2965.2861800955634
-3856.7574943945187
-4659.570239056828
-3281.968757945213
-2033.4926517382155
-1516.9290122568
860.2795041981153
11250.0
11250.0
-9318.18181818182
-7125.238701464037
-7616.998045031361
-8435.943083786959
-9026.213300932675
-8803.91360439853
-7136.874348260316
11250.0
11250.0
11250.0
2406.71545529816
11250.0
11250.0
11250.0
-10980.736930505984
-11250.0
-11250.0
-11250.0
-11250.0
11250.0
11250.0
11250.0
11250.0
11250.0
11250.0
-11250.0
-11250.0
-11250.0
-11250.0
-11250.0
11250.0
11250.0
11250.0
11250.0
11250.0
11250.0
-11250.0
-11250.0
-11250.0
-11250.0
-11250.0
-11250.0
-3732.225458102224
11250.0
11250.0
11250.0
11250.0
11250.0
11250.0
11250.0
11250.0
-9590.061633281974
-9436.251216741304
-8630.895200898616
-7526.410283344205
-5429.878475723063
-243.6229830808952
1881.3137773839953
10677.815945672264
9964.629007868754
5182.322260204108
9287.098509712949
4621.675642499926
11250.0
-8924.264510999208
-10250.123261628662
-10694.402075748694
-11250.0
-11250.0
-11250.0
-11250.0
11250.0
11250.0
11250.0
11250.0
11250.0
11250.0
11250.0
-11250.0
-11250.0
-10936.372806749401
-10834.092248198329
-11250.0
11250.0
11250.0
11250.0
11250.0
11250.0
11250.0
-11250.0
-11250.0
11250.0
11250.0
11250.0
-11250.0
-11250.0
-11250.0
11250.0
11250.0
11250.0
-11250.0
-11250.0
-11250.0
-11250.0
-11250.0
-11250.0
11250.0
11250.0
11250.0
11250.0
11250.0
11250.0
11250.0
-11250.0
-11250.0
-11250.0
11250.0
11250.0
11250.0
-11250.0
-11250.0
11250.0
11250.0
11250.0
11250.0
-11250.0
-10211.658570437197
-9221.374106289823
-6019.992645961298
11250.0
11250.0
11250.0
11250.0
11250.0
-10439.715689715693
-11250.0
-11250.0
11250.0
11250.0
11250.0
11250.0
-8790.276179516688
-8365.887748405385
-6445.606140072886
-6979.407637227705
-5839.61600935922
-3230.1068095383707
-1310.5208214032118
2081.5146870619883
6234.440203432138
10280.055799713162
9236.817838959687
8292.760732479166
8061.346647426235
4557.694476584409
2613.10361869616
2558.3109194520803
11250.0
1816.893080235308
2052.230842582565
-4886.363636363637
265.4264972776773
-1345.4305961116734
-507.51569893504166
-1688.6882232418775
-1263.423972544928
11250.0
-8181.818181818182
-2718.484949276577
-1020.1389835118352
5314.650698938476
11250.0
-3152.2802577896186
11250.0
-9197.968430283541
-9000.91652762975
-8718.623543123416
-8652.958273186094
-6555.03615645262
-6006.560724502422
-2269.878921467798
11250.0
11250.0
-11250.0
11250.0
11250.0
11250.0
11250.0
-11250.0
-11250.0
-11250.0
-11250.0
-10364.806467144783
-10640.22646939371
-11250.0
11250.0
11250.0
11250.0
11250.0
11250.0
11250.0
11250.0
11250.0
11250.0
-10794.032424360936
-10994.616385837478
-11250.0
-11250.0
-11250.0
-11250.0
11250.0
11250.0
11250.0
11250.0
11250.0
11250.0
11250.0
-11250.0
-10728.559186920575