Demand
-11250.0
-11250.0
11250.0
11250.0
11250.0
11250.0
11250.0
11250.0
11250.0
11250.0
11250.0
11250.0
11250.0
11250.0
11250.0
11250.0
-11250.0
-11250.0
-11250.0
11250.0
11250.0
11250.0
11250.0
-11250.0
-11250.0
-11250.0
11250.0
11250.0
11250.0
11250.0
-9786.958656450519
-10724.552416511378
-11250.0
-11250.0
-11250.0
-11250.0
-10301.974113379725
-11250.0
11250.0
11250.0
11250.0
11250.0
11250.0
11250.0
11250.0
11250.0
-11250.0
-11250.0
-11250.0
11250.0
11250.0
11250.0
-10399.925797564709
-10591.078168676806
-10424.702831488601
-10049.979768135363
-9850.685603846581
11250.0
11250.0
11250.0
11250.0
11250.0
11250.0
11250.0
-11250.0
-11250.0
-11250.0
-11250.0
-11250.0
-11250.0
-11250.0
-11250.0
11250.0
11250.0
11250.0
11250.0
11250.0
11250.0
11250.0
11250.0
11250.0
-10754.337183836476
-10961.283776851986
-10882.000966803927
-11250.0
-11250.0
11250.0
11250.0
11250.0
11250.0
11250.0
-10938.196857246247
-11250.0
-11250.0
11250.0
11250.0
11250.0
11250.0
-10768.66053501585
-8871.364879966786
-5974.85316792727
-4431.302079937241
-3222.2799720394646
-1147.006182905885
1607.0471495158736
6084.035165094527
8478.043117285855
7432.382287255914
7414.2196444548135
7880.91286314391
1887.642613836455
11250.0
-4073.987726370256
-4051.9883816625547
-3974.7579427183355
-4348.697844657105
-5208.0995569232655
-5353.573546364136
-3586.1514198393857
-2983.2136205398456
3583.065529752911
11250.0
11250.0
4527.287486930989
11250.0
-9073.292390088132
-9437.58855809231
-9270.89851521904
-9669.160211176055
-10141.605547875155
-10315.695598218052
-10556.182801348503
-11250.0
11250.0
11250.0
11250.0
11250.0
11250.0
11250.0
11250.0
11250.0
-11250.0
-11250.0
-11250.0
-11250.0
-11250.0
-9623.837700760778
-6303.254816647826
4137.787821376542
11250.0
11250.0
11250.0
4864.416683422167
11250.0
11250.0
11250.0
11250.0
11250.0
-11250.0
-10499.414748341787
-10161.49647232844
-9439.099959896026
-9534.771770594667
-9201.705870371006
-9658.717931616426
-11250.0
-11250.0
11250.0
11250.0
11250.0
11250.0
11250.0
11250.0
11250.0
11250.0
-10677.637120580195
-11250.0
-11250.0
-11250.0
11250.0
11250.0
11250.0
11250.0
11250.0
11250.0
-11250.0
-10914.141414141417
-11250.0
-9767.843659953469
11250.0
11250.0
11250.0
11250.0
11250.0
-11250.0
-11250.0
-11250.0
-10884.155904097232
-10286.254678944726
-11250.0
-11250.0
11250.0
11250.0
11250.0
11250.0
11250.0
11250.0
11250.0
-11250.0
11250.0
11250.0
-11250.0
-11250.0
-11250.0
-11250.0
-11250.0
-11250.0
-11250.0
11250.0
11250.0
11250.0
11250.0
11250.0
11250.0
11250.0
11250.0
-11250.0
-11250.0
11250.0
11250.0
11250.0
-11013.354048784578
-11250.0
-11250.0
-10915.171736873395
-10009.490814339064
-10115.69835124425
-9120.197222344876
11250.0
11250.0
11250.0
11250.0
11250.0
11250.0
11250.0
11250.0
-5342.508476744931
-5263.554801718652
-5384.652905998413
-3877.3598361864915
-1669.5844081829837
-174.07397105259224
5.446698869771353
1960.6167518980237
7278.349423289259
8396.600020279406
5841.027873678413
11250.0
-7386.363636363636
-2518.840104849276
-569.0754004609953
264.7818412687302
807.0908403003687
3066.9246142728607
3435.0485880992514
2769.0114796203698
1659.6666798910428
-460.27306387699355
1285.0211286318863
3120.7594581966096
11250.0
-2885.56650603283
-1744.7192146031684
-249.63800359114975
1852.2844890442102
4834.547612425889
-6250.0
145.1114922812967
-154.48036100250465
-1555.4714114613325
-1829.8108623674198
7690.5943966647765
6182.912532674416
11250.0
-9318.18181818182
-7729.942693409743
-7343.0262128010145
-7216.529810901451
-5149.6201443949685
11250.0
11250.0
11250.0
11250.0
-10315.653192806927
-9995.101814700429
-10428.466943620158
-10634.513326721477
-11250.0
-11250.0
-11250.0
-11250.0
11250.0
11250.0
11250.0
11250.0
11250.0
11250.0
11250.0
11250.0
-11250.0
-11250.0
-11250.0
-11250.0
11250.0
11250.0
11250.0
11250.0
-10540.1413889479
-10449.752711308156
-10933.200389979982
-11250.0
-11250.0
11250.0
11250.0
11250.0
11250.0
11250.0
11250.0
-11250.0
11250.0
-11250.0
-11250.0
-11250.0
-11250.0
11250.0
11250.0
11250.0
11250.0
11250.0
11250.0
-9521.30447805901
-8707.607076086977
-7496.490504888658
-7153.558893243822
-6236.91397988798
11250.0
11250.0
11250.0
11250.0
11250.0
-11250.0
-11250.0
-11250.0
-11250.0
-10803.975099116644
-10597.576378862235
-11250.0
11250.0
11250.0
11250.0
11250.0
11250.0
11250.0
11250.0
11250.0
-11250.0
-11250.0
-11250.0
-11250.0
11250.0
11250.0
11250.0
11250.0
11250.0
11250.0
-11250.0
-11250.0
-11250.0
-11250.0
11250.0
11250.0
11250.0
11250.0
-11250.0
-11250.0
-11250.0
-11250.0
11250.0
11250.0
11250.0
11250.0
11250.0
-11250.0
-11250.0
-11250.0
-11250.0
11250.0
11250.0
11250.0
11250.0
11250.0
-11250.0
-11250.0
-11250.0
-11250.0
-11250.0
-11250.0
11250.0
11250.0
11250.0
11250.0
11250.0
11250.0
11250.0
11250.0
-11250.0
-11250.0
-11250.0
11250.0
11250.0
11250.0
11250.0
-11250.0
-11250.0
-11250.0
11250.0
11250.0
11250.0
-11250.0
-11250.0
-11250.0
-11250.0
11250.0
11250.0
11250.0
11250.0
11250.0
11250.0
-10996.541501976288
-10943.821536357289
-10826.935453363101
-11250.0
11250.0
11250.0
11250.0
11250.0
11250.0
-11250.0
-11250.0
-11250.0
-11250.0
-11250.0
-11250.0
-11250.0
11250.0
11250.0
11250.0
11250.0
11250.0
11250.0
11250.0
11250.0
-9774.610370045742
-10182.482699152184
-9167.114663459364
-8189.088966222709
-7612.235365572076
-6584.9715869574975
-5859.051673187736
112.89072473594842
11250.0
11250.0
11250.0
11250.0
11250.0
11250.0
11250.0
-4468.739744010503
-5215.475067801931
-5955.173634007722
-5896.5173271950625
-5767.9517439339
-6165.554731770375
-6869.924533246581
-5786.205082858181
-3548.6343815706896
3986.618366493129
11250.0
9816.889661965079
11250.0
5048.48089775404
11250.0
11250.0
-4539.7318508829485
11250.0
-5749.264534044516
-6456.814650797482
-5896.054972381782
-5487.061331561457
-5529.729583267577
-4735.0496592961645
-3872.528574525213
-1576.423623217146
3389.200583769272
11250.0
11250.0
8922.896730344193
4466.912528757623
11250.0
-1817.4094596480027
-664.5290941544481
-1232.6141671279202
-2421.7410025384306
-2620.164456332588
-1611.4035697130003
521.8991230869324
4414.0807402722085
5461.055414636893
11250.0
-4615.743845195902
-4375.257860816651
-5151.525377264064
-6205.295044828981
-5183.00672524489
-5273.756177748601
-4875.451092232295
-4177.902638922635
-3991.3263746536722
-3720.0904747716218
3083.117815767036
11250.0
11250.0
11250.0
11250.0
11250.0
11250.0
-9925.103305785127
-9971.99893718299
-9486.468340858166
-10340.70941052197
11250.0
11250.0
11250.0
11250.0
11250.0
-11250.0
-11250.0
-11250.0
-11250.0
-11250.0
-11250.0
11250.0
11250.0
11250.0
11250.0
11250.0
11250.0
11250.0
-11250.0
-11250.0
-11250.0
-11250.0
-11250.0
11250.0
11250.0
11250.0
11250.0
11250.0
11250.0
-10486.542222978147
-8454.990049220862
-9394.550913600448
-6954.5663917173515
-6167.472529872684
-5892.261826414507
-4116.770046290681
749.540437600077
11250.0
11250.0
11250.0
11250.0
11250.0
11250.0
11250.0
-5366.340621403913
-5564.063771593595
-6878.410765299894
-7661.501356014003
-8154.15651128153
-6143.98914454285
-8091.449575549119
-2020.4390590318962
11250.0
11250.0
11250.0
11250.0
11250.0
11250.0
-11250.0
-11250.0
-11250.0
-11250.0
-11250.0
-11250.0
-11250.0
11250.0
11250.0
11250.0
11250.0
11250.0
11250.0
11250.0
11250.0
-11250.0
-11250.0
-11250.0
-11250.0
-11250.0
-11250.0
-11250.0
-11250.0
11250.0
11250.0
11250.0
11250.0
11250.0
11250.0
11250.0
11250.0
11250.0
-11250.0
-11250.0
-11250.0
-11250.0
-11250.0
11250.0
11250.0
11250.0
11250.0
11250.0
11250.0
-11250.0
-11250.0
11250.0
11250.0
-11250.0
-11250.0
-11250.0
11250.0
11250.0
11250.0
11250.0
-10266.974593999013
-10161.250108733166
-8753.054407502794
-7905.066410285057
-7423.1570150503385
-6791.727319787315
-3636.9747831800687
11250.0
11250.0
11250.0
11250.0
11250.0
11250.0
-9524.553142417837
-8608.483513995256
-8108.341120016771
-5917.944021825185
-6413.080925289742
-4924.667891235082
-1481.891922460236
1281.0633915198378
5865.7065254978625
10054.662621961139
11250.0
9652.550998700164
7854.5474205432265
7282.60938514501
3424.0732656076593
1676.042768367417
11250.0
-614.5213628988658
1792.5885535757943
2053.646202641702
-4886.363636363637
138.46153846153902
-1471.2613737038319
-773.506628252022
-2101.0470574789506
-2539.330648774725
-426.9436116795623
11250.0
11250.0
-3453.6474164133815
4221.110808467752
11250.0
11250.0
-8792.632688254456
-9083.414283840171
-8764.82752554262
-8223.109502205964
-7627.792222208082
-1484.9265346862321
11250.0
11250.0
-936.962780613303
11250.0
11250.0
11250.0
-11250.0
-11250.0
-11250.0
-11250.0
-11250.0
-11250.0
-11250.0
-8684.429873305195
11250.0
11250.0
11250.0
11250.0
11250.0
11250.0
11250.0
11250.0
11250.0
-11250.0
-10917.426094687708
-10280.54013206319
-9986.47813397356
11250.0
11250.0
11250.0
11250.0
11250.0
-11250.0
11250.0
11250.0
-11250.0
11250.0
-11250.0
-11250.0
-10060.296846011137