Demand
11250.0
11250.0
11250.0
11250.0
11250.0
11250.0
11250.0
11250.0
11250.0
11250.0
11250.0
11250.0
11250.0
11250.0
11250.0
11250.0
-11250.0
-11250.0
-11250.0
11250.0
11250.0
11250.0
11250.0
11250.0
11250.0
11250.0
11250.0
11250.0
11250.0
11250.0
11250.0
-10577.448310647549
-11250.0
-11250.0
11250.0
11250.0
11250.0
11250.0
11250.0
-6363.277842117456
-5653.478860696061
11250.0
11250.0
11250.0
-10558.065821418943
11250.0
-11250.0
11250.0
-11250.0
-11250.0
-11250.0
-11250.0
-8054.094806868961
11250.0
11250.0
11250.0
11250.0
11250.0
11250.0
11250.0
11250.0
-11250.0
-11250.0
-11250.0
-11250.0
11250.0
11250.0
11250.0
11250.0
-11250.0
-11250.0
-11250.0
-11250.0
-11250.0
-11250.0
-11250.0
11250.0
11250.0
11250.0
11250.0
11250.0
11250.0
11250.0
11250.0
11250.0
11250.0
-10791.882479014112
-11250.0
11250.0
-10329.784968478973
-10867.240896716063
-10678.598290822752
-11250.0
11250.0
11250.0
11250.0
11250.0
11250.0
11250.0
-8938.455644917092
-6150.335208726145
-4691.72535376013
-3571.3048347973654
-1644.6469300310018
927.4854062803042
5251.099302950959
8020.911508434321
7382.191528039652
7414.286300966942
7880.8887405608975
1887.6604488169578
11250.0
-3315.9548992217137
-3203.3142940374582
-2998.2302504293093
-3267.480933715615
-4036.6884138402725
-3750.1019050123123
-117.39076244036733
3428.625060377927
11250.0
10139.34151130213
3897.46595160268
11250.0
-8973.821731413926
-8594.260638244778
-8618.56888023705
-6976.536710151537
7591.66138755998
11250.0
11250.0
11250.0
11250.0
-11250.0
11250.0
11250.0
-11250.0
-11250.0
-11250.0
-11250.0
-11250.0
-11250.0
11250.0
11250.0
11250.0
11250.0
11250.0
11250.0
-8851.253838871315
-8779.512444520027
-7763.954395504879
-5044.3585272745695
-1866.0102169905513
11250.0
11250.0
11250.0
11250.0
11250.0
-11250.0
-10429.637526652456
-9990.037386479016
-8946.22205852859
-8676.12864777907
-6732.39149395431
11250.0
-11250.0
11250.0
11250.0
11250.0
11250.0
11250.0
-10982.764845680285
-10261.332010239137
-8911.252519456331
-7203.128314390524
11250.0
11250.0
11250.0
11250.0
11250.0
-11250.0
-11250.0
-11250.0
11250.0
11250.0
11250.0
-11014.906084639919
-11250.0
-10969.199636356763
-11250.0
-11250.0
-11250.0
-11250.0
-11250.0
11250.0
11250.0
11250.0
11250.0
11250.0
11250.0
11250.0
11250.0
-11250.0
-11250.0
-11250.0
11250.0
11250.0
11250.0
11250.0
-11250.0
-11250.0
-11250.0
-11250.0
-11250.0
-11250.0
-11250.0
11250.0
11250.0
11250.0
11250.0
11250.0
11250.0
11250.0
11250.0
11250.0
-11250.0
-11250.0
-11250.0
-11250.0
-11250.0
-11250.0
11250.0
11250.0
11250.0
11250.0
11250.0
11250.0
11250.0
-11250.0
11250.0
11250.0
-9845.713229859575
-7444.419249477177
-4285.051737292686
4087.610933305475
10507.263410889092
7928.858371085418
7485.756877288368
10114.019969211058
-8522.727272727274
-3044.3444730077063
-453.87360818158595
3688.532908276017
11250.0
-8181.818181818182
-3409.388646288213
-2973.504078495489
-481.6121397549632
2152.2718288688593
3652.1595188509905
8247.629762556175
5616.339058641279
4234.63393839258
-5568.181818181818
1449.309399278929
1148.5231719425992
383.82449012735196
-1530.8081020015434
-1089.6205315085917
-1644.8095297366708
-1603.0382249383092
-1484.5319152352422
-397.75480492570205
776.7651899702132
1991.4485077993468
3131.235384596188
3314.985732700609
1167.443999582806
5615.424170779625
11250.0
-6159.752409752407
-4562.5534921461785
-4106.9019593832545
-1864.161329227829
11250.0
9574.849810784075
11250.0
-8912.988459202272
-9486.720439552315
-9473.358534944386
-9306.80444645993
-8423.926122332916
11250.0
11250.0
11250.0
11250.0
11250.0
11250.0
-11250.0
11250.0
11250.0
-11250.0
-11250.0
-11250.0
-11250.0
11250.0
11250.0
11250.0
11250.0
-11250.0
-11250.0
-11250.0
-11250.0
-11250.0
-11250.0
-10010.98927639842
11250.0
11250.0
11250.0
11250.0
11250.0
11250.0
11250.0
11250.0
11250.0
11250.0
-10648.49917923865
-11250.0
11250.0
11250.0
-11250.0
11250.0
11250.0
-11250.0
-11250.0
-11250.0
11250.0
11250.0
11250.0
11250.0
11250.0
-9068.465318465322
-8338.522524727916
-8595.004801735715
-9183.944732489123
-9927.308577832384
-10540.214974413568
-11250.0
11250.0
11250.0
11250.0
11250.0
11250.0
11250.0
-10922.681667384717
-10732.337177943915
-11250.0
11250.0
11250.0
11250.0
11250.0
-11250.0
-11250.0
-11250.0
-11250.0
-11250.0
11250.0
11250.0
11250.0
11250.0
11250.0
11250.0
-11250.0
-11250.0
-11250.0
-11250.0
-11250.0
-11250.0
-11250.0
-11250.0
11250.0
11250.0
11250.0
11250.0
11250.0
11250.0
11250.0
11250.0
-10171.1356466877
-9707.055927334924
-9391.190550761516
-9762.646701706883
-11250.0
11250.0
11250.0
11250.0
11250.0
11250.0
11250.0
11250.0
-11250.0
-11250.0
-11250.0
-11250.0
-11250.0
-11250.0
-11250.0
11250.0
11250.0
11250.0
11250.0
11250.0
11250.0
11250.0
11250.0
-11250.0
11250.0
11250.0
-11250.0
11250.0
11250.0
11250.0
-11250.0
11250.0
11250.0
-11250.0
-11250.0
-11250.0
-11250.0
-11250.0
-11250.0
11250.0
11250.0
11250.0
11250.0
11250.0
11250.0
-11250.0
-10978.903383611905
-10947.30931846863
-10899.80394705231
-11250.0
-11250.0
-11250.0
11250.0
11250.0
11250.0
11250.0
11250.0
11250.0
11250.0
11250.0
11250.0
-11250.0
-11250.0
-11250.0
-11250.0
-11250.0
11250.0
11250.0
11250.0
11250.0
11250.0
-10259.843659525191
-9382.454124489675
-8633.39148524974
-8352.3337625801
-7948.321057423418
-8194.681333959885
-7840.31296179978
-5031.149413300243
10011.040290926088
11250.0
11250.0
11250.0
11250.0
11250.0
6442.743806745752
6632.577611795827
11250.0
-6503.641386238072
-6504.466841115383
-6993.263536160779
-7773.556028920186
-7319.376773812996
-6608.196807725595
-4862.688519684905
-2132.1558631220796
3919.0093558245844
11250.0
11250.0
11250.0
8970.427250305915
11250.0
-8295.454545454546
-4524.670268552361
-5204.952075672263
-4157.859299650372
-3103.76836148155
-2388.7175831766835
533.1159493745236
5163.270657681617
11250.0
6153.745727708036
11250.0
11250.0
-7727.272727272728
-2441.7394993064627
-1391.821409711567
-52.72017534542647
1255.72391071538
514.3000206686429
-985.5487436301883
-1443.826831561939
-824.4262901596212
303.451236442932
1618.7601966172006
700.569165017745
618.4447234638519
7730.2923720958315
7428.7376446954
5220.341479418505
11250.0
-4491.106719367595
1982.0287092071594
11250.0
11250.0
-7874.316663292164
-7842.868948233903
11250.0
-312.01461573020424
11250.0
-9594.55098653882
-8957.945428961844
-9024.80843780054
-9375.673596870278
-9408.08901576788
-9361.833177150762
-8342.1237797906
-9155.381698873029
11250.0
11250.0
11250.0
11250.0
11250.0
11250.0
11250.0
-11250.0
-11250.0
11250.0
11250.0
11250.0
-11250.0
-11250.0
-11250.0
-11250.0
-10008.727964051162
-7201.728029640348
11250.0
11250.0
11250.0
11250.0
11250.0
11250.0
-11250.0
-11250.0
-11250.0
-9539.022298456264
-11250.0
11250.0
11250.0
11250.0
11250.0
11250.0
11250.0
-8804.036872218694
-8791.070505085332
-6871.956566166857
11250.0
11250.0
11250.0
11250.0
-6891.763054887797
-6145.746703244069
-5027.644478267983
-5204.830257692218
-6569.216316755814
-7360.492277741664
-7821.827483900921
-5342.9939890119595
-7280.359622105323
11250.0
11250.0
11250.0
11250.0
11250.0
11250.0
11250.0
-11250.0
-11250.0
11250.0
11250.0
-11250.0
-11250.0
-11250.0
-10896.783410984372
-10815.417268636727
-11250.0
-11250.0
11250.0
11250.0
11250.0
11250.0
11250.0
11250.0
11250.0
11250.0
11250.0
-11250.0
-11250.0
-11250.0
-11250.0
-11250.0
-11250.0
-11250.0
11250.0
11250.0
11250.0
11250.0
11250.0
11250.0
11250.0
-11250.0
-11250.0
-11250.0
11250.0
11250.0
11250.0
11250.0
11250.0
-11250.0
-11250.0
-11250.0
-11250.0
-11250.0
-11250.0
-11250.0
11250.0
11250.0
11250.0
11250.0
11250.0
11250.0
11250.0
-8998.395237833982
-8177.548548702463
-7530.93480115186
-5855.322521615654
11250.0
11250.0
11250.0
11250.0
11250.0
-11250.0
-11250.0
-8826.632374553858
-6840.995889006455
-4293.696710305792
9191.76210362327
5477.26160492214
11250.0
11250.0
11250.0
2761.392981406315
11250.0
-1695.5587392550133
-707.1520030451356
268.4902722877905
1709.2988297185948
1132.8086838056388
399.2552738017275
105.47359235584099
1374.4846649214342
4432.718331729467
3166.89745727193
-4886.363636363637
11250.0
1443.6210224179667
2507.7410306841775
748.0703967855907
1494.8093933318787
11250.0
-8181.818181818182
-174.07340770061455
10398.187176740183
1107.6713175441073
11250.0
-8275.320533470785
-8552.07052380325
-8827.753901775206
-8389.970413691655
-7591.425928899277
-6410.045954181722
7400.78440527482
11250.0
5109.42227362656
11250.0
11250.0
11250.0
11250.0
-11250.0
11250.0
-11250.0
-11250.0
-11250.0
11250.0
11250.0
11250.0
11250.0
11250.0
11250.0
-11250.0
-11250.0
-11250.0
-11250.0
-11250.0
-11250.0
-11250.0
11250.0
11250.0
11250.0
11250.0
11250.0
11250.0
11250.0
11250.0
-11250.0
-11250.0
-11250.0
-11250.0
-11250.0
-11250.0
11250.0
11250.0