Demand
11250.0
11250.0
11250.0
11250.0
11250.0
11250.0
11250.0
11250.0
11250.0
11250.0
-11250.0
-11250.0
-11250.0
-11250.0
-11250.0
-11250.0
-11250.0
11250.0
11250.0
11250.0
11250.0
11250.0
11250.0
11250.0
11250.0
11250.0
-11250.0
-9701.598993891486
-8991.835789560264
-9047.48981404047
-9064.549912818158
-10351.30465292541
-11250.0
-11250.0
11250.0
11250.0
11250.0
11250.0
11250.0
11250.0
11250.0
11250.0
-10398.971466489715
-10184.929804568164
11250.0
11250.0
11250.0
-11250.0
-11250.0
-11250.0
-11250.0
-11250.0
-8022.569990563075
11250.0
11250.0
11250.0
11250.0
11250.0
11250.0
11250.0
11250.0
-11250.0
-11250.0
11250.0
11250.0
11250.0
11250.0
-11250.0
-11250.0
-11250.0
-11250.0
11250.0
11250.0
11250.0
11250.0
-11250.0
-11250.0
-11250.0
-11250.0
-11250.0
11250.0
11250.0
11250.0
11250.0
11250.0
11250.0
11250.0
-11250.0
-10104.987389237325
-10234.272788902526
-10809.936689285743
-10517.116703756681
-11250.0
11250.0
11250.0
11250.0
11250.0
11250.0
11250.0
-8882.054370300095
-6121.54168299451
-4802.709823811298
-3929.8790465633733
-2487.375073212832
-747.1215558951626
2207.668290103693
4724.484864584967
5781.443651212852
7000.426441694085
8900.81766487491
5606.676827098341
3223.573280168522
4614.478187160372
11250.0
-7954.545454545456
-4925.825608686377
-5951.678611769959
-6470.485859755729
-5856.320998798176
-6646.875434313195
-6795.755040857377
-6858.1357005696345
-6740.986514077841
-5393.239917395753
3009.241419418744
11250.0
11250.0
11250.0
1300.8823128501972
11250.0
11250.0
11250.0
-11250.0
-11250.0
-11250.0
-11250.0
-11250.0
11250.0
11250.0
11250.0
11250.0
11250.0
11250.0
-11250.0
-11250.0
-11250.0
-9919.503573349732
-7254.511347414732
1940.321411932543
11250.0
11250.0
11250.0
9893.314264378929
8601.256918642619
11250.0
11250.0
-10764.406875922912
-11250.0
-11250.0
-9847.818720593521
-7681.266132701442
11250.0
11250.0
11250.0
11250.0
11250.0
11250.0
-11250.0
-11250.0
-11250.0
-11250.0
11250.0
11250.0
11250.0
11250.0
11250.0
-11250.0
-11250.0
-11250.0
-11250.0
-11250.0
-11250.0
11250.0
11250.0
11250.0
11250.0
11250.0
11250.0
11250.0
-11250.0
-11250.0
11250.0
11250.0
11250.0
-11250.0
-11250.0
-11250.0
-10849.147169137352
-9889.385750365167
-11250.0
11250.0
11250.0
11250.0
11250.0
11250.0
-11250.0
-11250.0
11250.0
11250.0
11250.0
-11250.0
11250.0
11250.0
11250.0
-11250.0
-11250.0
-11250.0
-11250.0
-11250.0
-11250.0
11250.0
11250.0
11250.0
11250.0
11250.0
11250.0
11250.0
-11250.0
-11250.0
11250.0
11250.0
11250.0
-11250.0
-11250.0
-10850.44239516481
-8149.314201076631
11250.0
11250.0
11250.0
11250.0
-10558.163579850498
-10004.278027583325
-8240.82151447254
-6697.3610591323595
-4063.9541432737788
-2727.949888987405
-443.3965245628315
952.9813347348309
2496.126181921072
9646.889381852314
10644.298232168
6583.019961176797
5780.850373778911
11250.0
-8181.818181818182
-4110.705958900397
-3978.9918565879234
-2301.2531585056076
-738.9399268713642
-17.4899290214762
3051.330005434156
4219.5391491546525
4638.597021762542
6954.810273639108
4604.422042667925
1627.0816353081964
-5795.454545454547
-674.315827449369
-175.2867675758007
-768.6424080616416
-696.7367444371575
-536.3995972057419
693.2859630376779
1978.1843914203164
3216.028593157656
4223.079970912493
4052.063903388333
1484.2619186843049
5821.65078076948
11250.0
-5906.820852473029
-4761.022289914825
-5190.326444430986
-5570.130877574884
-5157.375619686543
-5687.08192088968
-4291.140283388602
-2238.9321586281203
11250.0
11250.0
5487.352748914727
11250.0
11250.0
11250.0
-10069.133263765274
-10473.017271433437
-10661.346989600224
-11250.0
-11250.0
-11250.0
11250.0
11250.0
11250.0
11250.0
11250.0
11250.0
11250.0
-11250.0
-11250.0
-11250.0
11250.0
11250.0
11250.0
11250.0
-11250.0
-10907.517262427045
-10230.712979547352
-6801.0600010987255
11250.0
11250.0
11250.0
11250.0
11250.0
-11250.0
-11250.0
-11250.0
-10242.424242424247
-11250.0
11250.0
11250.0
11250.0
11250.0
11250.0
11250.0
-11250.0
-11250.0
11250.0
11250.0
11250.0
11250.0
-9539.978285438545
-8884.759463982602
-8099.985011742774
-8395.018413298982
-9060.598910697408
-9898.741737383203
-10603.913415853021
-11250.0
11250.0
11250.0
11250.0
11250.0
11250.0
11250.0
11250.0
11250.0
-11250.0
11250.0
11250.0
11250.0
-11250.0
-11250.0
-11250.0
-11250.0
-11250.0
-11250.0
-11250.0
-11250.0
11250.0
11250.0
11250.0
11250.0
11250.0
11250.0
11250.0
11250.0
-11250.0
-11250.0
-11250.0
-11250.0
-11250.0
-11250.0
11250.0
11250.0
11250.0
11250.0
11250.0
11250.0
11250.0
11250.0
-9916.007905138344
-10282.566765578635
-11250.0
-11250.0
11250.0
11250.0
11250.0
11250.0
11250.0
-11250.0
-11250.0
-11250.0
11250.0
11250.0
11250.0
11250.0
11250.0
11250.0
-11250.0
-11250.0
-11250.0
-11250.0
11250.0
11250.0
11250.0
11250.0
11250.0
-11250.0
11250.0
11250.0
-11250.0
11250.0
-11250.0
-11250.0
-11250.0
-11250.0
-11250.0
-11250.0
-11250.0
11250.0
11250.0
11250.0
11250.0
11250.0
11250.0
11250.0
11250.0
-11250.0
-10981.099191026158
-10943.86015062101
-10883.041334701385
-11250.0
-11250.0
-11250.0
11250.0
11250.0
11250.0
11250.0
11250.0
11250.0
11250.0
-11250.0
-11250.0
-11250.0
11250.0
11250.0
11250.0
-11250.0
-11250.0
-10906.154749579058
-10411.39048668541
-8997.98762645917
-5763.688699015103
-1213.731815817524
11250.0
11250.0
11250.0
11250.0
11250.0
11250.0
11250.0
11250.0
-7908.3743811804425
-5179.606374179435
-4075.7258466053304
-3423.441813726459
-2672.84103194019
-2115.1129857787546
-2765.5748323377156
-3264.2728386372637
-2135.914967181163
8.748071420119231
2714.3322130813785
8829.59327139056
11250.0
5372.355365096475
11250.0
11250.0
-8164.526297030585
-7455.694011157728
-6372.797829051229
-3977.832069645534
1862.0552750546867
11250.0
10577.2700737523
3249.761304574439
11250.0
-8863.636363636364
-4253.636835952719
-1658.22782232186
11250.0
8883.285447327176
11250.0
-6515.725251223161
-5148.114501732518
-1817.8655238167703
3980.4585396415173
8001.160859699753
7122.655920458623
5737.956095328627
-6136.363636363637
-1069.825495322395
-2388.87231100574
-2864.8432345128986
-2472.0515174516167
-1695.39165934011
-782.0849262760639
-1623.8011339751356
-2101.7951622751625
1543.4080822060532
6186.260334877505
6010.74459535238
11250.0
-8977.272727272728
-5908.104824713646
-5580.221462824415
-4976.318805937526
-4776.0810132369825
-4316.631864684545
6395.60815222734
11250.0
11250.0
11250.0
11250.0
11250.0
-9827.896876732582
-9939.945008822928
-10045.128860532492
-9765.07792231856
-10724.897153169943
-11250.0
11250.0
11250.0
11250.0
11250.0
11250.0
11250.0
-11250.0
11250.0
11250.0
11250.0
-11250.0
-11250.0
-11250.0
11250.0
11250.0
11250.0
11250.0
-11250.0
-11250.0
-11250.0
-11250.0
-11250.0
-11250.0
-11250.0
11250.0
11250.0
11250.0
11250.0
11250.0
11250.0
11250.0
11250.0
11250.0
-8861.820788797439
-8868.133793761197
-9107.56824844691
-8554.20423080726
-6073.027489937006
3795.499263599659
11250.0
11250.0
11250.0
11250.0
-8636.363636363638
-5769.788381320581
-6874.839968064316
-7347.052316008922
-7099.2368307873685
5008.895965035448
11250.0
11250.0
-11250.0
11250.0
-11250.0
-11250.0
-10895.546061072455
-11250.0
-11250.0
-11250.0
11250.0
11250.0
11250.0
11250.0
11250.0
11250.0
11250.0
11250.0
-11250.0
-11250.0
-11250.0
-11250.0
-11250.0
-11250.0
-11250.0
11250.0
11250.0
11250.0
11250.0
11250.0
11250.0
11250.0
11250.0
-11250.0
-11250.0
-11250.0
11250.0
11250.0
11250.0
-11250.0
-11250.0
-11250.0
-11250.0
-11250.0
-11250.0
-11250.0
-11250.0
11250.0
11250.0
11250.0
11250.0
11250.0
11250.0
11250.0
11250.0
11250.0
11250.0
-11250.0
-11250.0
-11250.0
-11250.0
-9416.329083760276
-5656.341077814195
11250.0
11250.0
11250.0
11250.0
11250.0
11250.0
11250.0
-11250.0
-11250.0
-11250.0
-11250.0
-11250.0
-6553.563124854696
1150.6906273961113
11250.0
11250.0
11250.0
11250.0
11250.0
7140.426050168528
11250.0
-7613.636363636364
99.27137958854019
1397.782536930059
2618.947728607509
4264.371627145819
3203.6931993174417
2125.1901234609813
1794.8789089512538
3610.4366416097173
6233.515957355055
-4659.09090909091
2940.2705449002888
500.20443394317317
-1207.0519181034033
-742.7244341282985
-2356.961399171905
-3592.8269078661633
-4461.615455575711
-2232.8828965078956
-2070.3254256151395
-750.9148399154965
3274.297651744055
7893.954598398196
6508.838561754601
11250.0
11250.0
-9257.84435555901
-9009.56798064311
-8937.184896190716
-6960.12312131159
-6029.943706529419
3112.3615078502166
11250.0
11250.0
11250.0
11250.0
11250.0
-11250.0
-11250.0
-11250.0
-11250.0
-11250.0
-11250.0
-8749.390689739226
11250.0
11250.0
11250.0
11250.0
11250.0
11250.0
11250.0
11250.0
-11250.0
-11250.0
-10922.497446373858
-10426.661197283895
-10652.28118944816
-11250.0
11250.0
11250.0
11250.0
11250.0
11250.0
11250.0
11250.0
-11250.0
11250.0
11250.0
-11250.0
-10297.265298542115