Demand
11250.0
11250.0
11250.0
11250.0
11250.0
11250.0
11250.0
11250.0
11250.0
11250.0
11250.0
11250.0
11250.0
11250.0
11250.0
11250.0
11250.0
-11250.0
-11250.0
11250.0
11250.0
11250.0
-11250.0
-11250.0
-11250.0
-11250.0
-11250.0
-7359.313378501373
-2408.1945575820027
8740.992533846333
11250.0
-4656.4518104544
11250.0
11250.0
11250.0
11250.0
11250.0
11250.0
-10076.940481865135
-5401.877863218792
11250.0
11250.0
-10516.72384219554
11250.0
11250.0
-10725.567368636272
-11250.0
-11250.0
-11250.0
-11250.0
11250.0
11250.0
11250.0
11250.0
11250.0
11250.0
11250.0
-11250.0
-11250.0
11250.0
11250.0
-11250.0
-11250.0
11250.0
11250.0
-11250.0
-11250.0
11250.0
11250.0
11250.0
-11250.0
-11250.0
-11250.0
-11250.0
11250.0
11250.0
11250.0
11250.0
11250.0
11250.0
-11018.638227759806
-10751.104842746627
-10976.426024604996
-10940.929855110873
-11250.0
-11250.0
-9815.396228055324
-11250.0
11250.0
11250.0
11250.0
11250.0
11250.0
11250.0
11250.0
11250.0
-11250.0
-10452.30734304147
-10641.75159755649
-7919.297739923607
-2689.7152568439105
1678.8817754326974
6058.020317521015
10194.343786365767
8815.590114952447
10022.18260118322
6346.881682465334
7298.822213222949
-7159.09090909091
11250.0
11250.0
-3042.7724449463567
-3521.467507809153
-3426.28060714439
-3245.0626049123475
-3527.9054313654506
-4301.5817650161025
-4085.1068430565524
-782.5650696596513
2480.9289910566185
11250.0
11250.0
-1675.6943840078948
11250.0
-9056.303452644916
-8852.321993047884
-9155.92871876216
-8774.238973689171
-8979.210459824026
-9085.754284992738
-4391.329314181821
11250.0
11250.0
11250.0
11250.0
11250.0
11250.0
-11250.0
-11250.0
-11250.0
-11250.0
-11250.0
-11250.0
11250.0
11250.0
11250.0
11250.0
11250.0
11250.0
-9036.832202861733
-8322.950384655902
-6705.33681341583
-6411.494212101522
-1292.5230506259722
11250.0
11250.0
11250.0
11250.0
11250.0
-10555.914683279414
-10255.41679751065
-9621.403015758733
-9739.842212916385
-9505.164001271278
-9968.168486222046
-11250.0
-11250.0
11250.0
11250.0
11250.0
11250.0
11250.0
11250.0
11250.0
11250.0
-9641.849529780571
11250.0
11250.0
-11250.0
-11250.0
11250.0
11250.0
-11250.0
11250.0
11250.0
-11250.0
-11001.34634330538
-11250.0
-10946.418602317972
-11250.0
-11250.0
-11250.0
-11250.0
11250.0
11250.0
11250.0
11250.0
11250.0
11250.0
11250.0
11250.0
11250.0
-11250.0
-11250.0
-11250.0
-11250.0
-11250.0
11250.0
11250.0
11250.0
11250.0
11250.0
11250.0
11250.0
-11250.0
-11250.0
-11250.0
-11250.0
11250.0
11250.0
11250.0
11250.0
11250.0
-11250.0
-11250.0
11250.0
11250.0
-11250.0
-11250.0
-11250.0
11250.0
11250.0
11250.0
11250.0
11250.0
-10556.694296783495
-10755.804229082085
-10712.55106995747
-11250.0
-11250.0
-9976.270788295547
-8410.114749288125
-1267.198508932588
11250.0
11250.0
11250.0
11250.0
7071.4360678473095
7349.665665865902
11250.0
3790.069190482545
11250.0
-5031.818181818184
-5054.989473554044
-4270.102395370062
-3680.1406619643144
-3580.6518905366315
-1893.6050380279594
-389.1328997122364
188.03073796469562
3018.8987388132427
4056.821575615388
4487.665862002589
6933.184676827412
5996.222336197647
4041.1289911485546
2108.6928476887915
-172.9356652379065
11250.0
-2287.5160914607986
-2243.2912892829954
-2115.2676629421167
-1053.0880289187662
147.41668545269658
1471.9792204563146
2820.694827198021
3213.2057045990205
1330.2185415177119
11250.0
-4665.573302909299
-5848.998140552107
-4540.689250001777
-4792.969789929692
-4868.175200585583
-3660.472515671692
-2706.272318577063
11081.115227256487
1709.495089345035
11250.0
11250.0
11250.0
-10455.061983471074
-9959.792897606043
-9459.831145844812
-6538.984517775851
11250.0
11250.0
11250.0
11250.0
11250.0
-11250.0
-11250.0
-11250.0
-11250.0
-11250.0
11250.0
11250.0
11250.0
11250.0
11250.0
11250.0
11250.0
-11250.0
-11250.0
-11250.0
-10552.546904740328
11250.0
11250.0
11250.0
11250.0
-11250.0
11250.0
-11250.0
-11250.0
-11250.0
-11250.0
11250.0
11250.0
11250.0
11250.0
11250.0
-11250.0
-11250.0
-11250.0
-11250.0
-11250.0
-11250.0
11250.0
11250.0
11250.0
11250.0
11250.0
11250.0
11250.0
11250.0
-10445.184704848765
-10856.011824922
-11250.0
11250.0
11250.0
11250.0
-11250.0
-11250.0
-11250.0
-10863.549475273652
-10745.340277155461
-11250.0
-11250.0
11250.0
11250.0
11250.0
11250.0
11250.0
11250.0
11250.0
11250.0
-11250.0
-11250.0
-11250.0
-11250.0
11250.0
11250.0
11250.0
11250.0
11250.0
-11250.0
-11250.0
-11250.0
-11250.0
-11250.0
-11250.0
11250.0
11250.0
11250.0
11250.0
11250.0
11250.0
11250.0
11250.0
-10060.027010866208
-9893.212149318224
-10259.996716893602
-11250.0
-11250.0
11250.0
11250.0
11250.0
11250.0
11250.0
-11250.0
-11250.0
-11250.0
-11250.0
-11250.0
11250.0
11250.0
11250.0
11250.0
11250.0
11250.0
-11250.0
-11250.0
-11250.0
-9536.820743179149
11250.0
11250.0
11250.0
11250.0
11250.0
-11250.0
11250.0
-11250.0
-11250.0
-11250.0
-11250.0
11250.0
11250.0
11250.0
11250.0
11250.0
-11250.0
-11250.0
-11250.0
11250.0
11250.0
11250.0
11250.0
-11250.0
-10949.411127061787
-10859.636156011504
-10603.773077041922
-11250.0
11250.0
11250.0
11250.0
11250.0
11250.0
-11250.0
11250.0
11250.0
11250.0
-11250.0
11250.0
11250.0
-11250.0
-11250.0
-11250.0
-11250.0
-11250.0
11250.0
11250.0
11250.0
11250.0
11250.0
11250.0
-9054.773678204641
-8715.504505709396
-8082.5263970490305
-7560.788230956218
17.536151060045995
11250.0
11250.0
11250.0
11250.0
-4361.696837079771
-3684.612307804511
-2876.4480288872182
-2203.246124665222
-2664.3480378727454
-2816.7094984893647
-655.8155937930242
4640.791131437973
10590.924440736038
1121.5332311289922
11250.0
11250.0
-8203.840732910503
-8008.649118255278
-8021.769736226705
-7392.337518902477
-6548.519636982531
-4938.82103487275
-2029.5123477640118
3628.7600479051353
7521.406945852006
6262.5784844939035
5071.262127446324
11250.0
5651.349416281869
11250.0
-9090.909090909092
-6901.313930488839
-6683.613880521677
-6414.417887052423
-5498.415483530517
-3488.9257828609684
-882.07084715559
830.342436584413
2584.847995392507
4610.262228066316
6168.9619215517005
4405.58625891609
2163.251947545199
2129.775483045698
4467.740490120083
7400.5851780170415
5101.707149894801
11250.0
-4948.312746624739
-4087.9032772895466
-3681.062420313717
-4363.6941854453635
-5314.397134998654
-3563.018250126151
-2861.673921353173
-515.0142931181181
5075.814208217637
9671.997380508848
3202.042791777499
11250.0
11250.0
11250.0
-9612.268166615995
-8954.666296526735
-8979.125166017926
-9273.200187859715
-9176.389601804378
-8772.351660422664
-4333.722152405988
11250.0
11250.0
11250.0
11250.0
11250.0
11250.0
-11250.0
-11250.0
-11250.0
-11250.0
-11250.0
11250.0
11250.0
11250.0
11250.0
11250.0
-11250.0
-10678.044596912525
-10599.272325355447
-11250.0
-11250.0
-11250.0
-11250.0
11250.0
11250.0
11250.0
11250.0
11250.0
11250.0
11250.0
11250.0
-8692.212874373981
-9576.576205292593
-7465.602525378435
-6895.891534030365
-6851.843105350021
-5870.155009613292
-3922.7902402359755
11250.0
11250.0
11250.0
11250.0
11250.0
11250.0
-8977.272727272728
-5673.913043478264
-5928.946316307589
-7232.143227991699
-8054.2428993524745
-8642.952739743643
-7400.04172881036
-9322.812253447668
-9745.365749815825
-11250.0
11250.0
11250.0
11250.0
11250.0
11250.0
11250.0
11250.0
-11250.0
-11250.0
-11250.0
-11250.0
11250.0
11250.0
11250.0
11250.0
11250.0
11250.0
-11250.0
-11250.0
-11250.0
-11250.0
-11250.0
11250.0
11250.0
11250.0
11250.0
11250.0
11250.0
-11250.0
-11250.0
-11250.0
-11250.0
-11250.0
-11250.0
-11250.0
11250.0
11250.0
11250.0
11250.0
11250.0
11250.0
11250.0
11250.0
-11250.0
-11250.0
-11250.0
11250.0
11250.0
11250.0
11250.0
-11250.0
-11250.0
-11250.0
-11250.0
-11250.0
11250.0
11250.0
11250.0
11250.0
11250.0
11250.0
-9428.97838202407
-8990.182713675124
-8958.347506897644
-9152.489347307688
-9755.491810524734
-7332.133819667524
11250.0
11250.0
11250.0
11250.0
11250.0
-9541.410264543552
-8569.139477090208
-7944.7230189584925
-5313.519444905276
-5445.28802434212
-2475.979063526718
5784.913545913383
10616.784318163158
10300.604478457844
9439.025498916453
8587.994948399633
3279.3064290057023
11250.0
537.8505069359007
54.78409272688532
-621.5942073194783
-994.8602419102517
-103.3167739484652
2450.0189015688193
2626.1129034407113
1729.980979447393
-5909.09090909091
-784.8837209302419
373.6081265872235
-504.1671972646036
4927.031808424138
11250.0
-5049.170297857103
-5398.752870851374
-5394.933113983204
-4883.787239599202
-4945.242960720212
-4534.594455930161
11250.0
5173.500139160962
11250.0
11250.0
-9654.113485263271
-8728.068794401745
-8953.895208275997
-8796.482194192868
-9271.584915241427
-10031.884949761446
11250.0
11250.0
11250.0
11250.0
11250.0
-11250.0
-11250.0
11250.0
11250.0
11250.0
-11014.272322905563
-11250.0
-11250.0
-11250.0
-11250.0
11250.0
11250.0
11250.0
11250.0
11250.0
11250.0
-9932.588597842845
11250.0
-11250.0
-11250.0
-11250.0
-11250.0
-11250.0
-11250.0
-11250.0
11250.0
11250.0
11250.0
11250.0
11250.0
11250.0