Demand
-3750.0
-3750.0
-3750.0
-3750.0
-3750.0
3750.0
3750.0
3750.0
3750.0
3750.0
3750.0
3750.0
-3750.0
-3750.0
3750.0
3750.0
3750.0
3750.0
3750.0
3750.0
3750.0
-3750.0
-3750.0
-3750.0
-3750.0
-3750.0
3750.0
3750.0
3750.0
3750.0
3750.0
3750.0
-3750.0
3750.0
3750.0
3750.0
3750.0
3750.0
3750.0
-3750.0
3750.0
3750.0
3750.0
-3750.0
-3750.0
3750.0
3750.0
3750.0
3750.0
-3750.0
-3750.0
-3750.0
-3750.0
-3750.0
3750.0
3750.0
3750.0
3750.0
3750.0
3750.0
3750.0
3750.0
3750.0
3750.0
3750.0
3750.0
-3750.0
3750.0
3750.0
3750.0
3750.0
3750.0
3750.0
-3750.0
-3750.0
-3750.0
-3750.0
-3750.0
-3750.0
3750.0
3750.0
3750.0
3750.0
3750.0
3750.0
3750.0
3750.0
3750.0
3750.0
3750.0
3750.0
3750.0
3750.0
3750.0
-3750.0
-3750.0
-3750.0
3750.0
3750.0
3750.0
3750.0
3750.0
3750.0
-3511.833701426611
-3608.700655478775
-3750.0
-3750.0
1512.9080671046113
3750.0
3621.8209783268267
1878.279193901814
3750.0
3750.0
3750.0
3750.0
3750.0
3750.0
3750.0
-3750.0
-3750.0
-3750.0
-3750.0
-3750.0
-3750.0
3750.0
3750.0
3750.0
3750.0
3750.0
3750.0
3750.0
3750.0
-3750.0
-3750.0
-3750.0
-3616.2948290241857
-3750.0
-3750.0
3750.0
3750.0
3750.0
3750.0
3750.0
3750.0
3750.0
-3750.0
-3750.0
-3750.0
-3750.0
-3750.0
-3750.0
3750.0
3750.0
3750.0
3750.0
3750.0
3750.0
3750.0
-3750.0
-3750.0
-3750.0
-3750.0
-3750.0
3750.0
3750.0
3750.0
3750.0
3750.0
-3750.0
-3750.0
-3750.0
-3750.0
-3750.0
3750.0
3750.0
3750.0
3750.0
3750.0
3750.0
3750.0
3750.0
-3750.0
-3750.0
-3750.0
-3750.0
-3750.0
3750.0
3750.0
3750.0
3750.0
3750.0
3750.0
-3750.0
-3750.0
-3750.0
-3750.0
-3750.0
-3750.0
2849.485420240164
3750.0
3750.0
-3750.0
3750.0
3750.0
3750.0
3750.0
3750.0
3750.0
-3750.0
-3750.0
-3750.0
-3750.0
-3750.0
-3750.0
-3750.0
3750.0
3750.0
3750.0
3750.0
3750.0
3750.0
3750.0
3750.0
3750.0
3750.0
-3750.0
-3750.0
-3750.0
-3598.544331817993
-2149.114747894312
-944.0162389573188
2864.0481423761335
-989.3272865387141
-3750.0
3750.0
3750.0
3750.0
3750.0
3750.0
3750.0
3750.0
3750.0
-3750.0
-3750.0
-3750.0
-3750.0
-3750.0
-3750.0
-3750.0
3750.0
3750.0
3750.0
3750.0
3750.0
3750.0
3750.0
3750.0
3750.0
3750.0
3750.0
3750.0
-3750.0
-3750.0
-3750.0
-3750.0
-3750.0
3750.0
3750.0
3750.0
3750.0
3750.0
3750.0
3750.0
3750.0
3750.0
-3087.363403859569
-2441.7281316314056
3750.0
3750.0
3750.0
3750.0
-3193.6305510781613
-3398.9863038817775
-3648.6386444522714
-3750.0
-3750.0
-3750.0
3750.0
3750.0
3750.0
3750.0
3750.0
3750.0
-3750.0
-3630.4357813876322
-3607.31964478008
-3750.0
-3750.0
-3750.0
3750.0
3750.0
3750.0
3750.0
3750.0
3750.0
3750.0
3750.0
3750.0
3750.0
-3750.0
-3750.0
-3750.0
-3750.0
-3750.0
3750.0
3750.0
3750.0
3750.0
3750.0
3750.0
3750.0
-3750.0
-3750.0
-3750.0
-3750.0
-3750.0
3750.0
3750.0
3750.0
3750.0
3750.0
3750.0
3750.0
3750.0
3750.0
-3750.0
-3750.0
3750.0
3750.0
3750.0
3750.0
3750.0
3750.0
-3576.747720364743
-3058.247790404189
-2817.6868651574287
2016.1372092064769
3540.783091575915
3104.332416080773
3250.5252353376027
3095.755236352547
-189.3939393939394
3750.0
-1363.6363636363637
3750.0
3.1860662701792535
-120.05365354008927
765.2303626877635
932.9768962032913
1068.6580691007025
3750.0
3750.0
-3257.575757575758
-2809.53009503696
-2885.0341302587194
-2948.4631665173874
-3171.589074463811
-3247.5873558726544
3750.0
3750.0
3750.0
3750.0
3750.0
3750.0
-2408.6411747479397
-2216.4039838824438
-2918.4004445834053
-3277.5005617054494
-3606.8651762850523
-3750.0
-3750.0
3750.0
3750.0
3750.0
3750.0
3750.0
3750.0
3750.0
3750.0
3750.0
-3673.042304230423
-3750.0
-3567.394150776544
-3750.0
-2530.8384743909137
-1988.33539713417
3750.0
3750.0
3750.0
757.6581023876618
3605.810951163001
1130.9769141393106
-279.14640467588333
108.62393288037765
3750.0
-3181.818181818182
-2658.1389409160574
-2249.253862441067
3750.0
3750.0
3750.0
3750.0
-3750.0
-3750.0
-3750.0
-3750.0
-3750.0
-3750.0
3750.0
3750.0
3750.0
3750.0
3750.0
3750.0
3750.0
-1854.212860310423
-1765.0729803677914
-2011.961354500546
-2264.1663774059098
-2790.335489013668
-3750.0
3750.0
3750.0
3750.0
3750.0
3750.0
3750.0
3750.0
-3750.0
-3340.7318257375146
-3507.7214016492862
-3276.3358575457414
-3006.2685577010006
373.6397170673779
3750.0
3750.0
3750.0
3750.0
3750.0
3750.0
3750.0
-3750.0
-3750.0
-3750.0
-3750.0
3750.0
3750.0
3750.0
3750.0
3750.0
3750.0
3750.0
-3750.0
-3750.0
-3057.243558580458
-3750.0
3750.0
3750.0
3750.0
3750.0
3750.0
3750.0
3750.0
3750.0
3750.0
-3750.0
-3750.0
-3750.0
3750.0
3750.0
3750.0
3750.0
3750.0
3750.0
3750.0
3750.0
-3750.0
-3750.0
-3750.0
-134.77801268499115
-1186.4606212739252
3750.0
3750.0
3750.0
3750.0
3750.0
3750.0
3750.0
3750.0
-3750.0
-3750.0
-3750.0
-3750.0
-3750.0
3750.0
3750.0
3750.0
3750.0
3750.0
3750.0
3750.0
3750.0
359.9837662337666
-1711.806865875781
-2410.2493043503646
-2708.8988310784653
-1587.5937453345512
3750.0
3750.0
2195.9661523105633
3285.6796549382243
2204.6056936608293
333.663806951718
-28.434047455078144
3750.0
3750.0
-3471.4076246334325
-3750.0
3750.0
3750.0
3750.0
-3750.0
-3750.0
-3750.0
-3224.1447039497198
-3750.0
3750.0
3750.0
3750.0
3750.0
3750.0
3750.0
3750.0
3750.0
3750.0
-3750.0
-3750.0
-3750.0
3750.0
3750.0
3750.0
3750.0
-3750.0
-3750.0
-3750.0
-1406.2500000000018
71.65605095541378
3750.0
3750.0
3750.0
3750.0
3750.0
3322.6883911752393
2320.5753494773653
3750.0
873.7299931960897
3750.0
-1367.2150533172899
-1208.9263834088335
-1363.3795594568376
-1934.3759426780025
-2620.9271913535003
-2876.0178910493796
-3329.1959330302916
-3509.862554569494
3750.0
3750.0
3750.0
3750.0
3750.0
3750.0
-3664.5317453517264
-2522.7330954003264
-2400.803068987345
-1408.9147235969049
-1243.8708622768372
577.2422357523083
3750.0
2496.3354384308036
3750.0
3750.0
3376.999254612086
-2234.848484848485
-836.3309352518008
3750.0
-3106.0606060606065
-2111.0699660189957
-2581.568702113963
-2793.1197553289776
-3750.0
3750.0
3750.0
3750.0
3750.0
3750.0
3750.0
3750.0
3750.0
-3750.0
3750.0
3750.0
-3750.0
3750.0
3750.0
3750.0
3750.0
3750.0
3750.0
-3750.0
-3750.0
-3750.0
-3750.0
-3750.0
3750.0
3750.0
3750.0
3750.0
3750.0
-3750.0
-3750.0
-3423.4148204736457
-283.0062102277402
3750.0
3750.0
3750.0
3750.0
3750.0
3750.0
3750.0
3750.0
3750.0
3750.0
3750.0
3750.0
3750.0
-3750.0
-3750.0
-3750.0
-3750.0
3750.0
3750.0
3750.0
3750.0
3750.0
3750.0
-3750.0
-3750.0
3750.0
3750.0
3750.0
3750.0
3750.0
-3750.0
-3750.0
-3750.0
3750.0
3750.0
3750.0
3750.0
3750.0
3750.0
-3750.0
-3750.0
-3750.0
-3750.0
-3750.0
-3750.0
3750.0
3750.0
3750.0
3750.0
3750.0
3750.0
3750.0
3750.0
3750.0
-3750.0
-3750.0
-3750.0
-3750.0
-3750.0
3750.0
3750.0
3750.0
3750.0
3750.0
3750.0
3750.0
3750.0
-3483.312538989395
-3444.7468706300824
-3379.90165321079
3271.015077653497
3750.0
1058.2857409775759
3750.0
3750.0
3750.0
0.0
0.0
0.0
3750.0
0.0
0.0
0.0
-340.90909090909093
1959.8765432098753
0.0
0.0
0.0