Demand
3750.0
3750.0
3750.0
3750.0
3750.0
3750.0
3750.0
3750.0
3750.0
3750.0
3750.0
3750.0
3750.0
3750.0
3750.0
3750.0
3750.0
3750.0
3750.0
3750.0
3750.0
3750.0
3750.0
3750.0
3750.0
3750.0
3750.0
3750.0
3750.0
3750.0
3750.0
3750.0
3750.0
3750.0
3750.0
3750.0
-3750.0
3750.0
3750.0
3750.0
3750.0
3750.0
3750.0
3750.0
3750.0
3750.0
3750.0
-3750.0
3750.0
3750.0
3750.0
3750.0
-3750.0
-3750.0
-3750.0
3750.0
3750.0
3750.0
3750.0
3750.0
3750.0
3750.0
-3750.0
-3750.0
-3750.0
-3750.0
3750.0
3750.0
3750.0
3750.0
3750.0
-3750.0
-3750.0
-3750.0
-3750.0
-3750.0
-3750.0
3750.0
3750.0
3750.0
3750.0
3750.0
3750.0
3750.0
3750.0
3750.0
-3750.0
-3750.0
-3750.0
-2064.8558758314894
3750.0
3750.0
3750.0
3750.0
3750.0
3750.0
3750.0
3750.0
-3750.0
-3750.0
-3750.0
-3750.0
3750.0
3750.0
3750.0
3750.0
3750.0
3750.0
3750.0
3750.0
-3106.295878035009
-2381.642940156031
-2248.02342199959
3750.0
3750.0
3750.0
3750.0
3750.0
3750.0
-3750.0
-3750.0
-3750.0
-3750.0
-3750.0
-3750.0
3750.0
3750.0
3750.0
3750.0
3750.0
3750.0
3750.0
3750.0
3750.0
-3750.0
-3662.752258642351
-3750.0
-3750.0
-3750.0
-3750.0
-3750.0
3750.0
3750.0
3750.0
3750.0
3750.0
3750.0
3750.0
3750.0
-3750.0
-3750.0
-3750.0
-3750.0
-3750.0
-3750.0
3750.0
3750.0
3750.0
3750.0
3750.0
3750.0
3750.0
3750.0
-3750.0
3750.0
3750.0
-3750.0
-3750.0
-3750.0
-3750.0
-3750.0
3750.0
3750.0
3750.0
3750.0
3750.0
3750.0
3750.0
-3750.0
-3750.0
-3750.0
-3750.0
-3750.0
3750.0
3750.0
3750.0
3750.0
3750.0
3750.0
3750.0
-3750.0
-3750.0
3750.0
3750.0
3750.0
3750.0
-3750.0
-3750.0
-3024.545454545456
-221.2582956384058
3750.0
3750.0
3750.0
3750.0
3750.0
3750.0
3750.0
3750.0
3750.0
-3750.0
-3750.0
3750.0
3750.0
3750.0
3750.0
3750.0
3750.0
3750.0
-3750.0
-3750.0
-3750.0
-3750.0
-3750.0
3750.0
3750.0
3750.0
3750.0
3750.0
3750.0
3750.0
3750.0
3750.0
-1756.9930069930335
3750.0
3750.0
3750.0
-3750.0
-3750.0
-3750.0
-3750.0
3750.0
3750.0
3750.0
3750.0
3750.0
3750.0
3750.0
3750.0
3750.0
-3493.8403519798867
-3556.440860178901
-3518.0679005308
-1904.7447241283562
608.5708268827723
3750.0
3750.0
-141.74106420855742
731.344535350737
3750.0
3750.0
3750.0
-3750.0
-3750.0
-3750.0
-3750.0
-3750.0
-3289.3939393939418
3750.0
3750.0
3750.0
3750.0
3750.0
3750.0
3750.0
3750.0
-3426.136363636364
-3575.939671300811
-1553.0484434374603
-2733.580898149593
-2722.1900529359154
-408.39094607415177
-2715.3869776750644
-2948.2179928864543
-3374.805207354705
3750.0
3750.0
3750.0
3750.0
3750.0
3750.0
3750.0
3750.0
-3750.0
-3750.0
-3647.81690701936
-3621.0444444290233
-3750.0
-3750.0
3750.0
3750.0
3750.0
3750.0
3750.0
3750.0
-135.02662305361855
-538.5223669783261
-1505.9908869473384
3750.0
3750.0
3750.0
3750.0
-3750.0
-3750.0
-3750.0
-3750.0
-3750.0
-3750.0
3750.0
3750.0
3750.0
3750.0
3750.0
3750.0
-3750.0
-3750.0
-3750.0
1169.4476409666224
-3750.0
3750.0
3750.0
3750.0
3750.0
-3750.0
-3750.0
-3499.07885419578
-3750.0
-3750.0
-3750.0
3750.0
3750.0
3750.0
3750.0
3750.0
3750.0
3750.0
3750.0
3750.0
3750.0
2787.807986406109
2140.0436882041804
-946.969696969697
3750.0
3750.0
1453.8450391266542
-961.728814428661
-1165.0966395638522
-1108.9573534543597
377.9135602408787
3750.0
-3106.0606060606065
-2541.907514450867
-2705.625176050682
-2333.5757349555433
-2442.5579962958764
-2328.3330278560416
-1749.404950555467
3750.0
3750.0
3750.0
3750.0
3750.0
3750.0
-3750.0
-3750.0
-1413.5088358535256
-760.0085913526464
-1889.0075367735335
-2194.1521018358
-138.41384671022251
3750.0
3750.0
3750.0
3750.0
3750.0
3750.0
3750.0
3750.0
-3750.0
-3750.0
-3750.0
-3609.189723320157
-3750.0
3750.0
3750.0
3750.0
3750.0
3750.0
3750.0
2722.0194647201924
181.82839167122097
2515.7837765054965
1072.1141695323283
-315.99158613156806
-686.2265065575102
-1483.8448929739543
-195.2766991061785
3750.0
929.806154374787
3750.0
3750.0
-3750.0
-3750.0
-3750.0
-3750.0
-3750.0
-3750.0
3750.0
3750.0
3750.0
3750.0
3750.0
3750.0
3750.0
-301.77265053460906
-1960.0678975715427
-2174.2816424020984
-2090.588777711406
-2267.864791722882
-2407.2182291386816
-2671.3453079280316
3750.0
3750.0
3750.0
3750.0
3750.0
-3750.0
-3750.0
-3750.0
-3750.0
-1339.8520084566642
3750.0
3750.0
3750.0
3750.0
3750.0
3750.0
3750.0
3750.0
-3750.0
-3750.0
-3750.0
-3750.0
3750.0
3750.0
3750.0
3750.0
3750.0
3750.0
-3750.0
-3750.0
-3750.0
-3750.0
-3750.0
-3750.0
3750.0
3750.0
3750.0
3750.0
3750.0
3750.0
3750.0
3750.0
3750.0
3750.0
3750.0
3750.0
-3750.0
-3750.0
-3750.0
-3750.0
-3750.0
-3750.0
-3750.0
3750.0
3750.0
3750.0
3750.0
3750.0
3750.0
3750.0
3750.0
3750.0
3750.0
2468.1818181818016
-3446.969696969697
-2930.6224394451247
-3628.5741312078644
-3750.0
-3750.0
3750.0
3750.0
3750.0
3750.0
3750.0
3750.0
3750.0
-3750.0
-3750.0
-3750.0
-3750.0
-3750.0
3750.0
3750.0
3750.0
3750.0
1070.2959830866778
3750.0
3750.0
-155.76365782977336
-1058.0747958702368
-393.09509732724723
-311.7455721027236
-1138.049915435422
-1898.3273511394818
-2343.32884164994
-2093.142490796199
3750.0
3750.0
3750.0
-3750.0
-3750.0
-3750.0
-3750.0
-3750.0
3750.0
3750.0
3750.0
3750.0
3750.0
3750.0
3750.0
-3750.0
-3750.0
3750.0
3750.0
3750.0
3750.0
3750.0
3750.0
3750.0
-3750.0
-3750.0
-3750.0
3750.0
3750.0
3750.0
-2719.87951807229
-2288.433157270367
-1847.7538216965079
-536.0634673230797
3750.0
365.97283447269365
740.9846154398956
1657.1099549768194
3750.0
2882.5371496886264
1007.2284369181973
848.3520914622204
3750.0
635.3908737177201
-289.8184250796794
-1303.3176141545043
-848.7383636564693
3750.0
3750.0
-3750.0
3750.0
3750.0
3750.0
-3750.0
-3750.0
-3593.1695124258613
-814.897392737487
395.5509184527323
3750.0
3750.0
3750.0
3750.0
3750.0
3750.0
3750.0
-871.2121212121214
3750.0
3750.0
2138.4297520661075
3750.0
-1093.220338983041
3750.0
-3445.5453477192614
-3750.0
-3750.0
-3750.0
-3750.0
-3750.0
3750.0
3750.0
3750.0
3750.0
3750.0
-3750.0
3750.0
3750.0
3750.0
-3333.6463811670437
-3659.2127294362954
-3442.600514542115
-3750.0
-3750.0
-3750.0
-3750.0
3750.0
3750.0
3750.0
3750.0
3750.0
3750.0
3750.0
3750.0
-3750.0
-3750.0
-3594.3230933287114
-3515.5247733421184
-3750.0
3750.0
3750.0
3750.0
3750.0
3750.0
3750.0
3750.0
3750.0
-3667.2644982506836
-3750.0
-3750.0
-3750.0
-3750.0
-3750.0
3750.0
3750.0
3750.0
3750.0
3750.0
3750.0
3750.0
-3750.0
-3750.0
-3750.0
-3750.0
-3750.0
3750.0
3750.0
3750.0
3750.0
3750.0
3750.0
3750.0
3750.0
3750.0
-3750.0
-3750.0
-3750.0
-3750.0
-3750.0
-3750.0
-3750.0
3750.0
3750.0
3750.0
3750.0
3750.0
3750.0
3750.0
3750.0
3750.0
3750.0
3750.0
3750.0
3750.0
-3750.0
-3750.0
-3750.0
-3750.0
3750.0
3750.0
3750.0
3750.0
3750.0
3750.0
3750.0
3750.0
3750.0
-3422.1905086478655
2132.4763485416024
3600.4935231630498
611.5911834248327
3750.0
3750.0
0.0
0.0
0.0
0.0
3750.0
3750.0
3750.0
3750.0
-340.90909090909093
1902.7777777777774
0.0
0.0
0.0