Demand
-3750.0
-3750.0
3750.0
3750.0
3750.0
3750.0
3750.0
3750.0
3750.0
3750.0
3750.0
3750.0
3750.0
3750.0
-3750.0
-3750.0
-3750.0
-3750.0
-3750.0
-3750.0
-3750.0
3750.0
3750.0
3750.0
3750.0
3750.0
3750.0
3750.0
3750.0
-3750.0
-3750.0
-3750.0
-3750.0
-3750.0
-3750.0
3750.0
3750.0
3750.0
3750.0
3750.0
3750.0
3750.0
3750.0
-3750.0
-3750.0
-3750.0
-3750.0
3750.0
3750.0
3750.0
3750.0
3750.0
3750.0
3750.0
3750.0
3750.0
-3750.0
-3750.0
-3750.0
-3750.0
-3750.0
3750.0
3750.0
3750.0
3750.0
3750.0
3750.0
3750.0
3750.0
3750.0
3750.0
3750.0
3750.0
3750.0
-3750.0
-3750.0
-3750.0
3750.0
3750.0
3750.0
3750.0
3750.0
3750.0
-3750.0
3750.0
3750.0
3750.0
3750.0
-3750.0
-3513.3152474809003
-3611.6382139541474
-3750.0
-3750.0
-3750.0
3750.0
3750.0
3750.0
3750.0
3750.0
3750.0
3750.0
3750.0
3750.0
3750.0
3750.0
-3750.0
-3750.0
-3050.981079187107
-2822.0864980251936
-3036.63360091494
-2933.5117925983495
-1515.901780870511
3750.0
3750.0
3750.0
3750.0
3750.0
3750.0
3750.0
-3750.0
3750.0
3750.0
3750.0
-3750.0
-3750.0
-3750.0
-3750.0
-2613.6363636363685
3750.0
3750.0
3750.0
3750.0
3750.0
-3750.0
-3750.0
-3571.9491878384015
-3750.0
3750.0
3750.0
3750.0
3750.0
3750.0
3750.0
3750.0
3750.0
-3750.0
-3750.0
-3750.0
-3750.0
3750.0
3750.0
3750.0
3750.0
3750.0
3750.0
3750.0
3750.0
3750.0
3750.0
-3750.0
-3750.0
-3750.0
-3750.0
-3750.0
-3750.0
-3750.0
-3750.0
3750.0
3750.0
3750.0
3750.0
3750.0
3750.0
3750.0
3750.0
-3750.0
-3750.0
-3750.0
-3750.0
-3750.0
-3750.0
3750.0
3750.0
3750.0
3750.0
3750.0
3750.0
3750.0
3750.0
3750.0
-3750.0
-3750.0
-3750.0
-3750.0
3750.0
3750.0
3750.0
3750.0
3750.0
3750.0
-3616.4479850046864
-3750.0
-3750.0
3750.0
3750.0
3750.0
3750.0
3750.0
3750.0
3750.0
-3750.0
-3750.0
-3750.0
-3750.0
-3750.0
-3750.0
3750.0
3750.0
3750.0
3750.0
3750.0
3750.0
3750.0
3750.0
3750.0
3750.0
3750.0
-3750.0
-3374.5059288537577
3750.0
3750.0
3750.0
3750.0
3750.0
3750.0
-3750.0
-3750.0
-3750.0
3750.0
3750.0
3750.0
3750.0
-3750.0
-3750.0
-3750.0
-3750.0
-3750.0
-3750.0
3750.0
3750.0
3750.0
3750.0
3750.0
3750.0
3750.0
3750.0
3750.0
-2836.538461538462
-3367.236531884042
-3750.0
-3750.0
3750.0
3750.0
3750.0
3750.0
3750.0
-3670.8231824592895
-3402.34566456858
-3360.2466832329937
-3294.750206863282
-3607.2931077695275
-3534.764898383448
1108.4599996818802
3750.0
3750.0
3431.118054075547
1676.9133037137285
3750.0
3750.0
3750.0
1083.7856173676957
3550.906707450332
-3598.484848484849
-3630.824372759859
-3750.0
-3750.0
3750.0
3750.0
3750.0
3750.0
3750.0
-3750.0
-3750.0
-3750.0
-3570.448022997588
-3421.5494174719515
3750.0
3750.0
3750.0
3750.0
3750.0
3750.0
3750.0
3750.0
1041.4072229140713
188.50805361141397
-1403.1946231619295
-2723.465827347237
3750.0
3750.0
3750.0
3750.0
3750.0
-3750.0
-3750.0
-3750.0
-3750.0
-3750.0
-3750.0
3750.0
3750.0
3750.0
3750.0
3750.0
3750.0
3750.0
3750.0
-3750.0
-2259.519846356535
-3331.4782062040285
-3750.0
-3750.0
3750.0
3750.0
3750.0
3750.0
3750.0
3750.0
-3750.0
-3654.2955455982437
-3750.0
-3605.9402062187883
-3750.0
-2374.909635970662
3750.0
3750.0
3750.0
3750.0
3750.0
3750.0
3750.0
3750.0
3750.0
3750.0
2427.0018061408878
679.0860197204438
3750.0
-1047.114212166374
-1258.855684427891
-1781.1531910369877
-1774.4448416988462
-1561.6901949676192
1920.3615441422635
3750.0
1028.2242045729172
3750.0
3750.0
3750.0
-3750.0
-3750.0
-3750.0
-3750.0
-3750.0
-3750.0
3750.0
3750.0
-140.77340569878106
3750.0
-1003.1503538753777
3750.0
3750.0
3750.0
3750.0
3750.0
-3750.0
-3750.0
-3750.0
-3750.0
-3750.0
3750.0
3750.0
3750.0
3750.0
3750.0
3750.0
3750.0
3750.0
3750.0
3750.0
3750.0
3750.0
1167.1423702820134
-256.22856176030746
-674.186030222588
-1548.073932438773
-743.8643349932861
192.7981650564161
3750.0
3750.0
3750.0
3750.0
-3750.0
-3750.0
-3750.0
-3750.0
-3750.0
3750.0
3750.0
3750.0
3750.0
3750.0
3750.0
-2469.1011235955057
2077.893869542633
-827.4055274735085
-1011.8074432320702
-542.570263556242
-415.65354565888515
526.0068747623413
3750.0
-3750.0
3750.0
3750.0
3750.0
3750.0
-3750.0
-3750.0
-3750.0
-3750.0
-3067.808179513563
-3230.3072531732323
-1365.539154674438
3750.0
3750.0
3750.0
3750.0
3750.0
3750.0
3750.0
3750.0
-3750.0
-3750.0
3750.0
3750.0
3750.0
3750.0
3750.0
3750.0
-3750.0
-3750.0
-3750.0
-3750.0
-3750.0
-3750.0
3750.0
3750.0
3750.0
3750.0
3750.0
3750.0
3750.0
3750.0
3750.0
-3750.0
-3750.0
-3750.0
-3750.0
-3750.0
-3750.0
-3750.0
-3750.0
3750.0
3750.0
3750.0
3750.0
3750.0
3750.0
3750.0
3750.0
-2258.829300196212
3750.0
3750.0
-3507.3189522342063
-577.5682465761831
-3024.3098475139095
-2938.508491346778
-3632.212626169302
-3750.0
-3750.0
-3750.0
3750.0
3750.0
3750.0
3750.0
3750.0
3750.0
3750.0
-3750.0
-3750.0
-3750.0
-3750.0
2411.6524135950403
3750.0
3750.0
3502.9055965566085
572.703681799577
3750.0
3750.0
3750.0
3750.0
280.3030303030305
358.8210166595484
-652.3326581645995
-1581.6100210323086
-2177.8365420794744
-2346.1129232011263
-1446.1595004315088
3750.0
3750.0
3750.0
3750.0
-3750.0
-3750.0
-3750.0
3750.0
3750.0
3750.0
3750.0
3750.0
3750.0
-3750.0
3750.0
3750.0
3750.0
3750.0
-3750.0
-3750.0
-3750.0
-3750.0
-3750.0
3750.0
3750.0
3750.0
3750.0
3750.0
3750.0
3750.0
3750.0
-2371.856866537719
-1560.6661887045127
2155.945358163308
-860.1019326514349
-639.8756805013038
9.908240948689809
3494.1949001002645
1515.475052103504
939.2792878697767
849.44115691979
3750.0
-1445.2035694366984
-696.6961703619379
3750.0
-3073.318569928314
-3472.378912557987
-3644.484789927862
-3750.0
-3750.0
-3750.0
3750.0
3750.0
3750.0
3750.0
3750.0
3750.0
3750.0
3750.0
15.335011009752634
3750.0
1588.1591820232793
3750.0
3750.0
-871.2121212121214
3750.0
-1493.4017595307923
-1874.9777162037583
-1722.1334109953168
-1227.3784478006828
3750.0
3750.0
3750.0
-3750.0
-3750.0
-3750.0
3750.0
3750.0
3750.0
3750.0
3750.0
3750.0
3750.0
3750.0
3750.0
3750.0
-3293.5618193465734
-3645.5121507565545
-3362.473781414461
-3750.0
-3750.0
3750.0
3750.0
3750.0
3750.0
3750.0
3750.0
3750.0
-3750.0
-3750.0
-3750.0
-3750.0
3750.0
3750.0
3750.0
3750.0
3750.0
3750.0
3750.0
-2733.3531510107023
-2441.798994605
-3327.5741679620814
-2025.5475927539303
-3049.633574255633
-3376.036863271337
3750.0
3750.0
3750.0
3750.0
3750.0
3750.0
-3750.0
-3750.0
-3750.0
-3750.0
3750.0
3750.0
3750.0
3750.0
3750.0
-3750.0
-3750.0
-3750.0
-3750.0
-3750.0
-3750.0
3750.0
3750.0
3750.0
3750.0
3750.0
3750.0
3750.0
3750.0
3750.0
3750.0
-3750.0
-3750.0
-3750.0
-3750.0
-3750.0
-3750.0
-3750.0
-3750.0
3750.0
3750.0
3750.0
3750.0
3750.0
3750.0
3750.0
3750.0
-3750.0
-3750.0
3750.0
3750.0
3750.0
-3750.0
-3750.0
3750.0
3750.0
3750.0
3750.0
-3481.6384180790965
-3442.3488822832724
1485.7481658453155
2976.266861430934
461.22608266542784
3750.0
3750.0
3750.0
0.0
0.0
0.0
0.0
3750.0
0.0
0.0
-340.90909090909093
2031.2499999999982
0.0
0.0
0.0