Demand
3750.0
3750.0
3750.0
3750.0
3750.0
3750.0
3750.0
3750.0
3750.0
3750.0
3750.0
3750.0
3750.0
3750.0
3750.0
3750.0
3750.0
3750.0
3750.0
3750.0
3750.0
3750.0
3750.0
3750.0
3750.0
3750.0
3750.0
3750.0
3750.0
3750.0
-3750.0
-3750.0
-3750.0
3750.0
3750.0
3750.0
3750.0
3750.0
3750.0
3750.0
3750.0
3750.0
-3750.0
-3750.0
-3750.0
-3750.0
-3750.0
-3750.0
3750.0
3750.0
3750.0
3750.0
3750.0
3750.0
3750.0
3750.0
-3750.0
-3750.0
-3750.0
3750.0
3750.0
3750.0
3750.0
3750.0
-3750.0
-3750.0
-3750.0
-3750.0
3750.0
3750.0
3750.0
3750.0
3750.0
3750.0
3750.0
3750.0
-3750.0
-3750.0
-3750.0
-3750.0
-3750.0
3750.0
3750.0
3750.0
3750.0
3750.0
3750.0
-3750.0
-3750.0
3750.0
3750.0
3750.0
3750.0
-3750.0
-3750.0
-3750.0
-3750.0
-3750.0
3750.0
3750.0
3750.0
3750.0
3750.0
3750.0
3750.0
3750.0
3750.0
-1899.3506493506502
3750.0
3750.0
3750.0
3750.0
-3671.9178082191784
-3750.0
-3750.0
-3750.0
-3750.0
-3750.0
3750.0
3750.0
3750.0
3750.0
3750.0
3750.0
-3750.0
-3750.0
-3750.0
-3181.677696337827
3750.0
3750.0
3750.0
3750.0
3750.0
3750.0
3750.0
-3643.8152011922493
-3750.0
-3750.0
3750.0
3750.0
3750.0
3750.0
3750.0
3750.0
-3750.0
-3750.0
-3750.0
-3750.0
-3750.0
3750.0
3750.0
3750.0
3750.0
3750.0
3750.0
-3750.0
-3750.0
-3750.0
-3750.0
-3750.0
-3750.0
-3750.0
3750.0
3750.0
3750.0
3750.0
3750.0
3750.0
3750.0
3750.0
3750.0
3750.0
-3750.0
-3750.0
-3750.0
-3750.0
-3750.0
3750.0
3750.0
3750.0
3750.0
3750.0
3750.0
3750.0
3750.0
3750.0
3750.0
-3750.0
3750.0
3750.0
3750.0
-3750.0
3750.0
3750.0
3750.0
3750.0
3750.0
3750.0
-3506.7982705654795
-3486.656723864625
-3652.995656329027
-3750.0
-3750.0
-3750.0
-3750.0
-3750.0
3750.0
3750.0
3750.0
3750.0
3750.0
3750.0
3750.0
3750.0
-3750.0
-3750.0
-3750.0
-3750.0
-3750.0
3750.0
3750.0
3750.0
3750.0
3750.0
3750.0
3750.0
3750.0
3750.0
-3634.677636903157
3750.0
3750.0
-3181.818181818182
-1886.094674556215
-3750.0
3750.0
3750.0
3750.0
3750.0
3750.0
3750.0
-3750.0
-3750.0
-3750.0
-3750.0
3750.0
3750.0
3750.0
3750.0
3750.0
3750.0
3750.0
3750.0
-2247.217068645641
-597.6920602584053
1778.5105874567616
2983.7838331094918
-70.09201503041322
-192.7596780552667
3750.0
3750.0
3750.0
3750.0
-3750.0
-3750.0
3750.0
3750.0
3750.0
-3427.6859504132235
-3397.2348916761703
-3353.280552345389
-3633.5937827330063
-3599.7892400580704
-1870.1106087919734
-1295.886117171731
3750.0
3750.0
3750.0
3750.0
3750.0
3750.0
3750.0
-2559.056796861678
-2482.571519953278
3750.0
3750.0
3750.0
3750.0
3750.0
3750.0
-3750.0
-3750.0
-3750.0
-3750.0
-3750.0
3750.0
3750.0
3750.0
3750.0
3750.0
3750.0
3750.0
3750.0
-614.7822765469864
666.7023267892325
1728.7340270187187
1012.7639821561263
2325.6291674822323
3750.0
3750.0
-3750.0
-3750.0
-3750.0
-3750.0
-3750.0
3750.0
3750.0
3750.0
3750.0
3750.0
3750.0
3750.0
3750.0
3750.0
-3750.0
3750.0
3750.0
3750.0
3750.0
166.49048625792625
3750.0
-3750.0
-3750.0
-3750.0
-3750.0
236.0139860139825
3750.0
3750.0
3750.0
3750.0
3750.0
3750.0
3750.0
3750.0
-3588.068181818183
-3078.555733720542
-2769.2172400160516
3750.0
3750.0
2482.4815628159477
2101.9751856998255
-946.969696969697
3750.0
3750.0
3478.8429020049916
8.857495006485806
-354.02287460645243
-523.7212017796728
108.70493399647762
156.17818211020585
13.078355333238278
3750.0
724.8664660775373
3750.0
3750.0
-3102.6405451448045
-3213.401991919036
-3440.737138753043
-3620.9531256002474
-3750.0
-3750.0
3750.0
3750.0
3750.0
3750.0
3750.0
3750.0
-2446.2970246384966
638.366433649778
3750.0
3750.0
3750.0
-3750.0
-3750.0
3750.0
3750.0
3750.0
-3750.0
-3750.0
-3750.0
-3750.0
-3478.5714285714303
-3750.0
3750.0
3750.0
3750.0
3750.0
3750.0
3750.0
3750.0
3750.0
3750.0
3750.0
3750.0
3750.0
3750.0
3750.0
3750.0
-2763.13619874684
-3163.380168784335
-3327.734771971668
3750.0
3750.0
3750.0
3750.0
3750.0
3750.0
3750.0
-3750.0
-3750.0
-3750.0
-3750.0
-1566.6496424923416
-411.77398303241375
3750.0
3750.0
2917.483943720714
2624.9217379926567
1553.7338397238764
2700.906806496215
1123.6574052854437
3750.0
3750.0
3750.0
3750.0
-3750.0
-3750.0
-3750.0
-3750.0
-3750.0
3750.0
3750.0
3750.0
3750.0
3750.0
3750.0
3750.0
3750.0
-3750.0
-3750.0
3750.0
3750.0
3750.0
3750.0
3750.0
3750.0
3750.0
3750.0
-3750.0
-3750.0
-3750.0
-3750.0
-3750.0
-3750.0
3750.0
3750.0
3750.0
3750.0
3750.0
3750.0
-3386.7884451996606
-3750.0
-3750.0
-3750.0
3750.0
3750.0
3750.0
3750.0
3750.0
3750.0
3750.0
3750.0
-3750.0
-3750.0
-3750.0
-3750.0
-3750.0
-3750.0
-3750.0
3750.0
3750.0
3750.0
3750.0
3750.0
3750.0
3750.0
3750.0
3750.0
-3750.0
3750.0
3750.0
3750.0
3750.0
-3750.0
-3750.0
-3750.0
-3750.0
-3750.0
3750.0
3750.0
3750.0
3750.0
3750.0
3750.0
-1981.461371393112
-2587.62198245118
-2843.5427855134076
-1829.9773933668068
3750.0
3750.0
1294.3624904377248
2843.437359539035
1526.7762309129657
80.44111636369735
3750.0
-2708.6776859504134
-3093.4286014132804
-3540.411169903088
-3750.0
-3750.0
-3750.0
-3750.0
3750.0
3750.0
3750.0
3750.0
3750.0
3750.0
3750.0
3750.0
3750.0
3750.0
3750.0
-3750.0
3750.0
3750.0
3750.0
3750.0
3750.0
3750.0
-3750.0
-3750.0
3750.0
3750.0
3750.0
-3750.0
-2590.1577761081917
-2279.5240679542985
-1503.2329151646811
-553.2958386780108
2180.560999996207
3750.0
3159.5741783628864
2403.570020953817
2676.794603187521
3750.0
3117.5071706529216
960.7895981854731
849.6022823480228
3750.0
-1401.988636363637
-1927.8068222964775
-2563.5675966336257
-2710.0227435952756
-2986.791704094183
3750.0
3750.0
3750.0
3750.0
-3750.0
-3750.0
-3750.0
-2948.6879100281194
3750.0
3750.0
3750.0
3750.0
3750.0
3750.0
3750.0
3750.0
3750.0
3750.0
903.094789538927
-519.9420009978694
-902.9197281157024
-122.44819024407525
3288.9388519793256
259.7700641147112
3750.0
3750.0
-3750.0
-3750.0
-3750.0
3750.0
3750.0
3750.0
3750.0
3750.0
3750.0
3750.0
-3750.0
-3750.0
-3496.98153409091
-2909.447865388772
-3484.1749580018522
784.9645474236961
3750.0
3750.0
3750.0
3750.0
3750.0
3750.0
3750.0
-3750.0
3750.0
3750.0
3750.0
3750.0
3750.0
-3750.0
-3618.2141866272086
-3569.800294820854
-3750.0
3750.0
3750.0
3750.0
3750.0
3750.0
3750.0
3750.0
3750.0
-1899.3506493506557
3750.0
3750.0
3750.0
3750.0
-3750.0
-3750.0
-3750.0
-3750.0
-3750.0
-3750.0
-3750.0
3750.0
3750.0
3750.0
3750.0
3750.0
3750.0
3750.0
3750.0
3750.0
-3750.0
-3750.0
-3750.0
-3750.0
-3750.0
3750.0
3750.0
3750.0
3750.0
3750.0
3750.0
3750.0
3750.0
3750.0
-3750.0
-3750.0
-3750.0
-3750.0
-3750.0
-3750.0
3750.0
3750.0
3750.0
3750.0
3750.0
3750.0
3750.0
3750.0
3750.0
3750.0
-3750.0
-3750.0
-3750.0
3750.0
3750.0
3750.0
-3486.923076923077
-3449.8938442311737
-3388.171564788111
-3265.0989795125233
3750.0
3750.0
3709.229681250718
3750.0
3750.0
3750.0
0.0
0.0
3750.0
0.0
0.0
0.0
0.0
-340.90909090909093
1929.824561403508
0.0
0.0
0.0