Demand
3750.0
3750.0
3750.0
3750.0
3750.0
3750.0
3750.0
3750.0
3750.0
3750.0
3750.0
3750.0
3750.0
3750.0
3750.0
3750.0
3750.0
3750.0
3750.0
3750.0
3750.0
3750.0
3750.0
3750.0
3750.0
3750.0
3750.0
-3750.0
-3750.0
-3750.0
-3750.0
-3750.0
-3750.0
-3750.0
3750.0
3750.0
3750.0
3750.0
3750.0
3750.0
3750.0
3750.0
3750.0
-3750.0
-3750.0
-3750.0
-3750.0
-3750.0
-3750.0
3750.0
3750.0
3750.0
3750.0
3750.0
3750.0
-3750.0
-3750.0
3750.0
3750.0
3750.0
3750.0
3750.0
3750.0
-3750.0
-3750.0
-3750.0
-3750.0
3750.0
3750.0
3750.0
3750.0
3750.0
-3750.0
-3750.0
-3750.0
-3750.0
-3750.0
-3750.0
-3750.0
3750.0
3750.0
3750.0
3750.0
3750.0
3750.0
3750.0
3750.0
-3750.0
-3750.0
-3556.85448736567
-3640.9837646734986
-3750.0
-3750.0
-3750.0
-3750.0
3750.0
3750.0
3750.0
3750.0
3750.0
3750.0
3750.0
3750.0
3750.0
-3666.422287390029
-3750.0
-3750.0
-2290.57230237728
1572.2704121424879
3750.0
3750.0
3750.0
3750.0
3750.0
-3750.0
-3750.0
-3750.0
-3750.0
3750.0
3750.0
3750.0
3750.0
3750.0
3750.0
3750.0
-3750.0
-3750.0
-3149.458157736306
3750.0
3750.0
3750.0
3750.0
3750.0
3750.0
3750.0
3750.0
3750.0
-3750.0
3750.0
3750.0
3750.0
3750.0
3750.0
3750.0
3750.0
-3750.0
-3750.0
-3750.0
-3750.0
3750.0
3750.0
3750.0
3750.0
3750.0
3750.0
3750.0
-3750.0
-3750.0
-3750.0
-3750.0
-3750.0
3750.0
3750.0
3750.0
3750.0
3750.0
-3750.0
-3750.0
-3750.0
3750.0
3750.0
3750.0
3750.0
-3750.0
-3750.0
-3750.0
-3750.0
-3750.0
3750.0
3750.0
3750.0
3750.0
3750.0
3750.0
-3750.0
-3750.0
-3750.0
-3750.0
-3750.0
3750.0
3750.0
3750.0
3750.0
3750.0
-3750.0
-3750.0
-3750.0
-3750.0
435.3146853147034
3750.0
3750.0
3750.0
3750.0
3750.0
3750.0
3750.0
-3750.0
-3750.0
3750.0
3750.0
3750.0
3750.0
3750.0
-3750.0
-3750.0
-3750.0
3750.0
3750.0
3750.0
3750.0
3750.0
3750.0
-3750.0
-3612.185686653773
-3171.1785605684754
-3750.0
3750.0
3750.0
3750.0
3750.0
3750.0
3750.0
3750.0
3750.0
-3750.0
3750.0
3750.0
3750.0
3750.0
-3750.0
-3750.0
-3750.0
-3750.0
3750.0
3750.0
3750.0
3750.0
3750.0
3750.0
3750.0
-3520.280384593242
-3480.0001010735177
-1717.4432968486037
513.4558692106305
3213.6677176736284
3750.0
216.51358486346658
-775.0668364835881
-1339.0783232322283
3750.0
3750.0
3750.0
3750.0
3750.0
3750.0
-3750.0
-3624.7344516885205
-3119.96532451838
-2873.866601283653
-2138.478522404871
1213.7239253096595
3750.0
3750.0
3750.0
3750.0
3750.0
3750.0
3750.0
3750.0
-2956.864564007423
3750.0
3750.0
3750.0
3750.0
-3750.0
-3750.0
-3750.0
3750.0
3750.0
3750.0
-3750.0
-3750.0
-3750.0
-3750.0
-2516.2337662337804
3750.0
3750.0
3750.0
3750.0
3750.0
3750.0
3750.0
3750.0
-826.2090864680006
3750.0
-2992.4242424242425
1335.922009253125
-1391.4975660449156
3750.0
3750.0
3750.0
3750.0
3750.0
-3750.0
-3750.0
-3750.0
-3750.0
3750.0
3750.0
3750.0
3750.0
3750.0
-3750.0
-3750.0
3750.0
3750.0
-2631.6219751471563
-3750.0
-2122.855940428888
-3294.089365376246
-3750.0
-3750.0
3750.0
3750.0
3750.0
3750.0
3750.0
3750.0
3750.0
-3658.5357242624896
-3750.0
-3617.232137090863
-3750.0
-2844.1344151567273
3750.0
3750.0
3750.0
3750.0
3750.0
3750.0
3750.0
3750.0
3750.0
-1363.6363636363637
3750.0
54.90956072351241
-225.8553015096254
274.3168628440553
60.66406143380004
-568.0504970388395
33.96808554702761
2281.7028126768946
3750.0
3750.0
300.55057791057015
3750.0
3750.0
3750.0
3750.0
3750.0
-3750.0
3750.0
3750.0
3750.0
3750.0
3750.0
2627.622377622335
3750.0
-1875.1897581214396
3750.0
3750.0
-3750.0
-3750.0
-3750.0
-3750.0
-3750.0
-3750.0
3750.0
3750.0
3750.0
3750.0
3750.0
3750.0
3750.0
-2682.9039988018585
-2230.338506166342
3750.0
3750.0
2967.626382572589
58.4186063699392
2669.7316038871127
681.0527176475523
-495.3389865231238
1757.875916153775
3750.0
-2599.2804077091487
-3022.434808428613
-3140.6578623135783
-3462.19863204339
-3639.6682679428313
-3750.0
-3750.0
-3750.0
3750.0
3750.0
3750.0
3750.0
3750.0
3750.0
3750.0
3750.0
-2960.0886917960097
-2827.8767910145807
114.4056457209831
-1749.768579356206
-2002.7702682770887
-1941.043571064235
-2190.163069555687
-2452.602364794636
-2961.8131648860426
-3750.0
3750.0
3750.0
3750.0
3750.0
3750.0
3750.0
3750.0
-3750.0
-2790.4040404040434
-1800.9118541033588
3750.0
3750.0
3750.0
3750.0
3750.0
3750.0
3750.0
3750.0
3750.0
3750.0
-3750.0
-3750.0
-3750.0
-3750.0
-3750.0
-3750.0
-3750.0
3750.0
3750.0
3750.0
3750.0
3750.0
3750.0
3750.0
-3750.0
3750.0
3750.0
-3750.0
-3371.896519047318
-3750.0
-3750.0
-3750.0
-3750.0
3750.0
3750.0
3750.0
3750.0
3750.0
3750.0
3750.0
3750.0
3750.0
3750.0
-3750.0
-3750.0
-3750.0
-3750.0
3750.0
3750.0
3750.0
3750.0
3750.0
3750.0
3750.0
-1818.8876341050245
-2798.2817840905363
3750.0
3750.0
3750.0
3750.0
3750.0
-3750.0
-3750.0
-3750.0
-3750.0
3750.0
3750.0
3750.0
3750.0
3750.0
-2878.6698218142983
130.8523949430803
-1823.8604238578691
-2492.636486372139
-2786.231584200307
-1799.9986283184644
3750.0
3750.0
1439.8031331678035
2745.0992084160907
2084.382941835297
305.49543080297553
-48.76061466168858
3750.0
3750.0
-3538.497217068646
-3750.0
-3750.0
-3750.0
-3750.0
-3750.0
3750.0
3750.0
3750.0
3750.0
3750.0
3750.0
3750.0
3750.0
3750.0
3750.0
3750.0
-3750.0
-3750.0
3750.0
3750.0
3750.0
3750.0
3750.0
-3750.0
-3750.0
-3750.0
-3750.0
-3750.0
-692.0600858369132
1659.159036851198
3750.0
3750.0
3750.0
3750.0
3750.0
3750.0
2954.6245351735224
3750.0
475.4642905418341
3750.0
3750.0
3750.0
-823.5593520403656
-1538.782497122027
-2393.3992700756535
-2732.52861957817
-3296.574806159273
-3548.5042906325943
-3750.0
-3750.0
3750.0
3750.0
3750.0
3750.0
3750.0
3750.0
3750.0
3750.0
3750.0
-772.8591011653009
3750.0
619.8147012771944
3750.0
3750.0
3016.971688641196
-443.1481973749644
-1461.8878444951397
-1928.8223989069384
-1996.5391783080443
-2238.600580636534
-2432.1344335030362
-414.5699454662056
3750.0
3750.0
3750.0
3750.0
-3750.0
-3750.0
-3750.0
3750.0
3750.0
3750.0
3750.0
3750.0
3750.0
-3596.0846084608465
-2988.05102000841
3750.0
3750.0
-3750.0
-3750.0
-3750.0
-3750.0
-3750.0
-3750.0
3750.0
3750.0
3750.0
3750.0
3750.0
3750.0
3750.0
-3750.0
-3651.9656019656013
-3617.6915860129748
-3750.0
3750.0
3750.0
3750.0
3750.0
3750.0
-3360.3896103896104
-2156.4376250833893
-3089.099715203395
-3341.518968694929
3750.0
3750.0
3750.0
3750.0
3750.0
-3750.0
-3750.0
-3750.0
-3750.0
-3750.0
-3750.0
3750.0
3750.0
3750.0
3750.0
3750.0
3750.0
3750.0
3750.0
3750.0
3750.0
-3750.0
-3750.0
-3750.0
-3750.0
-3750.0
-3750.0
3750.0
3750.0
3750.0
3750.0
3750.0
3750.0
3750.0
3750.0
3750.0
3750.0
3750.0
-3750.0
-3750.0
-3750.0
3750.0
3750.0
3750.0
3750.0
-3750.0
-3750.0
-3750.0
-3750.0
3750.0
3750.0
3750.0
3750.0
3750.0
3750.0
-3750.0
-3094.6267055036033
-2504.7476739876865
3750.0
3750.0
3750.0
3750.0
3750.0
3750.0
3750.0
3750.0
3750.0
3750.0
3750.0
3750.0
3750.0
3750.0
0.0
-340.90909090909093
2031.2499999999982
0.0
0.0
0.0