Demand
3750.0
3750.0
3750.0
3750.0
3750.0
3750.0
3750.0
3750.0
3750.0
3750.0
3750.0
3750.0
3750.0
3750.0
3750.0
3750.0
3750.0
3750.0
3750.0
3750.0
3750.0
3750.0
3750.0
-3750.0
-3750.0
-3750.0
-3750.0
-3750.0
3750.0
3750.0
3750.0
3750.0
3750.0
3750.0
3750.0
3750.0
3750.0
3750.0
3750.0
-3750.0
-3750.0
-3750.0
-3750.0
-3750.0
3750.0
3750.0
3750.0
3750.0
3750.0
-3750.0
-3750.0
-3750.0
3750.0
3750.0
3750.0
3750.0
3750.0
3750.0
-3750.0
3750.0
3750.0
3750.0
-3750.0
-3750.0
-3750.0
-3750.0
-3750.0
-3750.0
3750.0
3750.0
3750.0
3750.0
3750.0
3750.0
3750.0
-3750.0
-3750.0
-3750.0
-3750.0
3750.0
3750.0
3750.0
3750.0
3750.0
-3750.0
3750.0
3750.0
3750.0
3750.0
3750.0
3750.0
-3750.0
-3750.0
-3750.0
-3750.0
-3750.0
3750.0
3750.0
3750.0
3750.0
3750.0
3750.0
3750.0
3750.0
3750.0
-3750.0
-3750.0
-2876.860072527199
-2286.2618614425155
-1584.5808673070144
3750.0
3750.0
3750.0
3750.0
3750.0
-3750.0
3750.0
3750.0
3750.0
3750.0
3750.0
-3750.0
-3750.0
-3750.0
-3750.0
-3750.0
-3750.0
-2902.5063721325414
3750.0
3750.0
3750.0
3750.0
3750.0
3750.0
3750.0
-3662.743185985345
-3750.0
-3750.0
-3750.0
-3750.0
3750.0
3750.0
3750.0
3750.0
3750.0
3750.0
-3750.0
-3750.0
-3750.0
-3750.0
3750.0
3750.0
3750.0
3750.0
3750.0
3750.0
3750.0
3750.0
3750.0
-3750.0
-3750.0
-3750.0
3750.0
3750.0
3750.0
3750.0
3750.0
-3750.0
-3750.0
-3750.0
-3750.0
-3750.0
-3750.0
-3750.0
3750.0
3750.0
3750.0
3750.0
3750.0
3750.0
3750.0
3750.0
-3750.0
-3750.0
-3750.0
-3750.0
-3750.0
-3750.0
3750.0
3750.0
3750.0
3750.0
3750.0
3750.0
3750.0
3750.0
-3750.0
-3750.0
-3416.796570537802
-3343.559118138164
-3565.7329065257472
-3750.0
3750.0
3750.0
3750.0
3750.0
3750.0
3750.0
3750.0
3750.0
-3750.0
-3750.0
-3750.0
-3750.0
3750.0
3750.0
3750.0
3750.0
3750.0
3750.0
-3750.0
-3750.0
-3750.0
-3578.2270215971885
-3001.0942535345794
-3750.0
3750.0
3750.0
3750.0
3750.0
3750.0
3750.0
3750.0
3750.0
3750.0
3750.0
-3750.0
3750.0
3750.0
3750.0
3750.0
3750.0
3750.0
-3750.0
-3750.0
-3750.0
-3750.0
-3750.0
-3750.0
3750.0
3750.0
3750.0
3750.0
3750.0
3750.0
204.90026019080642
-1267.1433959301885
-2068.1689060453728
-2916.3292554719956
-3750.0
3750.0
3750.0
3750.0
3750.0
3750.0
3750.0
3750.0
-3397.495361781077
-3348.6428870121536
-3267.9086620375565
-3589.909092395582
-3459.9663136258323
3750.0
3750.0
3750.0
3750.0
3750.0
3750.0
3750.0
-2930.860123483075
-1211.4366003251441
-2979.62407599346
-3214.097931806892
-3562.4831297803094
-3750.0
3750.0
3750.0
3750.0
3750.0
3750.0
3750.0
3750.0
-3750.0
-3750.0
-3642.937640871526
-3619.657113353899
-3750.0
-3750.0
3750.0
3750.0
3750.0
3750.0
3750.0
3750.0
3750.0
3750.0
-2944.3372520865123
-3652.1297436042405
-3750.0
-3750.0
-3750.0
-3750.0
-3750.0
3750.0
3750.0
3750.0
3750.0
3750.0
3750.0
3750.0
3750.0
-3750.0
-3750.0
-3750.0
-3750.0
-3750.0
3750.0
3750.0
3750.0
3750.0
3750.0
3750.0
-3750.0
-3750.0
-2595.417301821647
3750.0
3750.0
3750.0
3750.0
3750.0
-3750.0
-3651.0313626592533
-3750.0
-3443.328312783814
-2072.05593123173
597.6442409215224
3750.0
3750.0
3750.0
3750.0
3750.0
3750.0
0.0
3750.0
1631.1188811188758
1166.0645801944934
3750.0
-2689.3939393939395
-1535.9300820025908
-2097.1076370594956
-2275.219537472971
-2458.4076146693305
-1970.1938989089529
-2089.166963900995
-1934.4260357810915
-1306.9660794444846
3750.0
-501.806155980179
3750.0
3750.0
3750.0
3750.0
3750.0
3750.0
-2157.2280178837545
-1902.2437103924112
-2731.7382137475342
-3153.503107581594
-3559.1460757380173
-3750.0
-3750.0
3750.0
3750.0
3750.0
3750.0
3750.0
3750.0
3750.0
3750.0
3750.0
3750.0
-3750.0
3750.0
3750.0
-2804.4127405441295
-2478.7368025360456
2354.366840933889
3263.3560752444055
2200.881733171721
-141.23922448344547
2128.9049202886345
711.9265254180448
-528.4664442493795
-588.5762268413218
-345.97628064139235
3750.0
3750.0
-2789.6781735662225
-3107.2552050892955
-2457.1270098927143
3750.0
3750.0
3750.0
3750.0
3750.0
-3750.0
-3750.0
-3750.0
-3750.0
-3750.0
-3750.0
-1118.476836011242
1407.1505331418791
3750.0
3750.0
3750.0
3750.0
673.3452689469941
3750.0
3750.0
3750.0
-3750.0
-3750.0
-3750.0
3750.0
3750.0
3750.0
3750.0
3750.0
-3437.842278203724
-3568.6788638807557
-3400.141191325348
-3179.241755062788
3750.0
-3750.0
3750.0
3750.0
3750.0
-3750.0
-3750.0
-3750.0
3750.0
3750.0
3750.0
3750.0
3750.0
3750.0
3750.0
3750.0
-3750.0
-3750.0
-3750.0
-3750.0
3750.0
3750.0
3750.0
3750.0
3750.0
-3750.0
-3426.805046874839
-3750.0
-3750.0
-3750.0
3750.0
3750.0
3750.0
3750.0
3750.0
3750.0
3750.0
-3750.0
-3750.0
-3750.0
-3750.0
-3750.0
3750.0
3750.0
3750.0
3750.0
3750.0
-3562.7747738642693
-3750.0
-3369.505346909912
2087.659608081501
-2460.072979265042
-1865.2997393109845
-3256.757397739204
3750.0
3750.0
3750.0
3750.0
3750.0
3750.0
3750.0
-3750.0
-3750.0
-3750.0
-3750.0
-3750.0
3750.0
3750.0
3750.0
3750.0
3750.0
3750.0
3750.0
3750.0
1794.2769665567585
549.839987054441
-539.8190871420802
241.92681602083508
312.47832348830684
-693.6410941243541
-1634.814229291282
-2268.229167691573
-2567.060066110621
-2996.347226637132
3750.0
3750.0
3750.0
3750.0
3750.0
-3750.0
-3750.0
-3151.4401440144047
3750.0
3750.0
3750.0
3750.0
3750.0
3750.0
3750.0
-3750.0
-3750.0
-3750.0
-3750.0
-3750.0
3750.0
3750.0
3750.0
3750.0
3750.0
3750.0
-3750.0
-3750.0
-2215.909090909093
-1413.7168141592956
1278.1206676312615
3750.0
3750.0
3750.0
3750.0
1440.2946309388376
3750.0
-2007.5757575757575
3750.0
3750.0
3750.0
1656.0462359217586
1327.0728780581371
255.72688649007932
-617.6788333341117
3750.0
-1369.6108476042202
3750.0
3750.0
3750.0
-3750.0
-3750.0
-3750.0
-3750.0
3750.0
3750.0
3750.0
3750.0
3750.0
3750.0
0.0
3750.0
3750.0
3750.0
3750.0
3750.0
-974.0259740259717
3750.0
-2015.926986399427
-2394.0126694366872
-2825.5306962132263
-3065.2411110687
-3750.0
-3750.0
3750.0
3750.0
3750.0
3750.0
3750.0
3750.0
3750.0
3750.0
3750.0
3750.0
3750.0
3750.0
3750.0
3750.0
3750.0
3750.0
3750.0
-3750.0
3750.0
3750.0
3750.0
3750.0
3750.0
3750.0
3750.0
3750.0
-3750.0
-3750.0
-3750.0
-3207.401237505953
3750.0
3750.0
3750.0
3750.0
3750.0
3750.0
3750.0
3750.0
-2048.8980716253445
-2963.8522493605506
-1537.3052101619878
3750.0
3750.0
3750.0
3750.0
3750.0
3750.0
-3750.0
-3750.0
-3750.0
-3750.0
3750.0
3750.0
3750.0
3750.0
3750.0
3750.0
-3750.0
-3750.0
-3750.0
-3750.0
-3750.0
-3750.0
3750.0
3750.0
3750.0
3750.0
3750.0
3750.0
3750.0
3750.0
3750.0
3750.0
-3750.0
-3750.0
-3750.0
-3750.0
-3750.0
-3750.0
3750.0
3750.0
3750.0
3750.0
3750.0
3750.0
3750.0
-3750.0
-3750.0
-3750.0
-3750.0
3750.0
3750.0
3750.0
3750.0
3750.0
3750.0
3750.0
3750.0
-3470.4054937867886
-3437.504298121771
-3388.1971413923284
2461.744038674552
3750.0
1018.0011985630865
3750.0
3750.0
3750.0
3750.0
0.0
0.0
0.0
0.0
0.0
3750.0
3529.9318836782813
-946.969696969697
3750.0
0.0
0.0