Demand
-3750.0
-3750.0
-3750.0
-3750.0
-3750.0
-3750.0
3750.0
3750.0
3750.0
3750.0
3750.0
3750.0
3750.0
3750.0
-3750.0
-3750.0
3750.0
3750.0
3750.0
3750.0
3750.0
-3750.0
-3750.0
-3750.0
-3750.0
-3750.0
3750.0
3750.0
3750.0
3750.0
3750.0
3750.0
3750.0
-3750.0
-3750.0
-3750.0
-3750.0
-3750.0
-3062.1480289621923
-3750.0
3750.0
3750.0
3750.0
3750.0
3750.0
3750.0
3750.0
3750.0
-3750.0
-3750.0
-3750.0
-3750.0
3750.0
3750.0
3750.0
3750.0
3750.0
3750.0
3750.0
-3750.0
-3750.0
-3750.0
-3750.0
-3750.0
-3750.0
3750.0
3750.0
3750.0
3750.0
3750.0
3750.0
3750.0
-3750.0
-3750.0
-3750.0
-3750.0
3750.0
3750.0
3750.0
3750.0
3750.0
3750.0
3750.0
3750.0
3750.0
3750.0
3750.0
-3750.0
-3750.0
-3469.6852606435314
-3505.4072080779724
3750.0
3750.0
3750.0
3750.0
3750.0
3750.0
-3750.0
-3750.0
-3750.0
3750.0
3750.0
3750.0
3750.0
3750.0
3750.0
-3750.0
-3131.5391769355974
-2905.6645551380134
-3050.6407971689177
-2695.045059257349
3750.0
3750.0
3750.0
3750.0
3750.0
-3750.0
-3750.0
-3750.0
-3750.0
-3750.0
3750.0
3750.0
3750.0
3750.0
3750.0
3750.0
3750.0
3750.0
3750.0
-3750.0
-3750.0
-3750.0
3750.0
3750.0
3750.0
3750.0
3750.0
-3750.0
-3750.0
-3750.0
3750.0
3750.0
3750.0
3750.0
3750.0
3750.0
-3750.0
-3750.0
-3750.0
3750.0
3750.0
3750.0
3750.0
3750.0
3750.0
-3750.0
3750.0
3750.0
3750.0
3750.0
3750.0
-3750.0
-3750.0
-3750.0
-3750.0
-3750.0
-3750.0
3750.0
3750.0
3750.0
3750.0
3750.0
3750.0
3750.0
3750.0
3750.0
3750.0
-3750.0
-3750.0
-3750.0
-3750.0
-3750.0
3750.0
3750.0
3750.0
3750.0
3750.0
3750.0
3750.0
-3750.0
-3750.0
-3750.0
-3750.0
3750.0
3750.0
3750.0
3750.0
3750.0
3750.0
-3649.264809840238
-3750.0
-3750.0
-3750.0
3750.0
3750.0
3750.0
3750.0
3750.0
3750.0
3750.0
-3750.0
-3750.0
-3750.0
-3750.0
-3750.0
-3750.0
3750.0
3750.0
3750.0
3750.0
3750.0
3750.0
3750.0
-3491.254085461809
-3750.0
-3750.0
3750.0
3750.0
3750.0
3750.0
3750.0
3750.0
-3750.0
-3750.0
-3750.0
3750.0
3750.0
3750.0
3750.0
3750.0
3750.0
3750.0
3750.0
3750.0
-3750.0
-3750.0
-3750.0
-3750.0
3750.0
3750.0
3750.0
3750.0
3750.0
3750.0
-673.5958846348469
-1783.7944193115272
-2379.6825237762787
-2997.7679036035743
-3750.0
3750.0
3750.0
3750.0
3750.0
-3750.0
-3750.0
-2728.017268412441
3750.0
3750.0
3750.0
3750.0
3750.0
3750.0
3750.0
-3294.722442210871
-3352.4372253494357
-3527.634799468933
-768.9939614523091
-2328.112293172707
-2178.568807392574
2183.826060161149
-2029.5534694224716
-1783.718318371637
3750.0
3750.0
3750.0
3750.0
3750.0
3750.0
3750.0
3750.0
-3750.0
-3750.0
-3750.0
-3610.5163342713804
-3527.3917005595986
-3750.0
3750.0
3750.0
3750.0
3750.0
3750.0
3750.0
3750.0
3750.0
3750.0
-2904.729996924295
-3647.276077911758
-3750.0
-3750.0
-3750.0
-3750.0
-3750.0
3750.0
3750.0
3750.0
3750.0
3750.0
3750.0
3750.0
3750.0
3750.0
-3750.0
-3750.0
3750.0
3750.0
3750.0
3750.0
3750.0
3750.0
-3750.0
-3750.0
-3750.0
-3750.0
-3399.877149877151
-3750.0
-3750.0
3750.0
3750.0
3750.0
3750.0
3750.0
3750.0
3750.0
3750.0
3750.0
3750.0
1603.1179564237416
1877.8656703272418
2490.108542324415
2840.5427566101725
-189.3939393939394
3750.0
-1363.6363636363637
535.7142857142919
3750.0
-1209.2780101254684
-951.6827660818672
-1183.6004283630853
-1740.8063389327835
-1778.943322338394
-1688.9960369441787
532.1458183789048
3508.6639408255132
1549.0510587984681
3750.0
3750.0
3750.0
3750.0
-3750.0
-3750.0
3750.0
3750.0
3750.0
3750.0
-2469.4094519778555
-3017.928073743372
-3270.8917664425935
-3515.129781847836
3750.0
3750.0
3750.0
3750.0
-3750.0
-3750.0
-3750.0
-3750.0
3750.0
3750.0
3750.0
3750.0
3750.0
3750.0
3750.0
-2960.0886917960097
-2668.3297885236334
1698.0909593640688
2520.583175072901
1397.6629068637112
-684.8368726410497
1855.3695903018388
-276.42197897269216
3750.0
-505.1234892275379
-1198.6870382318577
2120.2710500434778
3750.0
-121.36288047154812
3750.0
-3625.5458515283844
-3750.0
-3750.0
-3750.0
3750.0
3750.0
3750.0
3750.0
3750.0
3750.0
3750.0
3750.0
-2936.1061733070474
-2753.3328453811137
750.3014751272187
-1412.430162221525
-1486.2586397276427
-846.6970701076343
220.4881692538538
3750.0
3750.0
-3750.0
3750.0
-3750.0
-3750.0
-3750.0
3750.0
3750.0
3750.0
3750.0
3750.0
3750.0
-3281.0374304409324
-3061.606242237557
-1126.1690522929903
3750.0
3750.0
3750.0
3750.0
3750.0
3750.0
3750.0
3750.0
-3750.0
-3750.0
3750.0
3750.0
3750.0
-3750.0
-3750.0
-3750.0
-3750.0
-3750.0
-3750.0
3750.0
3750.0
3750.0
3750.0
3750.0
3750.0
3750.0
3750.0
3750.0
3750.0
3750.0
3750.0
-3750.0
-3750.0
-3750.0
-3750.0
-3750.0
3750.0
3750.0
3750.0
3750.0
3750.0
3750.0
3750.0
3750.0
3750.0
-3026.1138744840728
-3514.466752882461
-3750.0
3750.0
3750.0
3750.0
3750.0
-3659.9127576179035
-3750.0
-3750.0
-3750.0
-3750.0
3750.0
3750.0
3750.0
3750.0
3750.0
3750.0
-3750.0
-3750.0
-3750.0
-3750.0
2931.5624060015525
3750.0
3750.0
2848.956160942799
1654.7911584621495
3750.0
3750.0
3750.0
3750.0
3750.0
860.9399075500692
3750.0
-1572.7654698242932
-2215.7978351015136
-2505.6284283479217
-2897.642356387966
3750.0
3750.0
3750.0
3750.0
3750.0
-3750.0
-3750.0
-3486.696230598671
-3750.0
-3750.0
3750.0
3750.0
3750.0
3750.0
3750.0
3750.0
3750.0
3750.0
3750.0
3750.0
3750.0
3750.0
3750.0
3750.0
3750.0
3750.0
3750.0
3750.0
-2889.5504864139557
-2666.5933681616807
-2078.7534601149828
-1231.7461140801915
1836.3462116088467
3750.0
2531.6587370743227
2106.954076387282
3750.0
-2007.5757575757575
3750.0
3750.0
3750.0
3750.0
-696.4285714285732
-1431.4741670533977
-2313.0850260936504
-2649.3837668229244
-3239.93812185532
-3500.5827034749946
-3750.0
3750.0
3750.0
3750.0
3750.0
3750.0
3750.0
3750.0
3750.0
3750.0
3750.0
-2689.3939393939395
3750.0
2035.4035766070524
3750.0
3750.0
3551.8208612857743
-633.7779473644578
-1494.5697150987007
-1458.056766831209
3750.0
3750.0
-3151.220569599147
-3354.556198113065
-3750.0
-3750.0
-3750.0
3750.0
3750.0
3750.0
3750.0
3750.0
-3750.0
-3750.0
3750.0
3750.0
3750.0
3750.0
3750.0
-3670.197871943252
-3484.4124949146662
-3750.0
-3750.0
-3750.0
-3750.0
3750.0
3750.0
3750.0
3750.0
3750.0
3750.0
3750.0
-3750.0
-3750.0
-3750.0
-3495.365199910656
-2566.3395910656063
3750.0
3750.0
3750.0
3750.0
3750.0
3750.0
3750.0
-1790.5764299712673
-2916.021454945356
-3156.505275999949
3750.0
3750.0
3750.0
3750.0
3750.0
3750.0
-3750.0
-3750.0
-3750.0
-3750.0
-3750.0
3750.0
3750.0
3750.0
3750.0
3750.0
3750.0
3750.0
3750.0
-3750.0
-3750.0
-3750.0
-3750.0
-3750.0
-3750.0
3750.0
3750.0
3750.0
3750.0
3750.0
3750.0
3750.0
3750.0
-3750.0
-3750.0
-3750.0
-3750.0
3750.0
3750.0
3750.0
3750.0
3750.0
-3750.0
3750.0
3750.0
3750.0
-3750.0
-3750.0
-3750.0
-3750.0
-3750.0
3750.0
3750.0
3750.0
3750.0
3750.0
3750.0
3750.0
3750.0
-3393.75
2473.5518543532917
3750.0
948.9734817626079
3750.0
3750.0
3750.0
0.0
0.0
0.0
0.0
0.0
3750.0
3750.0
3750.0
-946.969696969697
3750.0
0.0
0.0