Demand
3750.0
3750.0
3750.0
3750.0
3750.0
3750.0
3750.0
3750.0
3750.0
3750.0
3750.0
3750.0
3750.0
3750.0
3750.0
-3750.0
-3750.0
-3750.0
-3750.0
-3750.0
3750.0
3750.0
3750.0
3750.0
3750.0
3750.0
3750.0
3750.0
-3750.0
-3750.0
-3750.0
-3750.0
-3750.0
3750.0
3750.0
3750.0
3750.0
3750.0
3750.0
-3750.0
-3750.0
3750.0
3750.0
3750.0
3750.0
3750.0
3750.0
-3750.0
-3750.0
-3750.0
-3750.0
-3750.0
3750.0
3750.0
3750.0
3750.0
3750.0
3750.0
3750.0
3750.0
3750.0
-3750.0
-3750.0
-3750.0
-3750.0
3750.0
3750.0
3750.0
3750.0
3750.0
3750.0
-3750.0
-3750.0
-3750.0
3750.0
3750.0
3750.0
3750.0
3750.0
-3750.0
-3750.0
-3750.0
-3750.0
-3750.0
3750.0
3750.0
3750.0
3750.0
3750.0
-3524.423337856175
-3618.047559968234
-3750.0
-3750.0
-3750.0
3750.0
3750.0
3750.0
3750.0
3750.0
3750.0
3750.0
3750.0
3750.0
3750.0
-3641.419025848426
-3750.0
-3750.0
-2038.865043285412
-243.23025559688085
2427.08590343867
3750.0
3750.0
-1001.0673022286207
3750.0
3750.0
3750.0
3750.0
3750.0
-3750.0
-3750.0
-3750.0
3750.0
3750.0
3750.0
3750.0
-3750.0
-3750.0
-3655.0949050949057
-3750.0
-3750.0
-3750.0
-3750.0
3750.0
3750.0
3750.0
3750.0
3750.0
3750.0
3750.0
3750.0
-3750.0
-3750.0
-3750.0
-3750.0
-3750.0
-3750.0
3750.0
3750.0
3750.0
3750.0
3750.0
3750.0
3750.0
3750.0
3750.0
-3750.0
-3750.0
-3750.0
-3750.0
-3750.0
-3750.0
-3750.0
3750.0
3750.0
3750.0
3750.0
3750.0
3750.0
3750.0
3750.0
3750.0
-3750.0
-3750.0
-3750.0
3750.0
3750.0
3750.0
3750.0
3750.0
3750.0
3750.0
3750.0
3750.0
3750.0
3750.0
3750.0
3750.0
-3750.0
-3750.0
-3750.0
-3750.0
-3750.0
-3750.0
3750.0
3750.0
3750.0
3750.0
3750.0
3750.0
3750.0
3750.0
3750.0
-3750.0
-3750.0
-3750.0
-3750.0
3750.0
3750.0
3750.0
3750.0
3750.0
3750.0
3750.0
-3750.0
-3750.0
-3750.0
-3750.0
3750.0
3750.0
3750.0
3750.0
3750.0
3750.0
3750.0
3750.0
3750.0
-3750.0
-3750.0
-3606.968741038141
-2305.237944401476
-1381.7223320118794
1310.4072136808393
-1251.9469206509311
-3750.0
3750.0
3750.0
3750.0
3750.0
3750.0
3750.0
3750.0
3750.0
3750.0
-3750.0
-3750.0
-3750.0
-3750.0
-3750.0
-3750.0
-2877.8850123331404
-1652.7574212920454
3750.0
3750.0
3750.0
3750.0
3750.0
3750.0
3750.0
3750.0
-3750.0
-3750.0
3750.0
3750.0
3750.0
3750.0
3750.0
3750.0
-3414.727795568918
-3360.495191277052
-3259.8610159195523
-3565.1112240878874
-3004.037677495191
3750.0
3750.0
3750.0
3750.0
3750.0
-1423.940291615795
-2619.7280612454906
-2447.21616363882
1901.0407367413939
-2003.0960869952453
3750.0
3750.0
3750.0
3750.0
3750.0
-3750.0
3750.0
3750.0
3750.0
-3750.0
-3750.0
-3750.0
-3473.7836790075607
-2914.7944313380276
3750.0
3750.0
3750.0
3750.0
3750.0
3750.0
3750.0
3750.0
3750.0
3750.0
3750.0
3750.0
3750.0
3750.0
-3750.0
-3750.0
-3750.0
-3750.0
3750.0
3750.0
3750.0
3750.0
3750.0
3750.0
3750.0
3750.0
3750.0
3750.0
3750.0
3750.0
3750.0
3750.0
3750.0
-3429.946524064171
-3750.0
-3750.0
-3750.0
-3750.0
3750.0
-3750.0
3750.0
3750.0
3750.0
3750.0
3750.0
3750.0
3750.0
3750.0
-3067.2998218000275
-2880.0765246578876
1114.213802117141
2576.5724684854204
2771.389133476653
3394.681246250768
3750.0
3750.0
3750.0
-1363.6363636363637
-750.0
-858.2089552238801
-362.10577571353747
3750.0
-2840.9090909090914
-2333.3925065786734
-2508.4713517643186
-2690.300859570246
-2346.5779745556883
-2506.74223760719
-2517.3366944054915
-2429.4715895084664
-2311.3822663977435
3750.0
3750.0
3750.0
3750.0
3750.0
3750.0
3750.0
-2098.5706927633264
-1390.9027436625847
-1726.642758280038
3750.0
3750.0
3750.0
3750.0
-3750.0
-3750.0
3750.0
3750.0
3750.0
-3750.0
-3750.0
-3750.0
-3750.0
-3499.8049161139306
-3750.0
3750.0
3750.0
3750.0
3750.0
3750.0
3750.0
3750.0
3750.0
930.083004991882
14.179267221579039
-1039.3727873607834
-1404.1704377974131
-2134.975269679934
-1813.3517052696106
-1869.4861060654885
3750.0
3750.0
3750.0
3750.0
-3750.0
-3750.0
-3750.0
-3750.0
-3750.0
-3750.0
3750.0
3750.0
3750.0
3750.0
3750.0
3750.0
3750.0
3750.0
3750.0
3750.0
-2505.597850425437
-2792.0130413388306
-3251.953668723826
-3750.0
-3750.0
-3750.0
3750.0
3750.0
3750.0
3750.0
3750.0
3750.0
3750.0
-3565.102332176156
-3414.813769160418
-3297.236611425451
-2359.538423960984
-3750.0
3750.0
3750.0
3750.0
3750.0
3750.0
3750.0
3750.0
3750.0
3750.0
3750.0
3750.0
-3750.0
-3750.0
-3750.0
-3750.0
3750.0
3750.0
3750.0
3750.0
3750.0
-3750.0
-3750.0
-3750.0
-3750.0
-3142.755681818182
-3750.0
-3750.0
3750.0
3750.0
3750.0
3750.0
3750.0
3750.0
3750.0
3750.0
3750.0
3750.0
-3750.0
-3750.0
-3750.0
-3750.0
-3750.0
3750.0
3750.0
3750.0
3750.0
3750.0
-3404.810230788884
1933.0942035777334
-2485.0623135858996
-1249.8615430517982
3750.0
3750.0
3750.0
3750.0
3750.0
-3750.0
-3750.0
-3750.0
-3750.0
3750.0
3750.0
3750.0
3750.0
3750.0
3750.0
3750.0
3750.0
3750.0
3750.0
3750.0
-2417.9506933744224
2924.18534926555
1285.1062545502168
-24.329317311513478
913.9999078506335
970.9435628319875
-221.58218985416715
-1263.6081762392905
-1887.5420384626261
-1889.726988288151
3750.0
3750.0
3750.0
3750.0
3750.0
-3750.0
-3750.0
-3750.0
-3465.000000000002
-3750.0
-3750.0
3750.0
3750.0
3750.0
3750.0
3750.0
3750.0
3750.0
3750.0
3750.0
-3750.0
-3750.0
3750.0
3750.0
3750.0
3750.0
-3750.0
-3750.0
3750.0
3750.0
3750.0
3750.0
3750.0
3750.0
3750.0
-1062.7194693718313
-980.0087598548369
-628.5900463858525
1715.7099639929727
1235.309932454611
795.4186081434693
65.35964770763894
1165.4444630018088
1809.4732005584215
2080.112495213504
3750.0
3750.0
3750.0
3750.0
3750.0
-3750.0
-3750.0
-3750.0
-3750.0
-3750.0
-3403.886190145734
3750.0
3750.0
3750.0
3750.0
3750.0
3750.0
3750.0
2030.110300658245
0.0
-871.2121212121214
-639.4009216589864
-1596.0878622633415
-2031.4581832219826
-2080.9792507176253
-2271.7536167990247
-2306.1101015207796
3750.0
3750.0
3750.0
3750.0
-3750.0
-3750.0
-3750.0
-3750.0
3750.0
3750.0
3750.0
3750.0
3750.0
-3750.0
-3486.696230598671
-2150.739067953201
3750.0
3750.0
3750.0
3750.0
3750.0
3750.0
3750.0
3750.0
-3750.0
3750.0
3750.0
3750.0
3750.0
3750.0
-3750.0
-3750.0
-3550.6993006993016
-3113.3510132542197
3750.0
3750.0
3750.0
3750.0
3750.0
3750.0
-3396.458334470428
-2393.5588231641023
-3241.3335317021956
-3552.8676125241345
-3750.0
3750.0
3750.0
3750.0
3750.0
3750.0
-3750.0
-3750.0
-3750.0
-3750.0
-3750.0
-3750.0
-3750.0
3750.0
3750.0
3750.0
3750.0
3750.0
3750.0
3750.0
3750.0
-3750.0
-3750.0
-3750.0
3750.0
3750.0
3750.0
3750.0
-3750.0
-3750.0
-3750.0
-3750.0
3750.0
3750.0
3750.0
3750.0
-3750.0
-3750.0
-3750.0
3750.0
3750.0
3750.0
3750.0
3750.0
3750.0
-3750.0
-3750.0
-3750.0
3750.0
3750.0
3750.0
3750.0
3750.0
3750.0
-3750.0
-3750.0
-3473.163138231632
-3438.181179948594
-3383.9404267948466
-3288.7297187332197
3750.0
3750.0
2682.9506849102336
3750.0
3750.0
3750.0
3750.0
0.0
0.0
0.0
3750.0
3750.0
3750.0
3750.0
-946.969696969697
3750.0
0.0
0.0