Demand
3750.0
3750.0
3750.0
3750.0
3750.0
3750.0
3750.0
3750.0
3750.0
3750.0
3750.0
3750.0
3750.0
3750.0
3750.0
3750.0
-3750.0
-3750.0
-3750.0
3750.0
3750.0
3750.0
3750.0
3750.0
3750.0
3750.0
3750.0
3750.0
3750.0
3750.0
-3750.0
-3750.0
-3750.0
-3750.0
-3750.0
-3750.0
-3750.0
3750.0
3750.0
3750.0
3750.0
3750.0
3750.0
3750.0
-3750.0
-3750.0
-3750.0
-3750.0
-3750.0
-3750.0
-3750.0
3750.0
3750.0
3750.0
3750.0
3750.0
3750.0
3750.0
3750.0
3750.0
-3750.0
-3750.0
3750.0
3750.0
3750.0
3750.0
3750.0
3750.0
-3750.0
-3750.0
-3750.0
-3750.0
3750.0
3750.0
3750.0
3750.0
3750.0
3750.0
3750.0
3750.0
-3750.0
-3750.0
-3750.0
-3750.0
-3750.0
-3750.0
3750.0
3750.0
3750.0
3750.0
3750.0
3750.0
-3750.0
-3750.0
-3750.0
-3750.0
-3750.0
3750.0
3750.0
3750.0
3750.0
3750.0
3750.0
3750.0
3750.0
3750.0
-3750.0
-3145.051246285404
-2962.613066553803
-3160.145227688281
-3106.1677799333393
-2200.083428252322
3750.0
3750.0
3750.0
3750.0
3750.0
3750.0
-3750.0
-3750.0
-3750.0
3750.0
3750.0
3750.0
3750.0
3750.0
3750.0
-3656.8496988373727
-3750.0
-3750.0
-3750.0
-3750.0
-3750.0
3750.0
3750.0
3750.0
3750.0
3750.0
3750.0
3750.0
3750.0
3750.0
3750.0
3750.0
3750.0
-3750.0
-3750.0
-3750.0
-3750.0
-3750.0
-3750.0
3750.0
3750.0
3750.0
3750.0
3750.0
3750.0
3750.0
3750.0
-3750.0
-3750.0
-3750.0
3750.0
3750.0
3750.0
3750.0
3750.0
3750.0
3750.0
-3750.0
-3750.0
-3750.0
3750.0
3750.0
3750.0
3750.0
3750.0
3750.0
-3750.0
-3750.0
-3750.0
-3750.0
-3750.0
3750.0
3750.0
3750.0
3750.0
3750.0
3750.0
3750.0
3750.0
-3750.0
-3750.0
-3750.0
-3750.0
-3750.0
-3750.0
3750.0
3750.0
3750.0
3750.0
3750.0
3750.0
3750.0
3750.0
-3750.0
-3750.0
-3750.0
-3750.0
-3750.0
-3750.0
3750.0
3750.0
3750.0
3750.0
3750.0
3750.0
3750.0
3750.0
3750.0
-3750.0
-3750.0
3750.0
3750.0
3750.0
3750.0
3750.0
3750.0
3750.0
-2415.6262192742906
3750.0
3750.0
3750.0
-3750.0
-3750.0
-3750.0
-3750.0
-3750.0
3750.0
3750.0
3750.0
3750.0
3750.0
3750.0
-3750.0
-3750.0
-3750.0
-3750.0
3750.0
3750.0
3750.0
3750.0
3750.0
3750.0
-437.42216687422297
310.35847826376175
-1202.5474879996518
-2017.7573819777317
-2881.587355472191
-3750.0
3750.0
3750.0
3750.0
3750.0
3750.0
3750.0
3750.0
-3406.004828002414
-3360.5905163583193
-3286.6220248392674
-3598.8325530534203
-3491.253979796701
3750.0
3750.0
3750.0
3750.0
-1193.0146973041112
3750.0
3750.0
-2526.1574767149186
1354.6214553045136
-2079.627043518597
3750.0
3176.5320909095794
3750.0
3750.0
3750.0
-3750.0
-3750.0
-3750.0
3750.0
3750.0
3750.0
3750.0
-3647.2488768095864
-3630.5744158013413
-3750.0
-3750.0
-3750.0
3750.0
3750.0
3750.0
3750.0
3750.0
3750.0
3750.0
3750.0
3750.0
-3750.0
3750.0
3750.0
3750.0
3750.0
-3750.0
-3750.0
-3750.0
-3750.0
-3750.0
3750.0
3750.0
3750.0
3750.0
3750.0
3750.0
3750.0
-3750.0
-2332.0895522388064
-3750.0
-1166.4076268716783
-2892.2452810399373
-3750.0
3750.0
3750.0
3750.0
3750.0
3750.0
3750.0
3750.0
-3750.0
-3612.3075055509007
-3750.0
3750.0
3750.0
3750.0
3750.0
3750.0
3750.0
729.4417201056212
1062.4202036558415
1756.4872065878744
2379.362086917635
-189.3939393939394
3750.0
-1363.6363636363637
-646.5517241379305
-541.5774446823707
2651.4637812754245
-2689.3939393939395
-1016.9152903569545
-1679.3500577558189
-1850.7726726557157
-2015.7529766299776
-1188.1149770573738
-1148.2798456718856
-352.83842945391893
3358.8227156916973
156.81040759241728
3750.0
3750.0
3750.0
3750.0
3750.0
3750.0
3750.0
1408.889782783589
3750.0
3750.0
-3598.484848484849
-3186.0158311345695
3750.0
3750.0
3750.0
-3750.0
-3750.0
-3750.0
-3750.0
3750.0
3750.0
3750.0
3750.0
3750.0
3750.0
3750.0
3750.0
-2731.8953345234704
-2400.7792834573256
2568.9262373676684
3544.226940640422
2536.7485696085305
91.5066002983126
2373.5596710095388
987.4489059703935
-369.68867002756883
-736.368038506288
-1526.0953940519369
-301.9045119069674
3750.0
711.1470742872464
3750.0
3750.0
-3750.0
-3750.0
-3750.0
-3750.0
-3750.0
-3750.0
-3750.0
3750.0
3750.0
3750.0
3750.0
3750.0
3750.0
3750.0
101.35135135135329
85.03244279216301
1361.675944658207
1878.965007686296
3506.0563415727456
-825.0905024828919
3750.0
3750.0
3750.0
-3750.0
-3750.0
-3750.0
-3750.0
3750.0
3750.0
3750.0
3750.0
3750.0
-3513.8904230641774
-3223.1425216247317
-3750.0
3750.0
3750.0
3750.0
-3750.0
-3750.0
3750.0
3750.0
3750.0
3750.0
3750.0
-3750.0
3750.0
3750.0
3750.0
3750.0
3750.0
3750.0
-3750.0
-3750.0
-2706.6809029896285
-3750.0
3750.0
3750.0
3750.0
3750.0
3750.0
3750.0
3750.0
-3750.0
3750.0
3750.0
3750.0
3750.0
-3750.0
-3750.0
-3750.0
-3750.0
-3750.0
-3750.0
-3750.0
3750.0
3750.0
3750.0
3750.0
3750.0
3750.0
3750.0
3750.0
3750.0
-1983.471074380168
1972.3692616591907
1708.1321138547726
3750.0
3750.0
3750.0
3750.0
-3750.0
-3750.0
3750.0
3750.0
3750.0
3750.0
-3750.0
-3750.0
-3750.0
-3750.0
3750.0
3750.0
3750.0
2912.337662337662
2767.4779483828393
3750.0
3750.0
3585.7064622124835
700.5516657483404
2330.2839741280313
1591.7050846254624
63.921094616242954
3750.0
-1731.1097992916195
-2015.939158985212
-2242.7018242388895
3750.0
3750.0
3750.0
3750.0
3750.0
3750.0
-3750.0
-3555.299370516763
-3750.0
-3750.0
-3750.0
-3750.0
-3750.0
3750.0
3750.0
3750.0
3750.0
3750.0
3750.0
3750.0
3750.0
3750.0
-3750.0
3750.0
3750.0
3750.0
3750.0
3750.0
-2608.54296830516
-2323.824819967681
-1620.4072829358367
-815.9082159618677
1487.6893813427141
3750.0
2703.5583122327926
2324.56493616651
2635.753742802518
3750.0
3623.743835242646
1363.2820862546878
531.6679514524071
3750.0
-2651.515151515152
-1619.8035307517084
-2394.5910323254548
-2647.5360966379376
-3158.9911064117377
-3214.897810207556
3750.0
3750.0
3750.0
3750.0
3750.0
3750.0
-3632.8586873827962
-1914.4772065843563
-1551.7062357803072
561.4185297531319
1112.8397772191977
3750.0
3750.0
3750.0
3750.0
3750.0
3750.0
-659.0289267458484
-1144.3385229776204
3750.0
-2393.3638230352817
-2724.7356946033133
-3089.3497775262476
-3310.341366283559
-3750.0
-3750.0
-3750.0
3750.0
3750.0
3750.0
3750.0
3750.0
3750.0
-3750.0
-3750.0
3750.0
3750.0
3750.0
3750.0
3750.0
3750.0
-3750.0
-3750.0
-3750.0
-3750.0
-3750.0
-3750.0
3750.0
3750.0
3750.0
3750.0
3750.0
3750.0
3750.0
3750.0
3750.0
3750.0
3750.0
-3750.0
-3750.0
-3750.0
3750.0
3750.0
-1159.090909090918
3750.0
3750.0
3750.0
-3750.0
-3750.0
-3750.0
-3750.0
3750.0
3750.0
3750.0
3750.0
3750.0
-3750.0
-3750.0
-3750.0
-3750.0
-3750.0
-3750.0
-3750.0
-3750.0
3750.0
3750.0
3750.0
3750.0
3750.0
3750.0
3750.0
3750.0
-3750.0
-3750.0
3750.0
3750.0
3750.0
3750.0
-3750.0
-3750.0
-3750.0
-3750.0
3750.0
3750.0
3750.0
3750.0
3750.0
3750.0
3750.0
-3750.0
-3750.0
-3750.0
-3750.0
3750.0
3750.0
3750.0
3750.0
3750.0
3750.0
3750.0
-3750.0
-3750.0
-3750.0
-3245.2774498229046
-3043.4063553765454
-2433.6417669043085
3750.0
3750.0
3750.0
3750.0
3750.0
3750.0
3750.0
3750.0
3750.0
0.0
3750.0
0.0
0.0
3750.0
3750.0
3750.0
3750.0
0.0
0.0