Demand
-3750.0
-3750.0
3750.0
3750.0
3750.0
3750.0
3750.0
3750.0
3750.0
3750.0
3750.0
-3750.0
-3750.0
-3750.0
-3750.0
3750.0
3750.0
3750.0
3750.0
3750.0
3750.0
-3750.0
-3750.0
-3750.0
-3750.0
-3750.0
-3750.0
-3750.0
3750.0
3750.0
3750.0
3750.0
3750.0
3750.0
3750.0
3750.0
-3750.0
-3750.0
3750.0
3750.0
3750.0
3750.0
3750.0
-3750.0
-3750.0
-3750.0
-3750.0
-3750.0
-3750.0
-3750.0
-3750.0
3750.0
3750.0
3750.0
3750.0
3750.0
3750.0
3750.0
3750.0
-3750.0
-3750.0
-3750.0
-3750.0
-3750.0
-3750.0
3750.0
3750.0
3750.0
3750.0
3750.0
3750.0
3750.0
3750.0
3750.0
3750.0
-3750.0
-3750.0
-3750.0
-3750.0
-3750.0
3750.0
3750.0
3750.0
3750.0
3750.0
-3750.0
-3750.0
-3750.0
-3750.0
-3393.997224149898
-3435.2194800535726
-3750.0
3750.0
3750.0
3750.0
3750.0
3750.0
3750.0
3750.0
-3750.0
-3750.0
-3750.0
-3750.0
3750.0
3750.0
3750.0
3750.0
3750.0
3750.0
3750.0
-3294.1215675819776
-3066.73555757922
-3573.0120165134877
-3750.0
-3750.0
3750.0
3750.0
3750.0
3750.0
3750.0
3750.0
3750.0
3750.0
-3750.0
-3750.0
-3750.0
-3750.0
-3256.003309426069
3750.0
3750.0
3750.0
3750.0
3750.0
3750.0
3750.0
3750.0
3750.0
-3750.0
3750.0
3750.0
3750.0
3750.0
3750.0
-3750.0
-3750.0
-3750.0
-3750.0
-3750.0
-3750.0
3750.0
3750.0
3750.0
3750.0
3750.0
3750.0
3750.0
-3750.0
-3750.0
-3750.0
-3750.0
-3750.0
3750.0
3750.0
3750.0
3750.0
3750.0
3750.0
3750.0
3750.0
-3750.0
-3750.0
-3750.0
3750.0
3750.0
3750.0
3750.0
3750.0
3750.0
3750.0
3750.0
-3750.0
-3750.0
-3750.0
-3750.0
3750.0
3750.0
3750.0
3750.0
3750.0
3750.0
3750.0
3750.0
-3750.0
-3750.0
-3750.0
-3750.0
3750.0
3750.0
3750.0
3750.0
3750.0
3750.0
3750.0
3750.0
3750.0
-3750.0
-3750.0
-3750.0
-3750.0
3750.0
3750.0
3750.0
3750.0
3750.0
3750.0
3750.0
3750.0
-3750.0
-3750.0
-3750.0
-3750.0
-3750.0
-3750.0
3750.0
3750.0
3750.0
3750.0
3750.0
3750.0
3750.0
3750.0
3750.0
3750.0
-3750.0
-3750.0
-3750.0
-3750.0
-3750.0
-3750.0
-3750.0
3750.0
3750.0
3750.0
3750.0
3750.0
3750.0
3750.0
3750.0
3750.0
-3463.0322209436135
-3535.0671630693996
-3498.228644017817
-1859.1756284743924
244.68532157101936
2929.422207666678
3598.00668925828
127.05775070943128
-687.5833832238384
-378.0657119106854
3750.0
3750.0
3750.0
3750.0
3750.0
-3750.0
-3750.0
-3627.594846098783
-3139.4481701463637
-2913.4441192533923
-2272.153716435011
-1219.7892204257626
3750.0
3750.0
3750.0
3750.0
3750.0
3750.0
3750.0
3750.0
-1324.4305381669037
3750.0
3750.0
3750.0
-2301.45708933492
3750.0
-3750.0
3750.0
3750.0
3750.0
3750.0
3750.0
-3750.0
-3750.0
-3750.0
-3161.1570247933905
3750.0
3750.0
3750.0
3750.0
3750.0
-2851.4570544154585
-2440.7199547869877
-1498.9528129109603
-1052.8285469822974
-872.6475423375614
-1449.7790541522552
-2570.0151122301395
-3577.580609715962
-3750.0
3750.0
3750.0
3750.0
3750.0
3750.0
3750.0
3750.0
-3750.0
-3750.0
-3750.0
-3750.0
-3750.0
-3750.0
3750.0
3750.0
3750.0
3750.0
3750.0
3750.0
-2574.842629190456
-3453.818471635147
-3750.0
-3750.0
-3750.0
-3750.0
3750.0
3750.0
3750.0
3750.0
3750.0
3750.0
3750.0
3750.0
-3750.0
-3292.444310656233
1063.8243230286791
3750.0
3750.0
3750.0
3750.0
3750.0
3750.0
-189.3939393939394
3750.0
1309.8844582217832
-981.3111281939209
-1248.7761372309803
-1371.8956260460318
-858.8440993499689
-552.231307644709
862.1421586956549
3750.0
3750.0
-2713.4237326071543
-2903.403557773221
-3017.337676403603
-3140.486704096982
-3398.4594376944688
-3604.460665220342
-3750.0
-3750.0
3750.0
3750.0
3750.0
3750.0
3750.0
3750.0
3750.0
3750.0
-3658.8991177598773
-3750.0
-3750.0
-3750.0
-3750.0
-3750.0
-3750.0
3750.0
3750.0
3750.0
3750.0
3750.0
3750.0
3750.0
3750.0
3750.0
-2852.2287489589953
-2574.4326530023363
1682.8201204256263
2647.617361278677
1890.4408589428542
-256.26284480365166
1845.4495461048473
629.1779456067595
-599.6709709861934
-901.3201075460709
-1562.9024372014928
510.9158597133294
3750.0
3750.0
3750.0
-3662.3508426620747
-3750.0
-3750.0
-3750.0
-3750.0
3750.0
3750.0
3750.0
3750.0
3750.0
3750.0
-3750.0
-2844.0858884305826
-2629.986845362687
1358.534681427695
-1136.305032342975
-1236.9273776340503
-619.6141327593443
28.454509226346772
3750.0
-825.2826666921962
3750.0
3750.0
3750.0
-3750.0
-3750.0
-3750.0
-3750.0
-3750.0
-3750.0
3750.0
3750.0
3750.0
3750.0
3750.0
3750.0
3750.0
3750.0
3750.0
3750.0
-3750.0
-3750.0
-3750.0
-3750.0
3750.0
3750.0
3750.0
3750.0
3750.0
3750.0
3750.0
-3750.0
-3750.0
-3750.0
-3750.0
-3009.7402597402597
-3750.0
3750.0
3750.0
3750.0
3750.0
3750.0
3750.0
3750.0
-3750.0
-3750.0
-3750.0
-3750.0
-3750.0
-3750.0
3750.0
3750.0
3750.0
3750.0
3750.0
3750.0
3750.0
3750.0
-3750.0
-3750.0
-2868.6970410639697
-3466.1506381273475
-3750.0
3750.0
3750.0
3750.0
3750.0
3750.0
3750.0
-3750.0
-3750.0
-3750.0
-3750.0
-3750.0
-3750.0
-3750.0
3750.0
3750.0
3750.0
3750.0
3750.0
3750.0
3750.0
3750.0
3750.0
3750.0
-2794.4258172673935
-1867.438506947957
3750.0
3750.0
1221.443052146373
2490.5671486572846
2091.813446728599
368.1066493372225
-454.5026912462756
3294.711685766495
129.84463773995458
3750.0
-3750.0
-3750.0
-3750.0
3750.0
3750.0
3750.0
3750.0
-3567.7982355197555
-3750.0
-3750.0
-3750.0
-3750.0
-3750.0
-3750.0
3750.0
3750.0
3750.0
3750.0
3750.0
3750.0
3750.0
3750.0
3750.0
-3750.0
3750.0
3750.0
-3750.0
-3750.0
-2207.7922077922094
-1493.3673819154046
657.0156765002203
3750.0
3750.0
3750.0
3750.0
2032.4483147407263
3088.867175276337
3725.117754047782
-2121.2121212121215
3750.0
3750.0
3750.0
2081.373471307619
893.0732179021581
3750.0
3750.0
-3485.6215213358073
-3642.8181411504665
-3750.0
-3750.0
3750.0
3750.0
3750.0
3750.0
3750.0
-1657.7769142148247
-783.1747449507504
3750.0
2705.6715158281913
3750.0
3750.0
3750.0
3134.241124565505
0.0
3750.0
3750.0
-1431.7052044889667
-1965.3932043952318
-2141.7405552198443
-2524.0393062130834
-2951.2363958188153
-3210.613613959401
-3750.0
-3750.0
-3750.0
3750.0
3750.0
3750.0
3750.0
3750.0
3750.0
3750.0
3750.0
3750.0
3750.0
-2848.042417231225
3750.0
3750.0
3750.0
3750.0
3750.0
3750.0
3750.0
3750.0
3750.0
3750.0
3750.0
-3750.0
-3750.0
-3750.0
-3750.0
-3750.0
3750.0
3750.0
3750.0
3750.0
3750.0
3750.0
3750.0
3750.0
3750.0
-3110.2693602693626
3750.0
3750.0
-3665.605567071366
-3750.0
-3750.0
-3750.0
-3750.0
-3750.0
-3750.0
-3750.0
3750.0
3750.0
3750.0
3750.0
3750.0
3750.0
3750.0
3750.0
3750.0
-3750.0
-3750.0
-3750.0
-3750.0
3750.0
3750.0
3750.0
3750.0
3750.0
3750.0
3750.0
-3750.0
-3750.0
-3750.0
-3750.0
-3750.0
3750.0
3750.0
3750.0
3750.0
3750.0
3750.0
3750.0
3750.0
-3750.0
-3750.0
-3750.0
-3750.0
-3750.0
-3750.0
-3750.0
-3750.0
3750.0
3750.0
3750.0
3750.0
3750.0
3750.0
3750.0
3750.0
3750.0
-3475.270651045529
-3441.0532683547926
-3388.2072228833213
2605.360421383926
3750.0
1019.8227137059
3750.0
3750.0
3750.0
3750.0
0.0
0.0
0.0
0.0
3750.0
0.0
-340.90909090909093
1920.4980842911868
0.0
0.0
0.0