Demand
3750.0
3750.0
3750.0
3750.0
3750.0
3750.0
3750.0
3750.0
3750.0
3750.0
3750.0
3750.0
3750.0
3750.0
3750.0
3750.0
-3750.0
-3750.0
-3750.0
3750.0
3750.0
3750.0
3750.0
3750.0
3750.0
-3750.0
-3750.0
-3750.0
3750.0
3750.0
3750.0
3750.0
3750.0
3750.0
-3750.0
-3750.0
3750.0
3750.0
3750.0
3750.0
3750.0
3750.0
3750.0
-3750.0
-3750.0
-3750.0
-3750.0
-3750.0
3750.0
3750.0
3750.0
3750.0
3750.0
3750.0
3750.0
3750.0
3750.0
3750.0
-3750.0
-3750.0
-3750.0
-3750.0
-3750.0
-3750.0
3750.0
3750.0
3750.0
3750.0
3750.0
3750.0
3750.0
3750.0
-3750.0
-3750.0
-3750.0
-3750.0
-3750.0
-3750.0
-3750.0
3750.0
3750.0
3750.0
3750.0
3750.0
3750.0
3750.0
3750.0
3750.0
3750.0
3750.0
-3606.4593301435416
-3750.0
-3750.0
3750.0
3750.0
3750.0
3750.0
3750.0
3750.0
-3750.0
-3750.0
-3750.0
-3750.0
3750.0
3750.0
3750.0
3750.0
3750.0
-2988.222519211494
-3212.3787789571197
-3235.8277154684183
-2904.212007812358
-3481.3813373494086
-3750.0
3750.0
3750.0
3750.0
3750.0
3750.0
3750.0
3750.0
-3750.0
-3750.0
-3750.0
-3750.0
-3750.0
3750.0
3750.0
3750.0
3750.0
3750.0
3750.0
3750.0
3750.0
3750.0
-3661.435674331883
-3750.0
-3750.0
-3750.0
-3750.0
3750.0
3750.0
3750.0
3750.0
3750.0
3750.0
3750.0
-3750.0
-3750.0
-3750.0
-3750.0
-3750.0
3750.0
3750.0
3750.0
3750.0
3750.0
3750.0
3750.0
3750.0
3750.0
3750.0
3750.0
3750.0
3750.0
3750.0
3750.0
-3750.0
-3750.0
-3750.0
-3750.0
-3750.0
-3750.0
-3750.0
3750.0
3750.0
3750.0
3750.0
3750.0
3750.0
3750.0
3750.0
-3750.0
-3750.0
-3750.0
-3750.0
-3750.0
-3750.0
-3750.0
-3750.0
3750.0
3750.0
3750.0
3750.0
3750.0
3750.0
3750.0
3750.0
-3452.1943573667722
-3391.8391225215
-3590.7828524239467
-3750.0
3750.0
3750.0
3750.0
3750.0
3750.0
3750.0
3750.0
-3750.0
-3750.0
3750.0
3750.0
3750.0
3750.0
3750.0
3750.0
3750.0
-3750.0
-3750.0
-3750.0
3750.0
3750.0
3750.0
3750.0
3750.0
3750.0
-3750.0
-3656.6468453940743
-2901.829150559577
-2524.650479467774
-1533.803702758958
-2649.857403918295
-3750.0
-3750.0
3750.0
3750.0
3750.0
3750.0
3750.0
3750.0
3750.0
-3750.0
-3750.0
-3750.0
-3750.0
-3750.0
3750.0
3750.0
3750.0
3750.0
3750.0
3750.0
-2043.9063717269744
-1025.5689966496
-182.89090715212023
-1299.215079280112
-1257.0324497322827
3750.0
3750.0
3750.0
-3750.0
-3750.0
-3750.0
-3750.0
3750.0
3750.0
3750.0
3750.0
3750.0
-3611.7444455224613
-3556.103366682023
-658.0632306613525
3003.3439836881216
3750.0
3750.0
-618.1349923947892
3750.0
3750.0
3750.0
3750.0
-3035.969935576235
-3291.294554728118
-3614.5248830427536
-3750.0
-3750.0
-3750.0
3750.0
3750.0
3750.0
3750.0
3750.0
3750.0
3750.0
3750.0
3750.0
-3750.0
-3750.0
-3750.0
-3509.0544159165465
2456.4002436687456
3750.0
3750.0
3750.0
3750.0
3268.8957152545076
-967.7331695788489
3750.0
3750.0
3750.0
-3750.0
3750.0
3750.0
3750.0
3750.0
-3750.0
-3750.0
-3750.0
-3750.0
-3750.0
-3750.0
-3750.0
3750.0
3750.0
3750.0
3750.0
3750.0
3750.0
3750.0
3750.0
3750.0
3750.0
3750.0
3750.0
-3009.7402597402643
3750.0
3750.0
3750.0
-3750.0
-3374.9033048261654
3750.0
3750.0
3750.0
3750.0
3750.0
3750.0
3750.0
3750.0
913.6363636363524
-1363.6363636363637
3750.0
3750.0
3750.0
1371.5859659131438
-951.0884700693098
-1218.9458960470538
-1339.134138634848
-809.0341395726928
-482.460219343845
1014.1287801502706
3750.0
3750.0
-2728.386289398889
-2908.607066976924
-3011.635604201728
-3120.946454058131
-3370.7633788606354
-3576.5792033490116
-3750.0
3750.0
3750.0
3750.0
3750.0
3750.0
3750.0
3750.0
-2869.237702807107
-1724.378979689428
3750.0
3750.0
-3750.0
-3750.0
-3750.0
-3750.0
3750.0
3750.0
3750.0
3750.0
3750.0
3750.0
-3644.2198248131845
-3750.0
-3459.093691989633
-3750.0
-824.4560400181936
1831.976930620763
3750.0
3750.0
3750.0
3750.0
3750.0
3750.0
2760.0993524328396
867.3510407142912
3750.0
-3181.818181818182
-2726.0206525789126
-2851.272006547045
-3295.4891175816947
-3553.2993409239643
-3750.0
-3750.0
3750.0
3750.0
3750.0
3750.0
3750.0
3750.0
3750.0
3750.0
3750.0
3750.0
-2662.678204397147
2390.5820124824068
-908.2619327942275
1522.2989476819132
3750.0
3750.0
-2942.210791517952
-2939.2970524521324
3750.0
3750.0
-3750.0
-3750.0
-3750.0
-3750.0
-3750.0
-3750.0
3750.0
3750.0
3750.0
3750.0
3750.0
3750.0
3750.0
-3750.0
-3750.0
-3750.0
-3750.0
-3750.0
-3750.0
-3750.0
3750.0
3750.0
3750.0
3750.0
3750.0
3750.0
3750.0
3750.0
3750.0
-3750.0
-3750.0
3750.0
3750.0
3750.0
3750.0
3750.0
3750.0
3750.0
-3750.0
-3750.0
-3750.0
-3750.0
3750.0
3750.0
3750.0
3750.0
3750.0
3750.0
3750.0
3750.0
-3750.0
-3750.0
-3750.0
-3750.0
-3750.0
-3750.0
-3750.0
3750.0
3750.0
3750.0
3750.0
3750.0
3750.0
3750.0
3750.0
-3750.0
-3750.0
-3750.0
3750.0
3750.0
3750.0
3750.0
3750.0
3750.0
-3750.0
-3750.0
-3750.0
3750.0
3750.0
3750.0
3750.0
3750.0
3750.0
-2889.3519974834862
-2128.1945994361204
3750.0
2518.3293407488827
684.1252561295912
1865.537839264268
1761.6387543886149
252.85132979401237
-721.123536036351
-377.343759789097
3750.0
3750.0
3750.0
-3750.0
-3750.0
-3750.0
-3750.0
3750.0
3750.0
3750.0
3750.0
3750.0
-3750.0
-3750.0
-3750.0
-3750.0
-3750.0
-3750.0
3750.0
3750.0
3750.0
3750.0
3750.0
3750.0
3750.0
3750.0
3750.0
3750.0
-3750.0
-3750.0
-1651.3254786450705
-456.72185103624247
3026.485717545823
3750.0
3750.0
3750.0
3750.0
3229.5245992316177
2370.353672722751
3750.0
844.7486554256557
3750.0
-897.3416086675752
-606.7693508462316
-679.3154832636931
-1255.831983087859
-1926.1431746424053
-1272.7011802564164
3750.0
3750.0
3750.0
3750.0
-3750.0
-3750.0
-3750.0
-3750.0
-3564.5566090351376
2749.9300405764543
3750.0
3750.0
2971.7909341030063
3750.0
3750.0
-2159.0909090909095
3717.3561732385265
3750.0
2788.5504487547146
-486.597544132371
-1506.6998840145159
-2002.9489970356863
-2141.3109466477936
-2478.494704581609
-2861.3141442822625
-3045.4657492347797
-3750.0
3750.0
3750.0
3750.0
3750.0
3750.0
3750.0
-3750.0
-3750.0
-3750.0
-3750.0
3750.0
3750.0
3750.0
3750.0
3750.0
-3451.431730881155
-3750.0
-3750.0
3750.0
3750.0
3750.0
3750.0
-3750.0
-3750.0
-3750.0
-3750.0
-3750.0
-3750.0
3750.0
3750.0
3750.0
3750.0
3750.0
3750.0
3750.0
-3750.0
-2072.29859074855
-909.6685360954561
-2231.6253758727444
3750.0
3750.0
3750.0
3750.0
3750.0
-3750.0
-3750.0
-3750.0
-3750.0
-3750.0
3750.0
3750.0
3750.0
3750.0
3750.0
3750.0
3750.0
3750.0
-3750.0
3750.0
3750.0
3750.0
-3750.0
3750.0
3750.0
3750.0
3750.0
-3750.0
-3750.0
-3750.0
-3750.0
-3750.0
3750.0
3750.0
3750.0
3750.0
3750.0
3750.0
3750.0
3750.0
3750.0
3750.0
-3750.0
-3750.0
-3750.0
-3750.0
-3750.0
-3750.0
-3750.0
3750.0
3750.0
3750.0
3750.0
3750.0
3750.0
3750.0
3750.0
3750.0
3750.0
-3386.7884451996606
-3280.2305015119537
-3016.696059713149
-1393.04854799862
3750.0
3750.0
3750.0
3750.0
3750.0
3750.0
3750.0
3750.0
0.0
0.0
0.0
0.0
0.0
-340.90909090909093
2123.015873015871
0.0
0.0
3750.0