232500.000000 
315000.000000 
427500.000000 
480000.000000 
562500.000000 
622500.000000 
697500.000000 
720000.000000 
750000.000000 
675000.000000 
615000.000000 
562500.000000 
517500.000000 
495000.000000 
450000.000000 
427500.000000 
285000.000000 
330000.000000 
412500.000000 
367500.000000 
412500.000000 
405000.000000 
427500.000000 
367500.000000 
412500.000000 
367500.000000 
292500.000000 
232500.000000 
225000.000000 
157500.000000 
142500.000000 
217500.000000 
322500.000000 
375000.000000 
337500.000000 
412500.000000 
375000.000000 
352500.000000 
279790.570797 
202500.000000 
135000.000000 
75000.000000 
127500.000000 
187500.000000 
142500.000000 
225000.000000 
232500.000000 
225000.000000 
255000.000000 
172500.000000 
142500.000000 
90000.000000 
37500.000000 
0.000000 
105000.000000 
172500.000000 
210000.000000 
285000.000000 
367500.000000 
345000.000000 
390000.000000 
225000.000000 
180000.000000 
157500.000000 
112500.000000 
135000.000000 
142500.000000 
210000.000000 
210000.000000 
262500.000000 
270000.000000 
277500.000000 
240000.000000 
157500.000000 
135000.000000 
30000.000000 
-30000.000000 
-7500.000000 
60000.000000 
150000.000000 
217500.000000 
300000.000000 
397500.000000 
375000.000000 
352500.000000 
330000.000000 
232500.000000 
172500.000000 
97500.000000 
64210.333360 
36450.053491 
82500.000000 
135000.000000 
150000.000000 
285000.000000 
337500.000000 
277500.000000 
165000.000000 
112500.000000 
52500.000000 
105000.000000 
67500.000000 
75000.000000 
179609.720637 
251280.102481 
270000.000000 
337500.000000 
406528.182178 
407961.483843 
356684.022777 
311425.336156 
302716.365604 
80325.762220 
60000.000000 
82500.000000 
52500.000000 
135000.000000 
120000.000000 
112500.000000 
187500.000000 
202500.000000 
240000.000000 
202500.000000 
195000.000000 
172500.000000 
135000.000000 
180000.000000 
147045.048959 
225000.000000 
322500.000000 
270000.000000 
277500.000000 
262500.000000 
285000.000000 
202500.000000 
174177.200325 
142500.000000 
90000.000000 
120000.000000 
172500.000000 
187500.000000 
225000.000000 
240000.000000 
277500.000000 
180000.000000 
120000.000000 
45000.000000 
15000.000000 
37500.000000 
45000.000000 
165000.000000 
195000.000000 
217500.000000 
315000.000000 
322500.000000 
360000.000000 
285000.000000 
262500.000000 
270000.000000 
255000.000000 
240000.000000 
172500.000000 
157500.000000 
112500.000000 
67500.000000 
142500.000000 
172500.000000 
210000.000000 
240000.000000 
277500.000000 
247500.000000 
120000.000000 
75000.000000 
-52500.000000 
30000.000000 
-15000.000000 
97500.000000 
225000.000000 
315000.000000 
360000.000000 
345000.000000 
322500.000000 
270000.000000 
240000.000000 
180000.000000 
142500.000000 
75000.000000 
82500.000000 
82500.000000 
172500.000000 
195000.000000 
202500.000000 
285000.000000 
330000.000000 
307500.000000 
180000.000000 
45000.000000 
15000.000000 
21012.352403 
90776.269281 
112729.359821 
157500.000000 
240000.000000 
345000.000000 
360000.000000 
345000.000000 
262500.000000 
232500.000000 
150000.000000 
150000.000000 
52500.000000 
112500.000000 
142500.000000 
187500.000000 
165000.000000 
187500.000000 
247500.000000 
180000.000000 
157500.000000 
97500.000000 
45000.000000 
97500.000000 
142500.000000 
189497.298255 
290329.226992 
247500.000000 
352500.000000 
322500.000000 
288657.558274 
343975.325541 
301677.839770 
314249.801128 
93585.205221 
-52500.000000 
165000.000000 
225000.000000 
210000.000000 
202500.000000 
202500.000000 
172500.000000 
120000.000000 
112500.000000 
-7500.000000 
22500.000000 
22500.000000 
60000.000000 
195000.000000 
225000.000000 
345000.000000 
427410.216518 
397551.620654 
371988.296506 
429313.994403 
434741.059536 
433303.783287 
399612.960083 
128589.110371 
-14935.837092 
-72418.238734 
-15000.000000 
165000.000000 
172500.000000 
240000.000000 
240000.000000 
150000.000000 
127500.000000 
114173.025012 
114959.681900 
105909.907999 
116758.638126 
36997.520898 
133704.124382 
341854.709125 
300843.456077 
328136.961835 
262989.078585 
299672.395642 
531540.234446 
275643.327590 
263047.791726 
454570.672753 
38558.402365 
32974.663866 
-73621.847373 
-52500.000000 
120000.000000 
180000.000000 
232500.000000 
240000.000000 
247500.000000 
157500.000000 
60000.000000 
52500.000000 
15000.000000 
46479.571825 
126479.346588 
187500.000000 
270000.000000 
375000.000000 
419194.755164 
460040.799370 
452363.075996 
421750.667517 
368457.063281 
319000.662248 
96888.076266 
-108510.802189 
-106543.919159 
-30000.000000 
97500.000000 
187500.000000 
142500.000000 
195000.000000 
180000.000000 
105000.000000 
37500.000000 
-15000.000000 
37500.000000 
75000.000000 
217500.000000 
262500.000000 
307500.000000 
390000.000000 
375000.000000 
382500.000000 
292500.000000 
421533.434290 
112500.000000 
309381.441832 
65243.136569 
-30000.000000 
37500.000000 
82500.000000 
45000.000000 
219983.359150 
277500.000000 
217500.000000 
240000.000000 
240000.000000 
117212.143905 
105000.000000 
117970.561517 
157500.000000 
115556.056352 
271613.311980 
355802.765572 
649822.677753 
661588.009494 
623291.232934 
607985.477923 
610047.577266 
593840.297985 
528750.000000 
85588.081750 
-48113.948411 
35810.190270 
31922.718318 
36342.778042 
-28237.562428 
-54977.519816 
-42341.039589 
6355.681393 
13150.771050 
-4359.886191 
-9121.322829 
-6178.409516 
7416.960446 
68139.947457 
150000.000000 
300000.000000 
390000.000000 
352500.000000 
367500.000000 
345000.000000 
394940.365617 
331091.923751 
115751.398122 
73072.537976 
-48977.733907 
15000.000000 
127500.000000 
202500.000000 
187500.000000 
262500.000000 
255000.000000 
232500.000000 
157500.000000 
67500.000000 
15000.000000 
22500.000000 
12644.303489 
82500.000000 
236541.258490 
232500.000000 
435000.384011 
477882.667922 
694431.775433 
691590.465306 
612684.077574 
364010.864675 
540818.849626 
233671.719982 
51233.425593 
39425.707183 
-64656.420284 
-47298.301364 
-67485.018681 
-34850.043251 
-10064.818497 
24307.237943 
-22500.000000 
90000.000000 
52500.000000 
45000.000000 
75000.000000 
120000.000000 
187500.000000 
262500.000000 
300000.000000 
292500.000000 
292500.000000 
427335.364984 
375382.977657 
622485.204658 
333429.023233 
241538.566269 
203836.528240 
43189.406556 
47038.184990 
-40900.821001 
-60000.000000 
142500.000000 
157500.000000 
165000.000000 
127500.000000 
75000.000000 
67500.000000 
75000.000000 
112500.000000 
252569.529866 
236880.499409 
304380.358178 
375480.123602 
418848.849681 
202500.000000 
262500.000000 
217500.000000 
217500.000000 
112500.000000 
67500.000000 
75000.000000 
135000.000000 
165000.000000 
210000.000000 
262500.000000 
270000.000000 
262500.000000 
172500.000000 
135000.000000 
97500.000000 
75000.000000 
22500.000000 
112500.000000 
165000.000000 
284926.779442 
225000.000000 
307500.000000 
382500.000000 
300000.000000 
343996.441018 
225000.000000 
187500.000000 
157500.000000 
105000.000000 
120000.000000 
127500.000000 
165000.000000 
240000.000000 
180000.000000 
262500.000000 
270000.000000 
195000.000000 
142500.000000 
90000.000000 
45000.000000 
105000.000000 
45000.000000 
67500.000000 
150000.000000 
336389.241028 
214019.033906 
255000.000000 
384708.989019 
629984.889694 
348130.668145 
276212.629415 
91392.978643 
97500.000000 
135000.000000 
82500.000000 
97500.000000 
120000.000000 
142500.000000 
180000.000000 
180000.000000 
165000.000000 
172500.000000 
45000.000000 
45000.000000 
82500.000000 
135000.000000 
405548.804516 
661607.915403 
444342.708395 
286574.799941 
215083.802113 
381876.851402 
685134.850158 
554266.079110 
335791.409531 
326585.742082 
245875.219377 
45834.145603 
-41950.495656 
-101672.450869 
-100055.385349 
-75857.486298 
0.000000 
225000.000000 
180000.000000 
142500.000000 
30000.000000 
52500.000000 
37500.000000 
97824.668231 
135000.000000 
217500.000000 
352500.000000 
390000.000000 
405000.000000 
405000.000000 
367500.000000 
262500.000000 
300000.000000 
142500.000000 
127500.000000 
60000.000000 
37500.000000 
82500.000000 
180000.000000 
232500.000000 
300000.000000 
285000.000000 
195000.000000 
157500.000000 
274682.944923 
281137.364206 
309680.199895 
325581.346314 
387437.431216 
670623.615890 
313692.123289 
263105.859607 
345532.995739 
524219.667013 
297145.001416 
298570.041687 
127905.779878 
266099.788953 
62484.114167 
50947.975915 
-50906.405921 
-73168.643768 
-110728.217587 
-58148.753428 
0.000000 
120000.000000 
202500.000000 
142500.000000 
150000.000000 
195000.000000 
147094.733502 
340283.439844 
351913.761136 
424811.467349 
382691.753855 
503649.982091 
738750.000000 
469980.422211 
709427.380893 
596250.000000 
317492.956083 
27386.584711 
-729.867392 
-45233.269783 
-104383.538963 
-122072.581843 
-108466.415737 
-93644.879342 
-15000.000000 
37500.000000 
97500.000000 
67500.000000 
52500.000000 
82500.000000 
75000.000000 
127500.000000 
210000.000000 
292500.000000 
330000.000000 
322500.000000 
292500.000000 
283534.021360 
278516.289424 
205114.577195 
216294.164035 
142500.000000 
187500.000000 
135000.000000 
150000.000000 
127500.000000 
97500.000000 
157500.000000 
240000.000000 
187500.000000 
232500.000000 
270000.000000 
187500.000000 
112500.000000 
37500.000000 
91697.485497 
119772.609617 
150000.000000 
217500.000000 
322500.000000 
382500.000000 
496983.638364 
436427.156764 
209573.574132 
364647.562391 
153773.283883 
93074.731228 
82500.000000 
45000.000000 
90000.000000 
60000.000000 
127500.000000 
157500.000000 
187500.000000 
217500.000000 
217500.000000 
157500.000000 
135000.000000 
135000.000000 
52500.000000 
112500.000000 
172500.000000 
210000.000000 
270000.000000 
300000.000000 
382500.000000 
397500.000000 
390000.000000 
262500.000000 
247500.000000 
142500.000000 
60000.000000 
82500.000000 
195000.000000 
210000.000000 
172500.000000 
195000.000000 
180000.000000 
127500.000000 
97500.000000 
90000.000000 
30000.000000 
82500.000000 
75000.000000 
225000.000000 
240000.000000 
255000.000000 
345000.000000 
360000.000000 
382500.000000 
367500.000000 
307500.000000 
157500.000000 
135000.000000 
112500.000000 
165000.000000 
187500.000000 
135000.000000 
210000.000000 
225000.000000 
240000.000000 
225000.000000 
105000.000000 
114225.823245 
126074.853541 
131171.919324 
168611.616157 
634014.940566 
676527.243610 
472732.466249 
750000.000000 
720000.000000 
615000.000000 
472500.000000 
326250.000000 
270000.000000 
236250.000000 
251250.000000 
277500.000000 
255000.000000 
205864.295897 
433256.212036 
341250.000000 
225000.000000 
183750.000000 
