Demand
-3750.0
-3750.0
-3750.0
-3750.0
3750.0
3750.0
3750.0
3750.0
3750.0
3750.0
-1178.6741269401452
3750.0
3750.0
606.3684563351223
3750.0
-1248.3912820416072
3750.0
3750.0
3750.0
-3750.0
3750.0
3750.0
3750.0
1209.3967517401397
2653.742478875066
-448.1251605566076
-1934.0681386835531
232.6948332170307
856.0037251844731
1302.1837671923597
1456.685271773181
-580.4775169980892
358.05658032004794
2174.5869135571966
1209.5042526207926
2434.53314502685
0.0
0.0
0.0
3750.0
1984.346345297354
-735.4689509891241
-980.3097423287818
-1293.956428341622
-1376.432952907904
-925.3033036590105
-1378.9185156988058
-1947.4440672740611
1953.172496728812
3750.0
3750.0
3750.0
3750.0
-3750.0
-3750.0
-3750.0
-3750.0
-3750.0
-3029.3020609432306
-1474.2996002298885
-3750.0
3750.0
3750.0
3750.0
3750.0
3750.0
3750.0
3750.0
3750.0
-3750.0
-3750.0
3750.0
3750.0
3750.0
-3750.0
-3750.0
-3750.0
-3750.0
3750.0
3750.0
3750.0
3750.0
3750.0
3731.9981998199764
-663.329818510015
3750.0
3750.0
228.854883259678
3750.0
-1901.2371420628306
-2567.923737461675
-2112.8452549707354
-2206.5107466677055
3750.0
3750.0
3750.0
3750.0
-2731.1031664964275
-1354.8217386612262
3750.0
3750.0
3750.0
3750.0
3750.0
0.0
0.0
3750.0
3750.0
3750.0
0.0
-568.1818181818182
659.4488188976391
-1136.3636363636365
-2.2737367544323206E-12
-815.2173913043523
3750.0
-2434.774084575014
-2734.765344165651
-2969.327725497553
-3500.4212275013288
-3306.7283431704964
3750.0
3750.0
3750.0
3750.0
3750.0
-3750.0
-3750.0
3750.0
3750.0
3750.0
3750.0
3750.0
3750.0
3750.0
-3411.3190730837805
-3750.0
-3750.0
-3750.0
-3750.0
-3750.0
-3750.0
-3750.0
3750.0
3750.0
3750.0
3750.0
3750.0
3750.0
3750.0
3750.0
3750.0
1673.2621771968713
2150.454749077292
3750.0
3750.0
3750.0
1414.551916944839
-178.86828053635054
-108.70344916779914
1096.103481552671
3750.0
-2333.210115739561
-2923.99593348239
-3038.2540972486695
-3168.900842840204
-3547.664313438282
-3750.0
3750.0
3750.0
3750.0
3750.0
3750.0
3750.0
3750.0
3750.0
-3750.0
-3750.0
-3750.0
-3750.0
-3750.0
3750.0
3750.0
3750.0
3750.0
3750.0
-3750.0
3750.0
3750.0
3750.0
3750.0
-3750.0
-3750.0
-3750.0
-3750.0
-3750.0
-1222.2838137472365
3750.0
3750.0
3750.0
3750.0
3750.0
3750.0
3750.0
3750.0
-3750.0
-3750.0
-3750.0
-3750.0
3750.0
3750.0
3750.0
3750.0
3750.0
3750.0
3750.0
3750.0
-3750.0
-3750.0
-3750.0
-3750.0
-3750.0
3750.0
3750.0
3750.0
3750.0
3750.0
3750.0
3750.0
-3271.0084033613457
-3750.0
-3750.0
-3750.0
-3750.0
-3750.0
3750.0
3750.0
3750.0
3750.0
3750.0
3750.0
-654.5463214431156
-68.44920967817507
498.63944091282406
1188.856743456605
1930.987950595817
2221.2567019011117
-1325.757575757576
2074.4680851063813
0.0
0.0
0.0
0.0
0.0
0.0
0.0
3750.0
3750.0
3226.6711999163094
1819.86076286808
3750.0
0.0
0.0
0.0
0.0
0.0
-492.4242424242425
290.49295774647794
454.1010270843217
-1515.1515151515152
3750.0
305.75087895529805
1019.3541689645538
2820.4769543937764
3151.9415466031996
3654.9440764182073
2546.082782529924
1312.6622988048493
-984.848484848485
1133.720930232555
-2462.121212121212
3750.0
-2684.199982192148
-2681.7314271078367
-3153.4472966072417
-3316.434299145507
3750.0
3750.0
3750.0
3750.0
-3750.0
-3750.0
-3750.0
3750.0
3750.0
3750.0
3750.0
3750.0
3750.0
3750.0
-1446.969696969698
-3750.0
-3635.286811720871
-2396.500202608395
-3427.4697219363707
-3526.1813178238654
-3750.0
3750.0
3750.0
3750.0
3750.0
3750.0
3750.0
3750.0
3750.0
3750.0
3750.0
-3316.1157024793392
-3368.9376443418014
-3642.2819530621
-3621.1658866524294
-3750.0
-3205.1169074045465
1862.3299616664744
3750.0
3750.0
1491.0925977310656
3750.0
3750.0
3750.0
3750.0
3750.0
-3750.0
-3750.0
-3750.0
-3750.0
-3750.0
3750.0
3750.0
3750.0
3750.0
3750.0
3750.0
-3750.0
-3750.0
-3750.0
-3750.0
-3750.0
3750.0
3750.0
3750.0
3750.0
3750.0
3750.0
-3750.0
-3750.0
3750.0
3750.0
3750.0
-3750.0
-3750.0
-3750.0
-3750.0
3750.0
3750.0
3750.0
3750.0
3750.0
3750.0
3750.0
3750.0
-3750.0
-3750.0
3750.0
3750.0
3750.0
3750.0
3750.0
-3750.0
3750.0
3750.0
3750.0
3750.0
3750.0
3750.0
-3750.0
-3750.0
-3750.0
3750.0
3750.0
3750.0
3750.0
3750.0
3750.0
-3750.0
-3750.0
3750.0
3750.0
3750.0
3750.0
3750.0
-3750.0
-3750.0
3750.0
3750.0
3750.0
3750.0
3750.0
3750.0
3750.0
-3750.0
-3750.0
-3750.0
-3750.0
-3750.0
-3750.0
3750.0
3750.0
3750.0
3750.0
3750.0
3750.0
3750.0
3750.0
-3750.0
-3750.0
-3750.0
3750.0
3750.0
3750.0
3750.0
3750.0
-3750.0
-3750.0
-3750.0
-3750.0
3750.0
3750.0
3750.0
3750.0
3750.0
3750.0
3750.0
3750.0
3750.0
-3750.0
-3750.0
-3750.0
3750.0
3750.0
3750.0
3750.0
3750.0
3750.0
3750.0
3750.0
3750.0
3750.0
-3750.0
-3547.585227272728
-3257.6553947664397
-2098.900809909036
-1489.0537663562507
707.1932217611657
3750.0
3750.0
3750.0
3750.0
3750.0
3750.0
3750.0
3750.0
3750.0
3750.0
0.0
0.0
0.0
0.0
-1553.0303030303032
3750.0
3750.0
-322.07291862431975
-259.27188420847506
-160.3977392129873
504.3975679987914
1045.7031878187915
690.6723927881369
1447.1722682652555
2418.3759748542916
3679.546700608371
3750.0
2715.4205881430357
0.0
0.0
3750.0
3750.0
-66.91435956061514
195.19231234175663
68.20143075611259
63.15268898479849
180.57683909737648
524.4231652639621
2566.774479353795
3404.931849925324
3750.0
-189.3939393939394
3750.0
0.0
0.0
0.0
3750.0
3750.0
3750.0
221.57190635451502
454.20894245280215
3090.6409030484974
-1136.3636363636365
1001.1312217194561
518.076790435683
-1666.6666666666667
-1193.181818181818
-1007.3363431151208
-152.73969378507672
3750.0
3750.0
-1947.628458498024
-2113.885612471704
-2130.338741741205
-2453.900203742185
-2071.4413751437105
-325.04469213635275
3750.0
3750.0
3750.0
3750.0
3750.0
3750.0
3750.0
3750.0
-3750.0
-3597.772673859631
-3750.0
-3750.0
3750.0
3750.0
3750.0
3750.0
3750.0
3750.0
3750.0
3750.0
3750.0
3750.0
3750.0
3750.0
-3580.104321907601
-3545.242223091166
-3328.3972508786837
-3468.757635580827
3750.0
3750.0
3750.0
3750.0
3750.0
-3750.0
-3750.0
-1522.1482339316742
93.68165194631115
-1169.2020515155739
3750.0
3750.0
3750.0
3750.0
-442.00239628575764
-522.97752082638
-346.60339150620985
110.85768608615058
726.7972520993571
1188.2585183020178
1462.6655484668192
2268.1138883513468
3750.0
2769.779744541751
3564.7722379129923
3473.813336425782
-871.2121212121214
1221.4285714285752
-1553.0303030303032
3750.0
2482.4273664479833
40.753718964218024
-1396.2671182666945
-2085.7823310458043
-2859.4570276482173
-3587.3644129410322
-3750.0
-3750.0
3750.0
3750.0
3750.0
3750.0
3750.0
3750.0
3750.0
-3750.0
-3750.0
3750.0
3750.0
3750.0
3750.0
3750.0
3750.0
3750.0
-3750.0
-3750.0
-3750.0
3750.0
3750.0
3750.0
3750.0
3750.0
3750.0
3750.0
3750.0
-3750.0
-3750.0
-3750.0
-3750.0
-2310.606060606062
3750.0
3750.0
3750.0
3750.0
3750.0
3750.0
3750.0
3750.0
3750.0
3750.0
-3750.0
-3750.0
3750.0
3750.0
3750.0
-3750.0
-3750.0
-3750.0
-3750.0
-3750.0
3750.0
3750.0
3750.0
3750.0
3750.0
3750.0
-3072.810590631366
-2969.524986243715
-2932.267215335276
-2997.318477921506
1099.6862949990573
-1842.2090572869038
3750.0
3750.0
3750.0
3750.0
3750.0
3750.0
3750.0
3750.0
3750.0
3750.0
3750.0
3750.0
0.0
0.0
0.0
0.0
0.0
0.0
3750.0
3750.0
0.0
0.0
0.0
0.0
0.0
-530.3030303030304
3750.0
-1262.2749590834692
-2377.3887662780808
-2782.098361018494
-3245.5236189960033
-3237.7976118880633
-3550.4579063054825
-3750.0
3750.0
3750.0
3750.0
3750.0
3750.0
-3750.0
-3750.0
-3750.0
-3750.0
-3750.0
-3750.0
-3750.0
3750.0
3750.0
3750.0
3750.0
3750.0
3750.0
3750.0
3750.0
-3750.0
-3750.0
-3750.0
-3750.0
-3750.0
3750.0
3750.0
3750.0
3750.0
3750.0
3750.0
3750.0
3750.0
3750.0
3750.0
-3430.2543006731494
-3750.0
-3750.0
-3750.0
3750.0
3750.0
3750.0
3750.0
3750.0
3750.0
3750.0
3750.0
-3750.0
-3750.0