Demand
-3750.0
-3750.0
-3750.0
-3750.0
3750.0
3750.0
3750.0
3750.0
3750.0
3750.0
3750.0
3750.0
3750.0
3750.0
3750.0
-2838.2431351639552
-3750.0
-3750.0
-3750.0
-3750.0
3750.0
3750.0
3750.0
3750.0
3750.0
3750.0
3750.0
3750.0
673.3228528606796
1115.6144103432034
1310.26953196103
-628.213707809954
213.67512624742994
1921.2018112968217
1260.9817855439062
2726.549266324663
0.0
0.0
0.0
0.0
-1325.757575757576
3750.0
537.4474280168206
118.65189128177826
178.4433972283705
1318.41041684068
531.6673746101549
473.5930760806391
3750.0
3750.0
3750.0
3750.0
-3750.0
-3750.0
-3750.0
-3750.0
3750.0
3750.0
3750.0
3750.0
3750.0
-3200.9331727874805
-3750.0
-3750.0
3750.0
3750.0
3750.0
3750.0
3750.0
3750.0
3750.0
3750.0
3750.0
-3750.0
-3750.0
-3750.0
-3750.0
-3750.0
3750.0
3750.0
3750.0
3750.0
3750.0
3750.0
3750.0
3750.0
3750.0
1140.8229794562674
763.0397775465258
-1.3934380294081166
-1016.209785574735
3717.501846764696
-991.7042540431912
3750.0
3750.0
3750.0
3750.0
-2950.336700336701
-2201.9556682679404
2389.424521457885
3750.0
3750.0
3750.0
3750.0
3750.0
0.0
0.0
0.0
3750.0
0.0
-568.1818181818182
546.675191815857
1479.9995065522817
-2159.0909090909095
-1564.748201438849
-2106.616160044803
-2094.3892295453034
-2346.6156275510293
-2409.7177657059583
-2769.8785554804863
3750.0
3750.0
3750.0
3750.0
-3750.0
-3750.0
-3750.0
-3750.0
3750.0
3750.0
3750.0
3750.0
3750.0
-3167.10493363386
-3207.497376057544
-3347.6115416857383
-3750.0
-3750.0
-3750.0
-3750.0
3750.0
3750.0
3750.0
3750.0
3750.0
3750.0
3750.0
3750.0
-2760.743801652893
-3127.696267771732
-1506.7608985593588
2129.7504874504766
2139.2777911329395
2504.431067602616
3750.0
3750.0
3750.0
2122.13229101093
225.1754064076424
128.97405020349743
224.45688220403508
3750.0
-3181.818181818182
-2463.525713364502
-2087.813084851249
3750.0
-143.51117831978718
3750.0
3750.0
3750.0
3750.0
-3750.0
-3750.0
-3750.0
-3750.0
-3750.0
-3750.0
3750.0
3750.0
3750.0
3750.0
3750.0
3750.0
3750.0
-3750.0
-3750.0
-3750.0
-3750.0
-3750.0
3750.0
3750.0
3750.0
3750.0
3750.0
3750.0
-3750.0
-3627.5305576776163
-3750.0
-3750.0
3750.0
3750.0
3750.0
3750.0
3750.0
3750.0
3750.0
-3750.0
-3750.0
-3750.0
-3750.0
-3750.0
-3750.0
-3750.0
3750.0
3750.0
3750.0
3750.0
3750.0
3750.0
3750.0
3750.0
3750.0
3750.0
-3750.0
-3750.0
-3502.2636725823986
-3750.0
-3305.053506160958
-1960.3296651686414
3750.0
-3750.0
3750.0
3750.0
3750.0
3750.0
3750.0
3750.0
3750.0
-3179.103137351376
673.0150894923563
2390.3934576416495
3750.0
3750.0
3750.0
3750.0
3750.0
2966.436515750439
-1325.757575757576
2967.7914110429365
0.0
0.0
3750.0
3750.0
0.0
0.0
0.0
0.0
0.0
-795.4545454545455
3750.0
3750.0
3750.0
3750.0
0.0
0.0
0.0
-492.4242424242425
187.49999999999955
397.1115282873959
-1515.1515151515152
-547.7528089887637
-595.872324654867
709.8043768287762
3750.0
-1553.0303030303032
3750.0
3750.0
3750.0
3750.0
3750.0
3750.0
-1046.4426877470362
-2288.3682967512495
-2326.327743947929
-3034.132992352119
-3468.716178386876
-2535.3522039300096
3750.0
3750.0
3750.0
3750.0
3750.0
3750.0
3750.0
3750.0
-3750.0
3750.0
3750.0
-3750.0
1277.440361995765
3750.0
-3750.0
3750.0
3750.0
3750.0
3750.0
3750.0
-3750.0
-3750.0
-3750.0
-3750.0
-3750.0
-3750.0
3750.0
3750.0
3750.0
3750.0
3750.0
3750.0
3750.0
-3652.03077899413
-3750.0
-3475.8211263136363
-2655.2033485935735
-2355.0137445199534
-1521.3257591774388
3750.0
3750.0
3750.0
3750.0
3750.0
3750.0
3750.0
3750.0
-3750.0
-3750.0
-3750.0
-3750.0
-3750.0
-3750.0
-3750.0
-3750.0
3750.0
3750.0
3750.0
3750.0
3750.0
3750.0
3750.0
3750.0
3750.0
-3750.0
-3750.0
-3750.0
3750.0
3750.0
3750.0
3750.0
3750.0
3750.0
3750.0
-3750.0
-3750.0
-3750.0
-3750.0
-3750.0
3750.0
3750.0
3750.0
3750.0
3750.0
3750.0
-3750.0
-3750.0
-3750.0
-3750.0
3750.0
3750.0
3750.0
3750.0
3750.0
3750.0
3750.0
3750.0
-3750.0
-3750.0
-3750.0
3750.0
3750.0
3750.0
3750.0
3750.0
3750.0
3750.0
3750.0
-3750.0
-3750.0
-3750.0
-3750.0
-3750.0
-3750.0
-3750.0
-3750.0
3750.0
3750.0
3750.0
3750.0
3750.0
3750.0
3750.0
3750.0
3750.0
-3750.0
-3750.0
-3750.0
-3750.0
-3750.0
-3750.0
3750.0
3750.0
3750.0
3750.0
3750.0
3750.0
3750.0
-3750.0
-3750.0
-3750.0
-3750.0
-3750.0
-3750.0
-3750.0
-3750.0
3750.0
3750.0
3750.0
3750.0
3750.0
3750.0
3750.0
3750.0
3750.0
-3750.0
-3750.0
-3750.0
-3750.0
-3750.0
3750.0
3750.0
3750.0
3750.0
3750.0
3750.0
3750.0
3750.0
3750.0
3750.0
-3620.368124204014
-3750.0
-3339.702057586417
-2500.417622856371
2952.67276285056
2865.325977031569
2255.308009515369
3750.0
3750.0
3750.0
3750.0
3750.0
3750.0
3750.0
3750.0
0.0
3750.0
3750.0
3750.0
3750.0
0.0
-1553.0303030303032
-12.46387283237118
-292.63608834387105
385.02848485254003
540.3489929791219
765.528527542785
1749.8710137981607
2292.7362483264274
1453.3455140709004
2537.0722672457896
2697.62602967149
2296.776781539035
-1363.6363636363637
3750.0
3750.0
3750.0
3750.0
3750.0
3750.0
3750.0
3750.0
2813.115076761582
2467.261383065068
2534.539388757778
3750.0
3750.0
3750.0
-189.3939393939394
3750.0
0.0
0.0
3750.0
3750.0
3750.0
3178.1767955801106
-1856.0606060606062
498.81235154394267
3153.2219559160303
-1136.3636363636365
1037.2340425531902
514.9727767695099
-1666.6666666666667
-1082.0158102766784
-521.2305025996548
3750.0
-2916.6666666666665
3750.0
3750.0
3750.0
3750.0
-2730.1482491266934
-2641.7768074037804
-2400.6812362398887
-244.721534588346
3750.0
3750.0
714.5570145229838
3750.0
3750.0
3750.0
3750.0
3750.0
3750.0
-3750.0
-3750.0
3750.0
3750.0
3750.0
3750.0
3750.0
3750.0
-3750.0
-3750.0
-3750.0
-3750.0
3750.0
3750.0
3750.0
3750.0
3750.0
3750.0
3750.0
-3750.0
-3750.0
-3750.0
-3750.0
-3750.0
-3750.0
3750.0
3750.0
3750.0
3750.0
3750.0
3750.0
3750.0
3750.0
-1539.239987160741
-1470.9805147848513
-1227.607288360378
-881.7649963665315
-605.7440543229625
-404.9658759357119
188.0641803201495
1906.201277292933
1252.7247874675686
2323.2618118260652
2901.301741834056
-871.2121212121214
1012.7737226277391
-1553.0303030303032
3750.0
-1477.2727272727275
3431.6976127320786
-632.045012377265
3750.0
3750.0
-3603.3447684391103
-3750.0
-3750.0
3750.0
3750.0
3750.0
3750.0
3750.0
3750.0
3750.0
-3750.0
-3750.0
-3750.0
-3750.0
3750.0
3750.0
3750.0
3750.0
3750.0
3750.0
3750.0
3750.0
3750.0
-3750.0
-3750.0
-3750.0
-3750.0
-3750.0
3750.0
3750.0
3750.0
3750.0
3750.0
-3750.0
-3631.8477938999104
-3750.0
-3750.0
-3750.0
-3750.0
3750.0
3750.0
3750.0
3750.0
3750.0
3750.0
3750.0
3750.0
3750.0
3750.0
3750.0
3750.0
-3750.0
-3750.0
-3750.0
-3750.0
3750.0
3750.0
3750.0
3750.0
3750.0
3750.0
3750.0
-3164.6862819062
-3204.8957059159775
-3345.3145871954575
-2222.795625516902
-3336.838904244418
-3561.1831181295993
-3750.0
3750.0
3750.0
3750.0
3750.0
3750.0
3750.0
3750.0
3750.0
3750.0
0.0
3750.0
3750.0
3750.0
0.0
0.0
0.0
0.0
0.0
0.0
3750.0
0.0
0.0
0.0
-530.3030303030304
-756.976744186047
-1239.5812757792276
-2357.894319629815
-2754.588632593439
-3215.7264193420706
-3164.4935121835742
-3449.720168364768
3750.0
3750.0
3750.0
3750.0
3750.0
-3750.0
-3750.0
-3750.0
-3750.0
-3750.0
-3750.0
3750.0
3750.0
3750.0
3750.0
3750.0
3750.0
3750.0
3750.0
3750.0
-3750.0
-3750.0
-3750.0
3750.0
3750.0
3750.0
3750.0
3750.0
-3750.0
-3750.0
-3750.0
-3750.0
3750.0
3750.0
3750.0
3750.0
3750.0
3750.0
3750.0
-3750.0
-3750.0
-3750.0
-3750.0
-3750.0
-3750.0
3750.0
3750.0
3750.0
3750.0
3750.0