Demand
3750.0
3750.0
3750.0
3750.0
3750.0
3750.0
3750.0
3750.0
3750.0
3750.0
3750.0
3750.0
3750.0
3750.0
3750.0
3750.0
3750.0
3750.0
3750.0
3750.0
3750.0
3750.0
3750.0
3750.0
3750.0
3750.0
3750.0
3750.0
2449.7050231950125
2850.8089599769532
2849.67813853131
170.05269746511885
1247.8490555640385
3292.8020602618967
2149.689793295045
3656.928428002026
3750.0
0.0
0.0
0.0
-1325.757575757576
3750.0
-348.9043529760147
-751.8186491738027
-882.0617472578713
-412.5795202751317
-1077.9564524464856
-1961.8526954392019
-1319.3742312296606
3750.0
569.2433132871413
3750.0
3750.0
3750.0
3750.0
3750.0
-3750.0
-3750.0
3750.0
3750.0
3750.0
-3318.18181818182
-3750.0
-3750.0
3750.0
3750.0
3750.0
3750.0
3750.0
-3750.0
-3750.0
3750.0
3750.0
3750.0
3750.0
3750.0
3750.0
-3750.0
-3750.0
-3750.0
-2636.718750000001
-2866.051230258964
3282.124006681148
3750.0
233.69338874518394
3750.0
3750.0
2691.042844786049
1467.7234405503705
1590.1699892259005
3750.0
3750.0
-3361.5190287521364
-3416.7204320835835
-3476.891227206049
-3647.751895727288
-3268.1857631534313
-2699.22487274125
-1495.7074678480196
3750.0
3750.0
3750.0
3750.0
3750.0
3750.0
3750.0
0.0
0.0
3750.0
3750.0
-568.1818181818182
1250.0000000000082
-1136.3636363636365
3750.0
3750.0
3750.0
3750.0
-2817.713444553485
-3091.0033207058905
-3571.765211402323
-3550.1705006114844
-3750.0
-3750.0
-3750.0
-3750.0
3750.0
3750.0
3750.0
3750.0
3750.0
3750.0
3750.0
3750.0
-3205.546121656863
-3223.850122852771
-3330.0890584145127
-3750.0
-3750.0
3750.0
3750.0
3750.0
3750.0
3750.0
-3750.0
-3750.0
-3750.0
3750.0
3750.0
3750.0
3750.0
3750.0
3750.0
3750.0
3750.0
3750.0
3750.0
3750.0
3750.0
3750.0
-83.09506790564774
-575.4132128863484
-1365.8950414276642
-1791.3625948815243
-2409.0515618589616
-1957.3163837524087
3750.0
3750.0
3750.0
3750.0
3750.0
3750.0
-3750.0
-3750.0
-3750.0
-3750.0
-3750.0
-3750.0
3750.0
3750.0
3750.0
3750.0
3750.0
3750.0
3750.0
3750.0
3750.0
3750.0
3750.0
3750.0
-3750.0
-3750.0
-3750.0
3750.0
3750.0
3750.0
3750.0
3750.0
3750.0
3750.0
-3750.0
-3750.0
-3750.0
3750.0
3750.0
3750.0
3750.0
3750.0
3750.0
3750.0
3750.0
-3750.0
-3750.0
-3750.0
3750.0
3750.0
3750.0
3750.0
3750.0
-3750.0
-3750.0
-3750.0
-3750.0
3750.0
3750.0
3750.0
3750.0
3750.0
3750.0
3750.0
-3083.766233766234
-3750.0
-3750.0
-3750.0
3750.0
3750.0
3750.0
3750.0
3750.0
3750.0
1664.4092492765558
3718.086495744831
3750.0
3750.0
3248.171139617897
2766.5498082751174
2132.5762905940073
-946.969696969697
3750.0
3750.0
3750.0
3750.0
3750.0
3750.0
0.0
0.0
3750.0
3750.0
3750.0
3750.0
1778.3729009843655
0.0
0.0
3750.0
3750.0
0.0
0.0
-492.4242424242425
178.11296534017902
390.48629221403826
-1515.1515151515152
-618.1318681318683
-747.1854679563903
119.55530252862354
2364.527140434843
1163.2889871202203
-1098.4848484848485
3750.0
2907.0979158474256
3020.1467491731228
933.8423502266705
-984.9891803647306
-1648.8629795745057
-2490.4198718857633
-1891.4549672929063
3750.0
3750.0
3750.0
-3750.0
-3750.0
-3750.0
-3750.0
3750.0
3750.0
3750.0
3750.0
3750.0
3750.0
3750.0
3750.0
3750.0
-1282.4675324675336
-3750.0
-3616.387813253451
-1976.8917051616745
-3253.304071593134
-3059.621436550794
3750.0
3750.0
3750.0
3750.0
3750.0
3750.0
3750.0
3750.0
-3750.0
-3750.0
-3750.0
3750.0
3750.0
3750.0
3750.0
3750.0
3750.0
-3104.0669856459335
-3142.398123895963
-3321.1730478099116
-3386.6677730698475
-3750.0
-3750.0
3750.0
3750.0
3750.0
3750.0
3750.0
3750.0
3750.0
3750.0
3750.0
3750.0
-3750.0
-3750.0
-3750.0
-3750.0
-3750.0
-3750.0
-3750.0
3750.0
3750.0
3750.0
3750.0
3750.0
3750.0
3750.0
3750.0
3750.0
-3750.0
-3750.0
-3750.0
-3750.0
-3750.0
3750.0
3750.0
3750.0
3750.0
3750.0
3750.0
-3750.0
-3750.0
-3750.0
-3750.0
3750.0
3750.0
3750.0
3750.0
3750.0
3750.0
3750.0
3750.0
-3750.0
-3750.0
-3750.0
-3750.0
3750.0
3750.0
3750.0
3750.0
3750.0
3750.0
3750.0
3750.0
-3750.0
-3750.0
-3750.0
-3750.0
-3750.0
3750.0
3750.0
3750.0
3750.0
3750.0
3750.0
3750.0
3750.0
-3750.0
-3750.0
3750.0
3750.0
3750.0
3750.0
-3750.0
-3750.0
-3750.0
-3750.0
3750.0
3750.0
3750.0
3750.0
3750.0
3750.0
-3750.0
-3750.0
-3750.0
-3750.0
-3750.0
3750.0
3750.0
3750.0
3750.0
3750.0
-3750.0
-3750.0
3750.0
3750.0
3750.0
3750.0
-3750.0
-3750.0
-3750.0
-3750.0
-3750.0
3750.0
3750.0
3750.0
3750.0
3750.0
3750.0
3750.0
-3750.0
-3750.0
-3750.0
3750.0
3750.0
3750.0
-3750.0
3750.0
3750.0
3750.0
3750.0
3750.0
3750.0
-3403.158086893027
-2751.632877390697
-2679.5503101342
-2652.0698885142174
2495.9976688072256
3750.0
3750.0
3750.0
3750.0
0.0
0.0
3750.0
3750.0
3750.0
3750.0
3750.0
0.0
0.0
-1553.0303030303032
-1129.411764705883
-1337.2993086527702
-887.3988618929222
-746.457096424404
-496.1571354578766
487.170581717819
1588.7012635167823
1390.990350126093
3750.0
-2348.4848484848485
995.3724205119122
2601.921181388923
3750.0
3750.0
3750.0
3750.0
-113.63636363636364
-709.4594594594598
-478.4210526315794
-561.6115857936056
-528.7136435229122
-363.449532125572
54.98315765023585
2131.3924208418057
2234.2404273866405
-303.03030303030306
3750.0
3750.0
3750.0
3750.0
3750.0
3750.0
0.0
-416.6666666666667
91.22919334186986
315.5547095260631
2843.8053140403554
-1136.3636363636365
1168.0327868852446
-1628.787878787879
1572.5806451612843
-1442.689381409199
3750.0
3750.0
3750.0
3750.0
3750.0
3750.0
3750.0
3750.0
-3260.636268243824
-3300.8458243081222
-3135.4562543949223
-3136.8925940547942
-3424.4973096343083
-3457.119209674621
3750.0
3750.0
3750.0
3750.0
3750.0
3750.0
3750.0
-3750.0
-3750.0
-3750.0
3750.0
3750.0
3750.0
3750.0
3750.0
3750.0
-3750.0
-3750.0
-3750.0
-3750.0
-3353.143027650688
-2582.017839501288
3750.0
3750.0
3750.0
3750.0
3750.0
3750.0
-3750.0
-3750.0
-3750.0
-1412.9884592022674
-152.42609296722776
-1691.673937286565
-463.1116341831148
3750.0
3750.0
3750.0
3750.0
3750.0
-2651.515151515152
-709.4395280235995
-270.7703115588283
76.85251753821717
321.74986171589694
1028.7232755720397
3030.683474072171
2056.3812855968044
3168.0702238710783
3687.0545282536723
-871.2121212121214
914.8793565683663
-1553.0303030303032
2078.0254777070068
-1477.2727272727275
3750.0
3750.0
1397.5015051174075
2471.5850417876636
3750.0
3750.0
3750.0
-3750.0
-3750.0
-3750.0
-3750.0
-3750.0
3750.0
3750.0
3750.0
3750.0
3750.0
3750.0
3750.0
3750.0
-3750.0
-3750.0
-3750.0
-3750.0
-3750.0
3750.0
3750.0
3750.0
3750.0
3750.0
3750.0
3750.0
-3750.0
-3750.0
-3750.0
-3750.0
-3750.0
3750.0
3750.0
3750.0
3750.0
3750.0
3750.0
3750.0
3750.0
3750.0
3750.0
3750.0
-3750.0
3750.0
3750.0
3750.0
3750.0
3750.0
-3750.0
3750.0
3750.0
-3750.0
-3750.0
-3750.0
-3750.0
-3750.0
-3750.0
-3750.0
-1550.1715265866242
3750.0
3750.0
2361.260957518525
3750.0
3750.0
3750.0
-1754.7949126458063
3750.0
3750.0
-3469.7940865062383
-1876.1584389848003
-1162.9443119534635
20.80637116033631
3750.0
3750.0
3750.0
3750.0
0.0
0.0
0.0
3750.0
3750.0
3750.0
3750.0
0.0
0.0
0.0
0.0
0.0
0.0
3750.0
3750.0
-154.07635069556954
-511.1453376292502
-1427.7345515131362
3750.0
3750.0
-3411.3190730837805
-3648.955440883793
-3750.0
-3750.0
3750.0
3750.0
3750.0
3750.0
3750.0
-3750.0
-3750.0
-3750.0
-3750.0
-3750.0
-3750.0
3750.0
3750.0
3750.0
3750.0
3750.0
3750.0
3750.0
3750.0
3750.0
3750.0
3750.0
3750.0
-3750.0
-3750.0
3750.0
3750.0
3750.0
3750.0
3750.0
-3750.0
-3750.0
-3750.0
384.42940038685265
3750.0
3750.0
3750.0
3750.0
3750.0
-3750.0
3750.0
3750.0
3750.0
3750.0
-3750.0
-3750.0
-3750.0
3750.0