Demand
3750.0
3750.0
3750.0
3750.0
3750.0
3750.0
3750.0
3750.0
3750.0
3750.0
3750.0
3750.0
3750.0
-1847.7689883196344
-819.6901323851673
-2721.212217053466
-3750.0
-3750.0
-3750.0
3750.0
3750.0
3750.0
3750.0
3750.0
3750.0
3750.0
-1558.904725177491
1440.851079919107
2146.6955117848393
2356.552346522827
2050.070680774077
-509.29818523847166
1049.9864810210845
3272.044500051722
-1553.0303030303032
2741.5940094280595
3750.0
0.0
0.0
0.0
-1325.757575757576
-975.8916776750341
-1175.8048946621739
-1420.2286768969418
-1391.5170016178179
-619.0904704668465
-412.9191366986131
3750.0
3750.0
-3560.606060606061
-3561.2166041068676
-3750.0
-3750.0
-3750.0
-3750.0
-3750.0
-3750.0
3750.0
3750.0
3750.0
3750.0
3750.0
3750.0
3750.0
3750.0
3750.0
3750.0
3750.0
-3750.0
-3750.0
-3750.0
-3750.0
-3750.0
-3750.0
3750.0
3750.0
3750.0
3750.0
3750.0
3750.0
3750.0
3750.0
3750.0
-849.7286295793756
-2149.0315284262624
-252.25199280968764
1305.3621194520856
1109.5703946469491
3750.0
-2992.4242424242425
-2830.4377256317694
-2752.611579488005
-3247.5169956547898
-3278.441900350328
-3300.637069778887
-3523.1578897875197
-853.0401454222026
3750.0
3750.0
3750.0
3750.0
3750.0
3750.0
3750.0
3750.0
3750.0
3750.0
3750.0
3750.0
0.0
3750.0
1699.992411595083
2724.2253025689497
-149.28453061923346
-1365.0150802545422
-1846.9591197890716
-1499.7458324633246
-683.4829714654015
3750.0
3750.0
3750.0
-3750.0
-3750.0
-3750.0
3750.0
3750.0
3750.0
3750.0
3750.0
3750.0
3750.0
-3750.0
666.3223140495786
3750.0
3750.0
3750.0
3750.0
3750.0
-3750.0
-3750.0
-3750.0
-3750.0
-3750.0
-3750.0
3750.0
3750.0
3750.0
3750.0
3750.0
3750.0
3750.0
-1181.3304721030045
-1021.657781352802
-612.4107542364638
2682.5196439388155
2468.958192754463
-1287.878787878788
2480.7692307692214
-2234.848484848485
-655.9107358262982
-1020.1135406610122
-1613.5091021659873
-1767.6073827378086
-1536.8922070988538
3750.0
3750.0
3750.0
-3750.0
3750.0
3750.0
3750.0
3750.0
3750.0
-3750.0
-3750.0
-3750.0
-3750.0
-3750.0
3750.0
3750.0
3750.0
3750.0
3750.0
-3750.0
-3750.0
-3750.0
-3750.0
-3750.0
-3750.0
3750.0
3750.0
3750.0
3750.0
3750.0
3750.0
3750.0
3750.0
-3750.0
-3750.0
-3750.0
-3750.0
-3750.0
3750.0
3750.0
3750.0
3750.0
3750.0
3750.0
3750.0
3750.0
3750.0
3750.0
-3750.0
-3750.0
3750.0
3750.0
3750.0
3750.0
-3750.0
-3750.0
-3750.0
-3750.0
-3750.0
-3750.0
3750.0
3750.0
3750.0
3750.0
3750.0
3750.0
3750.0
3750.0
3750.0
3750.0
-3750.0
-3750.0
-3750.0
-3311.987704918033
-2957.640785761919
3750.0
3750.0
3750.0
3750.0
3750.0
3750.0
3730.111113024098
-946.969696969697
2736.486486486484
-984.848484848485
3750.0
3750.0
3750.0
0.0
0.0
3750.0
3750.0
3750.0
3750.0
-795.4545454545455
1609.999999999999
0.0
0.0
0.0
0.0
3750.0
3750.0
3750.0
676.0048721071862
907.966617830333
1262.9119377067884
-621.5237785408997
-839.9004279997241
-275.85688579051975
1205.6250581807979
1708.7621834465926
2196.4276977841655
-1060.6060606060607
3221.8309859155006
-984.848484848485
3750.0
3750.0
-2840.9090909090914
3750.0
3750.0
3750.0
-3659.5773932907487
-3649.8612412081047
-3750.0
-3750.0
-3750.0
-3750.0
-3750.0
3750.0
3750.0
3750.0
3750.0
3750.0
3750.0
3750.0
3750.0
3750.0
-3750.0
-3633.568821050466
-2370.7268784397284
-3419.910642606833
-3518.272256622574
-3750.0
3750.0
3750.0
3750.0
3750.0
3750.0
3750.0
3750.0
3750.0
3750.0
3750.0
-3210.869095232949
-3256.343192247641
-3601.2532088940134
-3549.261273984246
-3750.0
2906.31668696369
3750.0
3750.0
3750.0
3750.0
3750.0
3750.0
3750.0
3750.0
3750.0
-3750.0
-3750.0
-3750.0
-3750.0
3750.0
3750.0
3750.0
3750.0
-3750.0
-3750.0
3750.0
3750.0
3750.0
3750.0
3750.0
3750.0
3750.0
-3750.0
-3750.0
-3750.0
-3750.0
-3750.0
-3750.0
3750.0
3750.0
3750.0
3750.0
3750.0
3750.0
3750.0
3750.0
3750.0
-3750.0
-3750.0
-3750.0
-3750.0
-3750.0
-3750.0
3750.0
3750.0
3750.0
3750.0
3750.0
3750.0
3750.0
-3750.0
3750.0
3750.0
3750.0
-3750.0
-3750.0
-3750.0
3750.0
3750.0
3750.0
3750.0
3750.0
3750.0
-3750.0
-3750.0
-3750.0
-3750.0
-3750.0
-3750.0
3750.0
3750.0
3750.0
3750.0
3750.0
3750.0
3750.0
3750.0
-3750.0
-3750.0
-3750.0
-3750.0
-3750.0
-3750.0
3750.0
3750.0
3750.0
3750.0
3750.0
3750.0
3750.0
3750.0
-3750.0
-3750.0
-3750.0
-3750.0
3750.0
3750.0
3750.0
3750.0
3750.0
3750.0
3750.0
-3750.0
3750.0
3750.0
3750.0
3750.0
-3750.0
-3750.0
-3750.0
-3750.0
3750.0
3750.0
3750.0
3750.0
3750.0
3750.0
3750.0
-3750.0
-3750.0
-3750.0
-3750.0
-3750.0
3750.0
3750.0
3750.0
3750.0
3750.0
3750.0
3750.0
3750.0
3750.0
-3510.1010101010106
-3159.289325754484
-1756.612118670837
-1118.641326181705
354.0797091144286
3750.0
3750.0
3750.0
3750.0
3750.0
3750.0
3750.0
0.0
3750.0
3750.0
3750.0
3750.0
0.0
3750.0
852.533760267298
-1175.9330214860076
-1405.290271500825
-1021.0750708781561
-955.3781532323139
-840.564497974292
-215.55830861466302
410.5845015179236
341.5105543114407
1657.2440027389266
3012.7641225322195
1880.629925170868
-1363.6363636363637
3210.301507537691
3750.0
0.0
0.0
-113.63636363636364
-696.5648854961835
-321.2505193186553
-181.32596300592877
795.9725186121495
3750.0
-607.1812802582044
1053.8850521342765
-984.848484848485
3750.0
-189.3939393939394
3750.0
3750.0
3750.0
3750.0
0.0
0.0
-416.6666666666667
109.34819897084117
332.0577407479184
-454.54545454545456
1697.3684210526317
-1477.2727272727275
3249.9999999999795
-1666.6666666666667
-844.7252862146488
-1005.7527517878978
-1253.0820109481876
-1122.0067268567711
-1316.2740181042811
-1123.352329643765
-868.1662697333486
557.7646063231975
3750.0
2125.8681126255233
3750.0
3750.0
3750.0
3750.0
-3655.547341049304
-3750.0
-3750.0
-3750.0
-3750.0
-3750.0
3750.0
3750.0
3750.0
3750.0
3750.0
3750.0
3750.0
3750.0
-3750.0
-3750.0
3750.0
3750.0
3750.0
3750.0
3750.0
-3484.50990686532
-3372.0502065721703
-2533.5993342493475
3750.0
3750.0
3750.0
3750.0
3750.0
3750.0
3750.0
3750.0
3750.0
3750.0
-1984.5132743362828
-1189.0218688420855
3750.0
3750.0
3750.0
3750.0
1048.7889442107323
3750.0
-1375.8836661292335
-1060.5567002267908
-811.6845532711416
-633.2648420451462
-90.21927550530427
1508.0391273821772
952.2554827498525
1997.8013352385942
2627.182820033395
-871.2121212121214
1012.7737226277391
-1553.0303030303032
3750.0
-1477.2727272727275
863.8652207590987
-890.6299175223346
-1643.990649590648
-2508.739592863857
-3446.7684489105277
3750.0
3750.0
3750.0
3750.0
3750.0
3750.0
3750.0
-3750.0
-3750.0
-3750.0
-3750.0
3750.0
3750.0
3750.0
3750.0
3750.0
3750.0
3750.0
-3750.0
-3750.0
-3750.0
-3750.0
-3750.0
-3750.0
3750.0
3750.0
3750.0
3750.0
3750.0
3750.0
3750.0
3750.0
3750.0
3750.0
3750.0
-3750.0
-3750.0
-3750.0
-3750.0
3750.0
3750.0
3750.0
3750.0
3750.0
3750.0
3750.0
3750.0
-3750.0
3750.0
3750.0
-3750.0
-3750.0
-3750.0
-3750.0
-3750.0
-3750.0
-3750.0
-3750.0
3750.0
3750.0
3750.0
3750.0
3750.0
3750.0
3750.0
3750.0
3750.0
-3750.0
-3635.1547388781455
-3348.5270977617456
-974.5931874753562
59.68114143905518
1529.2106683884467
3750.0
3750.0
3750.0
3750.0
3750.0
3750.0
3750.0
0.0
0.0
0.0
0.0
3750.0
3750.0
0.0
0.0
0.0
0.0
0.0
-530.3030303030304
-570.652173913046
-318.23127137085385
3750.0
3750.0
3750.0
-2334.20268256334
3750.0
3750.0
3750.0
3750.0
3750.0
-3750.0
-3750.0
-3750.0
-3750.0
-3750.0
-3750.0
-3750.0
3750.0
3750.0
3750.0
3750.0
3750.0
3750.0
3750.0
3750.0
-3750.0
-3750.0
-3750.0
3750.0
3750.0
3750.0
3750.0
3750.0
3750.0
-3750.0
-3750.0
-3750.0
3750.0
3750.0
3750.0
3750.0
3750.0
3750.0
3750.0
3750.0
-3750.0
-3750.0
3750.0
3750.0
3750.0
3750.0
-3750.0
-3750.0
3750.0
3750.0
3750.0