Demand
3750.0
3750.0
3750.0
3750.0
3750.0
3750.0
3750.0
3750.0
3750.0
3750.0
3750.0
3750.0
3750.0
3750.0
3750.0
3750.0
3750.0
3750.0
3750.0
3750.0
3750.0
3750.0
3750.0
3750.0
3750.0
3750.0
3750.0
3750.0
3750.0
3750.0
3750.0
3750.0
3750.0
3750.0
3750.0
3750.0
3750.0
0.0
0.0
3750.0
-1325.757575757576
-1001.3089005235615
-1227.5950317771878
-1515.545367894798
-1590.4587761668865
-1167.2468355927886
-1539.0923099122429
-1934.398821614347
3750.0
3750.0
3750.0
3750.0
-3750.0
-3750.0
-3750.0
-3750.0
-3750.0
3750.0
3750.0
3750.0
3750.0
3750.0
3750.0
-3750.0
-3750.0
-3750.0
-3750.0
-3750.0
3750.0
3750.0
3750.0
3750.0
3750.0
3750.0
3750.0
3750.0
-3750.0
-3750.0
-3750.0
-3750.0
3750.0
3750.0
3750.0
3750.0
3750.0
3750.0
3750.0
3750.0
-1079.9791811242194
-1662.8268552148475
-2499.0197405953577
-2301.2574065621548
-2946.4034492323126
-2818.5384150607197
-2204.3732585992548
3750.0
3750.0
3750.0
3750.0
3750.0
3750.0
3750.0
3750.0
3750.0
3750.0
3750.0
3750.0
3750.0
0.0
0.0
-568.1818181818182
2155.642923219242
3266.2570334494285
194.60417547733414
-1163.7812191003975
-1767.2979881706942
-1671.1130324683345
-1863.200206919434
-1576.2507930775148
3750.0
3750.0
3750.0
3750.0
3750.0
-3750.0
-3750.0
-3750.0
-3750.0
3750.0
3750.0
3750.0
3750.0
3750.0
3750.0
3750.0
3750.0
-3750.0
-3750.0
-3750.0
-3750.0
3750.0
3750.0
3750.0
3750.0
3750.0
3750.0
3750.0
3750.0
-2750.0779666302833
-3079.626346803733
-964.9022090473998
3750.0
3724.5179569809857
2878.7110979004246
3750.0
3750.0
1821.4200890431448
-1704.5454545454547
3750.0
-153.36527225987402
-511.39895646537843
-1067.6796751603072
-615.8451793010411
3750.0
3750.0
3750.0
-3485.621521335808
3750.0
3750.0
3750.0
3750.0
-3750.0
-3750.0
-3750.0
-3750.0
3750.0
3750.0
3750.0
3750.0
3750.0
3750.0
3750.0
-3750.0
-3750.0
3750.0
3750.0
3750.0
3750.0
3750.0
3750.0
3750.0
-3750.0
-3750.0
-3750.0
3750.0
3750.0
3750.0
3750.0
3750.0
3750.0
3750.0
3750.0
3750.0
3750.0
-3750.0
-3750.0
3750.0
3750.0
3750.0
3750.0
3750.0
3750.0
-3750.0
-3750.0
3750.0
3750.0
3750.0
3750.0
-3750.0
-3750.0
-3750.0
-3750.0
-3750.0
-3750.0
3750.0
3750.0
3750.0
3750.0
3750.0
3750.0
3750.0
3750.0
3750.0
-3750.0
-3750.0
-3750.0
-3750.0
-2450.2128306476143
3750.0
3750.0
3750.0
3750.0
3750.0
3750.0
3750.0
3750.0
3750.0
-1325.757575757576
3750.0
3750.0
3750.0
3750.0
3750.0
3750.0
3750.0
3750.0
0.0
0.0
-795.4545454545455
1609.999999999999
0.0
0.0
0.0
0.0
3750.0
0.0
-492.4242424242425
178.11296534017902
390.48629221403826
-1515.1515151515152
-618.1318681318683
-747.1854679563903
119.55530252862354
2364.527140434843
1163.2889871202203
-1098.4848484848485
3750.0
3750.0
3750.0
1512.116716122651
-669.4724049470187
-1416.2380030145148
-2371.253588127771
-1929.4166403598635
2312.3417711672746
3750.0
3750.0
3750.0
-3750.0
-3750.0
-3750.0
-3750.0
3750.0
3750.0
3750.0
3750.0
3750.0
3750.0
-3750.0
2365.18915866741
3750.0
-3750.0
3750.0
3750.0
3750.0
3750.0
-3750.0
-3750.0
-3750.0
-3750.0
-3750.0
-3750.0
3750.0
3750.0
3750.0
3750.0
3750.0
3750.0
3750.0
3750.0
3750.0
3750.0
3750.0
-2432.588597842835
3750.0
3750.0
3750.0
3750.0
-3750.0
-3750.0
-3750.0
-3750.0
-3750.0
-3750.0
-3750.0
-3750.0
3750.0
3750.0
3750.0
3750.0
3750.0
3750.0
3750.0
3750.0
3750.0
-3750.0
-3750.0
-3750.0
-3750.0
-3750.0
3750.0
3750.0
3750.0
3750.0
3750.0
3750.0
3750.0
3750.0
3750.0
3750.0
-3750.0
-3750.0
-3750.0
-3750.0
-3750.0
-3750.0
3750.0
3750.0
3750.0
3750.0
3750.0
3750.0
3750.0
3750.0
3750.0
3750.0
3750.0
3750.0
-3750.0
-3750.0
-3750.0
3750.0
3750.0
3750.0
3750.0
3750.0
-3750.0
-3750.0
-3750.0
-3750.0
3750.0
3750.0
3750.0
3750.0
3750.0
3750.0
3750.0
3750.0
-3750.0
-3750.0
-3750.0
3750.0
3750.0
3750.0
3750.0
3750.0
-3750.0
-3750.0
-3750.0
3750.0
3750.0
3750.0
3750.0
3750.0
-3750.0
-3750.0
-3750.0
-3750.0
-3750.0
-3750.0
-3750.0
3750.0
3750.0
3750.0
3750.0
3750.0
3750.0
3750.0
3750.0
3750.0
3750.0
3750.0
3750.0
3750.0
-3750.0
-3750.0
-3750.0
-3750.0
-3750.0
-3750.0
3750.0
3750.0
3750.0
3750.0
3750.0
3750.0
3750.0
3750.0
3750.0
3750.0
-3750.0
-3750.0
-3750.0
-3750.0
3750.0
3750.0
3750.0
3750.0
3750.0
3750.0
3750.0
3750.0
-2932.6003824091786
-3032.735707612641
-941.9945803400296
3750.0
3750.0
3750.0
3750.0
0.0
0.0
0.0
0.0
0.0
3750.0
3750.0
3750.0
0.0
-1553.0303030303032
-1168.070759411139
-1426.1161585114824
-1098.5901086877755
-1096.9330201602452
-1080.1387206961401
-669.4572482008452
-328.0173859973038
-576.8507022231709
-118.37612143383694
634.029559008964
2111.585167806128
3689.310695077455
3750.0
0.0
0.0
0.0
-113.63636363636364
103.17379841817115
405.04709549947097
290.43139175848523
323.3025947897536
507.6568344269308
957.5833450754733
3249.342462546251
3103.357894828855
-303.03030303030306
3750.0
0.0
3750.0
3750.0
3750.0
3750.0
3750.0
-416.6666666666667
98.97360703812342
322.6561639308152
-454.54545454545456
1640.6250000000002
-1477.2727272727275
1533.018867924522
-1666.6666666666667
3750.0
3750.0
3750.0
2982.283464566931
1319.603853306656
3750.0
3750.0
-2914.0594446617133
-3186.5386307126137
-3228.290011744374
-3269.7878233349693
-3091.5481318544826
-3093.4259058925427
-3404.2717209086404
-3452.391712615471
-3750.0
3750.0
3750.0
3750.0
3750.0
3750.0
3750.0
3750.0
-3750.0
-3750.0
3750.0
3750.0
3750.0
3750.0
3750.0
-3750.0
3750.0
3750.0
-3750.0
-3750.0
-3464.5608628659484
-3384.661296729697
-2936.760606523314
-3163.182042514467
3750.0
3750.0
3750.0
3750.0
3750.0
3750.0
3750.0
3750.0
3750.0
3750.0
-2974.2787152966803
-953.8451920788384
-1104.0111194466851
3750.0
3750.0
-1288.1270106040763
-1141.6246044633226
-756.413236115189
-196.76368667609722
318.6714300932442
761.0611722424092
1760.1403492436748
3750.0
933.8536004714633
-1136.3636363636365
3750.0
3750.0
3750.0
3750.0
3750.0
3750.0
3436.4631718646433
-1321.7364382168953
3750.0
-3183.5604770017044
-3660.338595805778
-3750.0
-3750.0
-3750.0
-3750.0
3750.0
3750.0
3750.0
3750.0
3750.0
3750.0
-3750.0
-3750.0
-3750.0
-3750.0
-3750.0
3750.0
3750.0
3750.0
3750.0
3750.0
3750.0
3750.0
3750.0
3750.0
-3750.0
-3750.0
-3750.0
-3750.0
-3750.0
3750.0
3750.0
3750.0
3750.0
3750.0
3750.0
3750.0
3750.0
-3750.0
-3750.0
-3750.0
-3750.0
-3750.0
3750.0
3750.0
3750.0
3750.0
3750.0
3750.0
3750.0
3750.0
3750.0
3750.0
-3750.0
-3750.0
-3750.0
3750.0
3750.0
3750.0
3750.0
3750.0
3750.0
3750.0
3750.0
3750.0
3750.0
-3458.8866189989794
-3638.083857987256
-3750.0
-3553.843883180083
-2560.2491884925603
3750.0
3750.0
3750.0
3750.0
3750.0
3750.0
3750.0
3750.0
3750.0
3750.0
3750.0
0.0
0.0
0.0
0.0
0.0
0.0
0.0
3750.0
0.0
0.0
-530.3030303030304
-649.2932862190835
-873.3137798860714
-904.21944098312
3750.0
-3291.5479363912136
-3343.4370435973005
-3633.4188270323775
-3750.0
-3750.0
-3750.0
3750.0
3750.0
3750.0
3750.0
3750.0
3750.0
3750.0
3750.0
3750.0
3750.0
3750.0
3750.0
-3750.0
-3750.0
3750.0
3750.0
3750.0
3750.0
3750.0
-3750.0
-3750.0
-3750.0
-3750.0
-3750.0
-3750.0
3750.0
3750.0
3750.0
3750.0
3750.0
3750.0
3750.0
3750.0
3750.0
3750.0
-3750.0
-3750.0
-3750.0
-3750.0
-3750.0
-3750.0
-3750.0
-3750.0
3750.0
3750.0
3750.0
3750.0