Demand
3750.0
3750.0
3750.0
3750.0
3750.0
3750.0
3750.0
3750.0
3750.0
3750.0
3750.0
3750.0
3750.0
3750.0
3750.0
3750.0
3750.0
3750.0
3750.0
3750.0
3750.0
-3750.0
3750.0
3750.0
3750.0
3750.0
2553.8157328410625
3750.0
3750.0
3750.0
829.7811279627167
-2386.363636363637
1194.0860215053756
3224.291440407822
2246.7310572762212
3750.0
3750.0
0.0
0.0
0.0
-1325.757575757576
-529.1411042944828
897.1489883506947
3750.0
3750.0
3750.0
-1244.8293691830413
-2172.8183737235404
-2010.4130697570126
-1240.4070770542437
3750.0
3750.0
3750.0
3750.0
3750.0
3750.0
3750.0
3750.0
-3301.805479949193
-2697.3533855442183
-3750.0
-2799.971802065568
-3750.0
3750.0
3750.0
3750.0
3750.0
3750.0
3750.0
3750.0
3750.0
3750.0
-3750.0
-3750.0
-3750.0
-3750.0
-3750.0
3750.0
3750.0
3750.0
3750.0
3750.0
3750.0
3750.0
3750.0
-1373.7224314147406
-587.1995174768717
-466.10358737404204
2934.2830489319067
-2992.4242424242425
-2590.749414519908
-2161.042751080283
-2301.4620180843476
3750.0
3750.0
3750.0
3750.0
-3184.416934416935
-2775.0595992392
-487.25857704542
3750.0
3750.0
3750.0
0.0
0.0
0.0
0.0
0.0
0.0
0.0
3750.0
3750.0
3750.0
41.57427937915645
-783.2041902540886
3750.0
-1747.9338842975212
-2020.7900494585301
-2051.721549634103
-2474.7917567512313
3750.0
3750.0
3750.0
3750.0
3750.0
-3750.0
-3750.0
-3750.0
-3750.0
3750.0
3750.0
3750.0
3750.0
3750.0
3750.0
3750.0
-3750.0
-3750.0
-3750.0
-3750.0
-3750.0
-3750.0
3750.0
3750.0
3750.0
3750.0
3750.0
3750.0
3750.0
3750.0
3750.0
3750.0
-909.4684385382072
-549.0184133172913
2601.1215436169805
2874.5455984769633
-1287.878787878788
869.7718631178689
-540.7913200870464
-85.75783885541932
3750.0
-1289.2873458200093
-1718.468122638642
-2343.6615727592143
-1790.2862235565717
3750.0
3750.0
3750.0
3750.0
3750.0
3750.0
-3750.0
-3750.0
-3750.0
-3750.0
-3750.0
-3750.0
3750.0
3750.0
3750.0
3750.0
3750.0
3750.0
-3750.0
-3750.0
-3750.0
3750.0
3750.0
3750.0
-3750.0
-3750.0
-3750.0
3750.0
3750.0
3750.0
3750.0
3750.0
3750.0
3750.0
-3750.0
-3750.0
-3750.0
-3750.0
-3750.0
-3750.0
3750.0
3750.0
3750.0
3750.0
3750.0
3750.0
3750.0
3750.0
3750.0
-3750.0
3750.0
3750.0
3750.0
3750.0
3750.0
-3750.0
-3750.0
-3750.0
-3750.0
-3750.0
3750.0
3750.0
3750.0
3750.0
3750.0
3750.0
3750.0
3750.0
-3750.0
-3750.0
-3750.0
3750.0
3750.0
3750.0
3750.0
3750.0
-441.5052160953785
278.77329510546906
954.4628962076067
1662.7394544051967
2165.2787408590348
-946.969696969697
1799.1329479768774
-984.848484848485
3750.0
3750.0
3750.0
3750.0
3750.0
0.0
0.0
0.0
0.0
-795.4545454545455
1448.275862068965
0.0
0.0
0.0
0.0
0.0
0.0
-492.4242424242425
697.6744186046474
-1704.5454545454547
3090.5300168536046
421.2564964982146
73.36196229230268
707.6871724193552
2390.017044454009
2918.8369199230865
3682.1000063238416
2866.977941899465
1749.879384091625
1868.7425108867185
-1628.787878787879
-738.1889763779548
-1093.4049970947126
3750.0
-3371.2121212121215
3750.0
3750.0
3750.0
3750.0
-3750.0
-3750.0
3750.0
3750.0
3750.0
3750.0
3750.0
3750.0
3750.0
3750.0
-3750.0
-1905.1303162795994
-1203.7014000249364
-3750.0
-3599.6061618284166
-1395.137781041265
-2867.3528884133602
3750.0
3750.0
3750.0
3750.0
3750.0
3750.0
3750.0
-3750.0
-3750.0
-3750.0
-3750.0
-3750.0
3750.0
3750.0
3750.0
3750.0
3750.0
3750.0
-2721.8614718614717
-624.0206831714177
3750.0
3750.0
3750.0
3750.0
-3750.0
-3750.0
-3750.0
3750.0
3750.0
3750.0
3750.0
3750.0
-3750.0
-3750.0
-3750.0
-3750.0
-3750.0
3750.0
3750.0
3750.0
3750.0
3750.0
3750.0
3750.0
3750.0
3750.0
3750.0
-3750.0
-3750.0
-3750.0
-3750.0
-3750.0
-3750.0
3750.0
3750.0
3750.0
3750.0
3750.0
3750.0
3750.0
-3750.0
-3750.0
-3750.0
-3750.0
-3750.0
-3750.0
3750.0
3750.0
3750.0
3750.0
3750.0
3750.0
3750.0
3750.0
-3750.0
-3750.0
-3750.0
-3750.0
-3750.0
3750.0
3750.0
3750.0
3750.0
3750.0
-3750.0
-3750.0
-3750.0
-3750.0
-3750.0
-3750.0
-3750.0
-3750.0
3750.0
3750.0
3750.0
3750.0
3750.0
3750.0
3750.0
3750.0
-3750.0
-3750.0
-3750.0
3750.0
3750.0
3750.0
3750.0
3750.0
3750.0
3750.0
3750.0
-3750.0
-3750.0
-3750.0
-3750.0
-3750.0
3750.0
3750.0
3750.0
3750.0
3750.0
3750.0
3750.0
3750.0
3750.0
-3750.0
-3750.0
-3750.0
3750.0
3750.0
3750.0
3750.0
-3750.0
-3750.0
-3750.0
-3750.0
-3750.0
3750.0
3750.0
3750.0
3750.0
3750.0
3750.0
3750.0
-3750.0
-3750.0
-3750.0
-3750.0
-3750.0
-3750.0
3750.0
3750.0
3750.0
3750.0
3750.0
3750.0
3750.0
3750.0
-3218.1418288456425
-1895.705584580579
3750.0
2351.7544000435073
-265.1515151515152
3750.0
0.0
0.0
0.0
0.0
0.0
0.0
0.0
0.0
0.0
-1553.0303030303032
3750.0
-1422.3555255153776
-1042.7949998013694
-979.4262054891715
-867.9406058542752
-252.34844879744242
365.59931871542153
301.22106183956043
1610.5210705883399
3015.7835503736633
1876.757230098423
-1363.6363636363637
3750.0
3750.0
3750.0
3750.0
-113.63636363636364
-710.4863221884498
-488.5420709767434
-581.0374547372858
-565.7386292689807
-432.86337725357134
-77.42126192329442
1823.0610663878074
2407.957296265423
-303.03030303030306
3750.0
0.0
3750.0
3750.0
3750.0
3750.0
3750.0
-416.6666666666667
98.97360703812342
322.6561639308152
-454.54545454545456
1640.6250000000002
-1477.2727272727275
1533.018867924522
-1666.6666666666667
3750.0
-794.1741357234307
-1047.5439026944669
-882.8477128700513
-1068.9267525390405
-804.8268017653697
-432.2166350691225
1444.1720918291815
3750.0
1478.7190515640314
3750.0
3750.0
3750.0
3750.0
-3644.678492239469
-3750.0
-3750.0
3750.0
3750.0
3750.0
3750.0
3750.0
3750.0
-3750.0
-3750.0
-3750.0
-3750.0
3750.0
3750.0
3750.0
3750.0
-3750.0
3750.0
3750.0
3750.0
-3585.2967326072476
-3568.2360783257254
-3439.497138025439
-3626.500798882438
-3750.0
-3750.0
-3750.0
3750.0
3750.0
3750.0
3750.0
3750.0
3750.0
3750.0
-2589.417284964281
15.898501544055762
-1255.2547442984007
2625.161338314844
3750.0
1905.6296301117923
2456.149824725466
2801.1407913953935
1801.9122241623709
3750.0
-809.3976575571662
-275.2568066221188
1275.4348466226666
704.7978576761207
1660.4826837326546
-568.1818181818182
2479.508196721316
-1553.0303030303032
3750.0
1374.6904846126633
1129.349523689685
-753.3259073369338
-1869.029069157801
-2382.532869042184
-2958.6567446252493
-3555.95827263287
3750.0
3750.0
3750.0
3750.0
-3750.0
3750.0
3750.0
3750.0
3750.0
3750.0
-3750.0
-3750.0
-3750.0
-3750.0
-3750.0
-3750.0
-3750.0
3750.0
3750.0
3750.0
3750.0
3750.0
3750.0
3750.0
3750.0
3750.0
-3750.0
-3750.0
-3750.0
3750.0
3750.0
3750.0
3750.0
3750.0
-3750.0
-3750.0
-3750.0
-3750.0
3750.0
3750.0
3750.0
3750.0
3750.0
-3750.0
-3750.0
-3750.0
3750.0
3750.0
3750.0
3750.0
3750.0
3750.0
3750.0
-3750.0
-3750.0
-3750.0
-3750.0
-3750.0
-3750.0
3750.0
3750.0
3750.0
3750.0
3750.0
3750.0
3750.0
3750.0
3750.0
-3672.69239711695
-3498.3332881649912
-2174.135160177969
-1724.2130333181094
-1063.3488515713461
2466.5383743374023
3558.113984792967
3750.0
3750.0
0.0
0.0
0.0
0.0
0.0
0.0
3750.0
3750.0
0.0
0.0
0.0
0.0
0.0
0.0
-530.3030303030304
3750.0
173.1431029538278
-1557.484614965337
-2098.542249129874
-2772.184481086676
-2362.4878761431783
775.1670528901589
3750.0
3750.0
3750.0
3750.0
3750.0
3750.0
3750.0
-3750.0
-3750.0
-3750.0
-3750.0
-3750.0
3750.0
3750.0
3750.0
3750.0
3750.0
3750.0
3750.0
3750.0
-3750.0
-3750.0
-3750.0
-3750.0
3750.0
3750.0
3750.0
3750.0
3750.0
-3750.0
-3750.0
-3750.0
-3750.0
-3750.0
-3750.0
2912.3376623376407
904.1467397644274
3750.0
3750.0
3750.0
3750.0
3750.0
3750.0
3750.0
3750.0
-3750.0
3750.0
3750.0
3750.0
3750.0