Demand
3750.0
3750.0
3750.0
3750.0
3750.0
3750.0
3750.0
3750.0
3750.0
3750.0
3750.0
3750.0
3750.0
3750.0
3750.0
3750.0
3750.0
3750.0
3750.0
3750.0
3750.0
3750.0
3750.0
3750.0
3750.0
3750.0
3750.0
3750.0
3750.0
2766.669268575766
2833.8072644508657
201.56185518167763
1248.2775054747854
3293.2698667754644
2290.2960132893922
3750.0
3750.0
0.0
0.0
0.0
-1325.757575757576
-529.1411042944828
897.1489883506947
3750.0
-1750.3050640634538
-1047.9001696832556
-265.4420158659732
3750.0
3750.0
-3179.5436349079273
-3472.3072328213957
-3750.0
-3750.0
3750.0
3750.0
3750.0
3750.0
3750.0
3750.0
3750.0
3750.0
-3306.2667589308903
-3750.0
-3750.0
-3750.0
3750.0
3750.0
3750.0
3750.0
3750.0
3750.0
-3750.0
-3750.0
-3750.0
-3750.0
-3750.0
3750.0
3750.0
3750.0
3750.0
3750.0
3750.0
3750.0
3750.0
3750.0
306.47382920109885
1333.154113792206
756.7087702694944
556.9009799770874
41.56349123350037
-446.8572755003927
3750.0
3750.0
3750.0
3750.0
-3633.2923832923834
-2301.5109890109925
3750.0
3750.0
3750.0
3750.0
3750.0
3750.0
0.0
0.0
0.0
0.0
0.0
0.0
0.0
-568.1818181818182
1250.0000000000082
-1136.3636363636365
201.65431736483015
-1152.7836534914904
-1732.0406193526687
-1561.6932949003694
-1600.5580193377561
-225.87085880592258
3750.0
3750.0
3750.0
3750.0
-3750.0
-3750.0
-3750.0
3750.0
3750.0
3750.0
3750.0
3750.0
3750.0
-2199.5889748549343
-285.51453234619567
3750.0
3750.0
3750.0
3750.0
-3750.0
3750.0
3750.0
3750.0
3750.0
3750.0
-3750.0
-3750.0
-3750.0
-3750.0
3750.0
3750.0
3750.0
3750.0
3750.0
3750.0
3750.0
3750.0
3750.0
3750.0
1077.7809147374346
715.8286490426296
300.5253942107629
-146.63048997052556
3750.0
-1626.573966195162
3750.0
-3308.7654004937267
-3580.7722349867736
-3750.0
3750.0
3750.0
3750.0
3750.0
-3750.0
-3750.0
-3750.0
-3750.0
3750.0
3750.0
3750.0
3750.0
3750.0
3750.0
3750.0
-3750.0
-3750.0
-3750.0
-3750.0
-3750.0
3750.0
3750.0
3750.0
3750.0
3750.0
3750.0
3750.0
3750.0
3750.0
-3750.0
-3750.0
-3750.0
-3750.0
-3750.0
-3750.0
3750.0
3750.0
3750.0
3750.0
3750.0
3750.0
-3750.0
-3750.0
3750.0
3750.0
3750.0
3750.0
3750.0
3750.0
-3750.0
-3750.0
-3750.0
-3750.0
-3750.0
-3750.0
-3750.0
3750.0
3750.0
3750.0
3750.0
3750.0
3750.0
3750.0
3750.0
-3750.0
-3750.0
-3750.0
-3750.0
-3750.0
3750.0
3750.0
3750.0
3750.0
3750.0
3750.0
3750.0
3750.0
3750.0
3750.0
2627.6223776223765
3065.3450643180795
3750.0
0.0
0.0
0.0
0.0
0.0
0.0
0.0
0.0
3750.0
2522.480906627249
3750.0
0.0
0.0
0.0
0.0
0.0
-492.4242424242425
3750.0
745.3489417157236
1113.1373110686825
-683.3091986500467
-933.0525387601563
-468.2811883869299
815.5288329231798
1386.9000623762686
2189.091920149728
1692.824749716667
-1250.0000000000002
2471.590909090909
-1628.787878787879
803.5714285714155
3750.0
-2431.572860447187
-2473.8413278830703
-3112.2928017210406
-3502.298742296398
-2715.855208213763
3750.0
3750.0
3750.0
3750.0
3750.0
3750.0
3750.0
-3750.0
-3750.0
-3750.0
-3750.0
-3750.0
2126.5537555475094
3750.0
-3750.0
3750.0
3750.0
3750.0
3750.0
-3750.0
3750.0
3750.0
3750.0
-3750.0
-3750.0
-3750.0
-3750.0
3750.0
3750.0
3750.0
3750.0
3750.0
3750.0
-3649.577167019028
-3750.0
3750.0
3750.0
3750.0
-2310.6060606060582
3750.0
3750.0
3750.0
-3750.0
-3750.0
-3750.0
-3750.0
-3750.0
-3750.0
-3750.0
-3750.0
3750.0
3750.0
3750.0
3750.0
3750.0
3750.0
3750.0
3750.0
3750.0
-3750.0
3750.0
3750.0
3750.0
3750.0
3750.0
-3750.0
-3750.0
-3750.0
-3750.0
-3750.0
-3750.0
3750.0
3750.0
3750.0
3750.0
3750.0
3750.0
3750.0
-3750.0
-3750.0
-3750.0
-3750.0
-3750.0
3750.0
3750.0
3750.0
3750.0
3750.0
3750.0
3750.0
3750.0
3750.0
3750.0
-3750.0
-3750.0
-3750.0
-3750.0
3750.0
3750.0
3750.0
3750.0
3750.0
3750.0
3750.0
3750.0
-3750.0
-3750.0
-3750.0
-3750.0
-3750.0
3750.0
3750.0
3750.0
3750.0
3750.0
3750.0
3750.0
3750.0
-3750.0
-3750.0
-3750.0
-3750.0
-3750.0
3750.0
3750.0
3750.0
3750.0
3750.0
3750.0
3750.0
-3750.0
-3750.0
-3750.0
-3750.0
-3750.0
-3750.0
3750.0
3750.0
3750.0
3750.0
3750.0
3750.0
-3750.0
-3750.0
-3750.0
-3750.0
-3750.0
-3750.0
-3750.0
3750.0
3750.0
3750.0
3750.0
3750.0
3750.0
3750.0
3750.0
3750.0
3750.0
-3750.0
-3750.0
-3750.0
-3750.0
-3750.0
3750.0
3750.0
3750.0
3750.0
3750.0
3750.0
-3643.524283935243
-3750.0
-3456.055220080647
-2989.141999097552
-955.6319526779762
197.18338504696612
2369.3837372009066
3750.0
3750.0
3750.0
3750.0
3750.0
3750.0
3750.0
3750.0
0.0
3750.0
3750.0
3750.0
3750.0
0.0
-1553.0303030303032
517.2413793103458
3750.0
1851.9656019656047
1811.6547895662966
1841.0710410201318
2726.99933265253
2650.351951314594
1415.7953760152695
2993.8905487862285
1442.887394244494
3750.0
3750.0
3750.0
3750.0
3750.0
0.0
-113.63636363636364
-673.0769230769217
276.548672566375
3750.0
-275.25947230211295
-31.32136665013695
544.6726897507842
3048.260416711815
-984.848484848485
3750.0
3750.0
0.0
0.0
0.0
0.0
0.0
0.0
-416.6666666666667
146.10389610389757
364.09561360275984
-454.54545454545456
2198.2758620689674
-1477.2727272727275
3750.0
3014.629725530812
-597.4254991712362
-191.31091660024822
1425.647974066005
3750.0
-3068.1818181818185
-1958.2514734774077
-1808.8846121826782
-588.7689574449023
3750.0
3750.0
3750.0
3750.0
-3333.6463811670437
-3568.42545887259
-3647.812352286688
-3750.0
-3750.0
-3750.0
-3750.0
3750.0
3750.0
3750.0
3750.0
3750.0
3750.0
3750.0
3750.0
-3750.0
-3750.0
-3750.0
-3750.0
-3750.0
-3750.0
3750.0
3750.0
3750.0
3750.0
3750.0
3750.0
3750.0
3750.0
3750.0
3750.0
3750.0
-3750.0
-3750.0
-1893.4568616097279
-1064.806547058215
-2286.7791882611864
-1950.1363999039806
3750.0
233.56521298331245
3750.0
3750.0
3750.0
746.4687980937003
3750.0
-95.94186923478537
271.4593961898629
526.1432353451826
1260.0648987790885
3323.711203281256
2231.0123569921116
3330.1073338852625
3750.0
-871.2121212121214
914.8793565683663
-1553.0303030303032
2078.0254777070068
-1477.2727272727275
3750.0
3750.0
3750.0
3750.0
3750.0
-3750.0
-3750.0
-3750.0
3750.0
3750.0
3750.0
3750.0
3750.0
3750.0
3750.0
-3750.0
-3750.0
-3750.0
-3750.0
-3750.0
3750.0
3750.0
3750.0
3750.0
3750.0
3750.0
3750.0
3750.0
3750.0
-3750.0
-3750.0
-3750.0
3750.0
3750.0
3750.0
3750.0
-3750.0
-3750.0
-3621.864041003507
-3750.0
-3750.0
3750.0
3750.0
3750.0
3750.0
3750.0
3750.0
3750.0
3750.0
-3750.0
-3750.0
-3750.0
-3750.0
-3750.0
-3750.0
-3750.0
3750.0
3750.0
3750.0
3750.0
3750.0
3750.0
3750.0
3750.0
3750.0
-3012.749445676276
-2810.4570337114064
-2511.1926216266947
-901.3258041101662
3750.0
3750.0
3750.0
3750.0
3750.0
-3514.462809917356
-2280.6966098840303
-1863.975196726481
-1246.5795689281779
2072.9255900473354
3161.852761874765
3750.0
3750.0
0.0
0.0
0.0
0.0
0.0
3750.0
3750.0
3750.0
3750.0
0.0
0.0
0.0
0.0
0.0
-530.3030303030304
3750.0
-145.25691699604977
3750.0
-2889.8390342052317
-3281.4631066352867
-3190.6932248948215
-3031.5405278150265
3750.0
3750.0
3750.0
-3750.0
-3750.0
-3750.0
3750.0
3750.0
3750.0
3750.0
3750.0
3750.0
3750.0
3750.0
3750.0
-3750.0
3750.0
3750.0
3750.0
3750.0
3750.0
-3750.0
-3750.0
3750.0
3750.0
3750.0
3750.0
3750.0
-3750.0
-3750.0
-3750.0
-3750.0
-3750.0
3750.0
3750.0
3750.0
3750.0
3750.0
3750.0
3750.0
3750.0
-3750.0
-3750.0
-3750.0
-3750.0
-3750.0
3750.0
3750.0
3750.0
3750.0