Demand
-3750.0
-3750.0
-3750.0
-3750.0
-3750.0
-3750.0
3750.0
3750.0
3750.0
3750.0
3750.0
3750.0
3750.0
3750.0
-1663.8801717545646
-3055.0998548574544
-3750.0
-3750.0
-3750.0
-3750.0
-3750.0
-3750.0
3750.0
3750.0
3750.0
3750.0
3750.0
3750.0
3750.0
3750.0
3750.0
3750.0
3750.0
3750.0
3750.0
3750.0
3750.0
3750.0
0.0
0.0
-1325.757575757576
-326.5765765765773
-532.3214099899599
-770.9764944788303
-595.1935525051776
787.4550881638631
1003.4381755209165
3750.0
2846.4397485550894
3750.0
-3399.877149877151
-3750.0
3750.0
3750.0
3750.0
3750.0
3750.0
3750.0
3750.0
-3044.990723562152
-3750.0
-3284.071345637988
-3750.0
-3750.0
-3750.0
3750.0
3750.0
3750.0
3750.0
3750.0
3750.0
3750.0
-3750.0
-3750.0
-3750.0
-3750.0
-3750.0
-3750.0
3750.0
3750.0
3750.0
3750.0
3750.0
3750.0
3750.0
3750.0
3750.0
3750.0
3750.0
3750.0
3750.0
3750.0
3750.0
3750.0
3750.0
-3659.4087730451374
-3336.3963465264333
-2890.4496005026267
-2044.971374162953
3259.1146553221106
3750.0
3750.0
3750.0
3750.0
3750.0
0.0
0.0
0.0
3750.0
3750.0
3553.2336790726013
-1628.787878787879
3750.0
-2159.0909090909095
-1467.4299952539159
-2077.7405408271143
-2154.937662389224
-2527.248653810402
-2830.183756302138
-3474.17230869574
-3367.671637302805
-3750.0
3750.0
3750.0
3750.0
3750.0
3750.0
3750.0
3750.0
3750.0
-3750.0
3750.0
3750.0
-3182.5292979861197
-3204.28021729008
-3320.313014650108
-3750.0
-3750.0
3750.0
3750.0
3750.0
3750.0
3750.0
3750.0
-3750.0
-3750.0
-3750.0
-3750.0
-2167.3179761415076
-2432.042316517005
3750.0
3750.0
3750.0
3750.0
3750.0
3750.0
3750.0
-1704.5454545454547
3750.0
3750.0
3750.0
3750.0
3750.0
3750.0
3750.0
-701.8716577540383
3750.0
-3750.0
-3750.0
-3750.0
-3750.0
3750.0
3750.0
3750.0
3750.0
3750.0
3750.0
3750.0
-3750.0
-3750.0
-3750.0
3750.0
3750.0
3750.0
3750.0
3750.0
3750.0
3750.0
-3750.0
-3750.0
-3750.0
3750.0
3750.0
3750.0
3750.0
-3750.0
-3379.8701298701326
3750.0
3750.0
3750.0
3750.0
3750.0
3750.0
3750.0
-3750.0
-3750.0
-3750.0
-3750.0
3750.0
3750.0
3750.0
3750.0
3750.0
3750.0
3750.0
3750.0
3750.0
-3750.0
-3750.0
-3750.0
3750.0
3750.0
3750.0
3750.0
3750.0
3750.0
3750.0
3750.0
-3413.0133248442407
-3192.27104453461
-3750.0
-3750.0
-3750.0
-3750.0
3750.0
3750.0
3750.0
3750.0
3750.0
3750.0
3750.0
3750.0
-228.85300540167964
305.01137696072124
968.3319822349308
1709.8959520448552
2061.1980103921833
-1325.757575757576
2006.425233644858
0.0
0.0
0.0
0.0
0.0
0.0
0.0
0.0
0.0
3750.0
3182.544292767935
3750.0
0.0
0.0
0.0
0.0
3750.0
3750.0
1135.8967655187853
1347.8133337397858
1663.8005553155474
-442.9248987280416
-612.5425353724868
164.71567474091648
2087.989838612284
1948.1805809859425
-1098.4848484848485
3750.0
3750.0
3750.0
825.3965725934881
-1026.1807123594583
-1727.064384490931
-2620.9133973499447
-2540.597934211516
-2916.6596905853366
3750.0
3750.0
3750.0
3750.0
-3750.0
-3750.0
-3750.0
-3750.0
-3750.0
3750.0
3750.0
3750.0
3750.0
3750.0
3750.0
3750.0
3750.0
-3077.036599763872
3750.0
3750.0
3750.0
3750.0
-3750.0
-3750.0
-3750.0
-3750.0
-3750.0
3750.0
3750.0
3750.0
3750.0
3750.0
3750.0
3750.0
3750.0
3750.0
3750.0
-3241.978609625672
3750.0
3750.0
3750.0
3750.0
3750.0
3750.0
-3750.0
-3750.0
-3750.0
-3750.0
3750.0
3750.0
3750.0
3750.0
-3750.0
-3750.0
-3750.0
3750.0
3750.0
3750.0
3750.0
3750.0
3750.0
-3750.0
3750.0
3750.0
3750.0
3750.0
3750.0
3750.0
-3750.0
3750.0
3750.0
3750.0
-3750.0
-3750.0
-3750.0
-3750.0
-3750.0
3750.0
3750.0
3750.0
3750.0
3750.0
3750.0
3750.0
3750.0
-3750.0
-3750.0
-3750.0
3750.0
3750.0
3750.0
3750.0
3750.0
3750.0
-3750.0
-3750.0
-3750.0
3750.0
3750.0
3750.0
3750.0
3750.0
3750.0
-3750.0
-3750.0
-3750.0
-3750.0
3750.0
3750.0
3750.0
3750.0
3750.0
3750.0
3750.0
-3750.0
-3750.0
-3750.0
-3750.0
-3750.0
3750.0
3750.0
3750.0
3750.0
3750.0
3750.0
3750.0
3750.0
3750.0
3750.0
-3750.0
-3750.0
-3750.0
-3750.0
-3750.0
3750.0
3750.0
3750.0
3750.0
3750.0
3750.0
3750.0
3750.0
-3750.0
-3750.0
-3750.0
-3750.0
3750.0
3750.0
3750.0
3750.0
3750.0
3750.0
3750.0
3750.0
-3750.0
-3750.0
-3750.0
3750.0
3750.0
3750.0
-3750.0
-3750.0
-3750.0
-3750.0
-3750.0
3750.0
3750.0
3750.0
3750.0
3750.0
3750.0
3750.0
-3643.757144987326
-3750.0
-3457.0750603285896
-2992.7951431324036
-976.1725899443527
159.59808050549327
2318.1631726728497
3750.0
3750.0
3750.0
3750.0
3750.0
3750.0
3750.0
3750.0
0.0
3750.0
0.0
0.0
0.0
0.0
-1553.0303030303032
3750.0
3750.0
3750.0
3750.0
3750.0
-315.01095690284956
80.64795512794217
-193.69597333846923
338.5590950536332
1177.499792599964
2731.7226365902293
3750.0
3750.0
0.0
0.0
0.0
-113.63636363636364
940.1999506294751
1263.6805600599462
1051.786029791954
1027.3913472908835
1170.0415152037274
1577.5646048271608
3750.0
3352.9758024201233
-303.03030303030306
3750.0
0.0
3750.0
3750.0
3750.0
0.0
0.0
-416.6666666666667
109.34819897084117
332.0577407479184
-454.54545454545456
1697.3684210526317
-1477.2727272727275
3249.9999999999795
-1666.6666666666667
-1346.0637300843491
-1516.6812707707768
-1766.1378895993557
-1739.3269006017617
-1981.7779086010878
-2007.1000848085057
-2114.4606172651074
-2020.8865341961928
-2147.6251618055867
-84.00136088348154
3750.0
3750.0
3750.0
3750.0
3750.0
3750.0
3750.0
3750.0
3750.0
-3750.0
-3655.931723877783
-3750.0
-3750.0
-3750.0
-3750.0
-3750.0
3750.0
3750.0
3750.0
3750.0
3750.0
3750.0
3750.0
3750.0
3750.0
-3542.727272727274
-3505.8785382427377
-3285.4482501916436
-3523.946610356191
-3750.0
3750.0
3750.0
3750.0
3750.0
3750.0
3750.0
3750.0
3750.0
-2785.3846153846152
-2773.7620480674377
-805.5074681206806
-1858.3002504233045
415.35097012921347
2070.533704072035
1817.4773975993712
2278.594801966842
2863.4343220562732
2464.8279149128193
1859.426534742016
3750.0
-486.75984151793796
886.6397228388244
504.2500148256936
1535.9323484647866
-568.1818181818182
2096.1538461538466
-1553.0303030303032
883.8215712383483
992.1057820278986
-1477.2727272727275
-625.0000000000018
-1723.5682819383276
-2028.0418731667887
-1333.84583654781
3750.0
3750.0
-3750.0
-3750.0
-3750.0
-3750.0
-3750.0
-3750.0
-3750.0
3750.0
3750.0
3750.0
3750.0
3750.0
3750.0
3750.0
3750.0
3750.0
-3750.0
-3750.0
-3750.0
-3750.0
3750.0
3750.0
3750.0
3750.0
3750.0
3750.0
3750.0
3750.0
-3750.0
-3750.0
-3750.0
-3750.0
3750.0
3750.0
3750.0
3750.0
3750.0
-3750.0
-3750.0
-3750.0
-3750.0
3750.0
3750.0
3750.0
3750.0
3750.0
3750.0
3750.0
-3750.0
-3750.0
-3750.0
-3750.0
-3750.0
3750.0
3750.0
3750.0
3750.0
3750.0
3750.0
3750.0
3750.0
3750.0
3750.0
-2495.08874136296
-3419.1592863083524
-3608.092696947847
-3750.0
-2277.3699723696445
3750.0
3750.0
3750.0
3750.0
3750.0
3750.0
3750.0
3750.0
3750.0
3750.0
0.0
0.0
0.0
0.0
0.0
0.0
0.0
0.0
0.0
0.0
3750.0
3750.0
-530.3030303030304
3750.0
-679.2929292929291
-1994.25017601502
-2362.207715893778
-2790.0336001879714
1545.1028858167583
3750.0
3750.0
3750.0
3750.0
-3750.0
-3750.0
-3750.0
-3750.0
-3750.0
-3750.0
3750.0
3750.0
3750.0
3750.0
3750.0
3750.0
3750.0
3750.0
3750.0
3750.0
-3750.0
-3750.0
3750.0
3750.0
3750.0
3750.0
3750.0
-3750.0
-3750.0
3750.0
3750.0
3750.0
-3750.0
-3750.0
-3750.0
-3750.0
3750.0
3750.0
3750.0
3750.0
3750.0
3750.0
3750.0
3750.0
-3750.0
-3750.0
-3750.0
-3750.0
3750.0
3750.0
3750.0