Demand
-3750.0
-3750.0
-3750.0
-3750.0
-3750.0
3750.0
3750.0
3750.0
3750.0
3750.0
3750.0
3750.0
3750.0
1882.4110671936648
3750.0
-1198.1751824817495
3750.0
3750.0
3750.0
-3750.0
3750.0
3750.0
3750.0
3750.0
2267.595307917888
-625.9764001298897
-2034.3986468839385
-11.643456685261299
575.3663332478225
1009.5500869494635
1181.6433097111258
-729.2681610695936
152.0659140394896
1887.210179249445
1039.9522870780684
2266.1429309245705
0.0
0.0
0.0
3750.0
1377.3401922752582
-1045.4244015151382
-1259.7750420690797
-1529.2687877487758
-1572.3808165586772
-1061.6582168601562
-1295.139163064927
-1034.0450363269429
3750.0
3750.0
3750.0
-3750.0
-3750.0
-3750.0
3750.0
3750.0
3750.0
3750.0
3750.0
3750.0
-3750.0
-3395.28341025774
-3750.0
-3750.0
-3750.0
-3750.0
-3750.0
3750.0
3750.0
3750.0
3750.0
3750.0
3750.0
3750.0
-3750.0
-3750.0
-3750.0
-3750.0
-3750.0
3750.0
3750.0
3750.0
3750.0
3750.0
3750.0
3750.0
3750.0
3750.0
3750.0
-1057.9135556966687
-1987.8424766227554
-1161.0316362134943
-1341.2794469856397
3750.0
3750.0
3750.0
3750.0
3750.0
3750.0
-1183.288859239494
2594.8741767236615
-568.1818181818182
3750.0
0.0
0.0
0.0
0.0
0.0
0.0
3750.0
-568.1818181818182
551.6759776536319
1479.5745545694735
-2159.0909090909095
-1545.9183673469388
-2074.058263213118
-2017.00617349017
-2193.8954490771494
-1935.4584561930096
3750.0
3750.0
3750.0
3750.0
-3750.0
-3750.0
-3750.0
-3750.0
-3750.0
-3750.0
3750.0
3750.0
3750.0
3750.0
3750.0
3750.0
-3389.0773405698783
-3750.0
-3750.0
-3750.0
-3750.0
-3750.0
3750.0
3750.0
3750.0
3750.0
3750.0
3750.0
3750.0
3750.0
3750.0
-2564.329738058552
-868.9484196778267
-685.3034603238539
-236.07559590747724
3356.7368436452407
3105.034379595966
-1287.878787878788
1189.0243902438995
-637.651821862346
3750.0
410.98890402959046
-618.00513670488
-1081.5275765629788
-1747.3229504582505
430.2162668332239
3750.0
3750.0
3750.0
3750.0
3750.0
3750.0
-3750.0
-3750.0
-3750.0
-3750.0
-3750.0
-3750.0
-3750.0
3750.0
3750.0
3750.0
3750.0
3750.0
3750.0
3750.0
3750.0
3750.0
-3750.0
-3750.0
3750.0
3750.0
3750.0
3750.0
3750.0
-3750.0
-3750.0
-3645.7147503659126
-3750.0
-3750.0
-3750.0
3750.0
3750.0
3750.0
3750.0
3750.0
3750.0
-3750.0
-3750.0
-3750.0
-3750.0
-3750.0
-3750.0
-3750.0
3750.0
3750.0
3750.0
3750.0
3750.0
3750.0
3750.0
3750.0
-3750.0
-3750.0
-3750.0
3750.0
3750.0
3750.0
3750.0
3750.0
3750.0
3750.0
3750.0
3750.0
3750.0
3750.0
-3750.0
-3750.0
-3465.433624952454
-3324.449475441741
-789.8569065857184
308.4267031198856
1596.9784657931034
2530.497350017943
3088.003484961505
3505.014159422908
3676.003668677983
3117.924127171591
1206.5601600034909
-984.848484848485
3750.0
0.0
0.0
3750.0
3750.0
3750.0
0.0
0.0
0.0
-795.4545454545455
1609.999999999999
0.0
0.0
0.0
0.0
3750.0
3750.0
3750.0
959.5445287909645
1160.4966865827662
1437.6291746550442
-630.5480930333531
-687.5787815558215
547.0136677175658
3750.0
-1553.0303030303032
3750.0
3750.0
2784.880489160646
2449.4404664761496
-1628.787878787879
-459.67741935484196
353.54463891749424
3750.0
-2881.6270566727617
-3362.8920757410006
-3635.0471605443727
-3597.029340947891
-3750.0
-3750.0
3750.0
3750.0
3750.0
3750.0
3750.0
3750.0
-3750.0
3750.0
3750.0
3750.0
3750.0
-1287.0341750085697
-3750.0
3750.0
-2767.89593931096
-3530.6734396787633
-3618.7317955046783
-3750.0
-3750.0
-3750.0
3750.0
3750.0
3750.0
3750.0
3750.0
3750.0
3750.0
3750.0
-3316.7535642322064
-3344.8957371357155
-3620.413510784617
-3536.2800443317483
-3750.0
3750.0
3750.0
3750.0
3750.0
3750.0
-3750.0
-3750.0
-3750.0
-3750.0
3750.0
3750.0
3750.0
3750.0
3750.0
3750.0
3750.0
-3750.0
-3750.0
-3750.0
-3750.0
-3750.0
-3750.0
3750.0
3750.0
3750.0
3750.0
3750.0
3750.0
3750.0
3750.0
3750.0
-3750.0
-3750.0
-3750.0
3750.0
3750.0
3750.0
3750.0
3750.0
3750.0
3750.0
-3750.0
-3750.0
-3750.0
-3750.0
-3750.0
3750.0
3750.0
3750.0
3750.0
3750.0
3750.0
3750.0
3750.0
3750.0
3750.0
-3750.0
-3750.0
-3750.0
-3750.0
-3750.0
-3750.0
-3750.0
-3750.0
3750.0
3750.0
3750.0
3750.0
3750.0
3750.0
3750.0
3750.0
-3750.0
-3750.0
-3750.0
3750.0
3750.0
3750.0
3750.0
-3750.0
-3750.0
-3750.0
-3750.0
-3750.0
-3750.0
3750.0
3750.0
3750.0
3750.0
3750.0
3750.0
3750.0
3750.0
3750.0
-3750.0
-3750.0
-3750.0
-3750.0
3750.0
3750.0
3750.0
3750.0
3750.0
3750.0
-3750.0
-3750.0
-3750.0
-3750.0
-3750.0
-3750.0
3750.0
3750.0
3750.0
3750.0
3750.0
3750.0
3750.0
3750.0
3750.0
-3750.0
-3750.0
3750.0
3750.0
3750.0
3750.0
3750.0
3750.0
3750.0
3750.0
3750.0
3750.0
-3750.0
-3750.0
-3750.0
-3750.0
-1794.5969125214433
3750.0
3750.0
3750.0
3750.0
3750.0
3750.0
3750.0
3750.0
2440.518010106197
-265.1515151515152
3750.0
0.0
0.0
0.0
0.0
0.0
0.0
0.0
0.0
0.0
-1553.0303030303032
517.2413793103458
3750.0
-1215.6609765780067
-1220.0677498475225
-1211.18011652341
-830.4636451853639
-515.5956570116407
-756.3311895721426
-336.25381347634175
364.3253302778287
1775.8137117740473
3395.4378982631533
3750.0
0.0
0.0
0.0
-113.63636363636364
-160.09492104908077
88.86745252386504
-38.91598582885172
-51.89238578579261
50.331876789012995
368.3134762875427
2324.9394276324047
3280.8166736547323
3750.0
-189.3939393939394
3750.0
0.0
0.0
0.0
0.0
3750.0
3750.0
784.8467168770542
1033.7297769222878
3750.0
1779.3305025223435
805.2291113543033
-1628.787878787879
741.833030852993
-1364.4248642449493
-1343.3224545772139
-1189.3847039954105
852.5036166982079
3750.0
3750.0
3750.0
3750.0
-3056.958473625141
-3079.2640111958826
-3089.781547007997
-2736.995195696617
-2513.5836096886933
-2634.8380298018956
3750.0
3750.0
3750.0
3750.0
3750.0
3750.0
3750.0
3750.0
-3750.0
-3750.0
-3750.0
-3750.0
3750.0
3750.0
3750.0
3750.0
3750.0
3750.0
3750.0
3750.0
3750.0
-3529.094230982173
-3492.901270463566
-3274.020145070949
-3533.927770143877
-3750.0
3750.0
3750.0
3750.0
3750.0
3750.0
3750.0
3750.0
3750.0
3750.0
3750.0
3750.0
-3181.818181818182
-599.8724644722479
270.37818495940223
204.94736128056184
474.46771213662737
1095.0673747635476
1850.5761810274942
2256.098228783794
2316.606731871624
2943.7275361422508
3750.0
2570.185281819946
3002.313779110637
-568.1818181818182
3035.7142857142967
-1553.0303030303032
1833.2805573147555
1987.9839417389094
1730.8329046151953
-370.00145748588125
-1653.5560436679682
-2285.0390267549537
-2984.0321645128597
-3617.028852845684
-3750.0
-3750.0
3750.0
3750.0
3750.0
3750.0
3750.0
3750.0
3750.0
-3750.0
-3750.0
-3750.0
-3750.0
-3750.0
-3750.0
3750.0
3750.0
3750.0
3750.0
3750.0
3750.0
3750.0
3750.0
3750.0
3750.0
3750.0
-3750.0
-3750.0
-3750.0
-3750.0
-3750.0
-3750.0
3750.0
3750.0
3750.0
3750.0
3750.0
3750.0
3750.0
3750.0
3750.0
3750.0
3750.0
-3750.0
-3750.0
3750.0
3750.0
3750.0
3750.0
3750.0
-3750.0
-3750.0
-3750.0
-3750.0
3750.0
3750.0
3750.0
3750.0
3750.0
3750.0
3750.0
-3095.257630456187
-3128.8913161931005
-3276.478665346651
-1884.0114797288988
-3221.8613295238592
-3471.036727325176
-3750.0
3750.0
3750.0
3750.0
3750.0
3750.0
3750.0
3750.0
3750.0
3750.0
3750.0
0.0
0.0
0.0
0.0
0.0
0.0
0.0
0.0
0.0
0.0
0.0
0.0
3750.0
3750.0
3750.0
3750.0
3750.0
-1334.7457627118702
3750.0
3750.0
3750.0
-3750.0
-3750.0
-3750.0
-3750.0
-3750.0
-3750.0
3750.0
3750.0
3750.0
3750.0
3750.0
3750.0
3750.0
3750.0
3750.0
3750.0
3750.0
-3750.0
-3750.0
-3750.0
-3750.0
3750.0
3750.0
3750.0
3750.0
3750.0
3750.0
3750.0
-3750.0
-3750.0
-3750.0
-3750.0
-3750.0
3750.0
3750.0
3750.0
3750.0
3750.0
3750.0
3750.0
-3750.0
-3750.0
-3750.0
3750.0
3750.0
3750.0
3750.0
3750.0
3750.0
3750.0