Demand
3750.0
3750.0
3750.0
3750.0
3750.0
3750.0
3750.0
3750.0
3750.0
3750.0
3750.0
3750.0
3750.0
3750.0
3750.0
3750.0
3750.0
3750.0
3750.0
3750.0
3750.0
3750.0
3750.0
3750.0
3750.0
3750.0
3750.0
3750.0
3750.0
3750.0
3750.0
3750.0
3750.0
3750.0
3750.0
3750.0
3750.0
3750.0
3750.0
3750.0
-1325.757575757576
-841.4127423822736
-841.1648163765121
-461.07980779046943
3750.0
-2840.9090909090914
3750.0
3750.0
-3169.2381269233983
-3299.824526095508
-3549.285387587137
-3750.0
-3750.0
-3750.0
-3750.0
3750.0
3750.0
3750.0
3750.0
3750.0
3750.0
3750.0
3750.0
-3750.0
3750.0
3750.0
3750.0
-3750.0
-3750.0
-3750.0
3750.0
3750.0
3750.0
3750.0
3750.0
3750.0
3750.0
3750.0
-3750.0
-3750.0
-1973.3766233766237
-1787.2943586232186
3750.0
3750.0
3750.0
3750.0
3750.0
3750.0
3750.0
-2992.4242424242425
-1926.6895428637902
-1296.33932558924
-1978.8944055606444
3750.0
3690.923295246589
-1488.6868453583586
3750.0
3750.0
3750.0
3750.0
3750.0
3750.0
3750.0
3750.0
3750.0
3750.0
0.0
0.0
0.0
0.0
-568.1818181818182
625.0000000000009
-1136.3636363636365
-210.67415730337234
-1256.7441377879265
959.1626112461809
3750.0
-1990.1372212692966
3750.0
3750.0
-3674.2424242424245
-3750.0
-3750.0
-3750.0
-3750.0
3750.0
3750.0
3750.0
3750.0
3750.0
3750.0
3750.0
-2888.683680322365
-2985.5757316708196
-2954.2787141501294
-3027.063195852854
-3750.0
3750.0
3750.0
3750.0
3750.0
3750.0
3750.0
3750.0
-3750.0
-3750.0
-3750.0
3750.0
3750.0
3750.0
3750.0
3750.0
3750.0
3750.0
3750.0
3750.0
3750.0
1470.4884667571214
-272.9029526644981
319.13921599861305
3750.0
-1224.683544303798
-1721.953417350819
-2433.7660593587407
-2292.5690785163733
-1349.6205521692118
3750.0
3750.0
3750.0
3750.0
3750.0
3750.0
3750.0
-3750.0
-3750.0
-3750.0
-3750.0
3750.0
3750.0
3750.0
3750.0
3750.0
-3750.0
-3750.0
-3750.0
-3750.0
3750.0
3750.0
3750.0
3750.0
3750.0
3750.0
-3750.0
-3750.0
-3750.0
-3750.0
3750.0
3750.0
3750.0
3750.0
3750.0
3750.0
-3750.0
3750.0
3750.0
3750.0
3750.0
3750.0
-3750.0
-3750.0
-3750.0
-3750.0
-3750.0
-3750.0
-3750.0
3750.0
3750.0
3750.0
3750.0
3750.0
3750.0
3750.0
3750.0
-3750.0
-3750.0
-3476.8303472683046
-3750.0
-3242.3916961642353
-1614.0791581101555
3750.0
3750.0
3750.0
3750.0
3750.0
3750.0
3750.0
3750.0
3750.0
3750.0
3750.0
3750.0
3750.0
-301.77265053460906
236.66695540883757
890.7382112860735
1584.492787652571
-946.969696969697
1311.511423550087
-984.848484848485
3750.0
0.0
0.0
0.0
0.0
3750.0
3750.0
3750.0
3750.0
-795.4545454545455
1511.7801047120417
0.0
0.0
0.0
0.0
0.0
0.0
3750.0
858.06847903622
1073.8434512407955
1384.849199683007
-615.4804463111859
-744.3993427604246
123.78617496670154
2370.8689676469003
1161.1923902057295
-1098.4848484848485
2568.923982869378
1565.7755951130116
-984.848484848485
790.540540540539
-1128.972516482702
-1542.2967766625943
104.59426583976165
3750.0
-3423.551983505785
-3661.697322171677
-3651.8545071574763
-3750.0
-3750.0
-3750.0
-3750.0
-3750.0
3750.0
3750.0
3750.0
3750.0
3750.0
3750.0
3750.0
3750.0
2643.7718530420498
-3750.0
3750.0
3750.0
3750.0
3750.0
3750.0
3750.0
-3750.0
3750.0
3750.0
3750.0
3750.0
-3750.0
-3750.0
-3750.0
3750.0
3750.0
3750.0
3750.0
3750.0
3750.0
3750.0
3750.0
3750.0
3750.0
3750.0
-3750.0
-3750.0
-3750.0
3750.0
3750.0
3750.0
3750.0
3750.0
3750.0
3750.0
3750.0
-3750.0
-3750.0
-3750.0
-3750.0
-3750.0
3750.0
3750.0
3750.0
3750.0
3750.0
3750.0
3750.0
3750.0
-3750.0
-3750.0
-3750.0
3750.0
3750.0
3750.0
3750.0
3750.0
3750.0
-3750.0
-3750.0
-3750.0
-3750.0
-3750.0
3750.0
3750.0
3750.0
3750.0
3750.0
3750.0
3750.0
3750.0
3750.0
-3750.0
-3750.0
-3750.0
-3750.0
3750.0
3750.0
3750.0
3750.0
3750.0
3750.0
3750.0
-3750.0
-3750.0
-3750.0
-3750.0
3750.0
3750.0
3750.0
3750.0
3750.0
3750.0
-3750.0
3750.0
3750.0
3750.0
-3750.0
-3750.0
-3750.0
-3750.0
-3750.0
3750.0
3750.0
3750.0
3750.0
3750.0
3750.0
3750.0
3750.0
3750.0
-3750.0
-3750.0
-3750.0
-3750.0
3750.0
3750.0
3750.0
3750.0
3750.0
-3750.0
-3750.0
-3750.0
-3750.0
3750.0
3750.0
3750.0
3750.0
3750.0
3750.0
3750.0
3750.0
-3750.0
-3750.0
-3750.0
-3750.0
-3750.0
-3750.0
3750.0
3750.0
3750.0
3750.0
3750.0
3750.0
3750.0
3750.0
3750.0
3750.0
-3750.0
-3750.0
-3750.0
3750.0
3750.0
3750.0
3750.0
-3669.21768707483
-3750.0
-3534.824830445871
-3198.37279049234
-1663.6811921663784
-24.773113725081203
3750.0
3750.0
3750.0
3750.0
3750.0
0.0
3750.0
0.0
0.0
0.0
0.0
0.0
0.0
0.0
0.0
3750.0
3750.0
2150.7615421227893
3271.747455406621
421.66182775713673
3750.0
-538.9334001001507
-226.2737543905846
-527.5688542948783
-150.12483103814384
477.4569168188966
1795.3285960128487
3530.8446485893764
3750.0
3750.0
3750.0
0.0
-113.63636363636364
-688.7755102040808
-186.98060941827998
366.35348187795717
3750.0
262.6353790613716
582.3546999539085
2610.2986446476357
3598.2322340539076
3750.0
3394.60579119441
0.0
0.0
0.0
0.0
0.0
0.0
3750.0
3750.0
3147.2602739726035
3750.0
3750.0
2074.912454827532
1373.6228375123872
1092.7204594828472
-1198.5409925738484
-1139.4774806101059
-894.0476758130415
1881.6256233659897
3750.0
-3143.939393939394
3750.0
3750.0
3750.0
3750.0
-3294.1009991632627
-3138.691833453202
-3161.96600737466
-3460.9905419001707
-3544.6105852824494
-3750.0
3750.0
3750.0
3750.0
3750.0
3750.0
3750.0
3750.0
3750.0
3750.0
3750.0
-3750.0
-3750.0
-3750.0
3750.0
3750.0
3750.0
3750.0
3750.0
3750.0
3750.0
3750.0
3750.0
-3645.359083565869
-3750.0
-3750.0
-3750.0
3750.0
3750.0
3750.0
3750.0
3750.0
3750.0
3750.0
-620.8827404479673
3750.0
3750.0
3750.0
3750.0
-2651.515151515152
-1168.26322365681
-655.2119128603124
183.15274358090142
1154.062816967071
1993.1756526103122
2517.8748057275398
-1515.1515151515152
1017.5994027539675
2133.346263103678
3024.826450861808
-871.2121212121214
794.7761194029861
658.9171717579193
-1439.3939393939395
1277.9329608938529
-829.2938931297729
-1742.366002437835
440.6294737406804
3750.0
-3669.202419202419
-3750.0
-3750.0
3750.0
3750.0
3750.0
3750.0
-3750.0
-3750.0
-3750.0
-3750.0
-3750.0
3750.0
3750.0
3750.0
3750.0
3750.0
3750.0
-3750.0
-3750.0
-3750.0
-3750.0
-3750.0
-3750.0
3750.0
3750.0
3750.0
3750.0
3750.0
3750.0
3750.0
-3750.0
-3750.0
-3750.0
-3329.0941910075508
3750.0
3750.0
3750.0
3750.0
3750.0
3750.0
3750.0
3750.0
3750.0
-3750.0
3750.0
-3750.0
-3750.0
-3750.0
-3750.0
-3750.0
-3750.0
3750.0
3750.0
3750.0
3750.0
3750.0
3750.0
3750.0
-3750.0
-3067.3263374016205
-2831.2593339970845
-2643.0267500908585
-2513.5619066213076
-2473.325498089627
3750.0
-1203.6605062006777
3750.0
3750.0
3750.0
3750.0
3750.0
3750.0
3750.0
3750.0
1197.7319395183877
2940.810815768903
0.0
0.0
0.0
0.0
0.0
0.0
0.0
0.0
0.0
0.0
0.0
3750.0
3750.0
3750.0
3750.0
-530.3030303030304
-649.2932862190835
-873.3137798860714
-904.21944098312
3750.0
-3194.4877592390476
-3200.9049596806335
-3555.330229495682
-3750.0
3750.0
3750.0
3750.0
3750.0
3750.0
3750.0
3750.0
-3750.0
-3750.0
-3750.0
-3750.0
-3750.0
-3750.0
-3750.0
3750.0
3750.0
3750.0
3750.0
3750.0
3750.0
3750.0
3750.0
3750.0
-3750.0
-3750.0
-3750.0
-3750.0
-3750.0
-3750.0
-3750.0
3750.0
3750.0
3750.0
3750.0
3750.0
3750.0
3750.0
3750.0
3750.0
-3750.0
-3750.0
3750.0
3750.0
3750.0
3750.0
3750.0
3750.0
-3750.0
-3750.0