Demand
-3750.0
-3750.0
-3750.0
-3750.0
-3750.0
3750.0
3750.0
3750.0
3750.0
3750.0
3750.0
3750.0
3750.0
3750.0
-1102.653722202306
-2770.8595975350063
-3750.0
3750.0
3750.0
3750.0
3750.0
3750.0
-999.5015483816235
688.2781979999229
1992.0823973108054
-789.650134741363
-2117.3344821339742
-133.08205377932973
461.6818007799154
887.4972522112055
1016.7423216484201
-879.6554834171859
147.04635269850837
2101.9799254000827
-1553.0303030303032
3750.0
3750.0
3750.0
3750.0
3750.0
1859.5460696272603
-971.7380218834278
-996.1333490961813
-702.7040281424895
3750.0
-2840.9090909090914
-1507.4635501041448
-2383.7694799355204
-2373.978030094401
-2214.9433023627134
-1826.524902930667
3750.0
3750.0
3750.0
3750.0
3750.0
3750.0
3750.0
3750.0
-2949.100744695799
-3750.0
-3108.8059000845424
-3750.0
3750.0
3750.0
3750.0
3750.0
3750.0
3750.0
3750.0
-3750.0
-3750.0
-3750.0
-3750.0
-3750.0
-3750.0
3750.0
3750.0
3750.0
3750.0
3750.0
3750.0
3750.0
3750.0
-819.528317284153
3161.4787882135906
3496.3310448461725
1428.0492781953615
1385.0402673803271
1619.619529591089
3750.0
3750.0
-1899.350649350652
3750.0
3750.0
3750.0
3750.0
-3084.8521893754178
-2504.5485473424096
999.0703400392097
3750.0
3750.0
3750.0
3750.0
0.0
0.0
0.0
3750.0
3750.0
0.0
-568.1818181818182
3750.0
3750.0
2771.6376089663754
140.78273718478044
-466.4863674636406
1075.9844540633542
3750.0
-329.6286461836353
3750.0
3750.0
-3750.0
-3750.0
-3750.0
-3750.0
-3750.0
-3750.0
-3750.0
3750.0
3750.0
3750.0
3750.0
3750.0
3750.0
3750.0
3750.0
3750.0
-3750.0
-3750.0
-3750.0
-3750.0
-3750.0
-3750.0
3750.0
3750.0
3750.0
3750.0
3750.0
3750.0
-3236.202586414116
-2019.9032738038366
494.5646016702485
669.085312863773
1137.8657021389292
3750.0
3750.0
3724.2957351967025
1690.313253177329
106.58666670637285
-106.7458935701361
-400.9106271163962
-781.0229710939175
1942.352200731943
3750.0
3750.0
-3366.1616161616166
-3569.660835817538
3750.0
3750.0
3750.0
-3750.0
-3750.0
-3750.0
-3750.0
-3750.0
-3750.0
3750.0
3750.0
3750.0
3750.0
3750.0
3750.0
-3750.0
-3750.0
-3750.0
3750.0
3750.0
3750.0
3750.0
3750.0
3750.0
3750.0
-3750.0
-3750.0
-3750.0
-3750.0
-3357.4380165289267
3750.0
3750.0
3750.0
3750.0
3750.0
3750.0
3750.0
3750.0
-3750.0
-3750.0
-3750.0
-3750.0
3750.0
3750.0
3750.0
3750.0
3750.0
3750.0
-3750.0
-3750.0
-3750.0
3750.0
3750.0
3750.0
3750.0
3750.0
-3750.0
-3750.0
-3483.740567732664
-3750.0
-3269.50751451222
-1852.2587940271958
3750.0
-3750.0
3750.0
3750.0
3750.0
3750.0
3750.0
3750.0
3750.0
3750.0
-824.5145524244354
225.85000463129631
1458.4888025327546
2386.234563543874
3006.0224721925997
3527.8005131105065
3750.0
3425.8560811155066
1518.9499242693987
-984.848484848485
3750.0
0.0
0.0
0.0
3750.0
3750.0
3750.0
3750.0
3750.0
2183.111603843312
-1212.1212121212122
3750.0
0.0
0.0
0.0
0.0
0.0
-492.4242424242425
244.7780678851168
432.98920420326044
-1515.1515151515152
1080.5084745762797
3750.0
-825.607560756076
243.15141897659123
779.5613478800008
1634.4051502668071
-1060.6060606060607
1395.530145530146
-984.848484848485
636.4229765013044
-1139.5935791306472
-1803.0588201367082
-2647.37108165837
-2495.950185549468
-2539.213698686908
3750.0
3750.0
3750.0
-3750.0
-3750.0
-3750.0
-3750.0
-3750.0
-3750.0
3750.0
3750.0
3750.0
3750.0
3750.0
3750.0
3750.0
-3750.0
-3648.2094385446935
-2596.0242421704543
-3487.325184859812
-3586.7487230524985
-3750.0
-3750.0
3750.0
3750.0
3750.0
3750.0
3750.0
3750.0
3750.0
3750.0
3750.0
3750.0
-3386.853712325412
-3648.3664588199517
-3630.472469449015
-3750.0
-3296.02481579699
-517.1841191134645
3750.0
3750.0
3750.0
3750.0
3750.0
3750.0
3750.0
3750.0
-3750.0
-3750.0
-3750.0
3750.0
3750.0
3750.0
3750.0
3750.0
3750.0
-3750.0
-3750.0
-3750.0
-3750.0
-3750.0
-3750.0
-3750.0
3750.0
3750.0
3750.0
3750.0
3750.0
3750.0
3750.0
3750.0
3750.0
-3750.0
3750.0
3750.0
3750.0
3750.0
3750.0
3750.0
-3750.0
-3750.0
-3750.0
-3750.0
-3750.0
-3750.0
3750.0
3750.0
3750.0
3750.0
3750.0
3750.0
3750.0
-3750.0
3750.0
3750.0
3750.0
3750.0
3750.0
3750.0
3750.0
3750.0
-3750.0
-3750.0
-3750.0
-3750.0
-3750.0
3750.0
3750.0
3750.0
3750.0
3750.0
3750.0
3750.0
3750.0
3750.0
3750.0
3750.0
-3750.0
-3750.0
-3750.0
3750.0
3750.0
3750.0
3750.0
3750.0
3750.0
3750.0
-3750.0
-3750.0
-3750.0
-3750.0
-3750.0
-3750.0
-3750.0
3750.0
3750.0
3750.0
3750.0
3750.0
3750.0
3750.0
3750.0
-3750.0
-3750.0
-3750.0
-3750.0
-3750.0
-3750.0
3750.0
3750.0
3750.0
3750.0
3750.0
3750.0
3750.0
3750.0
-3750.0
-3750.0
-3750.0
-3750.0
3750.0
3750.0
3750.0
3750.0
3750.0
3750.0
3750.0
3750.0
3750.0
-3750.0
-3750.0
-3750.0
-3518.668831168832
-3750.0
3750.0
3750.0
3750.0
3750.0
3750.0
3750.0
3750.0
3750.0
3750.0
3750.0
3750.0
3750.0
3750.0
3750.0
0.0
0.0
0.0
0.0
3750.0
3750.0
340.9090909090876
542.7631578947337
3379.1772522962715
290.7216574319175
3750.0
-1204.1914796152093
-969.8967668764562
-1213.9201754218548
-929.1614824972623
-437.08940541326615
633.4447214243473
2145.1691859856473
3277.3856612376426
0.0
0.0
0.0
-113.63636363636364
-624.999999999997
3750.0
3750.0
3750.0
3572.1343873517653
1591.0242651881115
3750.0
-984.848484848485
3750.0
3750.0
3750.0
3750.0
0.0
0.0
0.0
0.0
-416.6666666666667
511.3636363636424
-1742.4242424242427
3750.0
3750.0
2815.1394932173
1923.6207183987428
1557.9238634638061
-972.949034881937
-948.7155794956079
-843.454910144291
512.5363851503712
3750.0
164.0217865420982
3750.0
-2817.5193337299233
-3093.6088889612665
-3095.88453451863
-3065.7330593360066
-2531.384366107266
-1321.8067858688864
3750.0
3750.0
3750.0
3750.0
3750.0
3750.0
-3750.0
-3662.1725731895212
-3750.0
-3750.0
-3750.0
-3750.0
3750.0
3750.0
3750.0
3750.0
3750.0
3750.0
-3750.0
-3750.0
-3750.0
-3750.0
-3424.7829629983034
-3296.7808277883396
-2486.148572622038
1289.9716753836988
3750.0
3750.0
3750.0
3750.0
3750.0
3750.0
3750.0
3750.0
3750.0
-2620.8399366085596
-2618.2383637836274
-412.87406490667104
-1672.2324735292477
484.20262060252753
1780.817696629058
1563.7281414689733
1850.8370717531534
2496.882635719411
2976.8226850651345
2770.6124458220384
2376.5062027913036
2770.852606253904
3682.589669616301
-1666.6666666666667
3750.0
3750.0
3750.0
1370.0247793092751
1186.3473435119822
1248.4300507641792
907.122097959761
-2310.606060606061
-1557.2033898305083
-1403.5572249226673
3750.0
3750.0
-3750.0
-3750.0
-3750.0
-3750.0
-3750.0
3750.0
3750.0
3750.0
3750.0
3750.0
3750.0
3750.0
-3750.0
3750.0
3750.0
3750.0
-3750.0
-3750.0
-3750.0
-3750.0
-3750.0
-3750.0
-3750.0
3750.0
3750.0
3750.0
3750.0
3750.0
3750.0
3750.0
3750.0
3750.0
3750.0
-3668.9419795221847
-3750.0
-3750.0
-3750.0
-3750.0
-3750.0
3750.0
3750.0
3750.0
3750.0
3750.0
3750.0
-3750.0
-3750.0
-3750.0
-3750.0
-3750.0
3750.0
3750.0
3750.0
3750.0
3750.0
3750.0
3750.0
3750.0
3750.0
3750.0
-3062.8188639618584
-2897.9923303195674
-2694.5998896838255
-1999.4981162894765
3750.0
3750.0
3750.0
3750.0
3750.0
-3488.900634249472
-2103.3446464237704
-1619.9449925467559
-905.7750468272282
2868.310532184676
3750.0
3750.0
3750.0
3750.0
0.0
0.0
0.0
0.0
0.0
3750.0
3750.0
3750.0
0.0
0.0
0.0
0.0
0.0
-530.3030303030304
-570.652173913046
-318.23127137085385
3750.0
-2683.915211970075
-3180.327455166047
-3138.9267909115206
-3471.8616906204225
3750.0
3750.0
3750.0
3750.0
3750.0
3750.0
-3750.0
-3750.0
-3750.0
3750.0
3750.0
3750.0
3750.0
3750.0
3750.0
3750.0
3750.0
3750.0
3750.0
3750.0
3750.0
-3750.0
-3750.0
-3750.0
3750.0
3750.0
3750.0
3750.0
3750.0
3750.0
3750.0
3750.0
-3750.0
-3750.0
-3750.0
-2430.3519061583593
-2611.327770723744
-3750.0
3750.0
3750.0
3750.0
3750.0
3750.0
3750.0
3750.0
3750.0
-3750.0
-3750.0
3750.0
3750.0