Demand
3750.0
3750.0
3750.0
3750.0
3750.0
3750.0
3750.0
3750.0
3750.0
-3750.0
-2396.650234246328
-3162.116490225024
3750.0
3750.0
3750.0
3750.0
3750.0
3750.0
3750.0
3750.0
3750.0
-3750.0
-749.4986631016054
1185.8219279179673
2540.6965290797843
-665.4340872549321
-2009.2618245628273
544.9924462664162
1360.3754861113396
1556.2045236090105
762.5741988198511
-2386.363636363637
874.9432591920097
2801.776149360777
2038.4627885103741
3735.990090752084
3750.0
3750.0
0.0
0.0
-1325.757575757576
-841.4127423822736
-841.1648163765121
-461.07980779046943
3750.0
-2840.9090909090914
-2245.750378390966
-2904.749740483271
-3030.9518612037155
-3171.8231088301427
-3477.450888658196
-3750.0
-3750.0
-3750.0
3750.0
3750.0
3750.0
3750.0
3750.0
3750.0
3750.0
3750.0
3750.0
-3750.0
-3750.0
-3750.0
-3750.0
-3750.0
3750.0
3750.0
3750.0
3750.0
3750.0
3750.0
3750.0
-3750.0
-3750.0
-3750.0
-3750.0
-3750.0
3750.0
3750.0
3750.0
3750.0
3750.0
3750.0
3750.0
3750.0
3750.0
3750.0
3750.0
3750.0
-3324.982104509665
-3380.507469804141
-3441.601684238548
-3631.3589110754256
-3164.6056940830867
-2372.6871321158696
-367.89864977004436
3750.0
3750.0
3750.0
3750.0
3750.0
3750.0
3750.0
0.0
0.0
3750.0
3750.0
3750.0
822.1925133689829
1774.104597843599
-2159.0909090909095
-1487.4301675977651
-1963.0847799588084
-1692.7719940959896
-1159.2574363534577
3750.0
3750.0
3750.0
-3750.0
-3750.0
-3750.0
-3750.0
-3750.0
-3750.0
-3750.0
3750.0
3750.0
3750.0
3750.0
3750.0
3750.0
3750.0
3750.0
-3750.0
-3750.0
-3750.0
-3750.0
3750.0
3750.0
3750.0
3750.0
3750.0
3750.0
3750.0
3750.0
-2962.983255895503
-3273.6997638336998
-2139.191422679636
238.34622475282254
445.5830121421827
949.9073013269583
3750.0
3750.0
3072.204510641016
1178.7672587381087
-251.17920906453537
-337.19702169429866
-273.474065457935
3032.990043142543
-3181.818181818182
-2847.7443609022557
-2869.667997478463
-2766.7175160811576
-346.77850765862786
3750.0
3750.0
3750.0
3750.0
3750.0
-3750.0
-3750.0
-3750.0
-3750.0
3750.0
3750.0
3750.0
3750.0
3750.0
-3750.0
-3750.0
-3750.0
-3750.0
3750.0
3750.0
3750.0
3750.0
3750.0
3750.0
-3750.0
3750.0
3750.0
3750.0
3750.0
3750.0
-3750.0
-3750.0
-3750.0
-3750.0
-3750.0
-3750.0
3750.0
3750.0
3750.0
3750.0
3750.0
3750.0
3750.0
-3750.0
-3750.0
3750.0
3750.0
3750.0
-3750.0
3750.0
3750.0
3750.0
3750.0
-3750.0
-3750.0
-3750.0
-3750.0
-3750.0
3750.0
3750.0
3750.0
3750.0
3750.0
-3750.0
-3750.0
-3750.0
3750.0
3750.0
3750.0
3750.0
3750.0
-3437.2141942564485
-1732.291817611641
-1101.045560252779
-338.60985663788597
336.0290286870172
973.2040782462591
1709.2580212777368
2426.153915103162
2557.4225276041298
1177.6513614052049
-984.848484848485
3750.0
0.0
0.0
0.0
0.0
3750.0
3750.0
0.0
0.0
-795.4545454545455
1511.7801047120417
0.0
0.0
0.0
0.0
0.0
0.0
3750.0
923.2577767060513
1136.5537088599256
1443.9820550072427
-585.3701113196792
-712.8019365173889
171.69667788604988
2441.791424670251
1136.8735397483351
-1098.4848484848485
3218.775111927447
1818.6885711160194
1815.9656134770585
-1628.787878787879
-459.67741935484196
353.54463891749424
3750.0
-2924.8697162709914
-3368.8341898606486
-3626.034461979508
-3527.1528838514523
3750.0
3750.0
3750.0
3750.0
3750.0
-3750.0
-3750.0
-3750.0
-3750.0
-3750.0
-3750.0
-3750.0
3750.0
3750.0
3750.0
3750.0
3750.0
3750.0
3750.0
3750.0
-3750.0
-3750.0
-3750.0
-3750.0
-3750.0
-3750.0
3750.0
3750.0
3750.0
3750.0
3750.0
3750.0
3750.0
-3634.74603688127
-3750.0
-3284.4859531274433
620.8041755648001
3750.0
3750.0
3750.0
3750.0
3750.0
3750.0
3750.0
-3750.0
-3750.0
-3750.0
3750.0
3750.0
3750.0
3750.0
3750.0
-3750.0
-3750.0
-3750.0
-3750.0
-3750.0
-3750.0
3750.0
3750.0
3750.0
3750.0
3750.0
3750.0
-3750.0
-3750.0
-3750.0
-3750.0
-3750.0
-3750.0
3750.0
3750.0
3750.0
3750.0
3750.0
3750.0
3750.0
-3750.0
-3750.0
-3750.0
-3750.0
-3750.0
-3750.0
-3750.0
-3750.0
3750.0
3750.0
3750.0
3750.0
3750.0
3750.0
3750.0
3750.0
-3750.0
-3750.0
-3750.0
3750.0
3750.0
3750.0
3750.0
3750.0
3750.0
3750.0
-3750.0
-3750.0
-3750.0
-3750.0
3750.0
3750.0
3750.0
3750.0
3750.0
-3750.0
-3750.0
3750.0
3750.0
3750.0
3750.0
3750.0
3750.0
-3750.0
-3750.0
-3750.0
-3750.0
-3750.0
3750.0
3750.0
3750.0
3750.0
3750.0
3750.0
3750.0
-3750.0
-3750.0
-3750.0
3750.0
3750.0
3750.0
3750.0
3750.0
3750.0
3750.0
-3750.0
-3750.0
-3750.0
-3750.0
-3750.0
3750.0
3750.0
3750.0
3750.0
3750.0
3750.0
3750.0
-3750.0
-3750.0
-3750.0
-3750.0
3750.0
3750.0
3750.0
3750.0
3750.0
3750.0
3750.0
3750.0
-3750.0
-3750.0
-3750.0
-3750.0
-3514.462809917357
-3750.0
3750.0
3750.0
3750.0
3750.0
3750.0
3750.0
3750.0
3750.0
3750.0
3750.0
0.0
0.0
0.0
0.0
3750.0
0.0
0.0
0.0
0.0
-1553.0303030303032
517.2413793103458
3750.0
-242.84725426857494
-135.4149360358865
28.89542106780914
832.2119428380704
1481.4648840495613
1070.1798228552668
2058.9618230842107
2868.5459579332496
3127.2082354894856
1739.665042132706
-681.8181818181819
3750.0
3750.0
3750.0
3750.0
-2234.848484848485
-366.54135338345895
-466.6198831478757
-458.88179004256017
-336.8746249746514
0.026112993432207077
1879.8101950104283
2623.2404912430384
-303.03030303030306
3671.052631578948
0.0
0.0
3750.0
3750.0
3750.0
3750.0
-416.6666666666667
98.97360703812342
322.6561639308152
-454.54545454545456
1640.6250000000002
-1477.2727272727275
1533.018867924522
-1666.6666666666667
3750.0
-1613.686840644087
-1835.6366908708872
-1779.516304650513
-1972.6401251741654
-1910.1749077173647
-1845.3095508713923
-1162.5009735992498
3313.495138195898
3664.89521655059
949.298321970442
3750.0
3750.0
-3533.730459857339
-3615.3469909015785
-3750.0
-3750.0
3750.0
3750.0
3750.0
3750.0
3750.0
3750.0
3750.0
-3750.0
-3750.0
-3750.0
-3750.0
-3750.0
-3750.0
3750.0
3750.0
3750.0
3750.0
3750.0
3750.0
3750.0
3750.0
3750.0
3750.0
-3750.0
-3750.0
-3750.0
-3750.0
-3750.0
-3750.0
3750.0
3750.0
3750.0
3750.0
3750.0
3750.0
3750.0
3750.0
-172.0779220779218
172.78510623150282
911.6683847944687
1830.0319548592652
2290.1381465055274
2251.152582852259
2749.54034996547
3688.0522273749066
-1666.6666666666667
3750.0
3750.0
2359.7678916827845
-1553.0303030303032
1040.748898678413
1034.616802192992
-1477.2727272727275
-165.09433962264575
-649.7965412004035
3750.0
-2522.199753824514
-3413.500369587411
3750.0
3750.0
3750.0
3750.0
3750.0
3750.0
-3750.0
-3750.0
-3750.0
-3750.0
-3750.0
3750.0
3750.0
3750.0
3750.0
3750.0
3750.0
3750.0
3750.0
3750.0
-3750.0
-3750.0
-3750.0
-3750.0
-3750.0
-3750.0
-3750.0
3750.0
3750.0
3750.0
3750.0
3750.0
3750.0
3750.0
3750.0
3750.0
-3750.0
-3750.0
-3750.0
-3750.0
-3750.0
-3750.0
-2445.8511287370357
-3750.0
3750.0
3750.0
3750.0
3750.0
3750.0
3750.0
3750.0
3750.0
3750.0
-3750.0
-3750.0
-3750.0
-3750.0
-3750.0
-3750.0
3750.0
3750.0
3750.0
3750.0
3750.0
3750.0
3750.0
3750.0
3750.0
-3417.832167832169
3750.0
3750.0
3750.0
3750.0
2303.525913339
3305.348726706876
3750.0
3750.0
0.0
0.0
0.0
0.0
3750.0
0.0
0.0
0.0
0.0
0.0
0.0
0.0
0.0
0.0
-530.3030303030304
-687.1727748691119
-1031.568751482564
-1910.5079278796395
3750.0
3750.0
-3268.987341772151
-3600.2250715048067
-3750.0
-3750.0
3750.0
3750.0
3750.0
3750.0
3750.0
3750.0
3750.0
3750.0
-3750.0
3750.0
3750.0
3750.0
3750.0
-3750.0
3750.0
-3750.0
-3750.0
-3750.0
-3750.0
3750.0
3750.0
3750.0
3750.0
3750.0
3750.0
3750.0
3750.0
-3750.0
-3750.0
-3750.0
-3750.0
3750.0
3750.0
3750.0
3750.0
3750.0
3750.0
3750.0
3750.0
-3750.0
3750.0
3750.0
3750.0
-3750.0
-3750.0
3750.0
3750.0
3750.0