Demand
3750.0
3750.0
3750.0
3750.0
3750.0
3750.0
3750.0
3750.0
3750.0
3750.0
3750.0
3750.0
3750.0
-1055.789824942997
539.6036020820582
-2249.2138808009668
-3750.0
-3750.0
3750.0
3750.0
3750.0
3750.0
3750.0
3750.0
3750.0
3750.0
3750.0
2199.4512859893575
2800.4860207314805
2859.515084405277
2461.081212766695
-267.42684579137904
1101.6223039196018
3183.143684234873
-1553.0303030303032
3750.0
3750.0
3750.0
0.0
0.0
-1325.757575757576
741.2201710940997
393.22061903984286
-3.8085175730957417
55.27845037819429
1163.966294135501
457.63091099158464
430.09111239391314
3750.0
3750.0
3750.0
3750.0
-3750.0
-3750.0
-3750.0
-3750.0
3750.0
3750.0
3750.0
3750.0
3750.0
3750.0
3750.0
-3750.0
-3750.0
3750.0
3750.0
3750.0
3750.0
3750.0
-3750.0
-3750.0
-3750.0
3750.0
3750.0
3750.0
3750.0
3750.0
3750.0
3750.0
-3027.291745910993
-3231.797682373134
-409.31834775632274
1394.687352825838
-1004.0912164268354
3109.366216153471
3329.0164406638773
1181.0849534704132
1750.4571263587875
3446.8982830608943
-3333.3333333333335
-2861.2266112266116
-3318.90606964189
-3371.804582654605
-3429.7902373855286
-3623.7858224863003
-3096.3808345445987
-2051.816089919268
1527.0250028895935
3750.0
3750.0
3750.0
3750.0
3750.0
3750.0
3750.0
0.0
3750.0
3750.0
3750.0
-568.1818181818182
625.0000000000009
-1136.3636363636365
-210.67415730337234
-1256.7441377879265
959.1626112461809
3750.0
-2796.2911321807032
-3056.543206328959
-3553.0743177005807
-3506.4621959998904
-3750.0
-3750.0
3750.0
3750.0
3750.0
3750.0
3750.0
3750.0
-3750.0
-3750.0
-3750.0
-2295.6435456435474
-1541.6809731014507
3750.0
3750.0
3750.0
3750.0
3750.0
-3750.0
3750.0
3750.0
-3750.0
-3750.0
-3750.0
-3750.0
-3750.0
3750.0
3750.0
3750.0
3750.0
3750.0
3750.0
3750.0
3750.0
3750.0
2043.8907422852408
-1704.5454545454547
1805.5555555555584
-2386.363636363637
-596.1822205828112
-1433.955216628755
-1943.2399357727527
-2644.2729068617236
-2698.8032279184417
-2702.8190736255374
-3064.134255811612
3750.0
3750.0
3750.0
3750.0
3750.0
3750.0
3750.0
3750.0
3750.0
3750.0
3750.0
3750.0
-3750.0
-3750.0
-3750.0
3750.0
3750.0
3750.0
3750.0
3750.0
3750.0
3750.0
-3750.0
-3750.0
-3750.0
-3750.0
3750.0
3750.0
3750.0
3750.0
3750.0
3750.0
3750.0
-3750.0
-3750.0
-3750.0
-3750.0
3750.0
3750.0
3750.0
3750.0
3750.0
3750.0
3750.0
-3750.0
3750.0
3750.0
3750.0
-3750.0
-3750.0
-3750.0
3750.0
3750.0
3750.0
3750.0
3750.0
3750.0
-3750.0
-3493.7280820070155
-3750.0
-3138.0091660035923
3750.0
3750.0
-3750.0
3750.0
3750.0
3750.0
3750.0
3750.0
-3750.0
-2330.0850510715245
3750.0
3750.0
3750.0
3750.0
3750.0
3750.0
3750.0
2585.434638354345
2878.341008058461
1595.0142636648384
2108.1104843994467
0.0
0.0
0.0
0.0
0.0
0.0
0.0
0.0
0.0
3750.0
3750.0
3750.0
3750.0
3750.0
3750.0
3750.0
3750.0
3750.0
2294.6643932462794
2382.558005576003
2591.0388567250484
30.760818437637226
-187.58271806797393
627.4569268727848
2543.8011654486154
2427.436238786584
2204.5074601895476
-1060.6060606060607
3750.0
3750.0
3750.0
1599.650349650344
424.84388938447887
3750.0
3750.0
-2198.5574305933606
3750.0
3750.0
3750.0
3750.0
3750.0
-3750.0
-3750.0
-3750.0
-3750.0
-3750.0
3750.0
3750.0
3750.0
3750.0
3750.0
3750.0
3750.0
3750.0
-2578.2320694381006
-3456.592359838877
-3509.9816397157456
-3750.0
3750.0
3750.0
3750.0
3750.0
3750.0
3750.0
-3750.0
-3750.0
-3750.0
-3750.0
3750.0
3750.0
3750.0
3750.0
3750.0
3750.0
3750.0
3750.0
3750.0
-3404.5454545454577
3750.0
3750.0
-3750.0
-3750.0
-3750.0
3750.0
3750.0
3750.0
3750.0
3750.0
3750.0
3750.0
-3750.0
-3750.0
-3750.0
-3750.0
3750.0
3750.0
3750.0
3750.0
3750.0
3750.0
3750.0
-3750.0
-3750.0
-3750.0
-3750.0
3750.0
3750.0
3750.0
3750.0
3750.0
3750.0
-3750.0
-3750.0
-3750.0
-3750.0
-3750.0
3750.0
3750.0
3750.0
3750.0
3750.0
3750.0
-3750.0
-3750.0
-3750.0
-3750.0
-3750.0
-3750.0
3750.0
3750.0
3750.0
3750.0
3750.0
3750.0
3750.0
3750.0
3750.0
3750.0
-3750.0
-3750.0
-3750.0
-3750.0
-3750.0
-3750.0
3750.0
3750.0
3750.0
3750.0
3750.0
3750.0
3750.0
3750.0
3750.0
3750.0
-3750.0
-3750.0
-3750.0
-3750.0
-3750.0
3750.0
3750.0
3750.0
3750.0
3750.0
3750.0
3750.0
-3750.0
-3750.0
-3750.0
-3750.0
-3750.0
-3750.0
3750.0
3750.0
3750.0
3750.0
3750.0
3750.0
3750.0
-3750.0
-3750.0
-3750.0
-3750.0
-3750.0
-3750.0
3750.0
3750.0
3750.0
3750.0
3750.0
3750.0
3750.0
3750.0
3750.0
3750.0
3750.0
3750.0
3750.0
3750.0
3750.0
-3750.0
-3750.0
-3750.0
-3750.0
-3750.0
3750.0
3750.0
3750.0
3750.0
3750.0
3750.0
-3308.188461964347
-2474.315237970304
-2399.9403302181836
-2430.3470507823868
2535.208682150452
3750.0
3750.0
3750.0
3750.0
3750.0
3750.0
3750.0
0.0
0.0
0.0
3750.0
3750.0
3750.0
-1553.0303030303032
3750.0
3750.0
3750.0
3750.0
-2613.636363636364
382.9098753595392
856.510448871016
490.48643711323257
1110.0122488532434
2001.9645576495486
3504.017593403195
3750.0
3750.0
3750.0
0.0
0.0
-113.63636363636364
3750.0
3750.0
3084.5323741007533
-2272.727272727273
-278.18991097922844
-35.20234777912037
1675.9932670868448
2798.002740614525
3750.0
3553.3606246786676
0.0
0.0
0.0
0.0
0.0
0.0
-416.6666666666667
183.56643356643508
393.945469125905
-454.54545454545456
3750.0
2094.1558441558454
1387.2940589116329
1103.7950880710869
-1193.4750502342868
-1133.2368496717397
-884.9524368247867
1914.0177503222828
3750.0
-3143.939393939394
-2292.4145561839196
-2391.219929230353
-2768.187190620448
-2735.317572413269
-2639.7734563657577
-1658.150148013373
245.4186471309381
3750.0
3750.0
-3750.0
3750.0
3750.0
3750.0
3750.0
3750.0
3750.0
3750.0
-3750.0
-3750.0
-3750.0
-3750.0
3750.0
3750.0
3750.0
3750.0
3750.0
-3750.0
-3750.0
-3750.0
-3419.235199118826
-3239.0749779518637
-1491.957329769066
3750.0
3750.0
3750.0
3750.0
3750.0
3750.0
3750.0
3750.0
-2353.701687534024
1602.0407165486326
3750.0
-2940.34090909091
-1331.6208781602227
-2181.2279636810854
-187.55482118939153
1729.065481667909
1856.4261233473273
2801.8014626946906
1871.1678328642201
3750.0
-85.5397876089346
119.70585472162725
759.3531392948207
2654.075966971296
1920.2657864161156
3132.3622888629734
3750.0
2448.8828355705673
-1553.0303030303032
969.7106690777571
1019.5960696631839
-1477.2727272727275
-436.04651162791015
-1410.8325449385081
3750.0
-3484.8484848484854
-3626.4705882352955
-3750.0
-3750.0
3750.0
3750.0
3750.0
3750.0
3750.0
-3750.0
-3750.0
-3750.0
3750.0
3750.0
3750.0
3750.0
3750.0
3750.0
3750.0
3750.0
-3750.0
3750.0
3750.0
3750.0
3750.0
3750.0
-3750.0
3750.0
3750.0
3750.0
-3750.0
-3750.0
-3750.0
-3750.0
-3750.0
-3341.5233415233424
3750.0
3750.0
3750.0
3750.0
3750.0
3750.0
3750.0
-3750.0
-3165.2913285310487
-3750.0
-3750.0
-3750.0
-3750.0
-3750.0
3750.0
3750.0
3750.0
3750.0
3750.0
3750.0
3750.0
3750.0
3750.0
3750.0
-3750.0
-3109.0704647676166
-2862.030208449836
-2616.0328352459646
-2301.980665334552
-1386.2843929727405
3750.0
3750.0
3750.0
3750.0
3750.0
3750.0
3750.0
-1376.9775187343885
-535.5052458524008
3750.0
3750.0
3750.0
3750.0
3750.0
0.0
0.0
0.0
0.0
0.0
3750.0
3750.0
3750.0
3750.0
3750.0
0.0
0.0
0.0
-530.3030303030304
-308.82352941177123
3750.0
-2246.4000496544877
-2712.862771186001
-3233.045389234744
-3275.485658897821
-3606.0705792899653
-3750.0
-3750.0
3750.0
3750.0
3750.0
3750.0
3750.0
3750.0
3750.0
3750.0
3750.0
-3750.0
-3750.0
-3750.0
-3750.0
3750.0
3750.0
3750.0
3750.0
3750.0
3750.0
3750.0
-3750.0
-3750.0
-3750.0
-3750.0
3750.0
3750.0
3750.0
3750.0
3750.0
-3750.0
-3750.0
-3750.0
-3750.0
1859.184629803186
3750.0
-3750.0
3750.0
3750.0
3750.0
3750.0
3750.0
-3750.0
-3750.0
-3750.0
-3750.0
-3750.0
3750.0
3750.0