Demand
-3750.0
3750.0
3750.0
3750.0
3750.0
3750.0
3750.0
3750.0
3750.0
3750.0
3750.0
3750.0
3750.0
-2117.0741023682203
-848.395326632651
-2436.8984310885544
3750.0
3750.0
3750.0
-3750.0
-3750.0
-3750.0
3750.0
3750.0
3750.0
3750.0
-1409.264731444464
1746.6786180529768
2426.6682123306628
2618.7470783496765
2327.8711757750652
-312.0581245761018
1034.848508654256
3127.523001200837
-1553.0303030303032
3750.0
3750.0
3750.0
3750.0
0.0
3750.0
-308.5647748835613
-226.54584759593718
444.52518266387597
3750.0
-2840.9090909090914
-1935.987738100811
-2710.9724537683906
-2835.706265721513
-2976.235370368043
-3352.178241311479
-3750.0
-3750.0
3750.0
3750.0
3750.0
3750.0
3750.0
3750.0
3750.0
3750.0
3750.0
3750.0
-3750.0
-3750.0
-3750.0
3750.0
3750.0
3750.0
3750.0
3750.0
3750.0
-3750.0
-3750.0
-3750.0
-3750.0
3750.0
3750.0
3750.0
3750.0
3750.0
3750.0
3750.0
3750.0
-1809.1287428386113
-95.34953531902374
715.8163643478201
212.60479145937916
-81.66505442531843
-755.7596423516522
-1761.53043398289
-651.9761134370647
-544.7339413719067
3750.0
3750.0
3750.0
3750.0
3750.0
3750.0
-133.248730964468
3750.0
3750.0
3750.0
3750.0
3750.0
0.0
0.0
0.0
0.0
0.0
-568.1818181818182
718.0851063829812
-1136.3636363636365
815.2173913043407
3750.0
-2119.9578567128237
-2110.585073961771
-2364.2550117943138
-2435.7424167203008
-2826.385328142119
3750.0
3750.0
3750.0
3750.0
-3750.0
-3750.0
-3750.0
-3750.0
-3750.0
3750.0
3750.0
3750.0
3750.0
3750.0
3750.0
-3303.8409929553845
-3750.0
-3750.0
-3750.0
-3750.0
3750.0
3750.0
3750.0
3750.0
3750.0
3750.0
3750.0
3750.0
3750.0
3750.0
-1967.2643869891572
1145.3631948044858
1457.8965328937445
2092.879761179097
3750.0
3750.0
1640.1826643527365
-1704.5454545454547
3750.0
2871.7960538447364
1398.025398464158
184.66037582042327
494.5072793356221
3750.0
733.3298434198932
3750.0
3750.0
-3750.0
-3750.0
-3750.0
-3750.0
-3750.0
3750.0
3750.0
3750.0
3750.0
3750.0
3750.0
3750.0
-3750.0
-3750.0
-3750.0
-3750.0
3750.0
3750.0
3750.0
3750.0
3750.0
3750.0
-3750.0
-3750.0
-3750.0
-3750.0
-3750.0
-3750.0
-3750.0
3750.0
3750.0
3750.0
3750.0
3750.0
3750.0
3750.0
3750.0
3750.0
3750.0
-3750.0
-3750.0
-3750.0
-3750.0
3750.0
3750.0
3750.0
3750.0
3750.0
-3750.0
-3750.0
-3750.0
-3750.0
-3750.0
3750.0
3750.0
3750.0
3750.0
3750.0
3750.0
-3750.0
-3545.777002818517
-3288.0190161323744
-2941.234505231031
-3750.0
-3750.0
-3750.0
3750.0
3750.0
3750.0
3750.0
3750.0
3750.0
3750.0
3750.0
3750.0
3750.0
3583.7028824833715
3750.0
3750.0
3706.1738845502723
1637.7768586022503
1869.8508734634324
0.0
0.0
0.0
0.0
3750.0
0.0
0.0
3750.0
3750.0
-795.4545454545455
1464.0077821011673
0.0
0.0
0.0
0.0
0.0
0.0
-492.4242424242425
3750.0
1798.560652282433
2167.2472104252274
-85.87064399196606
-369.4946057294817
223.23036075458276
1788.825413237535
2331.6232419838043
3049.878842656618
2236.369972578089
-1250.0000000000002
2471.590909090909
-1628.787878787879
803.5714285714155
3750.0
-2260.0203311065943
-2292.859968554152
-3012.2577087024556
-3454.106296877325
-2168.307796427778
3750.0
3750.0
3750.0
3750.0
3750.0
3750.0
3750.0
3750.0
-3750.0
-3750.0
-3750.0
-3750.0
-928.0030877194577
354.01305061087464
-3750.0
-3403.491739322815
3750.0
3750.0
3750.0
-3750.0
3750.0
3750.0
3750.0
3750.0
3750.0
-3750.0
-3750.0
-3750.0
-3750.0
3750.0
3750.0
3750.0
3750.0
3750.0
3750.0
-3532.276546982431
-2934.610713179013
-2813.1486078439902
-2678.23912076792
3750.0
3750.0
3750.0
3750.0
3750.0
3750.0
3750.0
-3750.0
-3750.0
-3750.0
-3750.0
-3750.0
-3750.0
-3750.0
-3750.0
3750.0
3750.0
3750.0
3750.0
3750.0
3750.0
3750.0
3750.0
3750.0
-3750.0
-3750.0
-3750.0
3750.0
3750.0
3750.0
3750.0
3750.0
3750.0
-3750.0
-3750.0
-3750.0
-3750.0
3750.0
3750.0
3750.0
3750.0
3750.0
3750.0
3750.0
3750.0
-3750.0
-3750.0
3750.0
3750.0
3750.0
3750.0
3750.0
3750.0
-3750.0
-3750.0
-3750.0
-3750.0
-3750.0
-3750.0
-3750.0
-3750.0
3750.0
3750.0
3750.0
3750.0
3750.0
3750.0
3750.0
3750.0
3750.0
-3750.0
-3750.0
-3750.0
-3750.0
-3750.0
-3750.0
-3750.0
-3750.0
3750.0
3750.0
3750.0
3750.0
3750.0
3750.0
3750.0
3750.0
3750.0
-3750.0
-3750.0
-3750.0
-3750.0
3750.0
3750.0
3750.0
3750.0
3750.0
3750.0
3750.0
3750.0
3750.0
3750.0
-3750.0
3750.0
3750.0
-3750.0
3750.0
3750.0
3750.0
3750.0
3750.0
-3750.0
-3750.0
-3750.0
-3750.0
-3750.0
-3750.0
-3750.0
3750.0
3750.0
3750.0
3750.0
3750.0
3750.0
3750.0
3750.0
-3750.0
-3750.0
-3750.0
-3750.0
3750.0
3750.0
3750.0
3750.0
-3539.8230088495584
-3243.757442142868
-2095.4507928353314
-1621.0503620915808
-464.36359274720326
3750.0
3750.0
3750.0
3750.0
3750.0
3750.0
0.0
3750.0
3750.0
3750.0
3750.0
0.0
0.0
0.0
-1553.0303030303032
-1092.7914110429454
-1260.25615515617
-687.8345524784979
-364.74377740587715
314.02552894664836
2816.576100716732
1423.498508403809
3750.0
3495.762711864414
2657.8034880527275
3224.278402470145
1668.1631410845193
-681.8181818181819
3750.0
3750.0
3750.0
3750.0
-2234.848484848485
782.3741007194203
1196.032499110428
3750.0
-197.0655926352124
250.923174941654
2422.884883349193
2332.7392510918826
-303.03030303030306
3750.0
3750.0
3750.0
3750.0
0.0
0.0
0.0
-416.6666666666667
123.96694214876129
345.05970498712213
-454.54545454545456
1814.5161290322587
-1477.2727272727275
3750.0
1200.5611972207369
-1092.2720714404966
-1241.749966561925
-1469.1203408395488
-1349.039162134465
-1518.07740701261
-1313.8793304581532
-979.1177373459332
1031.201602961135
3750.0
3750.0
1422.7329244500152
3750.0
3750.0
-3541.055718475074
-3612.504946664948
-3750.0
3750.0
3750.0
3750.0
3750.0
3750.0
3750.0
-3750.0
-3750.0
3750.0
3750.0
3750.0
3750.0
3750.0
-3750.0
-3750.0
-3750.0
3750.0
3750.0
3750.0
3750.0
3750.0
-3372.377622377622
-3593.4443698362193
-3750.0
-3750.0
3750.0
3750.0
3750.0
3750.0
3750.0
3750.0
3750.0
3750.0
3750.0
-1749.0999099910005
-2520.372579030848
-1340.0048845551491
-520.9459054503195
-343.70768136764354
369.548232772162
1969.8255208817964
3054.7476361398585
1020.907178166578
3750.0
-352.4653312788914
1085.2732505128772
672.2246108292675
1733.613485806123
2646.846627908786
-871.2121212121214
775.3576072821852
660.0431096990226
-1439.3939393939395
1173.413566739605
-819.2438808976005
-1821.5489238291902
-1894.5011095994712
3750.0
3750.0
-3750.0
3750.0
3750.0
3750.0
3750.0
-3750.0
-3750.0
-3750.0
-3750.0
-3750.0
-3750.0
-3750.0
3750.0
3750.0
3750.0
3750.0
3750.0
3750.0
3750.0
3750.0
3750.0
-3750.0
3750.0
3750.0
3750.0
3750.0
3750.0
3750.0
-3750.0
-3750.0
-3750.0
-3750.0
-3750.0
-2729.9570508231964
3750.0
3750.0
3750.0
3750.0
3750.0
3750.0
3750.0
3750.0
3750.0
3750.0
-3750.0
-3750.0
-3750.0
3750.0
3750.0
3750.0
3750.0
3750.0
3750.0
3750.0
-3750.0
-3750.0
-3750.0
-3750.0
-3750.0
3750.0
3750.0
3750.0
3750.0
3750.0
3750.0
3750.0
3750.0
3750.0
-3667.83586392466
-3462.3201067022346
-1699.643700311747
-661.6696811934016
1394.28211214204
3750.0
3750.0
3750.0
0.0
0.0
3750.0
3750.0
3750.0
3750.0
0.0
0.0
0.0
0.0
0.0
0.0
3750.0
0.0
0.0
-530.3030303030304
-649.2932862190835
-873.3137798860714
-904.21944098312
3750.0
-3236.745425731164
-3086.5243204779217
3750.0
-3750.0
3750.0
3750.0
-3750.0
-3750.0
-3750.0
3750.0
3750.0
3750.0
3750.0
3750.0
3750.0
-3750.0
-3750.0
-3750.0
-3750.0
-3750.0
3750.0
3750.0
3750.0
3750.0
3750.0
3750.0
3750.0
3750.0
-3750.0
3750.0
3750.0
3750.0
3750.0
-3750.0
-3750.0
-3750.0
-3750.0
3750.0
3750.0
3750.0
3750.0
3750.0
3750.0
3750.0
-3750.0
-3750.0
-3750.0
-3750.0
-3750.0
3750.0
3750.0
3750.0
3750.0