Demand
3750.0
3750.0
3750.0
3750.0
3750.0
3750.0
3750.0
3750.0
3750.0
3750.0
3750.0
3750.0
3750.0
3750.0
3750.0
3750.0
3750.0
3750.0
3750.0
3750.0
3750.0
3750.0
3750.0
3750.0
3750.0
3750.0
3750.0
3750.0
3750.0
3750.0
2505.710815105449
37.0861892479611
1041.9647476738876
3028.1691241601243
2119.83250366474
3750.0
3750.0
0.0
0.0
0.0
-1325.757575757576
-529.1411042944828
897.1489883506947
3750.0
3750.0
3750.0
3750.0
-2605.9322033898306
-2658.98524180198
-2668.290655017623
-2908.268679108938
3750.0
3750.0
3750.0
3750.0
3750.0
3750.0
3750.0
3750.0
-3071.370864869462
-3750.0
-3127.103692152875
-3750.0
3750.0
3750.0
3750.0
3750.0
-3750.0
-3750.0
-3750.0
3750.0
3750.0
3750.0
3750.0
-3750.0
-3750.0
-3750.0
-3750.0
-3750.0
-3750.0
3750.0
3750.0
3750.0
3750.0
3750.0
3750.0
3750.0
3750.0
1173.682976290593
221.7348056621429
-986.6936908892069
2147.0650228860613
754.7666210909404
3750.0
3750.0
3750.0
3750.0
3750.0
-2875.7668711656443
-926.4550952392212
3181.198887981068
3147.3485667477435
0.0
0.0
0.0
0.0
0.0
0.0
0.0
0.0
-568.1818181818182
3750.0
2169.626730885009
-344.54825595270495
-1513.6436314341918
-2046.1312194831762
-1980.8643079397798
-2149.2585323414423
-1835.808407751378
3750.0
3750.0
3750.0
3750.0
-3750.0
-3750.0
-3750.0
-3750.0
-3750.0
3750.0
3750.0
3750.0
3750.0
3750.0
3750.0
-3011.303638283576
-3100.938656825154
-3750.0
3750.0
3750.0
3750.0
3750.0
3750.0
3750.0
3750.0
-3750.0
-3750.0
-3750.0
-3750.0
3750.0
448.232323232324
3750.0
3750.0
3750.0
3750.0
3750.0
3750.0
3750.0
3648.248050421964
1147.9795846834998
736.0652123452762
200.40929251034981
-574.9494483271756
-387.999550913599
3565.3800940086257
811.1818868819917
3750.0
3750.0
-3750.0
-3750.0
-3750.0
3750.0
3750.0
3750.0
-3750.0
-3750.0
-3750.0
-3750.0
-3750.0
-3750.0
3750.0
3750.0
3750.0
3750.0
3750.0
3750.0
3750.0
3750.0
3750.0
-3750.0
-3750.0
3750.0
3750.0
3750.0
3750.0
3750.0
3750.0
-3643.0982745686442
-3750.0
-3750.0
-3750.0
3750.0
3750.0
3750.0
3750.0
3750.0
3750.0
3750.0
3750.0
-3750.0
-3750.0
-3750.0
-3750.0
-3750.0
3750.0
3750.0
3750.0
3750.0
3750.0
3750.0
3750.0
3750.0
3750.0
3750.0
-3750.0
-3750.0
-3527.604369879049
-3750.0
-3392.2094275027575
-2579.5745028994443
1911.7509629059596
-3750.0
3750.0
3750.0
3750.0
3750.0
3750.0
3750.0
3750.0
-3367.5787473972823
-1179.5918035990944
-289.4376793084839
781.7633337592122
1668.1882303510201
2372.0797036521826
3037.3237183961473
3501.5929567180474
3209.1328984935944
1419.8623034529517
-984.848484848485
3750.0
0.0
0.0
0.0
3750.0
3750.0
3750.0
3750.0
0.0
-795.4545454545455
1435.7585139318883
0.0
0.0
0.0
0.0
0.0
0.0
-492.4242424242425
385.13513513513385
461.3990219774041
-1515.1515151515152
-640.2681450722275
-904.8592630649061
-459.1094934233008
795.4048596670634
1377.6484081782091
2242.4853830815273
1888.505592387779
-1250.0000000000002
2175.324675324675
-1628.787878787879
-738.1889763779548
-1093.4049970947126
3750.0
-3371.2121212121215
-3015.7004830917867
3750.0
3750.0
3750.0
3750.0
-3750.0
-3750.0
-3750.0
-3750.0
3750.0
3750.0
3750.0
3750.0
3750.0
3750.0
3750.0
3750.0
3750.0
-3668.6822351959972
-2852.823225995264
-3550.9247361688986
-3632.091756900946
-3750.0
-3750.0
-3750.0
3750.0
3750.0
3750.0
3750.0
3750.0
3750.0
3750.0
-3750.0
-3309.386217823492
-3358.714089639485
-3637.3525288852034
-3610.425436033888
-3750.0
-2922.5961662176915
3750.0
3750.0
3750.0
3750.0
3750.0
3750.0
3750.0
3750.0
-3750.0
3750.0
3750.0
3750.0
3750.0
-3750.0
-3750.0
-3750.0
-3750.0
-3750.0
3750.0
3750.0
3750.0
3750.0
3750.0
3750.0
3750.0
-3750.0
-3750.0
-3750.0
-3750.0
-3750.0
3750.0
3750.0
3750.0
3750.0
3750.0
3750.0
3750.0
3750.0
3750.0
-3750.0
-3750.0
-3750.0
-3750.0
-3750.0
3750.0
3750.0
3750.0
3750.0
3750.0
3750.0
3750.0
3750.0
3750.0
3750.0
-3750.0
-3750.0
3750.0
3750.0
3750.0
3750.0
-3750.0
-3750.0
-3750.0
3750.0
3750.0
3750.0
3750.0
3750.0
3750.0
-3750.0
3750.0
3750.0
3750.0
3750.0
3750.0
3750.0
-3750.0
-3750.0
-3750.0
-3750.0
-3750.0
-3750.0
3750.0
3750.0
3750.0
3750.0
3750.0
3750.0
3750.0
3750.0
-3750.0
-3750.0
-3750.0
-3750.0
3750.0
3750.0
3750.0
3750.0
3750.0
3750.0
3750.0
3750.0
-3750.0
-3750.0
3750.0
3750.0
3750.0
3750.0
3750.0
3750.0
-3750.0
-3750.0
-3750.0
-3750.0
3750.0
3750.0
3750.0
3750.0
3750.0
3750.0
3750.0
-3750.0
-3750.0
-3750.0
-3750.0
-3750.0
3750.0
3750.0
3750.0
3750.0
3750.0
3750.0
3750.0
-3750.0
-3629.4926004228346
-3750.0
-3227.237656378141
880.57470449887
3750.0
3750.0
3750.0
3750.0
3750.0
3750.0
3750.0
3750.0
3750.0
3750.0
3750.0
3750.0
0.0
0.0
0.0
0.0
0.0
690.1002805467679
-2500.0000000000005
-1321.7703349282308
-829.7310278578304
-626.6822594244229
-243.3601123352546
1159.6996986097693
2586.9583488164544
708.8903661856839
3750.0
3000.9603072983364
3750.0
3750.0
3750.0
3750.0
0.0
0.0
-113.63636363636364
3750.0
72.65275707898604
-49.45334042862032
-54.273029205806324
59.576116377937296
394.24275199645945
2383.6320299533677
3255.303005305803
3735.679074190729
-189.3939393939394
3750.0
0.0
0.0
0.0
3750.0
0.0
-416.6666666666667
109.34819897084117
332.0577407479184
-454.54545454545456
1697.3684210526317
-1477.2727272727275
3249.9999999999795
-1666.6666666666667
-527.4762550881933
-320.41080034723973
270.3216220358413
3750.0
-87.2483434679948
3750.0
-2572.3140495867774
-2626.6775730024765
-2897.4528210538547
-2756.774753241897
-2202.2226946708706
3750.0
3750.0
3750.0
3750.0
3750.0
3750.0
-3750.0
-3750.0
-3750.0
-3586.4960282436014
-3750.0
-3750.0
-3750.0
3750.0
3750.0
3750.0
3750.0
3750.0
3750.0
3750.0
3750.0
3750.0
3750.0
-3750.0
-3420.9771960464823
-3243.58855776762
-1553.5633025440147
3750.0
3750.0
3750.0
3750.0
3750.0
3750.0
3750.0
3750.0
-428.3216783216767
3677.114655510534
-1029.5818545283776
3750.0
3750.0
3750.0
-407.8129698306109
728.2695499862609
787.1196707187112
1321.0081776758998
2266.461284271357
2871.034755800045
2440.3042816737197
2014.8070549074732
2491.983656291406
-1515.1515151515152
2591.01941747573
3645.5140151817436
3750.0
2101.368642856849
-1553.0303030303032
1347.65625
1001.3184584178505
-1477.2727272727275
3750.0
-1976.4610389610398
-2548.959700432254
-3156.654871195992
-3657.7057405108853
-3750.0
-3750.0
-3750.0
-3750.0
-3750.0
3750.0
3750.0
3750.0
3750.0
3750.0
3750.0
3750.0
3750.0
-3750.0
3750.0
3750.0
3750.0
-3750.0
3750.0
3750.0
-3750.0
-3750.0
-3750.0
-3750.0
-3750.0
-3750.0
3750.0
3750.0
3750.0
3750.0
3750.0
3750.0
3750.0
3750.0
3750.0
3750.0
3750.0
-3750.0
-3750.0
-3750.0
-3750.0
3750.0
3750.0
3750.0
3750.0
3750.0
3750.0
3750.0
-3750.0
-3750.0
-3750.0
-3750.0
-3750.0
-3750.0
3750.0
3750.0
3750.0
3750.0
3750.0
3750.0
3750.0
3750.0
3750.0
3750.0
3750.0
-3488.66911186796
-3653.871518540417
-3750.0
-3617.1081036732085
-3222.2196286042263
986.8988839578849
3337.95808855444
3750.0
3750.0
3750.0
3750.0
3750.0
3750.0
0.0
0.0
3750.0
3750.0
0.0
0.0
0.0
0.0
0.0
0.0
0.0
0.0
0.0
-530.3030303030304
3750.0
-183.4275916009874
-1765.427741153676
-2298.7887458539035
-2944.676999670599
-2815.4600165717275
-3230.897247009273
3750.0
3750.0
3750.0
3750.0
3750.0
3750.0
3750.0
3750.0
-3750.0
-3750.0
-3750.0
-3750.0
3750.0
3750.0
3750.0
3750.0
3750.0
3750.0
-3750.0
-3750.0
-3750.0
-3750.0
-3750.0
3750.0
3750.0
3750.0
3750.0
3750.0
-3750.0
-3750.0
-3750.0
-3750.0
-3750.0
-3750.0
3750.0
3750.0
3750.0
3750.0
3750.0
3750.0
3750.0
3750.0
3750.0
3750.0
3750.0
3750.0
-3750.0
-3750.0
-3750.0
-3750.0