Demand
-3750.0
-3750.0
-3750.0
3750.0
3750.0
3750.0
3750.0
3750.0
3750.0
3750.0
-3048.0022869290933
-3518.5965835208754
3750.0
3750.0
3750.0
3750.0
-3750.0
3750.0
-3750.0
-3750.0
3750.0
3750.0
3750.0
3750.0
3750.0
3750.0
-1729.4058068872391
774.634598272369
1465.1076786792999
1895.6425132088066
1950.6634726413113
-356.8779961009004
721.3649596607995
2684.6754156603665
1251.2589322444646
2250.9990558507943
0.0
0.0
3750.0
0.0
-1325.757575757576
-1010.4364326375724
-1245.4877797014487
-1546.454139062913
-1648.3188747075912
-1299.122553614495
-1741.096528339408
-2318.9438913533195
-972.9455323374284
3750.0
3750.0
3750.0
3750.0
-3750.0
-3750.0
-3750.0
-3750.0
3750.0
3750.0
3750.0
3750.0
3750.0
3750.0
3750.0
3750.0
3750.0
-3750.0
-3750.0
-3750.0
3750.0
3750.0
3750.0
3750.0
3750.0
3750.0
-3750.0
-3750.0
-3750.0
-3750.0
3750.0
3750.0
3750.0
3750.0
3750.0
3750.0
3750.0
3750.0
-898.7264783277903
-1157.5195340082075
-1707.3336186615907
-2506.9575146845
-2260.5628204775967
-2867.2097984844513
-2478.330554266863
3750.0
3750.0
3750.0
3750.0
3750.0
3750.0
-795.4545454545455
3457.5034738304767
3750.0
0.0
0.0
0.0
0.0
0.0
0.0
0.0
-568.1818181818182
718.0851063829812
-1136.3636363636365
815.2173913043407
3750.0
-1641.1205073995782
-1687.5976619017304
-2113.9383913439815
-2443.881083887658
-3311.1409712186005
-2881.169494472595
3750.0
3750.0
3750.0
3750.0
3750.0
3750.0
3750.0
3750.0
3750.0
-3750.0
-3750.0
3750.0
3750.0
3316.1157024794247
3750.0
-3750.0
-3750.0
-3750.0
-3750.0
-3750.0
-3750.0
-3750.0
-3750.0
3750.0
3750.0
3750.0
3750.0
3750.0
3750.0
3750.0
3750.0
-713.2991318074198
-339.2215235961553
2970.962584294125
3270.0908452312956
1386.9475330997448
-1704.5454545454547
-178.5714285714289
-108.3815028901704
1096.5848452508205
3750.0
-2531.2796959138423
-3028.156074645476
-3101.879016044485
-3160.0889794173763
-3444.3875228469115
3750.0
3750.0
3750.0
3750.0
3750.0
-3750.0
-3750.0
-3750.0
3750.0
3750.0
3750.0
3750.0
3750.0
3750.0
3750.0
3750.0
-3750.0
3750.0
3750.0
3750.0
-3750.0
-3750.0
-3750.0
3750.0
3750.0
3750.0
3750.0
3750.0
3750.0
3750.0
-3750.0
-3750.0
-3750.0
-3750.0
3750.0
3750.0
3750.0
3750.0
3750.0
3750.0
3750.0
3750.0
3750.0
-3750.0
-3750.0
-3750.0
-3750.0
3750.0
3750.0
3750.0
3750.0
3750.0
3750.0
3750.0
-3750.0
-3750.0
-3750.0
-3750.0
3750.0
3750.0
3750.0
3750.0
3750.0
3750.0
-3750.0
-3750.0
3750.0
3750.0
3750.0
3750.0
-3420.8331194497205
-3247.611138042883
-157.01384657884955
1175.895417471419
2607.1588077247534
3416.7251619332837
3746.636350276144
3750.0
3750.0
3750.0
1690.8312089194023
1912.6164277293467
0.0
0.0
0.0
0.0
3750.0
3750.0
3750.0
3750.0
0.0
-795.4545454545455
3750.0
3750.0
3750.0
3750.0
3750.0
3750.0
0.0
-492.4242424242425
200.08605851979314
405.7021804168671
-1515.1515151515152
-423.1517509727619
-276.56684775407575
3282.2743652188083
-1818.1818181818182
1847.4866430882703
2719.5537408747623
2242.8527692686894
1351.3201897652498
-984.848484848485
790.540540540539
-1128.972516482702
-1542.2967766625943
104.59426583976165
3750.0
-3324.0971357409708
-3591.0177674966817
-3036.945925374326
3750.0
3750.0
3750.0
3750.0
-3750.0
-3750.0
-3750.0
-3750.0
3750.0
3750.0
3750.0
3750.0
3750.0
3750.0
-3750.0
-3634.643406459968
-2267.146103858332
-3345.0742833665954
-3268.528361118845
3750.0
3750.0
3750.0
3750.0
3750.0
3750.0
3750.0
-3750.0
-3750.0
-3750.0
-3750.0
-2753.4965034965053
-2430.503343753713
-2302.758937966919
3750.0
3750.0
3750.0
3750.0
3750.0
3750.0
3750.0
3750.0
-3750.0
-3750.0
-3750.0
-3750.0
-3750.0
-3750.0
3750.0
3750.0
3750.0
3750.0
3750.0
3750.0
3750.0
3750.0
-3750.0
-3750.0
-3750.0
-3750.0
3750.0
3750.0
3750.0
3750.0
3750.0
-3750.0
-3750.0
-3750.0
3750.0
3750.0
3750.0
3750.0
3750.0
3750.0
-3750.0
-3750.0
3750.0
3750.0
3750.0
3750.0
3750.0
3750.0
3750.0
-3750.0
3750.0
3750.0
3750.0
3750.0
3750.0
-3750.0
3750.0
3750.0
-3750.0
-3750.0
-3750.0
-3750.0
3750.0
3750.0
3750.0
3750.0
3750.0
3750.0
-3750.0
-3750.0
-3750.0
-3750.0
-3750.0
-3750.0
3750.0
3750.0
3750.0
3750.0
3750.0
3750.0
3750.0
-3750.0
-3750.0
-3750.0
-3750.0
3750.0
3750.0
3750.0
3750.0
3750.0
-3750.0
-3750.0
-3750.0
-3750.0
-3750.0
3750.0
3750.0
3750.0
3750.0
3750.0
3750.0
3750.0
3750.0
-3750.0
3750.0
3750.0
3750.0
3750.0
3750.0
-3750.0
3750.0
3750.0
3750.0
3750.0
3750.0
-3750.0
-3750.0
-3750.0
3750.0
3750.0
3750.0
3750.0
3750.0
3750.0
3750.0
3750.0
-3750.0
3750.0
3750.0
3750.0
-3750.0
-3750.0
-3750.0
-3750.0
-3750.0
-3750.0
3750.0
3750.0
3750.0
3750.0
3750.0
3750.0
3750.0
3750.0
3750.0
3750.0
3750.0
3750.0
3750.0
0.0
0.0
0.0
0.0
0.0
0.0
0.0
0.0
0.0
-1553.0303030303032
-961.2676056338032
-920.701469384763
722.771316106524
3750.0
-2613.636363636364
-855.1946207027186
-567.8492873665618
-830.1638865587283
-471.8065360699684
130.91801493382854
1396.083613955219
3057.7106458614053
3750.0
3750.0
0.0
0.0
-113.63636363636364
-624.999999999997
3750.0
287.78040141676433
376.845822693012
659.5099697885089
1270.4991687779184
3731.749144214772
-984.848484848485
3750.0
3750.0
3750.0
3750.0
3750.0
0.0
0.0
0.0
-416.6666666666667
511.3636363636424
-1742.4242424242427
3577.460786542396
1635.5921654673593
-1477.2727272727275
666.4037854889582
519.2383035685125
-1454.962620078246
-1558.7462537691827
-1707.5285804516752
-1475.1437774306244
-1346.9720420165488
243.05985237575123
3750.0
3750.0
3750.0
-3078.3582089552247
-3076.4255649982597
-2674.341953561602
-2300.101817411821
-1524.8765376683023
3750.0
3750.0
3750.0
3750.0
3750.0
3750.0
3750.0
-3750.0
-3750.0
-3750.0
-3750.0
3750.0
3750.0
3750.0
3750.0
3750.0
3750.0
3750.0
3750.0
-3750.0
-3750.0
-3455.5785123966953
-3209.148611929787
3750.0
3750.0
3750.0
3750.0
3750.0
3750.0
-3750.0
3750.0
3750.0
3750.0
3750.0
3750.0
-559.2252575011144
3750.0
3750.0
3750.0
3750.0
-2651.515151515152
2117.2503549455746
3077.598730035203
1314.0913225540276
3750.0
-40.74493863831731
646.0635316317278
2554.750571910722
1633.4587014717763
2656.845058566417
2969.8990278336546
-871.2121212121214
1221.4285714285752
-1553.0303030303032
3750.0
3750.0
3750.0
-2878.787878787879
-1264.855961762046
-2222.887509814662
-3302.5998740200184
3750.0
3750.0
3750.0
3750.0
3750.0
3750.0
3750.0
-3750.0
-3750.0
-3750.0
-3750.0
-3750.0
3750.0
3750.0
3750.0
3750.0
3750.0
3750.0
3750.0
3750.0
-3750.0
-3750.0
-3750.0
-3750.0
3750.0
3750.0
3750.0
3750.0
3750.0
3750.0
3750.0
3750.0
3750.0
3750.0
3750.0
-3750.0
-3750.0
-3750.0
-3750.0
-3750.0
-3750.0
3750.0
3750.0
3750.0
3750.0
3750.0
3750.0
3750.0
3750.0
3750.0
3750.0
-3750.0
-3750.0
-3750.0
-3750.0
-3750.0
3750.0
3750.0
3750.0
3750.0
3750.0
3750.0
3750.0
3750.0
3750.0
3750.0
-3645.583996873628
-3750.0
-3607.4931494454104
-3198.9119046874566
826.0275157086071
2791.7720815714965
3750.0
3750.0
3750.0
3750.0
3750.0
3750.0
3750.0
0.0
0.0
0.0
3750.0
3750.0
3750.0
0.0
0.0
0.0
0.0
0.0
0.0
-530.3030303030304
1080.9283727399143
287.3062555598824
-1450.6056882225703
-1864.5879233925125
-2326.6157185932952
3750.0
3750.0
3750.0
3750.0
3750.0
3750.0
-3750.0
-3750.0
-3750.0
3750.0
3750.0
3750.0
3750.0
3750.0
3750.0
3750.0
-3750.0
-3750.0
-3750.0
-3750.0
3750.0
3750.0
3750.0
3750.0
3750.0
3750.0
-3750.0
-3750.0
-3750.0
-3750.0
-3750.0
3750.0
3750.0
3750.0
3750.0
3750.0
3750.0
3750.0
3750.0
3750.0
-3750.0
3750.0
3750.0
3750.0
3750.0
3750.0
3750.0
3750.0
-3750.0
-3750.0
-3750.0
-3750.0