Demand
3750.0
3750.0
3750.0
3750.0
3750.0
3750.0
3750.0
3750.0
3750.0
3750.0
3750.0
3750.0
3750.0
3750.0
3750.0
3750.0
3750.0
3750.0
3750.0
3750.0
3750.0
-3750.0
1055.4841505128334
3750.0
3750.0
941.0012208794644
-1179.8438252387793
2179.009910853095
2832.5934277309834
3024.812726215828
2768.2295319585373
-10.200626690057561
1191.4657792087528
3232.9330280640893
1413.95764600867
2374.3195654488954
0.0
0.0
3750.0
0.0
-1325.757575757576
-841.4127423822736
-841.1648163765121
-461.07980779046943
3750.0
-2840.9090909090914
-2333.7155963302766
-2947.7860461512973
-3056.626254448811
-3175.893764716795
-3462.9770216908255
-3750.0
-3750.0
3750.0
3750.0
3750.0
3750.0
3750.0
3750.0
3750.0
3750.0
3750.0
3750.0
-3750.0
-3750.0
-3750.0
-3750.0
3750.0
3750.0
3750.0
3750.0
3750.0
3750.0
3750.0
-3750.0
-3750.0
-3750.0
3750.0
3750.0
3750.0
3750.0
3750.0
3750.0
-458.9234049033048
-2000.122629858378
-445.63363810745614
321.1013724591164
-96.17974442722834
-311.59819491921553
-864.7737409542724
-1705.3304163059947
456.0856612956534
3750.0
3750.0
299.3685264238334
3750.0
3750.0
-2774.92668621701
-1515.7740206510628
3750.0
3750.0
3750.0
3750.0
3750.0
0.0
0.0
3750.0
3750.0
3750.0
3750.0
2630.219129404798
-1628.787878787879
1823.0769230769213
-2159.0909090909095
-1438.3561643835617
-1856.484641638226
-1250.2647223094198
3750.0
-894.1102055825038
3750.0
-3573.362925954315
-3750.0
-3750.0
-3750.0
-3750.0
-3750.0
-3750.0
3750.0
3750.0
3750.0
3750.0
3750.0
3750.0
3750.0
3750.0
3750.0
-3750.0
3750.0
-3750.0
-3750.0
-3750.0
3750.0
3750.0
3750.0
3750.0
3750.0
3750.0
3750.0
3750.0
-3311.500020701106
-2276.4387565193356
-114.05963863306852
99.19079596261645
604.0308337420365
3750.0
3750.0
2355.073217240193
719.803449442714
-563.4244616524609
-546.4015126703316
330.8591042643882
3750.0
-2533.9913528273983
-2941.0518896526437
-2625.354317438115
3750.0
3750.0
3750.0
-3750.0
-3750.0
-3750.0
-3750.0
-3750.0
-3750.0
3750.0
3750.0
3750.0
3750.0
3750.0
3750.0
3750.0
-3750.0
3750.0
3750.0
3750.0
-3750.0
-3750.0
-3750.0
-3750.0
3750.0
3750.0
3750.0
3750.0
3750.0
3750.0
-3750.0
-3651.8595041322315
-3750.0
-3750.0
-3750.0
-3750.0
3750.0
3750.0
3750.0
3750.0
3750.0
3750.0
3750.0
-3750.0
3750.0
3750.0
3750.0
3750.0
3750.0
-3750.0
-3750.0
-3750.0
3750.0
3750.0
3750.0
3750.0
3750.0
3750.0
3750.0
-3750.0
-3408.8767712738354
-3750.0
-2353.956033716202
3750.0
3750.0
3750.0
3750.0
3750.0
3750.0
3750.0
3750.0
3750.0
-3281.763417305586
3750.0
-1741.4950222530415
-1103.1233120049612
-327.7142656330875
361.9675337345361
1010.0063202529532
1743.833060269447
2425.8917330327013
2478.992116610704
-1325.757575757576
2316.4819944598307
0.0
0.0
0.0
0.0
3750.0
3750.0
3750.0
3750.0
3750.0
3750.0
3750.0
3750.0
3750.0
0.0
0.0
0.0
3750.0
-492.4242424242425
200.08605851979314
405.7021804168671
-1515.1515151515152
-423.1517509727619
-276.56684775407575
3282.2743652188083
-1818.1818181818182
2638.1589117328813
2999.783728920058
1733.7477350338916
-1250.0000000000002
3750.0
-1628.787878787879
-688.2677040957387
-1528.5249978272532
-2579.056810319983
-2677.3555923180047
-3263.0438855402435
-3601.121185785558
-3541.708541769477
-3750.0
3750.0
3750.0
3750.0
3750.0
3750.0
3750.0
3750.0
3750.0
3750.0
-3750.0
-3750.0
3750.0
3750.0
3750.0
3750.0
3750.0
3750.0
-3650.349650349651
-3750.0
-3750.0
-3750.0
-3750.0
-3750.0
3750.0
3750.0
3750.0
3750.0
3750.0
3750.0
3750.0
3750.0
3750.0
3750.0
-3750.0
-3340.046029919449
3750.0
3750.0
3750.0
3750.0
3750.0
-3750.0
-3750.0
-3750.0
-3750.0
-3750.0
-3750.0
3750.0
3750.0
3750.0
3750.0
3750.0
3750.0
3750.0
-3750.0
-3750.0
-3750.0
3750.0
3750.0
3750.0
3750.0
3750.0
3750.0
3750.0
3750.0
3750.0
3750.0
3750.0
3750.0
-3750.0
-3750.0
-3750.0
-3750.0
-3750.0
-3750.0
3750.0
3750.0
3750.0
3750.0
3750.0
3750.0
3750.0
3750.0
3750.0
-3750.0
-3750.0
-3750.0
-3750.0
3750.0
3750.0
3750.0
3750.0
3750.0
3750.0
-3750.0
-3750.0
-3750.0
-3750.0
-3750.0
-3750.0
3750.0
3750.0
3750.0
3750.0
3750.0
3750.0
3750.0
3750.0
3750.0
3750.0
-3750.0
-3750.0
-3750.0
-3750.0
3750.0
3750.0
3750.0
3750.0
3750.0
-3750.0
-3750.0
-3750.0
-3750.0
-3750.0
3750.0
3750.0
3750.0
3750.0
3750.0
3750.0
3750.0
-3750.0
3750.0
3750.0
-3750.0
-3750.0
-3750.0
-3750.0
-3750.0
-3750.0
3750.0
3750.0
3750.0
3750.0
3750.0
3750.0
3750.0
3750.0
-3750.0
-3750.0
-3750.0
-3750.0
-3750.0
3750.0
3750.0
3750.0
3750.0
3750.0
3750.0
3750.0
-3750.0
-3750.0
-3750.0
-3750.0
3750.0
3750.0
3750.0
3750.0
3750.0
3750.0
3750.0
3750.0
3750.0
-3445.5453477192614
-2901.376806635919
-2878.7648115948095
-2923.8050754047026
103.0003147070197
3750.0
3750.0
3750.0
3750.0
0.0
0.0
3750.0
3750.0
3750.0
3750.0
3750.0
0.0
0.0
-1553.0303030303032
-1024.2290748898683
-1097.240318615929
-149.8777400541021
1042.0144301477403
3750.0
-2500.0000000000005
-755.7890222984568
-1023.1347114631274
-726.8064083601021
-217.9015955669529
891.4280056461332
2467.121237462747
3725.4251949741465
3750.0
0.0
0.0
-113.63636363636364
-688.7755102040808
-186.98060941827998
366.35348187795717
3750.0
357.5388026607543
711.9070569909834
2824.644879911614
3603.9496801262603
3750.0
-189.3939393939394
3750.0
0.0
0.0
0.0
3750.0
3750.0
3089.999999999999
-1856.0606060606062
832.1325648414988
3500.851311393167
-1136.3636363636365
2771.739130434772
-1628.787878787879
3750.0
3750.0
2945.1856148491697
1214.7615374004201
3750.0
-3068.1818181818185
-1865.8322429584744
-2008.9432310152997
-1971.8642879599274
-2239.990160013138
-1424.0599163724
3750.0
3750.0
3750.0
-449.8417210130374
3750.0
3750.0
3750.0
3750.0
3750.0
3750.0
3750.0
3750.0
3750.0
-3750.0
3750.0
3750.0
-3750.0
-3750.0
3750.0
3750.0
3750.0
3750.0
3750.0
3750.0
-3750.0
-3542.0875420875427
-3508.5136112649725
-3303.0545603506735
-3545.950696530106
-3750.0
3750.0
3750.0
3750.0
3750.0
3750.0
3750.0
3750.0
3750.0
3750.0
-2801.643817383204
-909.6367120250761
-1931.319603581991
207.927528997865
1799.6600414570953
1690.825061969171
2228.7422624062683
2870.514421474901
2459.2191496184078
1868.0573390352647
3750.0
-306.38665132335973
1208.373148081002
688.6504487545187
1677.0052798706527
-568.1818181818182
2313.8297872340454
-1553.0303030303032
3750.0
-1439.3939393939395
2441.9130959565464
-7.0371681099140915
-1413.8234895506366
-2068.276852230034
-2813.458572373208
-3559.218026994221
-3750.0
3750.0
3750.0
3750.0
3750.0
3750.0
3750.0
-3750.0
-3750.0
-3750.0
-3750.0
3750.0
3750.0
3750.0
3750.0
3750.0
3750.0
-3750.0
-3750.0
-3750.0
-3750.0
3750.0
3750.0
3750.0
3750.0
-3750.0
-3750.0
-3750.0
-3750.0
-3750.0
-3750.0
3750.0
3750.0
3750.0
3750.0
3750.0
3750.0
3750.0
3750.0
3750.0
-3750.0
-3750.0
3051.1363636363803
-3750.0
3750.0
3750.0
3750.0
3750.0
3750.0
3750.0
-3750.0
-3750.0
-3750.0
-3750.0
3750.0
3750.0
3750.0
3750.0
3750.0
3750.0
3750.0
3750.0
-3292.780748663102
-3425.980996235272
-2611.894463399767
-3466.406953762843
-3642.9710999197287
-3750.0
-3582.484565230926
-2953.202441739043
3750.0
3750.0
3750.0
3750.0
3750.0
3750.0
3750.0
3750.0
0.0
3750.0
0.0
0.0
0.0
0.0
0.0
0.0
0.0
0.0
3750.0
3750.0
3750.0
3750.0
-595.1463790446833
-1054.8250483773745
-2185.3553412443325
-2433.9343692916964
-2464.1608917541607
3750.0
3750.0
3750.0
-3750.0
-3750.0
-3750.0
3750.0
3750.0
3750.0
3750.0
3750.0
-3750.0
-3750.0
-3750.0
-3750.0
-3750.0
-3750.0
-3750.0
3750.0
3750.0
3750.0
3750.0
3750.0
3750.0
3750.0
3750.0
3750.0
-3750.0
-3750.0
3750.0
3750.0
3750.0
3750.0
-3750.0
-3750.0
-3750.0
-3750.0
3750.0
3750.0
3750.0
3750.0
3750.0
3750.0
3750.0
3750.0
-3750.0
-3750.0
-3750.0
-3750.0
-3750.0
-3750.0
3750.0