Demand
3750.0
3750.0
3750.0
3750.0
3750.0
3750.0
3750.0
3750.0
3750.0
3750.0
-3309.369202226346
-3634.3535724932926
3750.0
-618.1683949510887
3750.0
536.4331609515402
3750.0
-3750.0
-3750.0
-3750.0
-3750.0
-3750.0
3750.0
3750.0
3750.0
3750.0
267.5489067894107
3750.0
3750.0
3750.0
3278.0001752406824
-573.9693554767794
2156.488748005716
-1401.5151515151515
3750.0
3750.0
3750.0
0.0
3750.0
3750.0
3236.7211440245146
-457.72057187443465
-516.0738634086918
-406.221721253082
1539.1770969003073
3750.0
-3106.0606060606065
3750.0
3750.0
3750.0
-3568.3266932270926
-3750.0
-3750.0
-3750.0
-3750.0
-3750.0
3750.0
3750.0
3750.0
3750.0
3750.0
3750.0
3750.0
-3750.0
-3750.0
-3750.0
-3750.0
-3750.0
3750.0
3750.0
3750.0
3750.0
3750.0
3750.0
3750.0
3750.0
3750.0
3750.0
-3750.0
-3750.0
-2618.4541559516474
-2886.6000445204636
2449.6179844126427
3750.0
148.4919335667255
3750.0
3750.0
2691.0628747549727
1617.8438406059574
783.9719415241859
830.6902265311455
3750.0
3750.0
3750.0
-3416.6926555434275
-3611.068787252995
-2926.728105433579
-561.3934682813481
3750.0
3750.0
3750.0
3750.0
3750.0
3750.0
0.0
3750.0
0.0
0.0
0.0
0.0
-568.1818181818182
659.4488188976391
-1136.3636363636365
-2.2737367544323206E-12
-815.2173913043523
3750.0
-2108.962200243871
-2503.3940954902864
-2827.637876376886
-3482.144932416897
-3407.0192631146283
-3750.0
-3750.0
3750.0
3750.0
3750.0
3750.0
3750.0
3750.0
3750.0
3750.0
3750.0
-3017.826056676523
-3139.6350088938116
-3177.767167804519
-3321.1314719746197
-3750.0
-3750.0
-3750.0
-3750.0
3750.0
3750.0
3750.0
3750.0
3750.0
3750.0
3750.0
3750.0
-2894.6923035531745
-3208.6313209424943
-1760.7308349007008
1697.0785911932935
1851.3492893738155
2326.949295648531
3750.0
3750.0
2849.504144390283
344.33203937623193
-2234.848484848485
3750.0
-771.9435736677124
-1581.5000649681667
-2089.8530434933873
-2768.29875125298
-2882.468781247232
-3012.33709356868
-3471.016507984248
-3750.0
3750.0
3750.0
3750.0
3750.0
3750.0
3750.0
3750.0
3750.0
3750.0
-3750.0
-3750.0
-3750.0
3750.0
3750.0
3750.0
3750.0
3750.0
3750.0
-3750.0
3750.0
3750.0
3750.0
3750.0
3750.0
-3750.0
-3750.0
-3750.0
-3750.0
-3471.4076246334325
-3750.0
3750.0
3750.0
3750.0
3750.0
3750.0
3750.0
3750.0
-3750.0
-3750.0
-3750.0
-3750.0
-3750.0
3750.0
3750.0
3750.0
3750.0
3750.0
3750.0
3750.0
-3750.0
-3750.0
-3750.0
3750.0
3750.0
3750.0
3750.0
3750.0
3750.0
3750.0
-3542.727272727274
-3206.5489797830796
-2418.4189310506945
-3750.0
3750.0
3750.0
3750.0
3750.0
3750.0
-3750.0
-3471.9508999375958
-3303.595619494945
-164.4876061621776
1691.9742584759413
3411.6652746345444
3230.224128422896
2694.1374444803614
2220.2132482169236
-1212.1212121212122
3750.0
3296.098377543135
3536.3713242488866
3750.0
0.0
0.0
0.0
0.0
0.0
0.0
0.0
3750.0
3750.0
1982.856971298186
3750.0
0.0
0.0
0.0
0.0
3750.0
-492.4242424242425
178.11296534017902
390.48629221403826
-1515.1515151515152
-618.1318681318683
-747.1854679563903
119.55530252862354
2364.527140434843
1163.2889871202203
-1098.4848484848485
2007.134728179987
1386.5891278908869
-984.848484848485
606.8464730290452
-1145.0670195830944
-1834.5739800541096
-2707.571892855809
-2712.8428697904174
-3180.2195045752987
-3376.4078811661702
3750.0
3750.0
3750.0
3750.0
-3750.0
-3750.0
-3750.0
-3750.0
-3750.0
-3750.0
-3750.0
3750.0
3750.0
3750.0
3750.0
3750.0
3750.0
3750.0
3750.0
-3648.4526112185704
-3750.0
-3750.0
3750.0
3750.0
3750.0
3750.0
3750.0
-3750.0
-3750.0
-3750.0
3750.0
3750.0
3750.0
3750.0
3750.0
3750.0
3750.0
-3115.779279650541
-3094.007604257259
-3180.669196743356
-2789.1894021644466
3750.0
3750.0
3750.0
3750.0
3750.0
3750.0
-3750.0
-3750.0
-3750.0
-3750.0
-3750.0
-3750.0
-3750.0
3750.0
3750.0
3750.0
3750.0
3750.0
3750.0
3750.0
3750.0
3750.0
3750.0
-3750.0
-3750.0
-3750.0
-3750.0
-3750.0
3750.0
3750.0
3750.0
3750.0
3750.0
3750.0
-3750.0
-3750.0
3750.0
3750.0
3750.0
3750.0
3750.0
3750.0
3750.0
-3750.0
3750.0
3750.0
-3750.0
-3750.0
-3750.0
-3750.0
3750.0
3750.0
3750.0
3750.0
3750.0
3750.0
-3750.0
-3750.0
-3750.0
-3750.0
-3750.0
-3750.0
3750.0
3750.0
3750.0
3750.0
3750.0
3750.0
3750.0
3750.0
3750.0
3750.0
3750.0
-3750.0
-3750.0
-3750.0
-3750.0
3750.0
3750.0
3750.0
3750.0
3750.0
3750.0
-3750.0
-3750.0
-3750.0
-3750.0
-3750.0
3750.0
3750.0
3750.0
3750.0
3750.0
3750.0
3750.0
3750.0
3750.0
3750.0
-3750.0
-3750.0
-3750.0
-3750.0
-3750.0
3750.0
3750.0
3750.0
3750.0
3750.0
3750.0
3750.0
3750.0
-3750.0
-3750.0
-3750.0
-3750.0
3750.0
3750.0
3750.0
3750.0
3750.0
3750.0
-3750.0
-3750.0
-3750.0
3750.0
3750.0
3750.0
3750.0
3750.0
-3750.0
-3567.8622783192213
-3750.0
3750.0
3750.0
3750.0
3750.0
3750.0
3750.0
3750.0
2271.7791743417492
-265.1515151515152
3750.0
0.0
0.0
0.0
3750.0
3750.0
3750.0
3750.0
0.0
0.0
-1553.0303030303032
-1064.6473779385176
-1196.5435909629389
-499.1189261244856
58.81509253937293
1502.0679098240926
3750.0
-2424.2424242424245
-1051.4660965180212
-769.3204214308671
-281.76215122189524
791.9764289703098
2341.9680695636703
3654.1284581198897
3750.0
0.0
0.0
-113.63636363636364
-696.5648854961835
-321.2505193186553
-181.32596300592877
795.9725186121495
3750.0
-575.3918495297803
887.4728461977836
1881.4021365150436
-303.03030303030306
3435.7304643261614
0.0
0.0
0.0
0.0
0.0
0.0
-416.6666666666667
511.3636363636424
-1742.4242424242427
3750.0
2263.2360650008745
1044.2853418713303
520.5527968450019
-1666.6666666666667
-1082.0158102766784
-521.2305025996548
3750.0
-2916.6666666666665
-1887.5254138832406
-1502.7077943855493
154.22197706275392
3750.0
3750.0
3750.0
-3323.3021918792683
-3193.230736562269
-3235.882430995429
-3514.3360262004326
-3605.774505921042
-3750.0
-3750.0
3750.0
3750.0
3750.0
3750.0
3750.0
3750.0
3750.0
3750.0
3750.0
3750.0
3750.0
3750.0
-3750.0
-3750.0
-3750.0
-3750.0
-3750.0
-3750.0
1232.5174825174927
3750.0
3750.0
3750.0
3750.0
3750.0
3750.0
3750.0
3750.0
3750.0
3750.0
3750.0
3750.0
101.35135135135238
3750.0
3750.0
3750.0
181.7297488503698
1531.5988583570734
1435.6214699897475
1862.8862521816172
2613.5552433599532
2930.693565586883
2430.890928930543
2017.7565002000217
2488.4439221396315
-1515.1515151515152
1057.2991208341853
2154.3676024202177
2941.4380426715134
-871.2121212121214
858.0508474576284
647.798102255445
-1439.3939393939395
1874.9999999999968
-2310.606060606061
3750.0
-2407.2287534775196
-3006.940257815584
-3597.2751580912245
-3750.0
3750.0
3750.0
3750.0
3750.0
-3750.0
-3750.0
-3750.0
3750.0
3750.0
3750.0
3750.0
3750.0
3750.0
3750.0
-3750.0
-3750.0
-3750.0
-3750.0
-3750.0
3750.0
3750.0
3750.0
3750.0
3750.0
3750.0
3750.0
3750.0
3750.0
-3750.0
-3750.0
-3750.0
-3750.0
3750.0
3750.0
3750.0
3750.0
3750.0
3750.0
-3750.0
-3750.0
-3750.0
-2697.8541762805726
-3750.0
3750.0
3750.0
3750.0
3750.0
3750.0
3750.0
3750.0
-3750.0
-3750.0
-3750.0
-3750.0
-3750.0
-3750.0
-3750.0
3750.0
3750.0
3750.0
3750.0
3750.0
3750.0
3750.0
3750.0
3750.0
3750.0
-3654.2177785246186
-3176.6988971618057
3750.0
3750.0
3750.0
991.7809130839883
2078.4868808256706
3750.0
3750.0
0.0
0.0
0.0
0.0
0.0
0.0
0.0
3750.0
3750.0
0.0
0.0
0.0
0.0
0.0
-530.3030303030304
-687.1727748691119
-1031.568751482564
-1910.5079278796395
3750.0
3750.0
-3046.585767174004
-3259.5787290236594
3750.0
3750.0
3750.0
3750.0
3750.0
-3750.0
-3750.0
-3750.0
-3750.0
-3750.0
-3750.0
3750.0
3750.0
3750.0
3750.0
3750.0
3750.0
3750.0
3750.0
3750.0
-3750.0
-3750.0
-3750.0
-3750.0
-3750.0
-3750.0
3750.0
3750.0
3750.0
3750.0
3750.0
3750.0
3750.0
3750.0
3750.0
3750.0
3750.0
-3750.0
-3750.0
-3750.0
3750.0
3750.0
3750.0
3750.0
3750.0
-3750.0
-3750.0
-3750.0
3750.0
3750.0