Demand
-3750.0
-3750.0
-3750.0
3750.0
3750.0
3750.0
3750.0
3750.0
3750.0
3750.0
3750.0
-3663.2231404958675
3750.0
-2152.825081561683
-1347.4316511156348
-2921.138067521242
-3750.0
-3750.0
-3750.0
3750.0
3750.0
3750.0
3750.0
3750.0
3750.0
3750.0
-1515.8932981106082
1227.785819540087
1936.7125945771415
2358.6262225138626
2393.5694304431727
-91.80311459348741
973.6247804430002
2961.007157056617
1757.6466903121004
3085.961331774057
0.0
0.0
0.0
0.0
3630.631238198008
-1014.9687042595249
-235.72583742004554
3750.0
-907.4154379878582
-444.6431351057472
-1104.966713428613
-1983.3360548617181
-1368.2880693857153
3750.0
160.73688922512656
3750.0
3750.0
3750.0
3750.0
3750.0
-3750.0
-3750.0
-3329.240247572541
-2777.0307010461274
-3750.0
-2938.507499955811
-3750.0
3750.0
3750.0
3750.0
3750.0
3750.0
3750.0
3750.0
3750.0
3750.0
-3750.0
-3750.0
-3750.0
-3750.0
3750.0
3750.0
3750.0
3750.0
3750.0
3750.0
3750.0
3750.0
-520.3349282296683
3104.7413793103397
3744.0586086310773
1899.6395050718693
1328.965147715814
528.2178601220892
-93.55480064305038
3750.0
3750.0
3750.0
3750.0
-3663.3475220431746
-3371.5719879930957
-3015.8224478647453
-2446.052623446514
757.3296807859367
3750.0
3750.0
3750.0
3750.0
3750.0
3750.0
0.0
0.0
0.0
0.0
-568.1818181818182
3750.0
1494.7992074982847
-2159.0909090909095
-1601.4588859416447
-2166.2211055276393
-2220.3669557095936
-2551.625458529772
-2807.9972424378693
-3437.8915486806172
-3136.340698352562
3750.0
3750.0
3750.0
3750.0
3750.0
3750.0
3750.0
3750.0
3750.0
3750.0
3750.0
-2959.731750400526
-3084.2835164211665
-3116.64219639756
-3265.066068347296
-3750.0
-3750.0
-3750.0
3750.0
3750.0
3750.0
3750.0
3750.0
3750.0
3750.0
3750.0
3750.0
-2362.0129870129886
-2597.1444846203403
3750.0
3750.0
3750.0
3750.0
3750.0
3750.0
-1287.878787878788
1623.8920225624488
147.75921411582067
-165.24470311108826
-647.1764598601003
-1422.6450612979786
-1845.2489248378515
-2456.8492323481105
-2072.223710648427
3750.0
404.78564047453347
3750.0
3750.0
3750.0
3750.0
-3750.0
-3750.0
-3750.0
-3750.0
-3750.0
-3750.0
3750.0
3750.0
3750.0
3750.0
3750.0
3750.0
3750.0
3750.0
-3750.0
-3750.0
-3750.0
3750.0
3750.0
3750.0
3750.0
3750.0
-3750.0
-3750.0
-3750.0
-3542.542866386283
-3750.0
3750.0
3750.0
3750.0
3750.0
3750.0
3750.0
3750.0
3750.0
-3750.0
-3750.0
3750.0
3750.0
3750.0
3750.0
3750.0
-3750.0
-3750.0
-3750.0
-3750.0
-3750.0
3750.0
3750.0
3750.0
3750.0
3750.0
3750.0
-3750.0
-3501.173196551349
-3750.0
-2780.5086591503923
3750.0
3750.0
3750.0
3750.0
3750.0
3750.0
-3750.0
-3750.0
-3750.0
-3069.508312698975
-1708.21014100114
3750.0
3750.0
3750.0
3750.0
3750.0
3750.0
3750.0
3750.0
3139.952153110047
3419.8113207547167
3750.0
0.0
0.0
0.0
0.0
0.0
0.0
0.0
3750.0
-795.4545454545455
1403.8461538461538
0.0
0.0
0.0
0.0
0.0
0.0
-492.4242424242425
200.08605851979314
405.7021804168671
-1515.1515151515152
-423.1517509727619
-276.56684775407575
3282.2743652188083
-1818.1818181818182
995.908699397072
1899.9473203843681
1792.846065575768
-1250.0000000000002
1938.3116883116882
-1628.787878787879
-1057.2861668426615
-1774.6013831678963
-2682.1280914578183
-2709.2212726003054
-3210.9270095397596
-3500.229909067226
3750.0
3750.0
3750.0
3750.0
3750.0
-3750.0
-3750.0
-3750.0
-3750.0
-3750.0
-3750.0
3750.0
3750.0
3750.0
3750.0
3750.0
3750.0
3750.0
3750.0
3750.0
-3750.0
-3750.0
-3750.0
-3750.0
-3750.0
-3750.0
-3750.0
-3750.0
3750.0
3750.0
3750.0
3750.0
3750.0
3750.0
3750.0
3750.0
3750.0
-3198.140608708605
-3236.665696291412
-3392.43081777884
-3452.1525858764417
-3750.0
-3750.0
3750.0
3750.0
3750.0
3750.0
3750.0
3750.0
3750.0
3750.0
-3750.0
-3750.0
-3750.0
-3750.0
3750.0
3750.0
3750.0
3750.0
3750.0
3750.0
3750.0
-3750.0
-3750.0
-3750.0
3750.0
3750.0
3750.0
3750.0
3750.0
-3750.0
-3750.0
-3750.0
-3750.0
-3750.0
3750.0
3750.0
3750.0
3750.0
3750.0
3750.0
3750.0
3750.0
3750.0
3750.0
3750.0
-3750.0
-3750.0
-3750.0
-3750.0
-3750.0
3750.0
3750.0
3750.0
3750.0
3750.0
3750.0
3750.0
3750.0
3750.0
3750.0
-3750.0
-3750.0
-3750.0
-3750.0
-3750.0
3750.0
3750.0
3750.0
3750.0
3750.0
3750.0
3750.0
3750.0
3750.0
3750.0
-3750.0
-3750.0
-3750.0
3750.0
3750.0
3750.0
3750.0
3750.0
3750.0
3750.0
3750.0
-3750.0
-3750.0
-3750.0
-3750.0
-3750.0
-3750.0
-3750.0
3750.0
3750.0
3750.0
3750.0
3750.0
3750.0
3750.0
3750.0
-3750.0
-3750.0
3750.0
3750.0
3750.0
3750.0
3750.0
-3750.0
-3750.0
-3750.0
-3750.0
-3750.0
-3750.0
-3750.0
3750.0
3750.0
3750.0
3750.0
3750.0
3750.0
3750.0
3750.0
-3750.0
-3750.0
3750.0
3750.0
3750.0
-3750.0
3750.0
3750.0
3750.0
3750.0
3750.0
3750.0
-2725.98950610243
-2842.270512604542
-167.6937319121157
3750.0
3750.0
3750.0
3750.0
3750.0
3750.0
3750.0
0.0
0.0
0.0
0.0
0.0
3750.0
1041.859925788497
-1064.3476184083593
-1318.9768647910541
-951.8991423549512
-924.4684023400271
-871.7810622545148
-373.55950298629887
62.24544427573551
-161.24374339409815
489.91467827156885
1502.167550736773
3133.6272768193126
3750.0
2693.5167064975685
0.0
0.0
3750.0
3750.0
3750.0
3750.0
3750.0
3750.0
3750.0
-2196.969696969697
3750.0
3750.0
3750.0
3750.0
3750.0
3750.0
0.0
0.0
0.0
0.0
-416.6666666666667
183.56643356643508
393.945469125905
-454.54545454545456
3750.0
2837.057010785823
1877.606132115743
1482.63090118057
-1026.9183663707136
-927.9386374041142
-585.3782797007116
2974.721106613443
969.4044383970759
3750.0
-2395.5032902754083
-2456.4324061440057
-2773.616160986442
-2641.8527788131005
-2225.0672836620397
3750.0
2020.9746394836268
3750.0
3750.0
3750.0
3750.0
3750.0
3750.0
3750.0
3750.0
-3750.0
-3750.0
-3750.0
-3750.0
-3750.0
3750.0
3750.0
3750.0
3750.0
3750.0
3750.0
-3750.0
-3750.0
-3750.0
3750.0
3750.0
3750.0
3750.0
3750.0
3750.0
3750.0
3750.0
-3750.0
-3750.0
-3750.0
-1317.8558729406186
141.8816075508746
-1447.7484223149104
1070.8970770856497
3750.0
3750.0
3750.0
3750.0
-2651.515151515152
3750.0
3750.0
3750.0
-952.9370070153755
-815.244113722991
-346.76640054532095
1098.8157783640363
676.304630677663
1732.1312927218833
2615.7497154833145
-871.2121212121214
794.7761194029861
658.9171717579193
-1439.3939393939395
1277.9329608938529
-829.2938931297729
-1742.366002437835
440.6294737406804
3750.0
-3649.6967892143603
-3750.0
-3750.0
-3750.0
-3750.0
3750.0
3750.0
3750.0
3750.0
3750.0
3750.0
3750.0
3750.0
3750.0
3750.0
3750.0
3750.0
3750.0
3750.0
3750.0
3750.0
-3750.0
-3750.0
-3750.0
-3750.0
-3750.0
3750.0
3750.0
3750.0
3750.0
3750.0
3750.0
3750.0
3750.0
3750.0
-3750.0
-3750.0
-3750.0
-3750.0
3750.0
3750.0
3750.0
3750.0
3750.0
3750.0
3750.0
3750.0
-3750.0
-3750.0
-3750.0
-3750.0
-3750.0
3750.0
3750.0
3750.0
3750.0
3750.0
3750.0
3750.0
-3750.0
-3131.3314037626633
-2901.087250233206
-2683.0458874016867
-2431.4007883422228
-1837.9196132422455
3750.0
3750.0
3750.0
3750.0
3750.0
3750.0
3750.0
-1282.4675324675336
-431.28544423440667
3750.0
3750.0
3750.0
3750.0
3750.0
3750.0
0.0
0.0
0.0
0.0
0.0
3750.0
0.0
0.0
0.0
0.0
0.0
0.0
-530.3030303030304
-709.4594594594607
-1107.3394836693697
-2122.5932476819153
-1687.5011901287553
3750.0
3750.0
-3660.3491664045305
-3750.0
-3750.0
-3750.0
-3750.0
-3750.0
-3750.0
3750.0
3750.0
3750.0
3750.0
3750.0
3750.0
3750.0
3750.0
3750.0
3750.0
-3750.0
-3750.0
-3750.0
-3750.0
-3750.0
-3750.0
-3750.0
3750.0
3750.0
3750.0
3750.0
3750.0
3750.0
3750.0
3750.0
3750.0
-3750.0
-3750.0
-3750.0
-2916.910260157849
-3193.9127119010345
-3750.0
3750.0
3750.0
3750.0
3750.0
3750.0
3750.0
3750.0
3750.0
-3750.0
-3750.0
-3750.0
-3750.0