Demand
3750.0
3750.0
3750.0
3750.0
3750.0
3750.0
3750.0
3750.0
3750.0
3750.0
3750.0
3750.0
3750.0
3750.0
3750.0
3750.0
3750.0
3750.0
3750.0
3750.0
3750.0
3750.0
3750.0
3750.0
3750.0
3750.0
3750.0
3750.0
3750.0
3750.0
3750.0
3750.0
-23.026593008692544
1584.9750439595828
1006.8559091870775
2432.737428519763
0.0
0.0
0.0
0.0
-1325.757575757576
3750.0
3750.0
3750.0
3750.0
568.1818181818144
-172.46835443038026
-974.5164630613517
3750.0
3327.713520889105
729.8755120872111
3750.0
3750.0
3750.0
-3750.0
-3750.0
-3750.0
-3750.0
-3220.161740100393
-2337.1207129026043
-3750.0
3750.0
-3750.0
3750.0
3750.0
3750.0
3750.0
3750.0
3750.0
-3750.0
-3750.0
-3750.0
-3750.0
-3750.0
-3750.0
3750.0
3750.0
3750.0
3750.0
3750.0
3750.0
3750.0
3750.0
3750.0
-555.7285180572899
3750.0
-681.8181818181829
-977.427597955708
-1121.2445956455558
-1501.765229108966
-2057.2448303845576
2194.205380035086
3750.0
3750.0
-3636.3636363636365
-3597.2668810289397
-2841.1685390954253
-337.5280981648957
3750.0
3750.0
3750.0
3750.0
3750.0
3750.0
3750.0
0.0
3750.0
3750.0
0.0
0.0
-568.1818181818182
574.3243243243251
-1136.3636363636365
-398.9361702127678
-1522.1207865168547
-1942.1067170445267
-1431.99349352637
2631.2022185958613
3750.0
3750.0
-3589.2957834722147
-3750.0
-3750.0
-3750.0
-3750.0
3750.0
3750.0
3750.0
3750.0
3750.0
-3750.0
-3750.0
-2619.5071170524716
-2648.4209057380695
-2365.4453056239736
-1619.3968841992835
3750.0
3750.0
3750.0
3750.0
3750.0
3750.0
3750.0
-3750.0
-3750.0
-3750.0
3750.0
3750.0
3750.0
3750.0
-1765.4738878143135
1342.0720767516204
1503.825022505168
1987.1986974821612
3750.0
3750.0
3750.0
1794.1724904213252
76.3533257104707
-10.91014205243846
84.93649021357282
3750.0
-3181.818181818182
-2499.3143170597914
-2310.378912967926
-689.4819491551891
3750.0
3750.0
3750.0
3750.0
3750.0
3750.0
-3750.0
-3750.0
-3750.0
-3750.0
-3750.0
-3750.0
3750.0
3750.0
3750.0
3750.0
3750.0
3750.0
3750.0
-3750.0
-3750.0
-3750.0
-3750.0
-3750.0
-3750.0
-3750.0
3750.0
3750.0
3750.0
3750.0
3750.0
3750.0
3750.0
3750.0
3750.0
-3750.0
-3750.0
-3750.0
-3750.0
-3750.0
3750.0
3750.0
3750.0
3750.0
3750.0
3750.0
3750.0
3750.0
-3750.0
-3750.0
-3750.0
-3750.0
-3750.0
-3750.0
3750.0
3750.0
3750.0
3750.0
3750.0
3750.0
3750.0
-3560.6983128902275
-3328.1338802428872
-3026.629116137554
-3750.0
-3750.0
-3750.0
-3750.0
3750.0
3750.0
3750.0
3750.0
3750.0
3750.0
3750.0
3750.0
3750.0
955.0900003307393
1698.1496444206427
2478.623490994267
2749.8116000767504
1470.7587618599007
1958.3728341658498
0.0
0.0
0.0
0.0
0.0
0.0
0.0
0.0
3750.0
3750.0
-1212.1212121212122
3750.0
0.0
0.0
3750.0
3750.0
3750.0
3644.4086886564755
161.71779130145796
373.43021821649745
-1515.1515151515152
-618.1318681318683
-747.1854679563903
119.55530252862354
2364.527140434843
1163.2889871202203
-1098.4848484848485
3750.0
3750.0
3750.0
2685.4838709677397
-466.0251065541761
-790.6015401551551
3750.0
-3371.2121212121215
-3397.0345397000137
-3645.8813538241784
-3612.209928184243
-3750.0
3750.0
3750.0
3750.0
3750.0
3750.0
3750.0
-3750.0
-3750.0
-3750.0
-3750.0
-3750.0
3750.0
3750.0
3750.0
3750.0
3750.0
3750.0
3750.0
-3750.0
-3750.0
-3750.0
-3750.0
-3750.0
3750.0
3750.0
3750.0
3750.0
3750.0
3750.0
-3201.923076923078
-3222.852621402185
-3574.6832938494717
-3436.922537677092
-3750.0
3750.0
3750.0
3750.0
3750.0
3750.0
3750.0
3750.0
3750.0
3750.0
-3750.0
-3750.0
-3750.0
-3750.0
-3750.0
3750.0
3750.0
3750.0
3750.0
3750.0
3750.0
3750.0
-3750.0
3750.0
3750.0
3750.0
3750.0
3750.0
-3750.0
-3750.0
-3750.0
-3750.0
-3750.0
3750.0
3750.0
3750.0
3750.0
3750.0
3750.0
3750.0
3750.0
3750.0
-3750.0
-3750.0
-3750.0
-3750.0
-3750.0
-3750.0
3750.0
3750.0
3750.0
3750.0
3750.0
3750.0
3750.0
3750.0
3750.0
-3750.0
3750.0
3750.0
-3750.0
-3750.0
-3750.0
-3750.0
-3750.0
3750.0
3750.0
3750.0
3750.0
3750.0
3750.0
3750.0
3750.0
-3750.0
-3750.0
-3750.0
-3750.0
-3750.0
-3750.0
3750.0
3750.0
3750.0
3750.0
3750.0
3750.0
3750.0
3750.0
3750.0
3750.0
-3750.0
-3750.0
-3750.0
-3750.0
3750.0
3750.0
3750.0
3750.0
3750.0
3750.0
-3750.0
-3750.0
-3750.0
-3750.0
-3750.0
3750.0
3750.0
3750.0
3750.0
3750.0
3750.0
3750.0
3750.0
-3750.0
-3750.0
-3750.0
-3750.0
-3750.0
3750.0
3750.0
3750.0
3750.0
3750.0
3750.0
3750.0
-3750.0
-3750.0
-3750.0
-3750.0
3750.0
3750.0
3750.0
3750.0
3750.0
3750.0
3750.0
3750.0
-3651.611047180668
-3750.0
-3490.006420449934
-3105.8572765042254
-1566.811826170061
-908.1805601675189
374.91120225677173
3750.0
3750.0
3750.0
3750.0
3750.0
3750.0
3750.0
3750.0
0.0
3750.0
3750.0
0.0
0.0
0.0
1182.3652277700412
-1022.5442556320495
-1212.3143927006613
-679.3168124690883
-447.6031599899052
-18.6617987340087
1489.6604071659042
2649.731485924809
637.8187867832175
3750.0
417.98418972331797
1907.9521513385807
3439.6358697124815
3405.904347038428
0.0
0.0
0.0
3750.0
512.9217217882663
849.2992443133851
705.4670855935551
739.0032585906358
945.5505870359102
1430.52645522705
3750.0
2464.758010065323
-303.03030303030306
3750.0
3750.0
0.0
0.0
0.0
0.0
0.0
-416.6666666666667
109.34819897084117
332.0577407479184
-454.54545454545456
1697.3684210526317
-1477.2727272727275
3249.9999999999795
-1666.6666666666667
3750.0
3750.0
1871.7838765008755
3750.0
-2085.2083423478016
-2168.554007574604
-2351.1000629268083
-2421.141034763973
-2757.8716239058704
-2653.1723450741474
-2350.922425136967
740.6808699608337
3750.0
3750.0
3750.0
-3750.0
3750.0
3750.0
3750.0
3750.0
-3642.1696215145594
-3750.0
-3750.0
-3750.0
3750.0
3750.0
3750.0
3750.0
3750.0
3750.0
-3750.0
-3750.0
-3750.0
-3750.0
-3750.0
-2132.3064692734442
3750.0
3750.0
3750.0
3750.0
3750.0
3750.0
3750.0
3750.0
3750.0
3750.0
-2030.007663569307
-1141.8226984183993
-2209.008108743167
-1031.7941449940524
3750.0
3750.0
3750.0
3750.0
-1239.8764932172526
-1065.2679289877922
-626.117426933906
23.521688390965437
646.2805314629729
1180.2750059576174
2257.673373964999
3750.0
-1666.6666666666667
3750.0
2829.092008354402
-871.2121212121214
775.3576072821852
660.0431096990226
-1439.3939393939395
1173.413566739605
-819.2438808976005
-1821.5489238291902
-1894.5011095994712
3750.0
3750.0
-3750.0
-3750.0
-3750.0
-3750.0
-3750.0
-3750.0
3750.0
3750.0
3750.0
3750.0
3750.0
3750.0
-3750.0
-3750.0
-3750.0
3750.0
3750.0
3750.0
3750.0
3750.0
-3750.0
-3750.0
-3750.0
-3750.0
3750.0
3750.0
3750.0
3750.0
3750.0
3750.0
-3750.0
-3750.0
-3750.0
-3574.2600422832993
-3750.0
3750.0
3750.0
3750.0
3750.0
3750.0
3750.0
-3750.0
-2958.1077229980056
-3750.0
-3750.0
-3750.0
3750.0
3750.0
3750.0
3750.0
3750.0
3750.0
3750.0
3750.0
3750.0
3750.0
-3750.0
-3750.0
-3750.0
-2028.1933256616821
3750.0
3750.0
2170.4557905116308
3750.0
3750.0
3750.0
3750.0
-3750.0
-3662.1229251246214
-3451.2593636084275
-1752.7088040632434
-1012.1802501646926
169.7375881910641
3750.0
3750.0
3750.0
3750.0
3750.0
0.0
0.0
0.0
3750.0
3750.0
3750.0
0.0
0.0
0.0
0.0
0.0
0.0
0.0
-530.3030303030304
3750.0
3750.0
-1189.2177589852035
3750.0
-1899.3506493506566
3750.0
3750.0
3750.0
3750.0
3750.0
-3750.0
-3750.0
-3750.0
-3750.0
3750.0
3750.0
3750.0
3750.0
3750.0
3750.0
3750.0
-3750.0
-3750.0
3750.0
3750.0
3750.0
3750.0
-3750.0
-3750.0
3750.0
3750.0
3750.0
3750.0
3750.0
-3750.0
-3750.0
-3750.0
-3750.0
3750.0
3750.0
3750.0
3750.0
3750.0
3750.0
3750.0
-3750.0
-3750.0
-3750.0
3750.0
3750.0
3750.0
-3750.0
-3750.0
-3750.0
-3750.0
-3750.0
-3750.0