Demand
3750.0
3750.0
3750.0
3750.0
3750.0
3750.0
3750.0
3750.0
3750.0
3750.0
3750.0
3750.0
3750.0
3750.0
3750.0
3750.0
3750.0
3750.0
3750.0
3750.0
3750.0
3750.0
3750.0
3750.0
3750.0
3750.0
-1835.950022476096
423.5584874033764
1060.6270990358116
1517.6949409994586
1683.4832824650068
-431.3799477109699
495.440287143909
2323.6308360824305
1488.1543128338362
2919.640349985323
0.0
0.0
0.0
0.0
-1325.757575757576
-627.7946700053662
-800.4439825621466
-986.5576021911093
-720.7040032593884
1170.3132948372443
2373.1281893869896
3750.0
-3484.8484848484854
-3136.881013846517
-3444.4859696910953
-3750.0
-3750.0
3750.0
3750.0
3750.0
3750.0
3750.0
3750.0
3750.0
3750.0
-2871.725731895225
-3750.0
3750.0
3750.0
3750.0
3750.0
3750.0
3750.0
-3750.0
3750.0
3750.0
3750.0
-3750.0
-3750.0
-3750.0
-3750.0
-3750.0
-3750.0
3750.0
3750.0
3750.0
3750.0
3750.0
3750.0
3750.0
3750.0
3173.9811912225623
1554.9411037548675
999.9276344284797
3703.7949488497607
194.24291463590816
3750.0
-3204.545454545455
-3197.3253275109173
-3422.1143256687483
3750.0
3750.0
3750.0
3750.0
3750.0
3750.0
3750.0
3750.0
3750.0
3750.0
3750.0
0.0
0.0
0.0
-568.1818181818182
565.0684931506855
1477.8152568759735
-2159.0909090909095
-1487.4301675977651
-1963.0847799588084
-1692.7719940959896
-1159.2574363534577
3750.0
3750.0
3750.0
-3750.0
-3750.0
-3750.0
-3750.0
3750.0
3750.0
3750.0
3750.0
3750.0
3750.0
3750.0
-2080.44044261228
-789.0947668199217
3750.0
3750.0
3750.0
3750.0
3750.0
-3750.0
-3750.0
-3750.0
-3750.0
-3750.0
3750.0
3750.0
3750.0
3750.0
3750.0
-3320.1656689405554
-2325.206191447027
-291.1884699689758
-112.60868610651141
334.12108575251614
3750.0
3750.0
2240.407614157078
765.78124673599
-503.6333597970797
-602.512153724414
-590.8144030006733
1906.4593080252519
3750.0
-3060.6228582946987
-3177.4945626455847
-3309.9461538324103
-3613.7333123627295
-3750.0
-3750.0
3750.0
3750.0
3750.0
3750.0
3750.0
3750.0
3750.0
-3750.0
-3750.0
-3750.0
-3750.0
-3750.0
-3750.0
3750.0
3750.0
3750.0
3750.0
3750.0
3750.0
3750.0
3750.0
3750.0
-3750.0
-3750.0
-3750.0
-3750.0
-3750.0
-3429.695304695306
-3750.0
3750.0
3750.0
3750.0
3750.0
3750.0
3750.0
3750.0
3750.0
-3750.0
-3750.0
3750.0
3750.0
3750.0
3750.0
-3750.0
-3750.0
-3750.0
-3750.0
-3750.0
-3750.0
-3750.0
3750.0
3750.0
3750.0
3750.0
3750.0
3750.0
3750.0
3750.0
3750.0
-3323.811304798771
-3008.5870086652976
-3750.0
-3750.0
-3750.0
3750.0
3750.0
3750.0
3750.0
3750.0
3750.0
3750.0
3750.0
3750.0
1969.1525107336167
2648.966252074665
3260.8822314141053
3656.816825988664
3298.5092139814697
1461.4890602285602
-984.848484848485
3750.0
0.0
0.0
0.0
3750.0
3750.0
3750.0
3750.0
0.0
-795.4545454545455
1511.7801047120417
0.0
0.0
0.0
0.0
0.0
0.0
3750.0
295.8164003785564
516.9976656164067
854.1033976852639
-868.8326581197555
-1068.097281548893
-535.4198248443163
884.1499185408422
1377.7175393612129
1722.428475835419
-1060.6060606060607
3750.0
2138.4297520661157
510.38374839565495
-2462.121212121212
-1743.630573248408
-2631.913855405799
-2557.5766658156444
-2939.0007036700463
3750.0
3750.0
3750.0
3750.0
-3750.0
-3750.0
-3750.0
-3750.0
-3750.0
-3750.0
3750.0
3750.0
3750.0
3750.0
3750.0
3750.0
3750.0
-3283.1695331695355
3750.0
3750.0
3750.0
3750.0
-3750.0
3750.0
3750.0
3750.0
3750.0
3750.0
3750.0
3750.0
-3750.0
-3750.0
-3111.471511961183
-3119.7509433253535
-3530.856246974583
-3300.079483606941
3750.0
3750.0
3750.0
3750.0
3750.0
3750.0
3750.0
3750.0
3750.0
-3750.0
3750.0
3750.0
-3750.0
-3750.0
-3750.0
-3750.0
-3750.0
3750.0
3750.0
3750.0
3750.0
3750.0
3750.0
3750.0
3750.0
3750.0
-3750.0
-3750.0
-3750.0
3750.0
3750.0
3750.0
3750.0
3750.0
3750.0
3750.0
-3750.0
-3750.0
3750.0
3750.0
3750.0
-3750.0
-3750.0
-3750.0
-3750.0
-3750.0
-3750.0
3750.0
3750.0
3750.0
3750.0
3750.0
3750.0
3750.0
3750.0
-3750.0
-3750.0
-3750.0
-3750.0
-3750.0
-3750.0
3750.0
3750.0
3750.0
3750.0
3750.0
3750.0
3750.0
3750.0
3750.0
-3750.0
-3750.0
-3750.0
-3750.0
-3750.0
3750.0
3750.0
3750.0
3750.0
3750.0
3750.0
3750.0
3750.0
3750.0
-3750.0
-3750.0
-3750.0
-3750.0
3750.0
3750.0
3750.0
3750.0
3750.0
-3750.0
-3750.0
-3750.0
3750.0
3750.0
3750.0
3750.0
3750.0
3750.0
-3750.0
-3750.0
-3750.0
-3750.0
3750.0
3750.0
3750.0
3750.0
3750.0
3750.0
-3750.0
-3750.0
-3750.0
3750.0
3750.0
3750.0
3750.0
3750.0
3750.0
3750.0
3750.0
-3750.0
-3750.0
-3750.0
-3750.0
-3750.0
3750.0
3750.0
3750.0
3750.0
3750.0
3750.0
3750.0
-3750.0
-3649.577167019028
-3750.0
-3309.093362115491
3750.0
3750.0
3750.0
2160.5706207559433
3750.0
3750.0
3750.0
3750.0
3750.0
3750.0
3750.0
0.0
3750.0
3750.0
0.0
3750.0
3750.0
0.0
-1553.0303030303032
3750.0
-754.1322314049594
-192.04851752021523
-52.33999146543192
161.69209842395662
1072.8734941166904
1782.568544771269
1269.121404054686
2448.02637958276
2746.995946127574
2230.1724816747073
-1363.6363636363637
3600.350244109534
3750.0
0.0
0.0
-113.63636363636364
-696.5648854961835
-321.2505193186553
-181.32596300592877
795.9725186121495
3750.0
-631.782600960684
808.9102791419325
-984.848484848485
3351.156069364161
-189.3939393939394
3750.0
0.0
0.0
0.0
0.0
0.0
-416.6666666666667
3750.0
2879.1536050156737
3750.0
2771.7967083627404
1102.7731918235513
-1628.787878787879
1572.5806451612843
-1442.689381409199
3750.0
-1495.2088452088462
-1256.628855595057
-1201.65506978777
-172.02529612360286
3750.0
1639.9306402836312
3750.0
3750.0
-3135.457995514923
-2804.697833103415
-2575.3278690711686
-2562.2407978820556
3750.0
3750.0
3750.0
3750.0
3750.0
3750.0
3750.0
-3750.0
-3750.0
-3750.0
-3750.0
3750.0
3750.0
3750.0
3750.0
3750.0
3750.0
-3750.0
-3750.0
-3750.0
3750.0
3750.0
3750.0
-3290.377493728348
-3514.440745663399
-3750.0
3750.0
3750.0
3750.0
3750.0
3750.0
3750.0
3750.0
-1671.9242187461152
-2701.908929037688
-2703.495572638187
-676.3134642564698
-1829.7463674667333
172.42991033025055
1446.2666024982643
1339.588422414929
1721.903878856774
2458.3385138279546
2939.4743342723177
2632.97652521095
2208.744507417542
2612.25507749995
2664.4353570827116
-1666.6666666666667
3750.0
3750.0
3750.0
3750.0
3750.0
3750.0
-1477.2727272727275
3750.0
-1827.7126099706747
-2346.4001189039645
-2929.5883293924253
-3541.1157152157803
3750.0
3750.0
3750.0
3750.0
-3750.0
-3750.0
-3750.0
-3750.0
-3750.0
-3750.0
3750.0
3750.0
3750.0
3750.0
3750.0
3750.0
3750.0
-3750.0
-3750.0
-3750.0
-3750.0
-3750.0
-3750.0
-3750.0
3750.0
3750.0
3750.0
3750.0
3750.0
3750.0
3750.0
3750.0
3750.0
-3656.3116370808675
-3750.0
-3750.0
-3750.0
-3750.0
3750.0
3750.0
3750.0
3750.0
3750.0
3750.0
3750.0
-3750.0
-3750.0
-3750.0
-3750.0
-3750.0
-3750.0
-3750.0
3750.0
3750.0
3750.0
3750.0
3750.0
3750.0
3750.0
3750.0
-3139.0112452399835
-3086.058071838319
-3118.6273149760336
-3266.921718479066
-1834.7328507441744
-3204.5945789789084
-3455.1575889447586
-3750.0
3750.0
3750.0
3750.0
3750.0
3750.0
3750.0
3750.0
3750.0
3750.0
3750.0
3750.0
0.0
0.0
0.0
3750.0
3750.0
0.0
0.0
0.0
0.0
0.0
0.0
0.0
-530.3030303030304
3750.0
3750.0
3750.0
3750.0
-3278.19033204049
-3329.3754256595403
-3628.42718922151
-3750.0
-3750.0
-3750.0
3750.0
3750.0
3750.0
3750.0
3750.0
3750.0
3750.0
3750.0
3750.0
-3750.0
-3750.0
-3750.0
-3750.0
-3750.0
-3750.0
3750.0
3750.0
3750.0
3750.0
3750.0
3750.0
3750.0
3750.0
3750.0
-3750.0
-3750.0
-3750.0
3750.0
3750.0
3750.0
3750.0
3750.0
3750.0
3750.0
-3750.0
-3750.0
-3750.0
3750.0
3750.0
3750.0
3750.0
3750.0
3750.0
3750.0
-3750.0
-3750.0
-3750.0