Demand
3750.0
3750.0
3750.0
3750.0
3750.0
3750.0
3750.0
3750.0
3750.0
3750.0
3750.0
3750.0
3750.0
3750.0
3750.0
3750.0
-3750.0
-3750.0
3750.0
3750.0
3750.0
-3750.0
413.1100652791217
2983.0180270936266
3750.0
441.2193913050676
-1440.3489109366865
1510.2555159311114
2220.6602647429036
2558.604486643296
2456.813853940842
-133.8584234266823
1026.2756717143427
3049.4602523135836
1366.5058682734013
2339.5434456520666
0.0
0.0
3750.0
3750.0
1315.728568783557
-1086.798734446172
-1287.200086926676
-1533.465993496965
-1529.1661346080364
-858.4064544835883
-746.1296116143158
3750.0
2327.867070551083
3750.0
-3583.5604438388173
-3750.0
-3750.0
-3750.0
-3750.0
-3750.0
3750.0
3750.0
3750.0
3750.0
3750.0
3750.0
3750.0
-3750.0
-3750.0
-3750.0
-3750.0
-3750.0
-3750.0
-3750.0
3750.0
3750.0
3750.0
3750.0
3750.0
3750.0
3750.0
3750.0
3750.0
-3750.0
-2544.350718525123
-2731.85838529838
3750.0
3750.0
1300.9698406221748
3750.0
3750.0
3537.5753569724448
744.8641156740234
3750.0
-3333.3333333333335
-2184.065934065936
-2805.113807142665
-2296.1448390966198
3750.0
3750.0
3750.0
3750.0
3750.0
3750.0
3750.0
3198.7983281086736
0.0
0.0
0.0
0.0
0.0
0.0
0.0
0.0
-568.1818181818182
3750.0
3750.0
3750.0
3750.0
3750.0
3750.0
-1109.5830920671713
-841.2358173194125
132.2234651628105
3750.0
3750.0
3750.0
3750.0
3750.0
3750.0
-3750.0
-3750.0
-3750.0
3750.0
3750.0
3750.0
3750.0
3750.0
3750.0
3750.0
-3750.0
-3750.0
-3750.0
-3750.0
3750.0
3750.0
3750.0
3750.0
3750.0
3750.0
3750.0
3750.0
-3057.380738073808
-3333.23180722303
-2348.5875234910354
-279.0698130064352
-51.77072249814182
473.8989432478138
3750.0
3750.0
1844.8382641620806
-1704.5454545454547
171.56862745098078
863.0653266331701
3750.0
-845.6001294079585
1689.990399550795
3750.0
3750.0
-3361.224788073663
-3622.3120119051564
-3750.0
3750.0
3750.0
3750.0
3750.0
3750.0
-3750.0
-3750.0
-3750.0
-3750.0
3750.0
3750.0
3750.0
3750.0
3750.0
3750.0
-3750.0
3750.0
3750.0
3750.0
3750.0
-3750.0
-3750.0
-3750.0
-3750.0
-3750.0
-3750.0
3750.0
3750.0
3750.0
3750.0
3750.0
3750.0
3750.0
3750.0
3750.0
3750.0
3750.0
3750.0
-3750.0
-3750.0
3750.0
3750.0
3750.0
-3750.0
3750.0
3750.0
3750.0
3750.0
3750.0
-3750.0
-3750.0
-3750.0
-3750.0
-3750.0
-3750.0
3750.0
3750.0
3750.0
3750.0
3750.0
3750.0
3750.0
3750.0
-3750.0
3750.0
3750.0
3750.0
3750.0
3750.0
3750.0
-3090.277777777779
1881.5608919382528
3741.6648145256954
3750.0
3750.0
3750.0
3750.0
3692.2296470145466
2449.8423834417263
-1325.757575757576
3750.0
0.0
3750.0
0.0
0.0
0.0
3750.0
3750.0
3750.0
0.0
-795.4545454545455
1511.7801047120417
0.0
0.0
0.0
0.0
0.0
0.0
3141.2839737582003
-1818.1818181818182
549.3630573248413
894.2976201087451
-834.8188893775196
-1049.8460725483844
-549.8951227309669
794.4797029914553
1325.6309883639224
1898.9844196948216
-1060.6060606060607
3221.8309859155006
-984.848484848485
914.8480124707719
-1010.2004629349669
-1630.4404852153914
-2383.946085311225
450.1022618819097
3750.0
3750.0
-3632.133995037221
-3750.0
-3750.0
-3750.0
3750.0
3750.0
3750.0
3750.0
3750.0
3750.0
3750.0
3750.0
-3750.0
-1618.9492325855974
-675.6692337327279
-3750.0
-3502.4825797067015
3750.0
-116.40985634761046
3750.0
3750.0
3750.0
3750.0
3750.0
-3750.0
-3750.0
3750.0
3750.0
3750.0
3750.0
3750.0
-3166.461916461918
-3163.0906662214065
-3533.8082393681125
-3134.0836895239463
3750.0
3750.0
3750.0
3750.0
3750.0
3750.0
3750.0
-3750.0
-3750.0
-3750.0
-3750.0
-3750.0
-3750.0
3750.0
3750.0
3750.0
3750.0
3750.0
3750.0
3750.0
3750.0
3750.0
3750.0
3750.0
3750.0
3750.0
3750.0
-3750.0
-3750.0
-3750.0
3750.0
3750.0
3750.0
3750.0
3750.0
-3750.0
-3750.0
3750.0
3750.0
3750.0
3750.0
-3750.0
-3750.0
-3750.0
-3750.0
-3750.0
3750.0
3750.0
3750.0
3750.0
3750.0
3750.0
-3750.0
-3750.0
-3750.0
3750.0
3750.0
3750.0
3750.0
3750.0
3750.0
3750.0
-3750.0
-3750.0
-3750.0
-3750.0
-3750.0
-3750.0
3750.0
3750.0
3750.0
3750.0
3750.0
3750.0
3750.0
3750.0
3750.0
-3750.0
-3750.0
3750.0
3750.0
3750.0
3750.0
3750.0
-3750.0
-3750.0
-3750.0
-3750.0
-3750.0
-3750.0
-3750.0
3750.0
3750.0
3750.0
3750.0
3750.0
3750.0
3750.0
3750.0
3750.0
-3750.0
-3750.0
-3750.0
-3750.0
3750.0
3750.0
3750.0
3750.0
3750.0
3750.0
3750.0
3750.0
-3750.0
-3750.0
-3750.0
-3750.0
-3750.0
3750.0
3750.0
3750.0
3750.0
3750.0
3750.0
3750.0
3750.0
3750.0
-3750.0
-3750.0
3750.0
3750.0
3750.0
3750.0
3750.0
3750.0
-3750.0
-3750.0
-3570.075757575758
-3750.0
3750.0
3750.0
3750.0
3750.0
3750.0
3750.0
3750.0
3750.0
3750.0
3750.0
0.0
0.0
0.0
0.0
0.0
0.0
0.0
0.0
0.0
2358.647450110865
-420.924494005292
-676.5865463712069
-94.06614358798288
51.06166288504596
271.08838776942684
1202.612797881556
1892.9596861524233
1316.3295376296937
2472.9737754944235
2733.4590513001576
2248.389659313346
-1363.6363636363637
3750.0
3750.0
3750.0
3750.0
3750.0
-228.22057460611768
128.54380711902058
115.06047705881474
340.6918152801027
948.5816872104197
2333.3010380729156
-1515.1515151515152
2383.549528301887
3603.8061512791373
-189.3939393939394
3750.0
0.0
0.0
0.0
0.0
0.0
-416.6666666666667
109.34819897084117
332.0577407479184
-454.54545454545456
1697.3684210526317
-1477.2727272727275
3249.9999999999795
-1666.6666666666667
-1139.3661197736435
-1313.8264748277159
-1572.8687768591517
-1524.033991446713
-1770.7045133476158
-1764.9551852112363
-1837.925113336697
-1630.568881603288
-1580.0315188739498
3750.0
2795.76687685303
3750.0
3750.0
3750.0
-1577.7945277083118
3750.0
-3750.0
-3750.0
-3750.0
3750.0
3750.0
3750.0
3750.0
3750.0
3750.0
3750.0
3750.0
-3750.0
3750.0
3750.0
3750.0
-3750.0
-3750.0
-3750.0
-3750.0
-3499.2668621700896
-3436.6180742223587
-3081.9226995377176
-3318.4822373346506
3750.0
3750.0
3750.0
3750.0
3750.0
3750.0
3750.0
3750.0
3750.0
-2653.8461538461543
-2663.1999227164415
-596.9943727482496
-1802.803595332195
121.05839618549408
1277.701157044584
1155.1325296516097
1471.272674419718
2159.4483199632086
2794.223600844417
2794.73708785909
2491.335481234334
2913.8654574628135
3750.0
1189.95719328021
-1136.3636363636365
3750.0
3750.0
3368.181818181819
2695.3993184175424
2503.923445909749
1884.600878864186
-435.5499929902237
-1589.9500966772448
-1858.8451438825823
-294.78761632851865
3750.0
3750.0
-3750.0
-3750.0
-3750.0
3750.0
3750.0
3750.0
3750.0
3750.0
3750.0
3750.0
3750.0
-3750.0
-3750.0
-3750.0
-3750.0
-3750.0
-3750.0
-3750.0
3750.0
3750.0
3750.0
3750.0
3750.0
3750.0
3750.0
3750.0
3750.0
3750.0
-3750.0
-3750.0
-3750.0
-3750.0
-3459.7020626432404
-3750.0
3750.0
3750.0
3750.0
3750.0
3750.0
3750.0
3750.0
3750.0
3750.0
3750.0
-3750.0
-3750.0
-3750.0
-3750.0
-3750.0
-3750.0
-3750.0
-3750.0
3750.0
3750.0
3750.0
3750.0
3750.0
3750.0
3750.0
3750.0
3750.0
-3118.070953436807
-3227.781408951122
-1271.4646110411804
-2804.60575283028
3750.0
3750.0
3750.0
3750.0
3750.0
3750.0
-812.9370629370642
3542.44577412117
3750.0
3750.0
0.0
0.0
0.0
0.0
3750.0
0.0
0.0
0.0
0.0
0.0
0.0
0.0
0.0
0.0
0.0
-530.3030303030304
3750.0
3750.0
3750.0
-2242.676973148901
-2936.726867327109
-2874.180704491532
-3378.5504702470616
-3750.0
3750.0
3750.0
3750.0
3750.0
3750.0
3750.0
3750.0
3750.0
3750.0
-3750.0
3750.0
3750.0
3750.0
3750.0
3750.0
-3750.0
-3750.0
3750.0
3750.0
3750.0
3750.0
3750.0
-3750.0
-3750.0
3750.0
3750.0
3750.0
3750.0
3750.0
-3750.0
-3750.0
-3750.0
-3750.0
-3750.0
-1881.5559440559464
-1552.9496063165077
3750.0
3750.0
3750.0
3750.0
3750.0
3750.0
3750.0
3750.0
3750.0
-3750.0
-3750.0
-3750.0
-3750.0