Demand
3750.0
3750.0
3750.0
3750.0
3750.0
3750.0
3750.0
3750.0
3750.0
3750.0
3750.0
3750.0
3750.0
3750.0
3750.0
3750.0
3750.0
3750.0
3750.0
3750.0
3750.0
3750.0
3750.0
3750.0
3750.0
3750.0
-243.0167966037643
3750.0
3750.0
3750.0
2985.796833272313
-283.9074908057496
1438.7855866079617
3276.1504534355345
-1553.0303030303032
3750.0
3750.0
0.0
0.0
3750.0
3750.0
3750.0
265.90909090908895
3750.0
-1475.537820957669
-1217.0809149761726
-1819.8982904232992
-2600.012201202716
-2651.716611255436
-2657.814295503247
-2891.919911857067
3750.0
3750.0
3750.0
3750.0
3750.0
3750.0
3750.0
3750.0
-2652.4893412185393
-3750.0
3750.0
-3750.0
3750.0
3750.0
3750.0
3750.0
-3750.0
-3750.0
-3750.0
3750.0
3750.0
3750.0
3750.0
3750.0
-3750.0
-3750.0
-3750.0
-3750.0
-3750.0
-2339.9814471243044
-2475.216343520651
3750.0
3750.0
3750.0
3750.0
3750.0
3196.8586841924516
970.160705161431
3750.0
-3333.3333333333335
-2739.3617021276586
-3205.092889620353
-3146.214324913881
-2780.665205044056
3750.0
3750.0
3750.0
3750.0
3750.0
3750.0
3750.0
3750.0
3750.0
0.0
0.0
0.0
0.0
0.0
3750.0
3316.1157024793383
-1628.787878787879
2362.2047244094447
-2159.0909090909095
1071.428571428579
3750.0
-1967.26438698916
-2383.188749601265
-2723.599817307885
-3444.4151702059644
-3336.571765975954
-3750.0
-3750.0
3750.0
3750.0
3750.0
3750.0
3750.0
3750.0
3750.0
3750.0
3750.0
-2805.4406612742223
-2906.2927231260646
-2865.4842878790732
-2941.8688594133155
-3750.0
3750.0
3750.0
3750.0
3750.0
3750.0
3750.0
3750.0
3750.0
-3750.0
-3750.0
-3750.0
-2428.4405770551875
-2738.445959930322
2535.9995226546744
3750.0
3750.0
3750.0
3750.0
3750.0
1479.0712181630254
-1704.5454545454547
413.18864774624467
141.15121364607262
-245.9343101466061
-827.419968702111
-186.8316450379748
3750.0
3750.0
3750.0
-3668.2310025411925
-3750.0
-3750.0
-3750.0
3750.0
3750.0
3750.0
3750.0
-3750.0
-3750.0
-3750.0
-3750.0
-3750.0
3750.0
3750.0
3750.0
3750.0
3750.0
3750.0
3750.0
-3750.0
-3750.0
-3750.0
-3750.0
-3750.0
3750.0
3750.0
3750.0
3750.0
3750.0
3750.0
3750.0
-3750.0
-3750.0
-3750.0
-3750.0
3750.0
3750.0
3750.0
3750.0
3750.0
3750.0
3750.0
3750.0
-3750.0
-3750.0
-3750.0
-3750.0
-3750.0
-3750.0
-3750.0
3750.0
3750.0
3750.0
3750.0
3750.0
3750.0
3750.0
3750.0
3750.0
3750.0
3750.0
3750.0
-3139.0843135099485
-3750.0
-3750.0
-3750.0
-3750.0
3750.0
3750.0
3750.0
3750.0
3750.0
3750.0
3750.0
3750.0
3750.0
784.0909090909097
1498.8852782880833
2153.758468785095
2172.516231663297
-1325.757575757576
2519.0839694656443
0.0
0.0
0.0
3750.0
3750.0
3750.0
3750.0
3750.0
0.0
-795.4545454545455
1550.6329113924046
0.0
0.0
0.0
0.0
0.0
3750.0
3750.0
963.5444816776567
1198.7515509504244
1562.9279187950162
-440.9006525550267
-680.0022858498487
-106.45419304446523
1398.8204550004932
1919.052185024836
2512.5811634424954
-1060.6060606060607
2073.529411764708
-984.848484848485
3750.0
-698.3518790678161
-1048.2652347274159
3750.0
-3371.2121212121215
-3381.7463472815825
-3646.643738298586
-3627.8688122517387
-3750.0
-3750.0
-3750.0
3750.0
3750.0
3750.0
3750.0
3750.0
3750.0
3750.0
3750.0
-3750.0
-740.3519374104519
3750.0
-3750.0
3750.0
3750.0
3750.0
-3633.761952695818
-3750.0
-3750.0
3750.0
3750.0
3750.0
3750.0
3750.0
3750.0
-3750.0
-3750.0
-3750.0
3750.0
3750.0
3750.0
3750.0
3750.0
3750.0
3750.0
3750.0
-3470.4054937867886
-3534.0458303646346
-3750.0
-3750.0
-3750.0
3750.0
3750.0
3750.0
3750.0
3750.0
3750.0
3750.0
-3750.0
-3750.0
-3750.0
-3750.0
3750.0
3750.0
3750.0
3750.0
3750.0
-3750.0
3750.0
3750.0
-3750.0
-3750.0
-3750.0
-3750.0
-3750.0
-3750.0
-3750.0
-3750.0
3750.0
3750.0
3750.0
3750.0
3750.0
3750.0
3750.0
3750.0
3750.0
-3750.0
-3750.0
-3750.0
-3750.0
3750.0
3750.0
3750.0
3750.0
3750.0
3750.0
-3750.0
-3750.0
-3750.0
-3750.0
-3750.0
3750.0
3750.0
3750.0
3750.0
3750.0
-3750.0
-3750.0
-3750.0
3750.0
3750.0
3750.0
3750.0
3750.0
3750.0
3750.0
3750.0
3750.0
-3750.0
-3750.0
-3750.0
3750.0
3750.0
3750.0
3750.0
3750.0
-3750.0
-3750.0
-3750.0
-3750.0
-3750.0
-3750.0
3750.0
3750.0
3750.0
3750.0
3750.0
3750.0
3750.0
3750.0
3750.0
3750.0
3750.0
-3750.0
-3750.0
-3750.0
-3750.0
-3750.0
-3750.0
3750.0
3750.0
3750.0
3750.0
3750.0
3750.0
3750.0
3750.0
-3750.0
-3750.0
-3750.0
3750.0
3750.0
3750.0
3750.0
3750.0
3750.0
3750.0
-3750.0
-3750.0
-3750.0
-3750.0
-3750.0
3750.0
3750.0
3750.0
3750.0
3750.0
-3640.524967989759
-3750.0
-3400.3459044074925
-2626.0596515534316
3750.0
2821.782887433982
2896.4999123571215
3750.0
3750.0
3750.0
3750.0
3750.0
0.0
3750.0
3750.0
3750.0
3750.0
3750.0
0.0
0.0
0.0
-1553.0303030303032
-597.1337579617832
1399.6757653445927
3750.0
-1195.0549450549458
-1165.131736753735
-742.6733487045788
-374.25278845185403
-578.7478326043883
-27.49837144353478
887.3768218714799
2555.1682690414127
3629.6410918397655
2681.803085747524
0.0
0.0
3750.0
3750.0
-2234.848484848485
-137.61467889908408
-150.3632660924127
58.63702279121003
650.3026921043568
2266.036025698184
-1515.1515151515152
3750.0
3750.0
3750.0
3750.0
3750.0
0.0
0.0
0.0
3750.0
3750.0
-1856.0606060606062
1585.5704697986587
3353.2731789288973
-1136.3636363636365
3750.0
2187.4999999999836
-1666.6666666666667
-1379.1540463290814
-1537.544499774668
-1770.8315959409886
-1720.4448712285323
-1932.6783718968838
-1898.6609545529045
-1902.5040555143332
-1501.9704640109715
-530.7533433537671
3750.0
3750.0
3750.0
3750.0
3750.0
-3659.2395227378884
-3750.0
-3750.0
-3750.0
-3750.0
-3750.0
-2498.2009419610395
3750.0
3750.0
3750.0
3750.0
3750.0
3750.0
3750.0
3750.0
3750.0
-3750.0
3750.0
3750.0
3750.0
-3750.0
-3514.248490363141
-3446.2790797399475
-3042.7453790679665
-3051.6458070119143
3750.0
3750.0
3750.0
3750.0
3750.0
3750.0
3750.0
3750.0
3750.0
-2199.214026602177
-1885.083506631694
3750.0
152.54577024964692
3750.0
3750.0
3750.0
1827.5503982157215
3750.0
-2462.121212121212
-786.5663450984932
-593.9605241177933
-25.821821114712748
1618.4921044768548
1003.1634287733671
2023.2293734024415
-568.1818181818182
2313.8297872340454
-1553.0303030303032
3750.0
-1439.3939393939395
1101.1555774104465
-730.6844620507718
-1886.2223879423973
-2469.6573237421717
-3101.273943737877
-3644.2668129871354
-3750.0
-3750.0
-3750.0
3750.0
3750.0
3750.0
3750.0
3750.0
3750.0
3750.0
-3750.0
-3750.0
-3750.0
-3750.0
-3750.0
3750.0
3750.0
3750.0
3750.0
3750.0
3750.0
3750.0
-3750.0
-3750.0
3750.0
3750.0
3750.0
3750.0
3750.0
3750.0
3750.0
-3750.0
-3750.0
-3434.8894348894364
-3750.0
3750.0
3750.0
3750.0
3750.0
3750.0
3750.0
3750.0
3750.0
-3750.0
-3750.0
-3750.0
-3750.0
-3750.0
3750.0
3750.0
3750.0
3750.0
3750.0
3750.0
3750.0
-3750.0
-3750.0
-3750.0
-3750.0
-1090.131351538202
3750.0
3750.0
3750.0
2376.5274428869243
3750.0
3750.0
3750.0
3750.0
3750.0
-3346.5712488203835
578.428293389853
3750.0
3750.0
3750.0
3566.7732551019644
-492.4242424242425
3750.0
3750.0
3750.0
0.0
0.0
0.0
0.0
0.0
0.0
0.0
0.0
0.0
3750.0
3750.0
0.0
-530.3030303030304
-308.82352941177123
3750.0
3750.0
3750.0
3750.0
3750.0
3750.0
3750.0
-3750.0
3750.0
3750.0
3750.0
-3750.0
-3750.0
-3750.0
-3750.0
-3750.0
-3750.0
3750.0
3750.0
3750.0
3750.0
3750.0
3750.0
3750.0
3750.0
3750.0
-3750.0
-3750.0
-3750.0
3750.0
3750.0
3750.0
3750.0
-3750.0
-3750.0
-3750.0
-3750.0
-3750.0
-3750.0
3750.0
3750.0
3750.0
3750.0
3750.0
3750.0
3750.0
3750.0
3750.0
-3750.0
-3750.0
-3750.0
3750.0
3750.0
3750.0
3750.0
3750.0