Demand
3750.0
3750.0
3750.0
3750.0
3750.0
3750.0
3750.0
3750.0
3750.0
-3750.0
48.137460911603284
-1665.4148497589283
3750.0
3750.0
3750.0
3750.0
3750.0
3750.0
3750.0
3750.0
3750.0
3750.0
3750.0
3750.0
3750.0
3750.0
-872.9035359470151
3210.9407577770326
3467.843488556169
3213.5595810558752
2634.4575302000485
-213.04171889284953
1182.1748331277267
3246.046175970922
-1553.0303030303032
3750.0
3750.0
3750.0
3750.0
3750.0
-1325.757575757576
351.5624999999875
3750.0
-1481.86409550046
-1659.0194951320166
-1447.9145365071254
-2018.8113976411005
-2743.9613535218277
-2838.681868389139
-2934.350447163233
-3273.4555581135774
-3750.0
3750.0
3750.0
3750.0
3750.0
3750.0
3750.0
3750.0
3750.0
3750.0
3750.0
-3750.0
3750.0
3750.0
3750.0
-3750.0
-3750.0
-3750.0
-3750.0
-3750.0
3750.0
3750.0
3750.0
3750.0
3750.0
3750.0
3750.0
3750.0
-3750.0
-2752.8116213683215
-3023.1411660030426
1007.2262664161753
3133.6202445537997
-401.79912831137153
3377.1863742708338
3750.0
1985.6456534310328
1372.8453271016442
550.06420110166
-80.79324113806479
3750.0
3750.0
3750.0
3750.0
-3628.929481733221
-3051.80415911663
-1151.1526181021518
3750.0
3750.0
3750.0
3750.0
3750.0
3750.0
3750.0
0.0
0.0
0.0
0.0
0.0
-568.1818181818182
565.0684931506855
1477.8152568759735
-2159.0909090909095
-1487.4301675977651
-1963.0847799588084
-1692.7719940959896
-1159.2574363534577
3750.0
3750.0
3750.0
-3750.0
-3750.0
-3750.0
-3750.0
-3750.0
-3750.0
3750.0
3750.0
3750.0
3750.0
3750.0
3750.0
3750.0
3750.0
-3409.090909090909
-3750.0
-3750.0
-3750.0
-3750.0
-3750.0
-3750.0
3750.0
3750.0
3750.0
3750.0
3750.0
3750.0
3750.0
3750.0
-1982.8072153325822
758.8780020190463
989.8515540545429
1538.5601122418539
3750.0
3750.0
3446.602431571001
1148.821215550377
-315.1565989006681
-259.38527104320247
855.6750426489398
3750.0
-2534.9271940181034
-3056.164201745655
-3173.0949201615376
-3305.7247488711027
-3611.9592174428035
-3750.0
-3750.0
3750.0
3750.0
3750.0
3750.0
3750.0
3750.0
3750.0
-3750.0
-3750.0
-3750.0
-3750.0
-3750.0
-3750.0
3750.0
3750.0
3750.0
3750.0
3750.0
3750.0
3750.0
3750.0
3750.0
3750.0
-3750.0
-3750.0
-3750.0
3750.0
3750.0
3750.0
3750.0
3750.0
3750.0
3750.0
3750.0
3750.0
-3750.0
3750.0
3750.0
3750.0
3750.0
3750.0
3750.0
-3750.0
-3750.0
-3750.0
-3750.0
-3750.0
-3750.0
-3750.0
-3750.0
3750.0
3750.0
3750.0
3750.0
3750.0
3750.0
3750.0
3750.0
3750.0
-3221.2430426716146
-1943.558123490855
3750.0
3750.0
3750.0
3750.0
-3750.0
-3750.0
-3750.0
-3318.181818181819
-2899.9832233530933
3750.0
3750.0
3750.0
3750.0
3750.0
3750.0
-1212.1212121212122
3750.0
2470.4033908213974
3051.0184231105823
3750.0
3750.0
0.0
0.0
0.0
0.0
0.0
0.0
0.0
-795.4545454545455
1927.966101694914
0.0
0.0
3750.0
0.0
0.0
0.0
-492.4242424242425
217.84232365145158
417.1914525718064
-1515.1515151515152
-142.4050632911376
866.1778185151315
3750.0
1049.1415364296724
1595.1903942554447
2249.6419193279717
-1060.6060606060607
2073.529411764708
-984.848484848485
3750.0
3750.0
1330.2139037433064
-571.9088225647783
3750.0
3750.0
3750.0
3750.0
-3750.0
-3750.0
-3750.0
-3750.0
-3750.0
3750.0
3750.0
3750.0
3750.0
3750.0
3750.0
3750.0
-2012.5668449197865
-1292.7716850715776
-3750.0
-3573.458073280286
2341.8490587861825
-1289.2166392928345
3750.0
3750.0
3750.0
3750.0
-3750.0
-3750.0
-3750.0
-3750.0
-3750.0
-3750.0
-3750.0
-3750.0
3750.0
3750.0
3750.0
3750.0
3750.0
3750.0
3750.0
3750.0
3750.0
3750.0
3750.0
3750.0
3750.0
3750.0
-3750.0
-3750.0
-3750.0
-3750.0
3750.0
3750.0
3750.0
3750.0
3750.0
3750.0
3750.0
-3750.0
-3750.0
-3750.0
-3750.0
-3750.0
-3750.0
3750.0
3750.0
3750.0
3750.0
3750.0
3750.0
3750.0
3750.0
3750.0
3750.0
3750.0
3750.0
3750.0
3750.0
-3750.0
-3750.0
-3750.0
-3750.0
-3750.0
3750.0
3750.0
3750.0
3750.0
3750.0
3750.0
3750.0
3750.0
-3750.0
-3750.0
-3750.0
-3750.0
-3750.0
3750.0
3750.0
3750.0
3750.0
3750.0
3750.0
3750.0
-3750.0
-3750.0
-3750.0
-3750.0
-3750.0
-3750.0
3750.0
3750.0
3750.0
3750.0
3750.0
3750.0
3750.0
3750.0
3750.0
3750.0
-3750.0
-3750.0
3750.0
3750.0
3750.0
3750.0
3750.0
3750.0
-3750.0
-3750.0
-3750.0
-3750.0
-3750.0
-3750.0
3750.0
3750.0
3750.0
3750.0
3750.0
3750.0
3750.0
3750.0
3750.0
3750.0
-3750.0
-3750.0
-3750.0
-3750.0
-3750.0
-3750.0
3750.0
3750.0
3750.0
3750.0
3750.0
3750.0
3750.0
3750.0
3750.0
-3750.0
-3750.0
-3750.0
3750.0
3750.0
3750.0
3750.0
3750.0
3750.0
3750.0
3750.0
-3750.0
-3750.0
-3750.0
3750.0
3750.0
3750.0
3750.0
3750.0
-2889.5504864139557
-2863.576392132284
-2904.377596027236
247.44216102117707
3750.0
3750.0
3750.0
3750.0
0.0
0.0
3750.0
3750.0
3750.0
0.0
0.0
0.0
0.0
-1553.0303030303032
-1024.2290748898683
-1097.240318615929
-149.8777400541021
1042.0144301477403
3750.0
-2500.0000000000005
-626.1184681460265
-900.9811054496097
-584.0452030457973
-44.10124471411336
1121.9973726354972
2750.8692682861147
3750.0
3750.0
0.0
0.0
-113.63636363636364
-688.7755102040808
-186.98060941827998
366.35348187795717
3750.0
3750.0
3750.0
1072.196730714081
2126.495828443568
3303.4511568465887
-189.3939393939394
3750.0
0.0
0.0
0.0
0.0
0.0
-416.6666666666667
123.96694214876129
345.05970498712213
-454.54545454545456
1814.5161290322587
-1477.2727272727275
3750.0
2577.7087033747775
-488.8481514279338
-567.5429943133952
-693.4830682667073
-185.6380123109775
132.6859645820257
2376.228385742824
3200.37459167597
2233.908311992427
3750.0
3750.0
-3337.7849346241383
-3214.950624646136
-3259.353349873045
-3527.3764507785363
-3616.1620433571497
-3750.0
-3750.0
-3750.0
3750.0
3750.0
3750.0
3750.0
3750.0
3750.0
3750.0
3750.0
-3750.0
-3750.0
3750.0
3750.0
3750.0
3750.0
3750.0
-3750.0
-3750.0
3750.0
3750.0
3750.0
3750.0
3750.0
3750.0
3750.0
3750.0
3750.0
-3750.0
-3750.0
705.7035321366529
3750.0
-496.20541026523006
3750.0
3750.0
3750.0
3750.0
-1030.4227375333485
-1090.755362945655
-932.261563080742
-522.2476155001332
59.548049241070885
564.3921661300012
953.8068700159895
1872.0059660040424
3750.0
1617.1319207011927
2189.320597543616
-568.1818181818182
3750.0
3750.0
3750.0
3750.0
3008.893280632408
79.89519001614417
-1282.8710761446903
-1673.672836580324
-1608.4216244217478
3750.0
3750.0
3750.0
-3750.0
-3750.0
-3750.0
3750.0
3750.0
3750.0
3750.0
3750.0
-3750.0
-3750.0
-3750.0
-3750.0
3750.0
3750.0
3750.0
3750.0
3750.0
3750.0
3750.0
-3750.0
-3750.0
-3750.0
-3750.0
-3750.0
3750.0
3750.0
3750.0
3750.0
3750.0
3750.0
3750.0
-3663.315309226091
-3750.0
-3750.0
-3750.0
3750.0
3750.0
3750.0
3750.0
3750.0
3750.0
-3750.0
-3750.0
-3750.0
3750.0
3750.0
3750.0
3750.0
-3750.0
-3750.0
3750.0
3750.0
3750.0
3750.0
3750.0
3750.0
-3750.0
-2818.0183126226293
-2223.079775049924
-982.4197259009422
3750.0
2961.100368864086
3750.0
3750.0
3.5754540165696653
3750.0
3750.0
3750.0
-1916.9549237920228
-1384.0173378056518
-613.4002349991313
3443.3031892809586
3750.0
3750.0
3750.0
3750.0
3750.0
0.0
0.0
0.0
0.0
0.0
0.0
3750.0
3750.0
0.0
0.0
0.0
0.0
-530.3030303030304
-724.1379310344835
-1151.938094455977
-2216.034359477143
-2335.4579370413767
1490.2858676157364
3750.0
3750.0
3750.0
3750.0
3750.0
3750.0
-3750.0
-3750.0
-3750.0
-3750.0
-3750.0
3750.0
3750.0
3750.0
3750.0
3750.0
3750.0
3750.0
3750.0
3750.0
-3750.0
-3750.0
-3750.0
-3750.0
-3750.0
3750.0
3750.0
3750.0
3750.0
3750.0
-3750.0
-3750.0
-3750.0
-3750.0
3750.0
3750.0
3750.0
3750.0
3750.0
3750.0
3750.0
-3750.0
-3750.0
-3750.0
-3750.0
-3750.0
3750.0
3750.0
3750.0
3750.0
3750.0
3750.0