Demand
-3750.0
-3750.0
-3750.0
3750.0
3750.0
3750.0
3750.0
3750.0
3750.0
3750.0
3750.0
3750.0
3750.0
3750.0
3750.0
-2813.270336894001
-3750.0
-3750.0
-3750.0
3750.0
3750.0
3750.0
3750.0
3750.0
3750.0
3750.0
3750.0
-387.5525882568138
149.31213196953627
552.4886040874637
714.700064982937
-1019.2780627255027
-167.57814558919108
1513.3216180207728
-1553.0303030303032
3750.0
0.0
3750.0
0.0
0.0
-1325.757575757576
-1017.9965307892464
-1260.039897827786
-1570.8877898261217
-1692.0415283465336
-1392.1215504408774
-1870.9200886128394
-2509.853063156147
-2122.739730761832
3750.0
3422.7375672101916
3750.0
3750.0
3750.0
-3750.0
-3750.0
-3750.0
-3750.0
3750.0
3750.0
3750.0
3750.0
3750.0
3750.0
-3750.0
-3750.0
-3750.0
-3750.0
-3750.0
3750.0
3750.0
3750.0
3750.0
3750.0
3750.0
-3750.0
-3750.0
-3750.0
-3750.0
-3750.0
-406.8914956011711
2043.2526802399948
3750.0
3750.0
3750.0
3750.0
3750.0
3750.0
3750.0
-2992.4242424242425
-2791.5774992357083
-2711.1661303589435
-3227.8569768546586
-3262.9995237443745
-3293.1232925703835
-3529.7973099657147
-1651.1643571364095
3750.0
3750.0
3750.0
3750.0
3750.0
3750.0
3750.0
3750.0
3750.0
3750.0
3750.0
0.0
0.0
-568.1818181818182
625.0000000000009
-1136.3636363636365
-210.67415730337234
-1256.7441377879265
959.1626112461809
3750.0
-2478.6245353159866
-2773.1966740907455
-3444.5951005919496
-3273.996185196579
-3750.0
3750.0
3750.0
3750.0
3750.0
3750.0
3750.0
3750.0
-3750.0
-3750.0
-3750.0
-2665.936990998576
-2765.7388940430255
-2692.4400024916486
-2743.2147199520505
-3750.0
3750.0
3750.0
3750.0
3750.0
3750.0
3750.0
3750.0
3750.0
3750.0
-3750.0
-3750.0
-2720.4996989765204
-3007.856382664224
100.59211466819806
3750.0
3750.0
3750.0
3750.0
3469.4532748147826
-1287.878787878788
3750.0
2257.5885328836366
1385.8980549332375
814.7507938888875
725.5966555724071
3750.0
3750.0
-2655.249679897568
-2435.3926327415174
3750.0
3750.0
3750.0
3750.0
3750.0
3750.0
3750.0
-3750.0
-3750.0
-3750.0
-3750.0
-3750.0
-3750.0
-3750.0
3750.0
3750.0
3750.0
3750.0
3750.0
3750.0
3750.0
-3750.0
-3750.0
-3750.0
-3750.0
3750.0
3750.0
3750.0
3750.0
3750.0
3750.0
3750.0
-3750.0
-3750.0
-3750.0
-3750.0
3750.0
3750.0
3750.0
3750.0
3750.0
3750.0
3750.0
-3750.0
-3750.0
-3750.0
-3750.0
-3750.0
-3750.0
-3750.0
3750.0
3750.0
3750.0
3750.0
3750.0
3750.0
3750.0
3750.0
3750.0
-3573.7476808905385
3750.0
3750.0
-3272.852837769966
-2354.273625682339
3750.0
3750.0
3750.0
3750.0
-3750.0
-3750.0
-3750.0
-3337.809917355373
-2826.861919449947
3750.0
3750.0
3750.0
3750.0
3750.0
-1590.909090909091
2030.0581184162725
2423.2997012804763
1349.6171054679917
1912.567013180741
0.0
0.0
0.0
0.0
0.0
0.0
0.0
0.0
0.0
-795.4545454545455
2692.3076923076896
0.0
3750.0
3750.0
3750.0
0.0
0.0
-492.4242424242425
385.13513513513385
461.3990219774041
-1515.1515151515152
2016.7731629392986
1355.6711964285232
2220.6505415682295
3750.0
3322.4196051720387
2959.608044153083
-1060.6060606060607
3221.8309859155006
-984.848484848485
1070.004832085044
-883.4592022151521
-1627.02435247848
-2575.371489805387
-2531.6433466444705
-3012.9521097526913
-2548.6860218003258
3750.0
3750.0
3750.0
3750.0
-3750.0
-3750.0
-3750.0
3750.0
3750.0
3750.0
3750.0
3750.0
3750.0
-2183.5259304989295
-1663.7075760121922
-3750.0
-3646.1892797605915
-2521.778759717192
-3453.6323582033847
-3536.3601120508465
-3750.0
3750.0
3750.0
3750.0
3750.0
3750.0
3750.0
3750.0
3750.0
-3750.0
-3750.0
-3184.074662430502
-3200.383524510332
-3563.713470816877
-3395.522068023087
3750.0
3750.0
3750.0
3750.0
3750.0
3750.0
3750.0
3750.0
-3750.0
-3750.0
-3750.0
-3750.0
3750.0
3750.0
3750.0
3750.0
3750.0
3750.0
-3750.0
-3750.0
-3750.0
-3750.0
-3750.0
-3750.0
3750.0
3750.0
3750.0
3750.0
3750.0
3750.0
3750.0
-3750.0
-3750.0
-3750.0
-3750.0
-3750.0
-3750.0
3750.0
3750.0
3750.0
3750.0
3750.0
3750.0
3750.0
3750.0
3750.0
3750.0
3750.0
3750.0
3750.0
3750.0
-3750.0
-3750.0
-3750.0
-3750.0
-3750.0
-3750.0
3750.0
3750.0
3750.0
3750.0
3750.0
3750.0
3750.0
3750.0
-3750.0
-3750.0
-3750.0
-3750.0
3750.0
3750.0
3750.0
3750.0
3750.0
3750.0
3750.0
3750.0
3750.0
-3750.0
-3750.0
-3750.0
-3750.0
-3750.0
3750.0
3750.0
3750.0
3750.0
3750.0
3750.0
3750.0
3750.0
3750.0
3750.0
-3750.0
-3750.0
-3750.0
-3750.0
3750.0
3750.0
3750.0
3750.0
3750.0
3750.0
-3750.0
-3750.0
-3750.0
-3750.0
-3750.0
3750.0
3750.0
3750.0
3750.0
3750.0
3750.0
3750.0
3750.0
-3750.0
-3750.0
-3750.0
-3750.0
-3750.0
-3750.0
3750.0
3750.0
3750.0
3750.0
3750.0
3750.0
3750.0
3750.0
3750.0
-3750.0
-3750.0
-3750.0
-3750.0
-3750.0
-3591.048522030118
-3750.0
-2250.7201094082266
3750.0
3750.0
3750.0
3750.0
3750.0
3750.0
3750.0
3750.0
3750.0
0.0
0.0
0.0
0.0
0.0
0.0
0.0
0.0
3750.0
-1553.0303030303032
-961.2676056338032
-920.701469384763
722.771316106524
3750.0
-2613.636363636364
-1004.949652186604
-730.918456112536
-975.9357243986688
-627.4345638553348
-36.3304450422188
1206.4878518420182
2832.5580556213863
3723.0019268662554
0.0
0.0
0.0
-113.63636363636364
3750.0
2.3510971786847676
49.84858840873653
453.5662724884123
1859.7140709888254
-2196.969696969697
1933.6234578333588
2916.4954506542635
3656.60026854965
-189.3939393939394
3750.0
0.0
0.0
0.0
0.0
3750.0
3750.0
956.7940444128262
1208.4395196300284
3750.0
2032.7754334337214
1017.1495813390763
572.0046338724135
-1666.6666666666667
-1295.4545454545453
-1320.7773512476006
-1311.24696673774
-434.85105127656175
3202.5825690391657
1171.528267216783
3750.0
-2818.6274509803934
-2879.3726040525735
3750.0
2618.2498873164113
3750.0
-3276.745782225569
-3540.6433234885217
-3629.7187083174713
-3750.0
-3750.0
-3750.0
-3750.0
3750.0
3750.0
3750.0
3750.0
3750.0
3750.0
3750.0
3750.0
3750.0
3750.0
3750.0
-3750.0
-3750.0
-3750.0
-3750.0
-3750.0
-3408.2733812949655
-3239.5592544202154
-1897.9673260817308
3750.0
3750.0
3750.0
3750.0
3750.0
3750.0
3750.0
3750.0
3750.0
3750.0
634.6153846154011
3750.0
3750.0
-2460.0181050090514
-1298.3148916712526
-589.581212901667
-572.0968988220284
-237.3017671773555
500.9397757554118
1510.1713846458938
2143.392967683634
2160.8940270165385
2620.76384210903
2655.857194120681
-1666.6666666666667
2634.740259740265
2661.8293749888417
-871.2121212121214
1973.6842105263277
-1553.0303030303032
1110.7276412819353
949.6715679368601
-821.219803263758
-1943.9525142456544
-2512.9901591688968
-3126.348826656268
-3649.2562165905874
-3750.0
-3750.0
-3750.0
3750.0
3750.0
3750.0
3750.0
3750.0
3750.0
3750.0
-3750.0
-3750.0
-3750.0
-3750.0
-3750.0
-3750.0
3750.0
3750.0
3750.0
3750.0
3750.0
3750.0
-3750.0
-3750.0
-3750.0
-3750.0
3750.0
3750.0
3750.0
3750.0
3750.0
3750.0
3750.0
-3624.902458056965
-3750.0
-3750.0
3750.0
3750.0
3750.0
3750.0
3750.0
3750.0
3750.0
-3750.0
-3750.0
3750.0
3750.0
3750.0
-3750.0
3750.0
3750.0
3750.0
3750.0
-3750.0
-3750.0
-3750.0
-3750.0
-3750.0
3750.0
3750.0
3750.0
3750.0
3750.0
3750.0
3750.0
3750.0
3750.0
3750.0
3750.0
3750.0
3750.0
3750.0
3750.0
3750.0
-1401.5151515151515
3750.0
3750.0
3750.0
0.0
0.0
3750.0
3750.0
3750.0
0.0
0.0
0.0
0.0
0.0
0.0
0.0
3750.0
2987.7225047679576
-2272.727272727273
-991.379310344827
-2103.9232053422375
-2156.1462974541864
3750.0
3750.0
3750.0
-3750.0
-3750.0
-3750.0
-3750.0
-3750.0
3750.0
3750.0
3750.0
3750.0
3750.0
3750.0
3750.0
3750.0
3750.0
-3750.0
-3750.0
-3750.0
-3750.0
-3750.0
-3750.0
-3750.0
-3750.0
3750.0
3750.0
3750.0
3750.0
3750.0
3750.0
3750.0
3750.0
3750.0
-3750.0
-3750.0
-3750.0
-3750.0
-2979.0351668169524
-3265.510243164862
-3750.0
-3750.0
3750.0
3750.0
3750.0
3750.0
3750.0
3750.0
3750.0
3750.0
-3750.0
-3750.0
-3750.0