Demand
3750.0
3750.0
3750.0
3750.0
3750.0
3750.0
3750.0
3750.0
3750.0
3750.0
3750.0
3750.0
3750.0
3750.0
3750.0
3750.0
3750.0
3750.0
3750.0
3750.0
3750.0
3750.0
3750.0
3750.0
3750.0
3750.0
3750.0
3750.0
3750.0
3750.0
3750.0
3750.0
3750.0
3750.0
3750.0
3750.0
3750.0
3750.0
3750.0
3750.0
3750.0
806.8752855185012
2448.0110411540354
-2765.1515151515155
3750.0
3750.0
839.1546294103728
-500.72020792931835
3750.0
1897.9600949740438
3750.0
3750.0
3750.0
3750.0
3750.0
-3750.0
-3750.0
3750.0
3750.0
3750.0
3750.0
-3417.832167832168
-3750.0
-3750.0
-3750.0
-3750.0
-3750.0
-3750.0
-3750.0
3750.0
3750.0
3750.0
3750.0
3750.0
3750.0
3750.0
3750.0
3750.0
-3750.0
-3750.0
-2086.12313219564
-2204.1839725550753
3750.0
3750.0
3750.0
3750.0
3750.0
3750.0
3363.5947959793575
239.42734413483868
3750.0
3750.0
-3332.1114369501474
-3382.507266144533
-3437.2286999654907
-3625.3262661594745
-3086.383613285365
-1894.7209135898584
3715.0593542451834
3750.0
3750.0
3750.0
3750.0
3750.0
3750.0
0.0
3750.0
3750.0
3750.0
3750.0
3750.0
2151.431514447203
3300.6583738781064
261.44601766331084
-1130.0460061607946
-1774.5990905915933
-1756.1618318990522
-2076.206016549515
-2230.1806173998048
-2990.3259236251297
3750.0
3750.0
3750.0
3750.0
3750.0
3750.0
-3750.0
-3750.0
-3750.0
-3750.0
3750.0
3750.0
3750.0
3750.0
3750.0
3750.0
-3750.0
-3750.0
-3750.0
3750.0
3750.0
3750.0
3750.0
3750.0
3750.0
-3750.0
-3750.0
-3750.0
3750.0
3750.0
3750.0
3750.0
3750.0
3750.0
1826.4599638771836
2265.8964194429846
-1287.878787878788
869.7718631178689
-540.7913200870464
-85.75783885541932
3750.0
-1636.4393098577348
-2126.913727127947
-2784.736919421842
-2886.718626373863
-2996.5798706243513
-3443.285686600416
-3750.0
3750.0
3750.0
3750.0
3750.0
3750.0
3750.0
3750.0
3750.0
-3750.0
3750.0
3750.0
3750.0
-3750.0
3750.0
3750.0
3750.0
3750.0
-3750.0
-3750.0
-3750.0
3750.0
3750.0
3750.0
3750.0
3750.0
-3750.0
-3750.0
-3750.0
-3637.2537384286743
-3750.0
-3750.0
-3750.0
3750.0
3750.0
3750.0
3750.0
3750.0
3750.0
3750.0
-3750.0
-3750.0
3750.0
3750.0
3750.0
3750.0
3750.0
3750.0
-3750.0
-3750.0
-3750.0
3750.0
3750.0
3750.0
3750.0
-3750.0
-3750.0
-3750.0
-3274.603836530444
-3750.0
3750.0
3750.0
3750.0
3750.0
3750.0
3750.0
3750.0
3750.0
3750.0
3750.0
3750.0
-3397.495361781077
-1396.224344681076
-584.2862867587648
407.9944211645095
1261.567478609819
1975.7985536703236
2663.0508975279226
3134.644285629094
2830.7301309947875
-1325.757575757576
2519.0839694656443
0.0
0.0
0.0
3750.0
3750.0
3750.0
0.0
0.0
0.0
-795.4545454545455
3750.0
3750.0
3750.0
3750.0
3750.0
0.0
0.0
-492.4242424242425
1784.7532493907383
2007.8120183817753
2377.7949510835415
39.35154858087003
-263.65688672930946
329.544371554927
1909.1453671073796
2467.5184141850814
3238.6674027971
2485.9454273295696
1417.218478901947
-984.848484848485
899.4464944649426
-1144.5746225045705
-1044.3974039876232
3750.0
-2799.7888419648825
-3251.105088715257
-3491.011697880059
3750.0
3750.0
3750.0
3750.0
-3750.0
-3750.0
-3750.0
-3750.0
-3750.0
-3750.0
3750.0
3750.0
3750.0
3750.0
3750.0
3750.0
3750.0
3750.0
3750.0
3750.0
-3750.0
3750.0
3750.0
3750.0
-3750.0
-3750.0
-3750.0
-3750.0
-3750.0
3750.0
3750.0
3750.0
3750.0
3750.0
-3657.4675324675327
-3750.0
-3396.870362776539
-350.5168645209951
3750.0
3750.0
3750.0
3750.0
3750.0
-3750.0
-3750.0
-3750.0
-3750.0
3750.0
3750.0
3750.0
3750.0
3750.0
3750.0
3750.0
3750.0
3750.0
-3750.0
-3750.0
-3750.0
-3750.0
-3750.0
3750.0
3750.0
3750.0
3750.0
3750.0
3750.0
3750.0
3750.0
-3750.0
3750.0
3750.0
3750.0
-3750.0
-3750.0
3750.0
3750.0
3750.0
3750.0
3750.0
-3750.0
-3750.0
-3750.0
-3750.0
-3750.0
-3750.0
3750.0
3750.0
3750.0
3750.0
3750.0
3750.0
3750.0
-3750.0
-3750.0
-3750.0
-3750.0
3750.0
3750.0
3750.0
3750.0
3750.0
3750.0
3750.0
3750.0
3750.0
-3750.0
-3750.0
3750.0
3750.0
3750.0
3750.0
3750.0
-3750.0
3750.0
3750.0
3750.0
3750.0
3750.0
3750.0
-3750.0
3750.0
3750.0
-3750.0
-3750.0
3750.0
3750.0
3750.0
3750.0
3750.0
3750.0
3750.0
-3750.0
3750.0
3750.0
3750.0
3750.0
-3750.0
3750.0
3750.0
3750.0
-3750.0
-3750.0
-3750.0
-3750.0
-3750.0
3750.0
3750.0
3750.0
3750.0
3750.0
3750.0
3750.0
3750.0
3750.0
3750.0
-3750.0
-3750.0
-3750.0
-3750.0
-3750.0
3750.0
3750.0
3750.0
3750.0
3750.0
3750.0
3750.0
-3750.0
-3750.0
-3750.0
-3641.2085976039452
-3750.0
-3422.0220622672714
-2793.797994268062
1037.7444009447095
3750.0
1546.8069728147157
3750.0
3750.0
3750.0
3750.0
3750.0
3750.0
0.0
3750.0
0.0
0.0
0.0
0.0
0.0
0.0
-1553.0303030303032
-1092.7914110429454
-1260.25615515617
-687.8345524784979
-364.74377740587715
314.02552894664836
2816.576100716732
1423.498508403809
3750.0
-1220.4142011834322
-768.5009827803124
223.84976690537815
1629.8441514127799
2591.882248758443
0.0
0.0
0.0
-113.63636363636364
-109.86269657539788
205.75713102937925
130.5865681916548
221.00271515103395
502.54506316960783
1120.732880046675
3625.9897764200305
-984.848484848485
3750.0
3750.0
3750.0
0.0
0.0
0.0
0.0
0.0
-416.6666666666667
109.34819897084117
332.0577407479184
-454.54545454545456
1697.3684210526317
-1477.2727272727275
3249.9999999999795
-1666.6666666666667
-1115.17719568567
-1194.643942634577
-1309.9901567689221
-910.9960581393109
-526.9772198613282
2839.4985130263494
2623.5607179856634
3750.0
-3484.8484848484854
-3242.7668507278786
-3285.4631290617344
-3117.792287684294
-3126.7252262486645
-3428.659610219269
-3489.807661060241
-3750.0
3750.0
3750.0
3750.0
3750.0
3750.0
3750.0
3750.0
3750.0
3750.0
3750.0
-3750.0
-3750.0
-3750.0
-3750.0
-3750.0
-3750.0
3750.0
3750.0
3750.0
3750.0
3750.0
3750.0
3750.0
3750.0
3750.0
3750.0
3750.0
3750.0
3750.0
3750.0
-2225.9358288770063
-1653.7380204806177
-2668.0668110916704
-2611.887070623433
-80.561778047811
-1319.4921947729342
2402.332657740498
3750.0
1877.667553136569
2454.6078847698204
2802.486635987868
1799.3808292160222
3750.0
2241.477272727272
2917.648100329042
3750.0
2930.654729224707
3460.1189821821804
3013.438671975363
-871.2121212121214
1973.6842105263277
-1553.0303030303032
2795.557228915658
1128.3945946851707
-2310.606060606061
3750.0
3750.0
3750.0
-3646.8039395548694
-3750.0
-3750.0
-3750.0
-3750.0
-3750.0
3750.0
3750.0
3750.0
3750.0
3750.0
3750.0
3750.0
3750.0
3750.0
3750.0
-3750.0
-3750.0
-3750.0
-3750.0
-3750.0
3750.0
3750.0
3750.0
3750.0
3750.0
3750.0
3750.0
-3750.0
-3750.0
3750.0
3750.0
3750.0
-3750.0
-3613.8568383920046
-3750.0
-3750.0
-3750.0
3750.0
3750.0
3750.0
3750.0
3750.0
3750.0
3750.0
3750.0
3750.0
3750.0
-3750.0
-3750.0
-3750.0
3750.0
3750.0
3750.0
3750.0
3750.0
3750.0
-3750.0
-3750.0
-3750.0
-2964.214597533891
-2617.5477159810434
-2214.2476916993046
-1553.6383505788563
1657.8645559496179
3750.0
3750.0
3750.0
3750.0
3750.0
3750.0
3750.0
3750.0
-1644.520829058076
919.0393244118056
1999.670297290706
3750.0
3750.0
0.0
0.0
0.0
0.0
0.0
0.0
0.0
0.0
3750.0
3750.0
0.0
0.0
0.0
0.0
-530.3030303030304
-709.4594594594607
-1107.3394836693697
-2122.5932476819153
-1687.5011901287553
3750.0
3750.0
3750.0
3750.0
3750.0
-3750.0
-3750.0
-3750.0
-3750.0
-3750.0
-3750.0
3750.0
3750.0
3750.0
3750.0
3750.0
3750.0
3750.0
3750.0
3750.0
-3750.0
3750.0
3750.0
-3750.0
-3750.0
-3750.0
3750.0
3750.0
3750.0
3750.0
3750.0
3750.0
3750.0
3750.0
3750.0
-3750.0
-3750.0
-3750.0
-2076.4462809917377
-1708.762886597946
3750.0
3750.0
3750.0
3750.0
3750.0
3750.0
3750.0
3750.0
-3750.0
-3750.0
3750.0
3750.0
3750.0