Demand
-3750.0
3750.0
3750.0
3750.0
3750.0
3750.0
3750.0
3750.0
3750.0
3750.0
3750.0
3750.0
3750.0
3750.0
-950.0261985852774
-2778.6950784074425
-3750.0
-3750.0
-3750.0
3750.0
3750.0
3750.0
3750.0
3750.0
3750.0
3750.0
3750.0
931.0542398777691
1646.0487204797444
2019.3209951339084
1942.3572565356435
-455.124360900488
817.1277346497607
2924.3884891253556
-1553.0303030303032
3750.0
3750.0
0.0
0.0
0.0
-1325.757575757576
-957.4468085106398
-1136.2866254733929
-1340.959425725129
-1197.5084600506107
115.15241486300556
2078.5835639187735
3750.0
3750.0
-3229.039727029005
-3507.189695842125
-3750.0
-3750.0
-3750.0
3750.0
3750.0
3750.0
3750.0
3750.0
3750.0
3750.0
3750.0
-3750.0
-3750.0
-3750.0
-3750.0
-3750.0
-3750.0
3750.0
3750.0
3750.0
3750.0
3750.0
3750.0
3750.0
3750.0
3750.0
3750.0
3750.0
-3750.0
-3006.6429386513073
-3227.9826190577915
-532.0976781069494
1042.6972907069246
-1187.5075865077995
1840.584500925081
2980.204982067524
1524.9004863047528
1261.1148592905427
940.71951401464
3750.0
39.774583734910266
3750.0
-3432.097044060234
-3484.809058335728
-3647.330019311904
-3230.69572695601
-2427.422101777347
562.50456144083
3750.0
3750.0
3750.0
3750.0
3750.0
0.0
3750.0
3750.0
3750.0
3750.0
0.0
-568.1818181818182
3750.0
3750.0
3750.0
595.002823263696
395.28864685296844
3750.0
2429.3038536596605
3750.0
-3584.0680362638286
-3568.0901510885406
-3750.0
-3750.0
-3750.0
-3750.0
-3750.0
3750.0
3750.0
3750.0
3750.0
3750.0
3750.0
3750.0
3750.0
-3055.4181592538926
-3197.960344438894
-3750.0
-3750.0
-3750.0
3750.0
3750.0
3750.0
3750.0
3750.0
3750.0
3750.0
3750.0
-3750.0
-2771.2476102939527
-3135.520168146136
-1542.5891038765822
2019.8193385510103
2057.472190713701
2442.7845901092523
3750.0
3750.0
3750.0
2086.039759728439
209.699217444826
114.69961760206934
210.65918603145315
3750.0
-3181.818181818182
-2780.4473549923478
-2842.819759297039
-2868.90344241194
-3212.3589985715926
3750.0
3750.0
3750.0
3750.0
3750.0
3750.0
3750.0
-3750.0
-3750.0
-3750.0
-3750.0
-3750.0
3750.0
3750.0
3750.0
3750.0
3750.0
3750.0
3750.0
3750.0
3750.0
-3750.0
-3750.0
-3750.0
3750.0
3750.0
3750.0
3750.0
3750.0
3750.0
-3750.0
-3750.0
-3750.0
-3750.0
-3750.0
3750.0
3750.0
3750.0
3750.0
3750.0
3750.0
3750.0
3750.0
3750.0
3750.0
-3750.0
-3750.0
-3750.0
-3750.0
3750.0
3750.0
3750.0
3750.0
3750.0
-3750.0
-3750.0
3750.0
3750.0
3750.0
3750.0
3750.0
3750.0
3750.0
-3750.0
3750.0
-3750.0
-3750.0
-3750.0
-3750.0
-3750.0
-2750.6493506493516
3750.0
3750.0
3750.0
3750.0
3750.0
3750.0
3750.0
3750.0
-946.969696969697
3750.0
3750.0
3750.0
3750.0
3750.0
3750.0
0.0
0.0
0.0
0.0
0.0
-795.4545454545455
1927.966101694914
0.0
0.0
3750.0
3750.0
3750.0
3750.0
3750.0
913.6363636363646
1134.8303640293664
1462.5630510450871
-546.847533887677
-717.2628945369743
18.887013767414828
1875.6843824892258
1881.3139732049494
-1098.4848484848485
3750.0
3750.0
-984.848484848485
3750.0
-328.0445969125217
-1141.1228707339724
-2170.196532207852
-1416.3207258329114
3750.0
3750.0
3750.0
3750.0
-3750.0
-3750.0
-3750.0
3750.0
3750.0
3750.0
3750.0
3750.0
3750.0
3750.0
3750.0
-2151.711924439198
-1625.222221923387
-3750.0
-3645.253113282235
-2526.4766579030775
-3460.466168115666
-3552.384706236032
-3750.0
3750.0
3750.0
3750.0
3750.0
3750.0
3750.0
3750.0
3750.0
3750.0
-3750.0
-3282.748585949669
-3289.8652718910844
-3583.663311890072
-3262.524318150783
3750.0
3750.0
3750.0
3750.0
3750.0
-3557.575795245666
-3750.0
-3750.0
-3750.0
-3750.0
3750.0
3750.0
3750.0
3750.0
3750.0
3750.0
3750.0
-3750.0
-3750.0
-3750.0
-3750.0
-3750.0
-3750.0
-3750.0
-3750.0
3750.0
3750.0
3750.0
3750.0
3750.0
3750.0
3750.0
3750.0
-3750.0
-3750.0
3750.0
3750.0
-3750.0
-3750.0
-3750.0
-3750.0
-3750.0
-3750.0
3750.0
3750.0
3750.0
3750.0
3750.0
3750.0
3750.0
3750.0
3750.0
3750.0
3750.0
3750.0
3750.0
3750.0
3750.0
-3750.0
-3750.0
3750.0
3750.0
3750.0
3750.0
-3750.0
-3750.0
-3750.0
3750.0
3750.0
3750.0
3750.0
3750.0
3750.0
3750.0
3750.0
3750.0
3750.0
3750.0
-3750.0
-3750.0
-3750.0
-3750.0
-3750.0
-3750.0
-3750.0
3750.0
3750.0
3750.0
3750.0
3750.0
3750.0
3750.0
3750.0
-3750.0
-3750.0
-3750.0
-3750.0
-3750.0
-3750.0
-3750.0
3750.0
3750.0
3750.0
3750.0
3750.0
3750.0
3750.0
3750.0
-3750.0
-3750.0
-3750.0
3750.0
3750.0
3750.0
3750.0
-3750.0
-3750.0
-3750.0
3750.0
3750.0
3750.0
3750.0
3750.0
3750.0
3750.0
-3750.0
3750.0
3750.0
3750.0
3750.0
3750.0
3750.0
-3750.0
3750.0
3750.0
3750.0
-3635.502754820938
-3750.0
-3406.537944477288
-2765.3449746660417
847.3446410592157
3272.508577184931
1933.2194007861617
3750.0
3750.0
3750.0
3750.0
3750.0
3750.0
3750.0
0.0
3750.0
0.0
0.0
0.0
0.0
0.0
-1553.0303030303032
517.2413793103458
3750.0
-603.0020703933744
-538.5652798805768
-434.444369207984
207.72013594041755
767.2743628268397
502.6872733478847
1357.3297351305853
2446.5363389292397
3557.1689630443007
3017.8792281104506
-681.8181818181819
3750.0
3750.0
3750.0
3750.0
-409.046949182346
-152.96226431910327
-246.91456722202975
-217.34120721096815
-54.12695112383881
356.2960881984061
2464.206042452449
2796.790906636381
-303.03030303030306
3750.0
0.0
3750.0
0.0
0.0
0.0
0.0
-416.6666666666667
123.96694214876129
345.05970498712213
-454.54545454545456
1814.5161290322587
-1477.2727272727275
3750.0
876.6233766233754
-1279.0474786198772
-1342.339056400506
-1420.1871589179646
-925.9688411710058
-76.96012006135197
3750.0
3750.0
-3333.3333333333335
-2657.447973713036
-2449.2953587357206
-1718.9698098996785
3750.0
3750.0
3750.0
3750.0
-3750.0
3750.0
3750.0
3750.0
3750.0
3750.0
3750.0
-3750.0
-3750.0
-3750.0
-3750.0
-3750.0
3750.0
3750.0
3750.0
3750.0
3750.0
3750.0
3750.0
3750.0
3750.0
-3557.6769277970243
-3427.579084539525
-3626.1897966059732
-3750.0
-3750.0
-3750.0
3750.0
3750.0
3750.0
3750.0
3750.0
3750.0
3750.0
3750.0
3750.0
3750.0
-1643.873802964713
-1120.983390488934
-1184.699702020728
-1039.257793072552
-654.2509045707702
-104.89491621010029
377.6701795918616
763.957715494538
1680.5776039316609
3750.0
1507.1959008706194
2124.6196626959895
-568.1818181818182
3750.0
1899.3506493506486
1717.6787463271305
1819.1516160448682
1506.2235137058212
-544.5089577240351
-1730.4465175625865
-2260.659228199629
-2858.7775267912266
-3500.140597118613
3750.0
3750.0
3750.0
3750.0
3750.0
3750.0
-3750.0
-3750.0
-3750.0
3750.0
3750.0
3750.0
3750.0
3750.0
3750.0
3750.0
-3750.0
-3750.0
-3750.0
3750.0
3750.0
3750.0
3750.0
3750.0
3750.0
3750.0
3750.0
-3750.0
-3750.0
-3750.0
-3750.0
3750.0
3750.0
3750.0
3750.0
3750.0
-3750.0
3750.0
3750.0
3750.0
3750.0
3750.0
-3071.488404902566
-3750.0
-3750.0
-3750.0
3750.0
3750.0
3750.0
3750.0
3750.0
3750.0
-3750.0
3750.0
3750.0
-3750.0
-3750.0
-3750.0
-3750.0
3750.0
3750.0
3750.0
3750.0
3750.0
3750.0
3750.0
3750.0
3750.0
-3416.0168903942995
3750.0
3750.0
3750.0
3750.0
3750.0
2779.933481152988
-492.4242424242425
3750.0
3750.0
0.0
0.0
0.0
0.0
0.0
0.0
0.0
0.0
0.0
3750.0
3750.0
3750.0
3750.0
-530.3030303030304
-748.2896237172181
-1217.837426934003
-2326.7689531706283
-2689.2877118322103
-3117.9853748143496
-2709.737831846257
3750.0
3750.0
3750.0
3750.0
-3750.0
-3750.0
-3750.0
-3750.0
-3750.0
-3750.0
3750.0
3750.0
3750.0
3750.0
3750.0
3750.0
3750.0
3750.0
-3750.0
-3750.0
-3750.0
-3750.0
-3750.0
-3750.0
3750.0
3750.0
3750.0
3750.0
3750.0
3750.0
3750.0
3750.0
3750.0
-3750.0
-3750.0
-3750.0
-2606.951871657756
-2497.162763970695
3750.0
3750.0
3750.0
3750.0
3750.0
3750.0
-3750.0
-3750.0
-3750.0
-3750.0
3750.0
3750.0
3750.0