Demand
11250.0
11250.0
11250.0
11250.0
11250.0
11250.0
11250.0
11250.0
11250.0
11250.0
11250.0
11250.0
11250.0
11250.0
11250.0
11250.0
-11250.0
-11250.0
-11250.0
11250.0
11250.0
11250.0
11250.0
11250.0
11250.0
11250.0
11250.0
11250.0
11250.0
-11250.0
-10496.585401674256
-10129.755072611435
-10603.070404828526
-11250.0
-11250.0
-11250.0
11250.0
11250.0
11250.0
11250.0
11250.0
11250.0
11250.0
-11250.0
-11250.0
-11250.0
11250.0
11250.0
11250.0
-11250.0
-11250.0
-11250.0
-11250.0
-11250.0
11250.0
11250.0
11250.0
11250.0
11250.0
11250.0
11250.0
11250.0
-11250.0
-11250.0
-11250.0
11250.0
11250.0
11250.0
11250.0
-11250.0
-11250.0
-11250.0
-11250.0
-11250.0
-11250.0
-11250.0
11250.0
11250.0
11250.0
11250.0
11250.0
11250.0
11250.0
-11250.0
-11250.0
-11250.0
-11250.0
-11250.0
11250.0
11250.0
11250.0
11250.0
11250.0
11250.0
11250.0
-11250.0
-11250.0
-11250.0
-10377.313554708766
11250.0
11250.0
11250.0
11250.0
11250.0
-11250.0
-11250.0
-11250.0
-11250.0
-11250.0
11250.0
11250.0
11250.0
11250.0
11250.0
11250.0
-11250.0
-11250.0
-11250.0
11250.0
11250.0
11250.0
11250.0
-11250.0
-10666.072241614816
-10531.031736199318
-9721.093634057117
-6912.609088316418
11250.0
11250.0
11250.0
11250.0
11250.0
11250.0
-11250.0
-11250.0
11250.0
11250.0
11250.0
-11250.0
-10647.268321339405
-11250.0
-11250.0
-11250.0
11250.0
11250.0
11250.0
11250.0
11250.0
-11250.0
-10964.077714114363
-10242.741688191429
-10829.001919272792
-10622.176101767269
-11250.0
11250.0
11250.0
11250.0
11250.0
11250.0
11250.0
11250.0
-11250.0
11250.0
-11250.0
-11250.0
-11250.0
-11250.0
-11250.0
-11250.0
-11250.0
11250.0
11250.0
11250.0
11250.0
11250.0
11250.0
11250.0
11250.0
-11250.0
11250.0
-11250.0
-11250.0
-11250.0
-11250.0
-11250.0
-11250.0
-9661.870781356312
-9211.2957292219
11250.0
11250.0
11250.0
11250.0
11250.0
11250.0
11250.0
11250.0
11250.0
-10332.563338301046
-10497.923375961542
-11250.0
-11250.0
-11250.0
-11250.0
-11250.0
11250.0
11250.0
11250.0
11250.0
11250.0
11250.0
-11250.0
-11250.0
-11250.0
11250.0
11250.0
11250.0
11250.0
11250.0
11250.0
-11002.91057716126
-10978.919806028243
-10027.453523335655
-9116.870931883179
-9508.958432080992
-9432.51503252313
-10067.710508959444
11250.0
11250.0
11250.0
11250.0
11250.0
11250.0
11250.0
11250.0
-11004.693007623577
-11250.0
-11250.0
-11250.0
11250.0
11250.0
11250.0
11250.0
-11250.0
-11250.0
-10420.609035265927
-9955.579169614728
-4112.553491251621
11250.0
11250.0
11250.0
11250.0
11250.0
11250.0
-11250.0
11250.0
11250.0
-11250.0
-11250.0
11250.0
11250.0
11250.0
11250.0
-11250.0
11250.0
11250.0
-10780.133724125299
-10203.033125693233
-10646.278715480097
-10120.652263188516
-10164.131471986806
-9921.86129883668
11250.0
11250.0
11250.0
11250.0
11250.0
11250.0
-10796.33887513265
11250.0
-10995.762930596382
-8704.799853546781
-9979.361815434837
-10870.13625843067
-11250.0
-11250.0
-11250.0
11250.0
11250.0
11250.0
11250.0
11250.0
11250.0
11250.0
-10240.805196834444
-10145.602344639501
-10010.216329766132
-10526.347331138557
-10793.05253122278
-11250.0
-11250.0
11250.0
11250.0
11250.0
11250.0
11250.0
11250.0
11250.0
11250.0
-11250.0
-11250.0
-11250.0
-11250.0
-11250.0
11250.0
11250.0
11250.0
11250.0
11250.0
11250.0
-11250.0
-11250.0
-11250.0
11250.0
11250.0
11250.0
-11250.0
-11250.0
-11250.0
-11250.0
-10796.926519076784
-11250.0
-11250.0
-11250.0
11250.0
11250.0
11250.0
11250.0
11250.0
11250.0
11250.0
11250.0
11250.0
-10250.393352008512
-10703.930576333889
-10635.03430975059
-10527.909314892215
-9883.226585152162
-9934.601428524467
-9768.115757936132
11250.0
11250.0
11250.0
11250.0
11250.0
11250.0
11250.0
11250.0
-10017.537958869885
-10713.684319016633
-11250.0
-11250.0
-11250.0
-11250.0
-11250.0
11250.0
11250.0
11250.0
11250.0
11250.0
11250.0
11250.0
11250.0
-11250.0
-11250.0
-11250.0
11250.0
11250.0
11250.0
11250.0
11250.0
-11250.0
-11250.0
-11250.0
-11250.0
-11250.0
-11250.0
11250.0
11250.0
11250.0
11250.0
11250.0
11250.0
11250.0
11250.0
11250.0
-11250.0
-11250.0
-11250.0
-10888.25346233041
-11250.0
-6537.255432463477
-408.5638376253919
11250.0
11250.0
11250.0
11250.0
11250.0
11250.0
11250.0
-11250.0
-11250.0
-11250.0
-10209.009740259742
-9533.830985309694
-10657.073237696652
-10039.86646291902
11250.0
11250.0
11250.0
11250.0
11250.0
11250.0
11250.0
11250.0
-8658.138893992287
-8679.193964691814
-8645.814651903678
-8505.845581290348
-8108.082533877769
-8259.126207155648
11250.0
-1102.2174392591933
11250.0
11250.0
11250.0
11250.0
-11250.0
-10980.324014937265
-10248.602947176714
-9817.148249147624
-10093.332799289667
11250.0
11250.0
11250.0
11250.0
11250.0
-11250.0
-11250.0
-10147.388950804012
-9761.034432289573
-10364.027658354305
11250.0
11250.0
11250.0
11250.0
11250.0
11250.0
11250.0
-11250.0
-10232.294301443239
-9831.11927935851
-9611.616652354867
-9237.358665430475
-9019.388917706834
-10159.361965464777
11250.0
11250.0
11250.0
11250.0
11250.0
11250.0
11250.0
-10424.41527787712
-9749.132243606735
-10467.623876329777
11250.0
11250.0
11250.0
11250.0
-11250.0
11250.0
-11250.0
-11250.0
-10933.903687553324
-10510.408238640743
-8493.06135848675
-8783.584307508561
-9102.671532811692
-11250.0
11250.0
11250.0
11250.0
11250.0
11250.0
11250.0
11250.0
11250.0
-9292.964916485238
-10256.497994662466
-9471.718832881488
-8109.069211571666
11250.0
-11250.0
11250.0
11250.0
11250.0
11250.0
-11250.0
-10528.107773971482
-9594.951875380393
-7577.747629503498
11250.0
11250.0
11250.0
11250.0
11250.0
-11250.0
-9523.183926202633
-6842.556189191619
11250.0
11250.0
11250.0
11250.0
-10977.379012258203
-11250.0
-11250.0
-11250.0
11250.0
11250.0
11250.0
11250.0
11250.0
11250.0
-10561.018921984123
-10467.164254289382
-10618.343582304246
-10809.17994054003
-11250.0
11250.0
11250.0
11250.0
11250.0
11250.0
-11250.0
11250.0
-10477.349965242913
-10964.134787948129
-11250.0
-11250.0
-11250.0
-11250.0
11250.0
11250.0
11250.0
11250.0
11250.0
11250.0
11250.0
11250.0
-6931.818181818191
11250.0
11250.0
-9819.436698271056
-10194.456836263758
-9724.990679631701
-10498.983703616457
-11250.0
-11250.0
11250.0
11250.0
11250.0
11250.0
11250.0
11250.0
-11250.0
-11250.0
11250.0
11250.0
-11250.0
-11250.0
-10908.006251211991
-8625.33549627387
-6875.202865201035
-1445.4353010476316
11250.0
11250.0
4829.335122533124
11250.0
11250.0
11250.0
11250.0
-8929.78290366349
11250.0
-11014.278336869858
-10996.48825743523
-10972.596541242252
-10938.820297047208
-11250.0
-11250.0
-11250.0
-11250.0
11250.0
11250.0
11250.0
11250.0
11250.0
11250.0
11250.0
11250.0
11250.0
-11250.0
11250.0
-11250.0
-10385.082276773675
-7379.1225419988305
11250.0
11250.0
11250.0
11250.0
-11250.0
-11250.0
11250.0
11250.0
-11250.0
-11250.0
-11250.0
-11250.0
-11250.0
-8611.450430757377
11250.0
11250.0
11250.0
11250.0
11250.0
11250.0
11250.0
11250.0
-11250.0
-11250.0
-10430.037143031113
-10641.706559178216
-10898.922007510682
-11250.0
-11250.0
-8976.626816594078
-11250.0
11250.0
11250.0
11250.0
11250.0
11250.0
11250.0
11250.0
11250.0
-10742.160005847134
-10673.952404124298
-10905.761337788597
-11250.0
-11250.0
11250.0
11250.0
11250.0
11250.0
11250.0
11250.0
11250.0
-11250.0
11250.0
11250.0
-11250.0
11250.0
11250.0
-11250.0
-11250.0
-10809.559436785552
-9598.344720280165
11250.0
11250.0
11250.0
11250.0
11250.0
11250.0
-11250.0
-11250.0
-11250.0
-11250.0
-11250.0
11250.0
11250.0
11250.0
11250.0
11250.0
11250.0
11250.0
11250.0
-11250.0
-11250.0
11250.0
11250.0
-9932.588597842834
-7751.161771044409
-4251.893054296081
11250.0
11250.0
10257.221225524558
10422.5784347515
2647.505110126798
11250.0
-3977.7300164624126
-1954.935128882713
1036.9516299215056
3419.320643610192
4184.821346979672
-3750.0000000000005
8863.63636363636
-5795.454545454547
2188.175490016484
3870.0163245225945
5686.615527390048
4062.66092204812