Demand
11250.0
11250.0
11250.0
11250.0
11250.0
11250.0
11250.0
11250.0
11250.0
11250.0
11250.0
11250.0
11250.0
11250.0
11250.0
11250.0
11250.0
11250.0
-11250.0
-11250.0
-11250.0
11250.0
11250.0
11250.0
11250.0
11250.0
11250.0
11250.0
11250.0
11250.0
11250.0
11250.0
-10783.708100851618
-11250.0
-11250.0
-11250.0
-11250.0
-11250.0
-11250.0
11250.0
11250.0
11250.0
11250.0
11250.0
11250.0
11250.0
-11250.0
-11250.0
-11250.0
-11250.0
11250.0
11250.0
11250.0
11250.0
11250.0
-11250.0
-11250.0
-11250.0
11250.0
11250.0
11250.0
11250.0
-11250.0
-11250.0
-11250.0
-11250.0
11250.0
11250.0
11250.0
11250.0
11250.0
-11250.0
-11250.0
-11250.0
-11250.0
-11250.0
-9572.644470898442
-8478.304071362432
-3350.2064262784625
11250.0
11250.0
11250.0
11250.0
11250.0
11250.0
11250.0
11250.0
-11250.0
-11250.0
-10256.584043377228
-9234.460144897635
-10714.143760261592
-11250.0
11250.0
11250.0
11250.0
11250.0
11250.0
11250.0
11250.0
11250.0
-10739.75532126517
-10955.848164565956
-10884.89474333583
-11250.0
-11250.0
11250.0
11250.0
11250.0
11250.0
11250.0
11250.0
-10688.657154112141
-10383.63396870442
-7368.101616437423
11250.0
11250.0
11250.0
-11250.0
-11250.0
-11250.0
-11250.0
11250.0
11250.0
11250.0
11250.0
11250.0
11250.0
11250.0
-11250.0
-11250.0
-11250.0
-11250.0
-11250.0
-11250.0
-11250.0
11250.0
11250.0
11250.0
11250.0
11250.0
11250.0
11250.0
-11250.0
-11250.0
-11250.0
-11250.0
11250.0
11250.0
11250.0
11250.0
11250.0
11250.0
-11250.0
11250.0
11250.0
-11250.0
-11250.0
-11250.0
-11250.0
-11250.0
-11250.0
11250.0
11250.0
11250.0
11250.0
11250.0
11250.0
-11250.0
-11250.0
-11250.0
-10854.166666666675
-11250.0
-11250.0
-11250.0
11250.0
11250.0
11250.0
11250.0
11250.0
11250.0
11250.0
11250.0
-11250.0
-11250.0
-11250.0
-10612.763974235375
-10877.91203791436
-11250.0
-11250.0
-11250.0
11250.0
11250.0
11250.0
11250.0
11250.0
11250.0
11250.0
11250.0
11250.0
-11250.0
-11250.0
-11250.0
-11250.0
-11250.0
11250.0
11250.0
11250.0
11250.0
11250.0
11250.0
11250.0
-11250.0
11250.0
11250.0
-11250.0
-11250.0
-11250.0
-11250.0
-10654.714541476034
-9370.234256106974
11250.0
11250.0
11250.0
11250.0
11250.0
11250.0
11250.0
11250.0
-11250.0
-11250.0
11250.0
11250.0
-11250.0
-10966.23751970573
-11250.0
-11250.0
-11250.0
11250.0
11250.0
11250.0
11250.0
11250.0
-11250.0
-10705.52262720083
-10621.438228228642
-10089.433877881289
-10713.75012693792
-11250.0
11250.0
11250.0
11250.0
11250.0
11250.0
11250.0
11250.0
-11250.0
-11250.0
-11250.0
-11250.0
-11250.0
11250.0
11250.0
11250.0
11250.0
11250.0
-10237.566607460038
-10679.478119416519
-10230.31480812261
-10364.925326985733
-10522.631544666063
-11250.0
11250.0
11250.0
11250.0
11250.0
11250.0
11250.0
-10951.833340741625
-10864.266594615357
-5564.6603165060405
-4404.700073242924
11250.0
11250.0
11250.0
11250.0
11250.0
-11250.0
-11250.0
-11250.0
-11250.0
-10035.127881275654
-9126.689012821556
-7937.813545014626
-1738.6069622242958
11250.0
11250.0
11250.0
11250.0
11250.0
11250.0
11250.0
11250.0
-10278.274128982564
-10462.38966197395
-10670.081742728387
-10588.12671855733
-10853.168638891915
-11250.0
-11250.0
-11250.0
11250.0
11250.0
11250.0
11250.0
11250.0
11250.0
11250.0
11250.0
-11250.0
-11250.0
-11250.0
-11250.0
-11250.0
-11250.0
-11250.0
11250.0
11250.0
11250.0
11250.0
11250.0
11250.0
11250.0
11250.0
11250.0
-11250.0
-11250.0
-11250.0
-11250.0
-10333.764958028223
-8146.171758547161
1293.034378281125
11250.0
11250.0
11250.0
11250.0
11250.0
11250.0
-10991.25408546181
-9744.142450880754
-2551.2235768920746
11250.0
11250.0
11250.0
-10542.728969583848
-9962.947419353972
-9814.775189477365
-9587.923708909799
-10429.315521907145
-11250.0
-11250.0
11250.0
11250.0
11250.0
11250.0
11250.0
11250.0
11250.0
-11020.941239507054
-11250.0
-11250.0
11250.0
11250.0
11250.0
11250.0
2740.909090908426
11250.0
-10782.076619033141
-11250.0
-11250.0
-11250.0
-11250.0
-11250.0
11250.0
11250.0
11250.0
11250.0
11250.0
11250.0
11250.0
-10753.195816385825
-10969.71009727872
-9916.022951952116
-10394.783105628572
-9883.238163889058
-11250.0
11250.0
11250.0
11250.0
11250.0
11250.0
11250.0
-10037.18222419374
-7425.080809306852
11250.0
11250.0
11250.0
-11250.0
-11250.0
-11250.0
-11250.0
11250.0
11250.0
11250.0
11250.0
11250.0
11250.0
-11250.0
11250.0
11250.0
-11250.0
-11250.0
-11250.0
-7340.932181864363
-6683.362773816432
-6117.210565097779
-4867.058860929434
-1228.8835078881784
11250.0
4687.483322808535
11250.0
11250.0
11250.0
11250.0
11250.0
11250.0
-11250.0
-10973.343605546997
-10166.338153130204
-9428.324943988759
11250.0
9205.868077822877
11250.0
11250.0
11250.0
-11250.0
-11250.0
-11250.0
-9910.44487427466
-9229.774225602465
-9441.211226635343
11250.0
11250.0
11250.0
11250.0
11250.0
11250.0
11250.0
-11250.0
-10166.693063034527
-9673.689218106061
-9285.766979270622
-8411.951074655022
-6080.2696502935905
11250.0
11250.0
11250.0
11250.0
11250.0
11250.0
-11250.0
-11250.0
-10044.718376041605
-7363.319291888237
11250.0
11250.0
11250.0
11250.0
-11250.0
-11250.0
-11250.0
-11250.0
-11250.0
-10690.932868352225
-9447.270993817598
6753.851384189333
11250.0
32.45616923801026
11250.0
11250.0
11250.0
11250.0
11250.0
11250.0
11250.0
-10377.748809793698
-9713.191580784358
-6531.647562624607
11250.0
11250.0
6019.532622195173
11250.0
11250.0
-11250.0
-11250.0
-11250.0
11250.0
11250.0
11250.0
11250.0
11250.0
-10239.826058418119
-9281.277601719496
-10284.800234377675
-10852.809443741218
-11250.0
-11250.0
11250.0
11250.0
11250.0
11250.0
11250.0
11250.0
11250.0
-11250.0
-11250.0
-11250.0
11250.0
11250.0
11250.0
11250.0
11250.0
-10304.726368159205
-10462.951160273624
-10338.60448735366
-10494.618707317433
-10697.80990790141
-11250.0
11250.0
11250.0
11250.0
11250.0
11250.0
11250.0
-11250.0
-10482.301192828643
-10970.653635508359
-11250.0
-11250.0
-11250.0
-11250.0
-11250.0
11250.0
11250.0
11250.0
11250.0
11250.0
11250.0
11250.0
11250.0
11250.0
-9172.142214221425
-9768.576185315294
-10169.684162098645
-9724.509370303414
-10531.882891466696
-11250.0
-11250.0
-3164.404700488176
11250.0
11250.0
11250.0
11250.0
11250.0
11250.0
11250.0
-11250.0
-11250.0
-11250.0
-11250.0
-10270.244461420934
11250.0
11250.0
11250.0
11250.0
11250.0
11250.0
-10254.968443668593
-10976.332411786192
-10937.107564039157
-9361.656052655839
-9295.260840901647
-9708.767156986574
-8045.008207698487
11250.0
11250.0
11250.0
11250.0
11250.0
11250.0
11250.0
-11250.0
-11250.0
-11250.0
-11250.0
-11250.0
-11250.0
11250.0
11250.0
11250.0
11250.0
11250.0
11250.0
11250.0
11250.0
-9724.986551909631
-10695.368015558382
-11250.0
-11250.0
-11250.0
-11250.0
-11250.0
11250.0
11250.0
11250.0
11250.0
11250.0
11250.0
11250.0
11250.0
-10112.469394063843
-10188.107445111786
-10723.283631800845
-11250.0
11250.0
11250.0
11250.0
11250.0
11250.0
-10292.31876927039
-10144.629375420678
11250.0
11250.0
11250.0
11250.0
-11250.0
-11250.0
-11250.0
11250.0
11250.0
11250.0
11250.0
-10267.863717361532
-10441.555044713576
-10639.670876204338
-10522.325905852078
-10775.552506076492
-11250.0
-11250.0
11250.0
11250.0
11250.0
11250.0
11250.0
11250.0
11250.0
-11250.0
11250.0
11250.0
-11250.0
-11250.0
-11250.0
-11250.0
-11250.0
-10270.551317868354
11250.0
11250.0
11250.0
11250.0
11250.0
11250.0
11250.0
11250.0
-11250.0
-11250.0
11250.0
11250.0
11250.0
-11250.0
-11250.0
11250.0
11250.0
11250.0
-11250.0
-11250.0
11250.0
11250.0
11250.0
11250.0
-10337.625692591835
-9272.697446777049
-8535.581732969276
-5454.839274274465
-4393.517368442892
-4097.980826051269
143.06116706991725
4075.887859331088
8803.036795869652
9332.785915663055
9794.217928379501
8302.68786731402
3950.5248077956444
-4431.818181818182
11250.0
11250.0
55.785123966938045
1032.7998882148895
2608.5077922242845
4364.896842944527
-3863.636363636364