Demand
11250.0
11250.0
11250.0
11250.0
11250.0
11250.0
11250.0
11250.0
11250.0
11250.0
11250.0
11250.0
-11250.0
11250.0
11250.0
11250.0
11250.0
11250.0
11250.0
11250.0
11250.0
11250.0
11250.0
11250.0
-11250.0
-11250.0
-11250.0
-11250.0
-11250.0
-11250.0
-6866.682931976644
11250.0
11250.0
11250.0
11250.0
11250.0
11250.0
11250.0
11250.0
11250.0
-10525.832862789382
-10681.466315801896
-10876.100902017697
-11250.0
11250.0
11250.0
11250.0
11250.0
11250.0
-11250.0
-11250.0
-11250.0
-11250.0
-11250.0
-11250.0
-11250.0
11250.0
11250.0
11250.0
11250.0
11250.0
11250.0
11250.0
11250.0
-11250.0
-11250.0
-11250.0
-11250.0
-11250.0
-11250.0
-11250.0
-11250.0
11250.0
11250.0
11250.0
11250.0
11250.0
11250.0
11250.0
11250.0
11250.0
-11250.0
-11250.0
11250.0
11250.0
-11250.0
-11250.0
11250.0
11250.0
11250.0
11250.0
-11016.03830951657
-11250.0
-11250.0
11250.0
11250.0
11250.0
11250.0
-11001.828631138978
-10680.231885192748
-10207.185606669675
-10292.571272239751
-10281.783227893593
11250.0
11250.0
11250.0
11250.0
11250.0
11250.0
-11250.0
-11250.0
-10355.767315226778
-10574.980147238195
-10449.503516847846
-10738.240618421813
-11250.0
-11250.0
11250.0
11250.0
11250.0
11250.0
11250.0
11250.0
11250.0
11250.0
11250.0
-10331.146673547293
-10454.104970042965
-10914.742145568456
-11250.0
-11250.0
11250.0
11250.0
11250.0
11250.0
-11250.0
-11250.0
-11250.0
-11250.0
11250.0
11250.0
11250.0
11250.0
11250.0
11250.0
-11250.0
-11250.0
-11250.0
-11250.0
-10137.911339583126
11250.0
11250.0
11250.0
11250.0
11250.0
11250.0
11250.0
-11250.0
11250.0
-11250.0
-11250.0
-11250.0
11250.0
11250.0
11250.0
11250.0
11250.0
-11250.0
-11250.0
-11250.0
11250.0
11250.0
11250.0
11250.0
-11250.0
-11250.0
-11250.0
-11250.0
-11250.0
-11250.0
11250.0
11250.0
11250.0
11250.0
11250.0
11250.0
11250.0
11250.0
-11250.0
-11250.0
-11250.0
-11250.0
11250.0
11250.0
11250.0
11250.0
-10453.65430168112
-9990.967075425935
-10022.558239663747
-11250.0
11250.0
11250.0
11250.0
11250.0
11250.0
11250.0
-11250.0
-11250.0
-11250.0
-11250.0
-11250.0
-11250.0
11250.0
11250.0
11250.0
11250.0
11250.0
11250.0
11250.0
-11005.388136563037
-10974.251054262408
-9944.361657984358
-8760.808450429697
-8806.062147076394
-6267.674879330163
11250.0
11250.0
11250.0
11250.0
11250.0
11250.0
-10458.658988070754
-10929.454411180937
-11250.0
-10104.035344409298
11250.0
11250.0
11250.0
11250.0
11250.0
-11250.0
-11250.0
-11250.0
-11250.0
-9268.284831316003
11250.0
11250.0
11250.0
11250.0
11250.0
11250.0
-11250.0
-11250.0
-11250.0
11250.0
11250.0
11250.0
11250.0
-11250.0
-11250.0
-11250.0
-11250.0
-11250.0
-11250.0
-8915.588027100828
11250.0
11250.0
11250.0
11250.0
11250.0
11250.0
11250.0
11250.0
11250.0
-11250.0
-11250.0
-11250.0
-10612.194151581465
11250.0
11250.0
11250.0
11250.0
11250.0
-11250.0
-11250.0
-11250.0
-11250.0
-11250.0
-11250.0
11250.0
11250.0
11250.0
11250.0
11250.0
11250.0
11250.0
11250.0
-10997.716734579179
-11250.0
-11250.0
-11250.0
-11250.0
-9697.18463126466
-1835.941365976374
11250.0
11250.0
11250.0
11250.0
11250.0
11250.0
11250.0
11250.0
-11250.0
-11250.0
-11250.0
-11250.0
11250.0
11250.0
11250.0
11250.0
11250.0
-11250.0
-11250.0
-11250.0
11250.0
11250.0
11250.0
11250.0
-11250.0
-10983.323629709725
-11250.0
-11250.0
-11250.0
-11250.0
-9630.86221991056
-11250.0
11250.0
11250.0
11250.0
11250.0
11250.0
11250.0
11250.0
11250.0
11250.0
-10742.078516469406
-10385.756392110557
-10564.297474536565
-10798.497979007792
-8171.4610414658055
11250.0
11250.0
11250.0
2756.7761867912304
11250.0
11250.0
11250.0
-10021.692908861052
-10694.21865483775
-11250.0
-11250.0
-11250.0
11250.0
11250.0
11250.0
11250.0
11250.0
11250.0
-11008.410880458126
-11250.0
-11250.0
11250.0
11250.0
11250.0
-11250.0
-9091.018798146924
11250.0
11250.0
-11250.0
11250.0
-11250.0
-11250.0
-11250.0
11250.0
11250.0
11250.0
-11250.0
-11250.0
-11250.0
-11250.0
-9899.301909790596
-8383.689883593259
11250.0
11250.0
11250.0
11250.0
11250.0
11250.0
-11009.537009998756
-11250.0
-9536.845446844749
-9660.85071075366
-10149.887347608084
-10346.664595791153
-9364.096202183464
-10102.785650270103
11250.0
11250.0
11250.0
11250.0
11250.0
11250.0
11250.0
11250.0
11250.0
-11005.574614065179
-11250.0
11250.0
11250.0
11250.0
-11250.0
-11250.0
-11250.0
-5537.305122494432
-222.46383472556954
11250.0
11250.0
11250.0
2735.825710605097
11250.0
-10652.608493129417
-9896.189079150838
11250.0
11250.0
-11250.0
-11250.0
-11250.0
-10594.455531542877
-2817.2595765354235
11250.0
11250.0
11250.0
11250.0
11250.0
11250.0
-11250.0
-11250.0
-11250.0
-10292.81123665388
-10119.262933590515
-10769.848213113462
-10513.17324310658
-11250.0
11250.0
11250.0
11250.0
11250.0
11250.0
11250.0
11250.0
11250.0
-10059.030119236468
-9961.376670615584
-10111.086270352542
-10924.468223387976
-11250.0
-11250.0
-11250.0
11250.0
11250.0
11250.0
11250.0
11250.0
11250.0
11250.0
11250.0
-11250.0
-11250.0
-11250.0
11250.0
11250.0
11250.0
-11250.0
-10959.710276143047
-10565.225919061864
-8638.091280683282
-8768.62623777406
-8486.79213841397
11250.0
11250.0
11250.0
11250.0
11250.0
11250.0
11250.0
-10458.914671757968
-9920.743881300165
-7669.4732612101325
-6198.393327771143
11250.0
11250.0
11250.0
11250.0
-11250.0
11250.0
11250.0
-11250.0
-11250.0
-10453.25119072272
-8967.87656433415
11250.0
11250.0
11250.0
11250.0
11250.0
-11250.0
-11250.0
-9760.452961672476
-8811.532549383479
-9524.231078431614
-6852.750646515717
-1347.3417168381566
11250.0
-4382.687723035342
11250.0
11250.0
11250.0
11250.0
11250.0
-11250.0
-11250.0
-10033.144662284856
-9836.202910457152
-9938.513996458038
-9399.132227394235
-8792.864318551165
11250.0
11250.0
11250.0
11250.0
11250.0
11250.0
11250.0
11250.0
-11250.0
-9558.233483566011
11250.0
11250.0
11250.0
11250.0
-11250.0
-11250.0
-11250.0
-11250.0
-11250.0
11250.0
11250.0
11250.0
11250.0
11250.0
11250.0
-10227.272727272728
-5677.950760318621
11250.0
11250.0
11250.0
-11250.0
-11250.0
-10508.694325808425
-10235.506332705005
-6499.853700364583
11250.0
486.28722199847834
11250.0
11250.0
11250.0
11250.0
11250.0
-11250.0
-11250.0
-10922.246358292869
-8839.391535366427
-7551.2534469612065
-4638.032277473812
2889.6507248898333
11250.0
11250.0
11250.0
4086.9026144353434
11250.0
11250.0
11250.0
-10763.69798085127
-10987.72980781399
-10961.313444371372
-10923.435859604011
-10864.595714274434
-11250.0
-11250.0
-11250.0
11250.0
11250.0
11250.0
11250.0
11250.0
11250.0
11250.0
11250.0
11250.0
-11250.0
-11250.0
11250.0
11250.0
11250.0
-10470.996153067423
-9450.923424489341
-10520.040928653067
-11250.0
-11250.0
11250.0
11250.0
11250.0
11250.0
11250.0
11250.0
-11250.0
-11250.0
-11250.0
-10229.510642530342
-5294.409150699394
11250.0
11250.0
11250.0
11250.0
11250.0
-11250.0
-11250.0
-11250.0
-11250.0
-10101.69820330687
-10237.321812220594
-10396.276853963951
-11250.0
11250.0
11250.0
11250.0
11250.0
11250.0
11250.0
11250.0
-11250.0
-10381.100996742436
-9868.905787676867
-9902.173765118725
-9781.509527246722
-2075.2841572166963
11250.0
11250.0
11250.0
11250.0
11250.0
11250.0
-11250.0
11250.0
11250.0
-10401.294565307304
-11250.0
-11250.0
-11250.0
11250.0
11250.0
11250.0
11250.0
11250.0
-10995.8066049894
-10662.523877109412
-10525.011367880412
-9184.01581038124
-9092.072834753064
11250.0
11250.0
11250.0
11250.0
11250.0
11250.0
-11250.0
-11250.0
-11250.0
-11250.0
-11250.0
-11250.0
11250.0
11250.0
11250.0
11250.0
11250.0
11250.0
11250.0
-11250.0
-10185.85023077322
-8853.657703716504
-7784.980884212477
-3264.971553523772
-1083.5953157257918
294.48295714421965
9566.112719298917
9684.89256928255
9650.350030886395
8398.768544033606
9203.443177331428
5076.289358439175
-5113.636363636364
4095.8040842373944
5294.354320038878
3080.944309204155
195.48075123766284
1184.2434087475685
2775.85709390818
4543.208453284435
-3863.636363636364