Demand
-11250.0
-11250.0
-11250.0
11250.0
11250.0
11250.0
11250.0
11250.0
11250.0
11250.0
11250.0
11250.0
11250.0
-11250.0
-11250.0
-11250.0
11250.0
11250.0
11250.0
11250.0
-11250.0
-11250.0
-11250.0
-11250.0
-11250.0
-11250.0
11250.0
11250.0
11250.0
11250.0
11250.0
11250.0
11250.0
11250.0
-11250.0
-11250.0
11250.0
11250.0
-11250.0
-11250.0
11250.0
11250.0
11250.0
11250.0
11250.0
-11250.0
-11250.0
-11250.0
-11250.0
-11250.0
-11250.0
11250.0
11250.0
11250.0
11250.0
11250.0
11250.0
11250.0
-11250.0
11250.0
11250.0
11250.0
-11250.0
-11250.0
-11250.0
-11250.0
11250.0
11250.0
11250.0
11250.0
11250.0
11250.0
-11250.0
-11250.0
-11250.0
-11250.0
-10082.321699544766
-9743.81715969399
-9712.456437955247
-11250.0
11250.0
11250.0
11250.0
11250.0
11250.0
11250.0
11250.0
11250.0
-11250.0
-10356.598306119748
-9112.723828181734
-10178.488316226521
11250.0
11250.0
11250.0
11250.0
-11250.0
-11250.0
-10946.748394561411
-10547.984886315386
-9964.045093664245
-10098.24574090217
-10251.694812199028
1957.2599903293394
11250.0
11250.0
11250.0
11250.0
11250.0
11250.0
11250.0
11250.0
-10725.995914198164
11250.0
11250.0
-11250.0
-11250.0
-11250.0
11250.0
11250.0
11250.0
11250.0
-11250.0
-10496.759239837233
-10059.636658622083
-2661.4922511069344
11250.0
11250.0
11250.0
11250.0
11250.0
-11250.0
-11250.0
-11250.0
11250.0
11250.0
11250.0
11250.0
-11250.0
-10693.184833208714
-11250.0
-11250.0
-11250.0
11250.0
11250.0
11250.0
11250.0
11250.0
11250.0
-10992.831361540007
-10369.56513255227
-10898.690259809737
-10778.18559658168
-11250.0
11250.0
11250.0
11250.0
11250.0
11250.0
11250.0
11250.0
-11250.0
-11250.0
-11250.0
-11250.0
-11250.0
11250.0
11250.0
11250.0
11250.0
11250.0
11250.0
11250.0
-11250.0
-11250.0
-11250.0
-11250.0
11250.0
11250.0
11250.0
11250.0
11250.0
11250.0
-11250.0
-11250.0
-11250.0
-10155.983426760911
-9893.99520949032
11250.0
11250.0
11250.0
11250.0
11250.0
11250.0
-10562.463516041029
-10512.121956461957
-10444.357487814443
-10047.705520852098
-10205.49437668053
-11250.0
-11250.0
-11250.0
11250.0
11250.0
11250.0
11250.0
11250.0
11250.0
11250.0
11250.0
-11250.0
-11250.0
-11250.0
-11250.0
11250.0
11250.0
11250.0
11250.0
-11250.0
-10843.152361098528
-10549.440311801001
11250.0
11250.0
11250.0
11250.0
11250.0
-11250.0
-11250.0
-11250.0
-11250.0
-11250.0
-8810.434334627887
-7735.869685775007
11250.0
11250.0
11250.0
11250.0
11250.0
11250.0
11250.0
-11250.0
-11250.0
-11250.0
-11250.0
-10331.353952996506
-9815.45296601246
-4044.434057837749
11250.0
11250.0
11250.0
11250.0
11250.0
11250.0
11250.0
-11250.0
-11250.0
-11250.0
11250.0
11250.0
11250.0
11250.0
-11250.0
-11250.0
-11250.0
-10426.617873651776
-10111.630733625781
-6958.914911614549
11250.0
11250.0
11250.0
668.5141939465157
11250.0
11250.0
11250.0
11250.0
11250.0
11250.0
-10507.382744643892
11250.0
11250.0
-3205.035504127536
11250.0
11250.0
-11250.0
-11250.0
-11250.0
-11250.0
-11250.0
-11250.0
-11250.0
11250.0
11250.0
11250.0
11250.0
11250.0
11250.0
11250.0
-10992.62492474413
-11250.0
-11250.0
11250.0
11250.0
11250.0
11250.0
-10499.951263889794
-10692.900229807554
-10602.92087980505
-10847.517150020863
-11250.0
-11250.0
11250.0
11250.0
11250.0
11250.0
11250.0
11250.0
11250.0
-10777.780846128357
-10716.475491512621
-11250.0
-11250.0
-11250.0
11250.0
11250.0
11250.0
11250.0
11250.0
11250.0
-11250.0
-10917.426094687708
-11250.0
-11250.0
11250.0
11250.0
11250.0
11250.0
11250.0
-11250.0
-11250.0
-10587.11978503949
-9454.708234700574
-8849.52287092205
11250.0
11250.0
11250.0
11250.0
11250.0
11250.0
-10985.621521335808
-9951.48242607795
-8085.184343025401
-1615.5987314494032
11250.0
11250.0
-2385.158963431668
11250.0
11250.0
-9965.6152620475
-10616.846125880977
-11250.0
-11250.0
11250.0
11250.0
11250.0
11250.0
-10203.452256056753
-10327.211601540537
-10453.143807754033
-10589.258090354386
-11250.0
11250.0
11250.0
11250.0
11250.0
11250.0
-9430.973684986118
11250.0
11250.0
11250.0
-11250.0
11250.0
11250.0
-11250.0
-11250.0
11250.0
11250.0
11250.0
11250.0
-11250.0
-11250.0
-10626.796922453941
-10882.775922629215
-9371.897166876683
-9889.726726380228
-8027.216980121503
11250.0
11250.0
11250.0
11250.0
11250.0
11250.0
11250.0
11250.0
-10790.679281322751
-10393.11085544341
-10807.537804110063
-11250.0
11250.0
11250.0
11250.0
-11250.0
-11250.0
-10136.781705424502
-9370.227755794334
-10568.923441280269
-9540.872213760369
11250.0
11250.0
11250.0
11250.0
11250.0
11250.0
11250.0
11250.0
-8591.050449205253
-8319.47290488144
-7423.44448756249
153.87845640748492
11250.0
11250.0
11250.0
-11018.668831168834
-11250.0
-11250.0
-11250.0
11250.0
11250.0
11250.0
11250.0
11250.0
-10731.818181818184
11250.0
-11250.0
11250.0
11250.0
-11250.0
-11250.0
-11250.0
-10000.131745552779
-9444.282307539273
-9903.159891648142
11250.0
11250.0
11250.0
11250.0
11250.0
11250.0
11250.0
-11250.0
-10047.644508247155
-9335.829181936293
-8318.403818776584
-1559.7502250859015
11250.0
11250.0
11250.0
11250.0
11250.0
-11250.0
-11250.0
-11250.0
11250.0
11250.0
11250.0
11250.0
11250.0
-11250.0
-11250.0
-11250.0
-11250.0
-11250.0
-11250.0
-11250.0
-9176.248652533246
11250.0
11250.0
11250.0
11250.0
11250.0
11250.0
11250.0
11250.0
11250.0
-11250.0
-11250.0
-10386.691578783852
-9942.550471918177
-8541.027036253246
-9799.573104689262
-8358.629694805077
-4557.806574371933
11250.0
11250.0
11250.0
11250.0
11250.0
11250.0
11250.0
11250.0
-10566.048636541404
-10761.016561327287
-10181.204509336247
-9164.12749311276
-10227.908121655742
-10831.353082415197
-11250.0
-11250.0
11250.0
11250.0
11250.0
11250.0
11250.0
11250.0
11250.0
11250.0
-11250.0
11250.0
11250.0
-11250.0
-11250.0
-11250.0
-9699.331217411014
-8999.691987165661
-7270.218675601566
11250.0
11250.0
11250.0
11250.0
11250.0
11250.0
-11250.0
-11250.0
-11250.0
-11250.0
-11250.0
-9306.818181818184
-9883.585041352042
11250.0
11250.0
11250.0
11250.0
11250.0
11250.0
11250.0
11250.0
-10307.851239669424
-9697.637882707419
-9501.901024091374
-8502.611002346646
-6488.413357020483
-2760.406222525291
-2344.8671757729026
11250.0
10174.317276734775
11250.0
1016.0457024278039
11250.0
11250.0
-10760.833687854829
-10711.194501750477
-9720.255145283758
-10529.331435605309
-10782.075443528505
-11250.0
-11250.0
11250.0
11250.0
11250.0
11250.0
11250.0
11250.0
11250.0
-9445.053533347902
-8935.619107390961
-8887.942270587762
-9547.463617946014
-9280.271470883883
-2130.5939869514223
11250.0
11250.0
11250.0
11250.0
11250.0
11250.0
-10989.86856516977
-10947.416395517848
-10870.172439795177
-11250.0
-11250.0
11250.0
11250.0
11250.0
11250.0
11250.0
11250.0
-11250.0
-11250.0
-11250.0
-11250.0
-11250.0
11250.0
11250.0
11250.0
11250.0
11250.0
-9465.42244114897
-10127.776595866435
11250.0
11250.0
11250.0
-11250.0
11250.0
11250.0
11250.0
-11250.0
-11250.0
-11250.0
-11250.0
11250.0
11250.0
11250.0
11250.0
11250.0
11250.0
-11250.0
-11250.0
-11250.0
11250.0
11250.0
11250.0
11250.0
11250.0
-11250.0
-11250.0
-10579.411764705885
-11250.0
-11250.0
-11250.0
11250.0
11250.0
11250.0
11250.0
11250.0
11250.0
11250.0
11250.0
-10897.761603954954
-11250.0
11250.0
11250.0
11250.0
-11250.0
11250.0
-11250.0
-11250.0
-9547.424610159236
-11250.0
11250.0
11250.0
11250.0
11250.0
11250.0
11250.0
-11250.0
-10943.31897793067
-10497.71542553517
-10212.476839186704
-7265.44262012461
11250.0
11250.0
11250.0
11250.0
11250.0
11250.0
11250.0
-11250.0
-11250.0
-11250.0
-11250.0
-11250.0
-11250.0
-11250.0
11250.0
11250.0
11250.0
11250.0
11250.0
11250.0
11250.0
11250.0
-9076.232807782624
-8212.4291810896
-4606.916318366773
-3214.055758135202
-2649.0343219748884
2989.924995679972
7324.3971519466795
10155.793951764244
9036.865508061164
9905.963003844758
8237.066988791066
3992.6618712459886
-4431.818181818182
4353.871242200794
2290.080366108473
-5795.454545454547
1210.0638977635736
2795.1656882739353
4518.196781696477
-3863.636363636364