Demand
11250.0
11250.0
11250.0
11250.0
11250.0
11250.0
11250.0
11250.0
11250.0
11250.0
11250.0
11250.0
11250.0
-11250.0
11250.0
11250.0
11250.0
11250.0
11250.0
11250.0
-11250.0
-11250.0
-11250.0
11250.0
11250.0
11250.0
-11250.0
-11250.0
-11250.0
-11250.0
-9656.502381445436
-7182.85917511124
11250.0
11250.0
11250.0
11250.0
11250.0
11250.0
11250.0
-11250.0
-10347.36070381232
-10380.022695231379
-9931.960544609228
11250.0
11250.0
11250.0
11250.0
-11250.0
-11250.0
-11250.0
-11250.0
11250.0
11250.0
11250.0
11250.0
11250.0
-11250.0
-11250.0
-11250.0
-11250.0
-11250.0
-11250.0
-11250.0
11250.0
11250.0
11250.0
11250.0
11250.0
11250.0
11250.0
11250.0
-11250.0
-11250.0
-11250.0
11250.0
11250.0
11250.0
-10513.918117466998
-10699.337063433213
-11250.0
-11250.0
-11250.0
-11250.0
11250.0
11250.0
11250.0
11250.0
11250.0
11250.0
-10461.294239562456
-9797.81929824658
-10921.486990990583
-11250.0
-11250.0
-11250.0
-11250.0
11250.0
11250.0
11250.0
11250.0
11250.0
11250.0
11250.0
11250.0
-11250.0
-11250.0
-11250.0
-11250.0
-11250.0
-11250.0
11250.0
11250.0
11250.0
11250.0
11250.0
11250.0
11250.0
11250.0
-11250.0
-11250.0
-11250.0
-11250.0
-11250.0
11250.0
11250.0
11250.0
11250.0
11250.0
11250.0
-11250.0
-11250.0
-11250.0
11250.0
11250.0
11250.0
-11250.0
-11250.0
-11250.0
-11250.0
-6425.548589341717
11250.0
11250.0
11250.0
11250.0
11250.0
11250.0
-11250.0
-11250.0
-11250.0
-10912.232895936348
-9994.713310228348
-10672.702405643435
-10109.69504240471
11250.0
11250.0
11250.0
11250.0
11250.0
11250.0
11250.0
11250.0
-11250.0
-11250.0
-11250.0
-11250.0
-11250.0
-11250.0
-11250.0
-11250.0
11250.0
11250.0
11250.0
11250.0
11250.0
11250.0
11250.0
11250.0
11250.0
-11250.0
-11250.0
-11250.0
-11250.0
-11250.0
-11250.0
-11250.0
11250.0
11250.0
11250.0
11250.0
11250.0
11250.0
11250.0
11250.0
-11250.0
-10488.118811881188
-10388.223750009016
-10225.288148446794
-9467.235116872995
-9117.350407016365
-11250.0
11250.0
11250.0
11250.0
11250.0
11250.0
11250.0
-11250.0
-11250.0
-11250.0
-11250.0
-11250.0
-11250.0
-11250.0
-11250.0
11250.0
11250.0
11250.0
11250.0
11250.0
11250.0
11250.0
11250.0
-9434.208581732153
-9771.890441266212
-9686.03143553009
-10104.757554965938
11250.0
11250.0
11250.0
11250.0
11250.0
11250.0
-11003.854519864373
-11250.0
-10929.97877263161
-11250.0
-11250.0
-11250.0
11250.0
11250.0
11250.0
11250.0
11250.0
11250.0
11250.0
-10775.087946676544
-10462.812847679561
-10950.861162714958
-11250.0
-11250.0
-11250.0
11250.0
11250.0
11250.0
11250.0
11250.0
11250.0
11250.0
-11250.0
-11250.0
11250.0
11250.0
11250.0
11250.0
11250.0
-10727.56127367778
-10071.725238400984
-10560.429704211518
-9931.207130183357
-9937.347792145636
-9456.25757944996
11250.0
11250.0
11250.0
11250.0
11250.0
11250.0
11250.0
-11014.652989319926
-10930.951301185123
-4258.902374212612
11250.0
11250.0
11250.0
-11250.0
-11250.0
-11250.0
-11250.0
-11250.0
11250.0
11250.0
11250.0
11250.0
11250.0
11250.0
11250.0
-10541.2406742194
11250.0
11250.0
-11250.0
-11250.0
-11250.0
-10529.004942493739
-9473.608784403124
-9449.721131925824
-9149.207236535218
11250.0
617.6771256746806
11250.0
11250.0
11250.0
11250.0
11250.0
11250.0
11250.0
-11250.0
-11250.0
-10662.909132524608
-10558.018870100284
-11250.0
-11250.0
-11250.0
11250.0
11250.0
11250.0
11250.0
11250.0
11250.0
11250.0
-10999.614362538407
-11250.0
-11250.0
-11250.0
-11250.0
-10149.96465947272
-11250.0
-11250.0
11250.0
11250.0
11250.0
11250.0
11250.0
11250.0
11250.0
11250.0
11250.0
-8852.73454837147
11250.0
-10971.753366355424
-9953.071362128689
-8456.126788410093
-5320.90228324022
2145.539766919849
-2500.248603120368
11250.0
11250.0
11250.0
11250.0
11250.0
11250.0
-11250.0
-11250.0
-11250.0
-11250.0
-11250.0
-2744.8880906327668
11250.0
11250.0
11250.0
11250.0
11250.0
11250.0
-11250.0
-11250.0
-11250.0
-10183.619733924614
-11250.0
-9942.134407601086
-11250.0
11250.0
11250.0
11250.0
11250.0
11250.0
11250.0
11250.0
11250.0
-11250.0
-11250.0
-11250.0
-7337.55338621113
11250.0
11250.0
11250.0
11250.0
11250.0
-11250.0
-11250.0
-9883.997358671979
11250.0
11250.0
11250.0
11250.0
-10768.954327494735
-10264.469979256315
-10452.47571670598
11250.0
11250.0
11250.0
-11250.0
-11250.0
-11250.0
-10241.75282846047
-9638.270538488534
-10727.267195546152
-10395.678758128775
-11250.0
11250.0
11250.0
11250.0
11250.0
11250.0
11250.0
11250.0
11250.0
-8501.082337163185
-8371.760417332996
-8020.659546493979
-6966.048761814596
-3786.01584113988
11250.0
11250.0
11250.0
11250.0
11250.0
-11250.0
-11250.0
-10922.803809847777
-9975.736077910839
-9256.224679045928
-8862.006139201287
11250.0
11250.0
11250.0
11250.0
11250.0
11250.0
-11250.0
-10236.044962104173
-8627.17406758447
11250.0
11250.0
11250.0
-11250.0
-11250.0
-11250.0
-11250.0
11250.0
11250.0
11250.0
11250.0
-10014.552885806297
-9905.437048346463
-10052.058056063917
-10903.404102505392
-11250.0
-11250.0
-11250.0
11250.0
11250.0
11250.0
11250.0
11250.0
11250.0
11250.0
11250.0
-11250.0
-11250.0
-11250.0
-11250.0
-11250.0
-11250.0
-11250.0
-4019.556025370039
11250.0
11250.0
11250.0
11250.0
11250.0
11250.0
11250.0
11250.0
-11250.0
-11250.0
-11250.0
-10061.06441727099
-9023.819253519589
-3647.2996204989527
11250.0
11250.0
11250.0
-6400.1747827890795
11250.0
11250.0
11250.0
-11250.0
-11250.0
-11250.0
-9803.299479297362
1223.8954026336814
11250.0
11250.0
11250.0
11250.0
11250.0
11250.0
-11250.0
-6068.181818181827
11250.0
11250.0
-9392.304349625465
-8627.52631899005
-9825.364383444004
-9500.370997507573
11250.0
11250.0
11250.0
11250.0
-11250.0
-11250.0
-11250.0
-9441.721262102146
-8003.0606701334955
11250.0
11250.0
11250.0
11250.0
11250.0
11250.0
-11250.0
11250.0
-11250.0
-11250.0
-11250.0
-11250.0
11250.0
-3372.235872235684
11250.0
11250.0
11250.0
11250.0
11250.0
-11250.0
-11250.0
-11250.0
-5565.772451216537
11250.0
11250.0
11250.0
11250.0
11250.0
11250.0
11250.0
-10172.947722023935
-9287.377727631374
-8469.713877080238
11250.0
11250.0
11250.0
-10780.126955659227
-9902.83544787925
-10596.371164679105
-10783.96339581025
-11250.0
11250.0
11250.0
11250.0
11250.0
11250.0
-11250.0
-10948.411457438026
-8981.562254870449
-7551.090705101746
-3105.8938839019756
11250.0
11250.0
11250.0
11250.0
-7666.839422605135
11250.0
-9999.274373809018
-10113.132744457183
-10563.617203078258
-10776.356869250285
-10276.654509451164
11250.0
11250.0
11250.0
11250.0
11250.0
11250.0
-11250.0
-11250.0
-11250.0
-11250.0
-11250.0
11250.0
11250.0
11250.0
11250.0
11250.0
11250.0
-11250.0
-10690.676857323539
-10256.48589444357
-8692.024112653307
-9973.243931195419
-11250.0
11250.0
11250.0
11250.0
11250.0
11250.0
11250.0
-11250.0
-11250.0
-11250.0
-11250.0
-10273.39305686289
-8265.180253209961
-4023.956248819195
11250.0
11250.0
11250.0
11250.0
11250.0
11250.0
11250.0
11250.0
-10522.065083719612
-10727.576398772144
-10963.285079932724
-11250.0
-11250.0
-10274.006230981417
-11250.0
-11250.0
11250.0
11250.0
11250.0
11250.0
11250.0
11250.0
11250.0
11250.0
11250.0
-11021.14107266779
-11250.0
-11250.0
-11250.0
-11250.0
11250.0
11250.0
11250.0
11250.0
11250.0
-11250.0
-11250.0
-11250.0
-11250.0
-11250.0
-11250.0
-11250.0
11250.0
11250.0
11250.0
11250.0
11250.0
11250.0
11250.0
-11250.0
-11250.0
-11250.0
-11250.0
-11250.0
11250.0
11250.0
11250.0
11250.0
11250.0
-11250.0
-11250.0
11250.0
11250.0
11250.0
11250.0
-11250.0
-11250.0
-11250.0
-9567.051833491292
-6419.538943176417
-206.37744248962554
11250.0
11250.0
11250.0
11250.0
11250.0
3821.725161055526
11250.0
-1834.0207500637844
735.0344349167781
2903.7128968401894
4272.576675393655
5337.179592462188
2918.6158154592886
-28.065676901833285
961.6003933169304
2479.5428909237444
-3522.727272727273
4777.397260273981