Demand
11250.0
11250.0
11250.0
11250.0
11250.0
11250.0
11250.0
11250.0
11250.0
11250.0
11250.0
11250.0
11250.0
11250.0
11250.0
11250.0
11250.0
11250.0
11250.0
11250.0
11250.0
11250.0
11250.0
11250.0
11250.0
11250.0
11250.0
11250.0
11250.0
11250.0
11250.0
-10250.887234641104
-10670.766944045401
-11250.0
-11250.0
-11250.0
11250.0
11250.0
11250.0
11250.0
11250.0
-10703.707222657427
-10942.364392599811
-11250.0
-11250.0
-11250.0
-11250.0
11250.0
11250.0
11250.0
11250.0
11250.0
11250.0
11250.0
11250.0
-11250.0
-11250.0
-11250.0
-11250.0
-11250.0
-11250.0
11250.0
11250.0
11250.0
11250.0
11250.0
11250.0
11250.0
-11250.0
11250.0
11250.0
11250.0
-11250.0
-11250.0
-11250.0
-11250.0
-9514.155199639074
-7569.037146064446
11250.0
11250.0
11250.0
11250.0
11250.0
11250.0
11250.0
-11250.0
-11250.0
-11250.0
11250.0
11250.0
11250.0
-10974.631768798048
-11250.0
-11250.0
11250.0
11250.0
11250.0
-11250.0
-10936.166113556308
-10491.65249610864
-9739.065170588194
-9593.801043514068
-6609.422358504104
11250.0
11250.0
11250.0
11250.0
11250.0
11250.0
11250.0
-11250.0
11250.0
-10733.203951647909
-10668.637041826245
-10908.347260398234
-11250.0
-11250.0
-11250.0
11250.0
11250.0
11250.0
11250.0
11250.0
11250.0
11250.0
-10450.387783542836
-10045.660896228466
-10186.381089554849
-10795.949511030689
-11250.0
-11250.0
11250.0
11250.0
11250.0
11250.0
11250.0
11250.0
11250.0
-11250.0
11250.0
-11250.0
11250.0
11250.0
-11250.0
-11250.0
11250.0
11250.0
11250.0
-11250.0
-10929.141844145412
-10049.568434028686
-10685.08462725009
-9996.049574695964
11250.0
11250.0
11250.0
11250.0
11250.0
11250.0
11250.0
-11250.0
-11250.0
-11250.0
11250.0
11250.0
11250.0
11250.0
-11250.0
-11250.0
-11250.0
-11250.0
11250.0
11250.0
11250.0
11250.0
11250.0
11250.0
-11250.0
11250.0
11250.0
11250.0
-11250.0
-11250.0
-11250.0
-11250.0
-11250.0
-10068.13574160255
-10201.618033953095
-11250.0
11250.0
11250.0
11250.0
11250.0
11250.0
11250.0
11250.0
11250.0
-10184.196314506702
-10323.667816137862
-11250.0
-11250.0
-11250.0
11250.0
11250.0
11250.0
11250.0
11250.0
11250.0
-11250.0
-11250.0
-11250.0
11250.0
11250.0
11250.0
-11250.0
-11250.0
-11250.0
11250.0
11250.0
11250.0
11250.0
11250.0
-9790.78962339288
-10155.403846420897
-10271.085442864376
-10815.212398664753
-11250.0
11250.0
11250.0
11250.0
11250.0
11250.0
11250.0
-11250.0
-10926.884316607186
-11250.0
-11250.0
11250.0
11250.0
11250.0
11250.0
-11250.0
-11250.0
-11250.0
-10479.519078139983
-10278.728435139568
-9141.86605684914
-9811.176253952959
11250.0
11250.0
11250.0
11250.0
11250.0
11250.0
11250.0
11250.0
11250.0
-11250.0
-11250.0
-11250.0
-11250.0
-11250.0
11250.0
11250.0
11250.0
11250.0
11250.0
-10741.808275546755
-10404.146324950209
-10604.675496948428
-10858.515096626503
-11250.0
-10261.96549943437
11250.0
11250.0
11250.0
11250.0
11250.0
11250.0
11250.0
11250.0
-10291.06174839554
-10975.242379668889
-11250.0
-11250.0
-11250.0
11250.0
11250.0
11250.0
11250.0
11250.0
-10450.203996223616
-10058.200867979114
-9872.476082468362
-9560.820375715499
-8933.51559553501
-9157.619791130091
11250.0
11250.0
11250.0
11250.0
11250.0
11250.0
11250.0
11250.0
-10767.221908526259
-10496.191392345914
11250.0
11250.0
11250.0
-11250.0
-11250.0
-11250.0
-11250.0
-11250.0
11250.0
11250.0
11250.0
11250.0
11250.0
-11250.0
-11250.0
-11250.0
-11250.0
-11250.0
-11250.0
-11250.0
11250.0
11250.0
11250.0
11250.0
11250.0
11250.0
11250.0
11250.0
-11250.0
-11250.0
-11250.0
-11250.0
-10064.078483499976
-5818.849068401145
11250.0
11250.0
11250.0
11250.0
11250.0
11250.0
11250.0
-10818.714269700704
11250.0
11250.0
11250.0
-7113.737149768196
-9287.539164502945
-10288.58455179547
-9274.584035138738
-8538.617106235597
-6259.3193266768385
11250.0
-11250.0
11250.0
11250.0
11250.0
11250.0
11250.0
-10107.7341736739
-10181.909082509213
-10186.074934564986
-9522.9455809317
11250.0
11250.0
11250.0
11250.0
11250.0
-11250.0
-10423.562768503398
-11250.0
-10408.940584009291
-11250.0
-11250.0
11250.0
11250.0
11250.0
11250.0
11250.0
11250.0
-11250.0
-11250.0
-11250.0
-11250.0
-9988.990447401946
-9652.352217289928
11250.0
11250.0
11250.0
11250.0
11250.0
11250.0
11250.0
-11250.0
-8172.8205811783555
11250.0
11250.0
11250.0
-10499.644777533224
-10941.995215991785
-11250.0
-11250.0
11250.0
11250.0
11250.0
11250.0
-10486.444264897313
-10139.625375478605
-10940.974376885726
-10890.595594893191
-11250.0
-11250.0
-11250.0
11250.0
11250.0
11250.0
11250.0
11250.0
11250.0
11250.0
11250.0
11250.0
-9329.67914438503
11250.0
11250.0
-11021.061181258854
-11250.0
-11250.0
-11250.0
-11250.0
-11250.0
-10547.381578272449
-5647.798984074691
11250.0
11250.0
11250.0
11250.0
11250.0
11250.0
11250.0
11250.0
-11250.0
-10181.01244721049
-9126.129395796972
11250.0
11250.0
11250.0
11250.0
-11250.0
-11250.0
-11250.0
-11250.0
-11250.0
11250.0
11250.0
11250.0
11250.0
11250.0
-11018.147469658805
-11250.0
-11250.0
-11250.0
-11250.0
-11250.0
-11250.0
-11250.0
11250.0
11250.0
11250.0
11250.0
11250.0
11250.0
11250.0
11250.0
-11250.0
-11250.0
-11250.0
-9453.931048787661
11250.0
11250.0
11250.0
11250.0
11250.0
-11250.0
-11250.0
-11250.0
-11250.0
-11250.0
-11250.0
-6454.7479597568345
11250.0
11250.0
11250.0
11250.0
11250.0
11250.0
11250.0
11250.0
11250.0
-11250.0
-11250.0
-11250.0
-9876.996163796954
11250.0
5522.962887500677
11250.0
11250.0
11250.0
11250.0
-11250.0
-11250.0
-9869.136489250981
-9061.949455821668
-9781.943841318789
-7937.886474054251
-5692.751964725354
-6955.515321961165
11250.0
11250.0
11250.0
11250.0
11250.0
11250.0
11250.0
-11250.0
-9919.704378750834
-9370.337057714776
-8060.820199410817
11250.0
11250.0
11250.0
11250.0
11250.0
-11250.0
-11250.0
-11250.0
-11250.0
-11250.0
-11250.0
-3687.346437346474
11250.0
11250.0
11250.0
11250.0
11250.0
11250.0
11250.0
11250.0
-11250.0
-10169.685090390722
-9438.981593101009
-9165.676194839194
-7871.642714354355
-5139.439939765423
188.64577985404958
277.58778712131243
11250.0
5789.868461248111
11250.0
11250.0
11250.0
11250.0
11250.0
-10727.873223954732
-9735.311708039138
-10505.865672510474
-10711.229020596573
-11250.0
11250.0
11250.0
11250.0
11250.0
11250.0
11250.0
-11019.492073762536
-9692.574716683786
-9135.335064421593
-8224.413092992374
-7394.0106599706305
-5694.855786344026
11250.0
11250.0
11250.0
11250.0
11250.0
-9898.221343873527
11250.0
11250.0
-10953.331020124915
11250.0
-11002.899744037135
-11250.0
-11250.0
-11250.0
-11250.0
11250.0
11250.0
11250.0
11250.0
11250.0
-11250.0
-11250.0
-11250.0
-11250.0
-11250.0
11250.0
11250.0
11250.0
11250.0
11250.0
-10687.332113403056
-11250.0
-11250.0
-11250.0
11250.0
11250.0
11250.0
11250.0
11250.0
11250.0
-11250.0
-11250.0
-10439.637469394205
-8763.584553528875
-4260.365648887071
11250.0
11250.0
11250.0
11250.0
11250.0
11250.0
-11250.0
-11250.0
-10089.506545213251
-9503.053096980195
11250.0
11250.0
11250.0
11250.0
-11250.0
11250.0
-11250.0
-11250.0
-11250.0
-11250.0
-9354.212860310421
-5164.515289040987
11250.0
11250.0
11250.0
11250.0
11250.0
11250.0
11250.0
-11250.0
-11250.0
-11250.0
-11250.0
-11250.0
11250.0
11250.0
11250.0
11250.0
11250.0
11250.0
-11250.0
-11250.0
11250.0
11250.0
11250.0
-10710.366067463008
-9957.95828731747
-10400.090090360289
-10500.444423213641
11250.0
11250.0
11250.0
11250.0
11250.0
11250.0
-11250.0
-11250.0
-11250.0
-11250.0
11250.0
11250.0
11250.0
11250.0
11250.0
-11250.0
-11250.0
-11250.0
-11250.0
-9867.49910168883
-7924.275467313451
-5976.0519931503395
2739.0722642097226
6737.41378978108
6421.348156545213
11250.0
11250.0
10117.331174446532
8130.461683806043
9428.701842110484
4798.949295323632
-5113.636363636364
5442.6323262601545
6460.002475600148
3752.6893456620282
579.4442623728455
1617.6471175577008
3186.793975810208
4662.336009180566
-3863.636363636364