Demand
-11250.0
-11250.0
-11250.0
-11250.0
11250.0
11250.0
11250.0
11250.0
11250.0
11250.0
-11250.0
-11250.0
-11250.0
-11250.0
-11250.0
11250.0
11250.0
11250.0
11250.0
11250.0
-11250.0
11250.0
11250.0
11250.0
-11250.0
-11250.0
-11250.0
-11250.0
-11250.0
-11250.0
1436.0574658501355
11250.0
11250.0
11250.0
11250.0
11250.0
11250.0
11250.0
-11250.0
-11250.0
11250.0
11250.0
11250.0
-11250.0
-11250.0
-11250.0
-11250.0
-11250.0
-11250.0
-11250.0
11250.0
11250.0
11250.0
11250.0
11250.0
11250.0
11250.0
-11250.0
11250.0
11250.0
11250.0
-11250.0
-11250.0
-11250.0
-11250.0
11250.0
11250.0
11250.0
11250.0
-11250.0
-11250.0
-11250.0
11250.0
11250.0
11250.0
11250.0
-10503.78200155159
-10410.013415253561
-10589.289132476748
-11250.0
-11250.0
-11250.0
11250.0
11250.0
11250.0
11250.0
11250.0
11250.0
-11250.0
-10342.882970824347
-9460.051980886776
-10796.230094098213
-11250.0
-11250.0
11250.0
11250.0
11250.0
11250.0
11250.0
11250.0
11250.0
-10753.886603639967
-10953.95090338547
-10848.944283960904
-11250.0
11250.0
11250.0
11250.0
11250.0
11250.0
-11250.0
-10440.68153134203
-10630.643540800582
-10491.588565315586
-10724.736207132959
-11250.0
11250.0
11250.0
11250.0
11250.0
11250.0
11250.0
11250.0
-10783.076054902249
-10723.932591377896
-10313.301251260218
-9620.980318064288
-9255.623963809881
-6276.864037482075
11250.0
11250.0
11250.0
11250.0
11250.0
-11250.0
-11250.0
-11250.0
-11250.0
-11250.0
4649.534834949214
11250.0
11250.0
11250.0
11250.0
11250.0
11250.0
-11250.0
-11250.0
-11250.0
-10887.415970346166
-9765.186211552325
-10368.872881239557
11250.0
11250.0
11250.0
11250.0
11250.0
11250.0
11250.0
11250.0
11250.0
-11250.0
-11250.0
11250.0
11250.0
11250.0
11250.0
-11250.0
-11250.0
-11250.0
-11250.0
-10769.21274601687
-11250.0
11250.0
11250.0
11250.0
11250.0
11250.0
11250.0
11250.0
-11250.0
-11250.0
-11250.0
-11250.0
-11250.0
11250.0
11250.0
11250.0
11250.0
11250.0
11250.0
11250.0
-11250.0
-11250.0
-10014.05396723418
-9174.9345929517
10615.68198197919
11250.0
9301.807973957091
11250.0
11250.0
11250.0
-11250.0
-11250.0
-11250.0
-11250.0
11250.0
11250.0
11250.0
11250.0
11250.0
-11250.0
-11250.0
-11250.0
-11250.0
-11250.0
-11250.0
-11250.0
11250.0
11250.0
11250.0
11250.0
11250.0
11250.0
11250.0
11250.0
-11250.0
11250.0
-11250.0
-11250.0
-11250.0
-9999.819481551014
-10647.85518651571
-11250.0
11250.0
11250.0
11250.0
11250.0
11250.0
11250.0
11250.0
-11250.0
-11250.0
-11250.0
-10251.896979425073
-9412.917354178855
11250.0
11250.0
11250.0
11250.0
11250.0
11250.0
11250.0
-11250.0
-11250.0
-11250.0
-11250.0
-11250.0
11250.0
11250.0
11250.0
11250.0
11250.0
11250.0
-10754.094568654804
-10706.707216060513
-10027.656170126535
-10539.104711292814
-9912.203267571978
-9977.749631187173
-9881.484378466284
11250.0
11250.0
11250.0
11250.0
11250.0
11250.0
11250.0
11250.0
-11013.232850700217
-8661.00504150302
-9719.789736468669
-10428.405451220904
11250.0
11250.0
11250.0
11250.0
-11250.0
-11250.0
-11250.0
11250.0
11250.0
11250.0
11250.0
-10148.787163249974
-9962.183045908183
-10436.080463691582
-10623.674416283633
-11250.0
11250.0
11250.0
11250.0
11250.0
11250.0
11250.0
-10135.936462535894
11250.0
11250.0
-11250.0
11250.0
-11250.0
-11250.0
-11250.0
-11250.0
11250.0
11250.0
11250.0
11250.0
11250.0
11250.0
-11250.0
-11250.0
-11250.0
-11250.0
-11250.0
11250.0
11250.0
11250.0
11250.0
11250.0
-11250.0
-11250.0
-11250.0
-11250.0
11250.0
11250.0
11250.0
11250.0
11250.0
-10756.319368704691
-10150.206456859683
-10301.762706305104
-9698.845279446316
-10184.412446315426
-9139.008126340588
11250.0
11250.0
11250.0
11250.0
11250.0
11250.0
11250.0
-7276.250672404521
-9318.432289919881
-10247.491431028491
-8857.568526349343
-5902.6931064537675
11250.0
11250.0
11250.0
11250.0
11250.0
-11250.0
-11250.0
-11250.0
-9897.04486114408
-9982.0412467292
-10018.281476675646
-9751.622408604333
11250.0
11250.0
11250.0
11250.0
11250.0
11250.0
11250.0
-11250.0
11250.0
11250.0
-11250.0
11250.0
11250.0
11250.0
-11250.0
-11250.0
-11250.0
-11250.0
11250.0
11250.0
11250.0
11250.0
11250.0
-10280.612244897959
-10709.000516528926
-10615.755063354463
-11250.0
-11250.0
-11250.0
11250.0
11250.0
11250.0
11250.0
11250.0
11250.0
-10472.86460588187
-10951.068760665352
-11250.0
-11250.0
-11250.0
11250.0
11250.0
11250.0
11250.0
11250.0
11250.0
-11011.964150784217
-11250.0
-11250.0
-11250.0
-11250.0
-11250.0
-11250.0
-11250.0
11250.0
11250.0
11250.0
11250.0
11250.0
11250.0
11250.0
11250.0
11250.0
-11250.0
-11250.0
-11250.0
-11250.0
11250.0
11250.0
11250.0
11250.0
11250.0
-10982.589658048371
-11250.0
-11250.0
-11250.0
11250.0
11250.0
11250.0
11250.0
11250.0
-10999.129234497217
-10965.46770661846
-11250.0
-11250.0
-11250.0
-11250.0
11250.0
11250.0
11250.0
11250.0
11250.0
11250.0
-9973.943087013602
-10140.515428311006
-10941.268745764824
-11250.0
-11250.0
-11250.0
-11250.0
11250.0
11250.0
11250.0
11250.0
11250.0
11250.0
11250.0
11250.0
11250.0
-11250.0
11250.0
11250.0
-11250.0
-11250.0
-10933.84507929552
-10441.539796756886
-7535.455986226021
-5188.943090755576
11250.0
11250.0
11250.0
11250.0
11250.0
11250.0
-11250.0
11250.0
-10273.890063424948
-1275.4394476935795
11250.0
11250.0
-10229.510642530338
-9601.167554626783
11250.0
11250.0
11250.0
-11250.0
-11250.0
-11250.0
-11250.0
-10194.87865076101
-8482.57406275058
3414.44851896743
11250.0
11250.0
11250.0
11250.0
11250.0
11250.0
11250.0
-9448.37447320891
11250.0
11250.0
-9329.114177966785
-10473.999700115433
-10962.65203764863
-11250.0
-11250.0
-11250.0
-11250.0
11250.0
11250.0
11250.0
11250.0
11250.0
11250.0
11250.0
11250.0
-10959.249603264565
-11250.0
11250.0
11250.0
11250.0
11250.0
11250.0
11250.0
-11250.0
11250.0
11250.0
-11250.0
-11250.0
-11250.0
11250.0
11250.0
11250.0
11250.0
-11250.0
-10190.68452841877
-9462.670093437067
-9168.519425666207
-7795.06006159672
-4678.417617008568
2434.838550526789
3291.5289581770608
11250.0
11250.0
11250.0
-4592.828273011697
11250.0
11250.0
-10749.665426488496
-10691.107870169883
-9625.683475029746
-10454.15487728511
-10683.777835904308
-11250.0
11250.0
11250.0
11250.0
11250.0
11250.0
11250.0
11250.0
-9873.845007451564
-9502.300513411865
-9024.1584546526
-9000.964969797711
-9657.29746478239
-9487.450635779569
-4940.70669663889
11250.0
11250.0
11250.0
11250.0
11250.0
11250.0
-10831.110506260207
11250.0
11250.0
11250.0
-11250.0
-11250.0
-11250.0
-11250.0
-11250.0
11250.0
11250.0
11250.0
11250.0
11250.0
11250.0
-11250.0
-11250.0
-11250.0
-11250.0
11250.0
11250.0
11250.0
11250.0
11250.0
-11250.0
-11250.0
-11250.0
-11250.0
-11250.0
-11250.0
-11250.0
11250.0
11250.0
11250.0
11250.0
11250.0
11250.0
11250.0
-10981.136101585784
-11250.0
-11250.0
-11250.0
-11250.0
-11250.0
11250.0
11250.0
11250.0
11250.0
11250.0
11250.0
11250.0
11250.0
11250.0
11250.0
11250.0
-11250.0
-11250.0
-10405.92250704558
-9977.951712419504
-10128.76869302642
-10300.803593723744
-9826.140426480793
-9431.232616254212
11250.0
11250.0
11250.0
11250.0
11250.0
11250.0
11250.0
11250.0
-10517.601229162701
-11250.0
-11250.0
-11250.0
11250.0
11250.0
11250.0
11250.0
-11250.0
-10886.852668128566
-10119.838758917893
-6825.167507470203
11250.0
11250.0
11250.0
11250.0
11250.0
-11250.0
-11250.0
11250.0
11250.0
11250.0
11250.0
11250.0
11250.0
-11250.0
-11250.0
-11250.0
11250.0
11250.0
11250.0
-11250.0
-11250.0
-11250.0
-9380.807068682825
-5848.922050446156
792.5816195033158
11250.0
11250.0
11250.0
11250.0
11250.0
10684.279647590663
2044.3262306563056
11250.0
-593.6637163574414
1330.3431001785684
2617.0472843103253
-3750.0000000000005
2621.4733542319736
-217.94646002113586
747.6768087928158
2261.8316680556027
-3522.727272727273
4509.698275862074