Demand
-11250.0
-11250.0
-11250.0
-11250.0
11250.0
11250.0
11250.0
11250.0
11250.0
11250.0
11250.0
-11250.0
11250.0
11250.0
-11250.0
-11250.0
-11250.0
-11250.0
-11250.0
-11250.0
-11250.0
-11250.0
11250.0
11250.0
11250.0
11250.0
11250.0
11250.0
11250.0
11250.0
11250.0
-10175.429409300381
-10595.782583888755
-11250.0
-11250.0
11250.0
11250.0
11250.0
11250.0
11250.0
-10505.786154428373
-10714.177219716017
-10954.630303386482
-11250.0
-11250.0
-11250.0
-11250.0
-11250.0
11250.0
11250.0
11250.0
11250.0
11250.0
11250.0
11250.0
11250.0
11250.0
-11250.0
11250.0
11250.0
-11250.0
-11250.0
-11250.0
11250.0
11250.0
11250.0
-11250.0
-11250.0
-11250.0
-11250.0
-11250.0
-11250.0
11250.0
11250.0
11250.0
11250.0
11250.0
11250.0
-10729.338842975209
-11250.0
-11250.0
-11250.0
-11250.0
-11250.0
-11250.0
11250.0
11250.0
11250.0
11250.0
11250.0
11250.0
11250.0
11250.0
-11250.0
-11250.0
-11250.0
-11250.0
-11250.0
11250.0
11250.0
11250.0
11250.0
11250.0
11250.0
-11250.0
11250.0
11250.0
11250.0
-11250.0
-11250.0
-11250.0
-9999.819481551014
-10045.710373031416
-8425.626582320656
11250.0
11250.0
11250.0
11250.0
11250.0
11250.0
11250.0
-11250.0
-11250.0
-10659.206073598983
-10572.792276587046
-10023.439685262223
-9097.637242946468
-8709.072454019555
-8412.945399303473
11250.0
11250.0
11250.0
11250.0
11250.0
11250.0
11250.0
11250.0
-11250.0
-11250.0
-10575.379164106525
-11250.0
-11250.0
-11250.0
11250.0
11250.0
11250.0
11250.0
11250.0
11250.0
11250.0
11250.0
-11000.437828371276
-10967.312885571257
-11250.0
-11250.0
-11250.0
-11250.0
11250.0
11250.0
11250.0
11250.0
11250.0
11250.0
-11250.0
-11250.0
-11250.0
-11250.0
-11250.0
11250.0
11250.0
11250.0
11250.0
11250.0
11250.0
11250.0
-11250.0
-11250.0
-11250.0
-11250.0
-11250.0
-11250.0
-11250.0
11250.0
11250.0
11250.0
11250.0
11250.0
11250.0
11250.0
11250.0
11250.0
-11250.0
-11250.0
-11250.0
-10321.65262259178
-10177.716902763459
-9940.091808318783
-8883.825632664433
-8260.08663694164
-11250.0
11250.0
11250.0
11250.0
11250.0
11250.0
11250.0
11250.0
11250.0
-11250.0
-11250.0
-11250.0
-11250.0
-11250.0
11250.0
11250.0
11250.0
11250.0
11250.0
11250.0
-11010.724560734252
-10984.587947589145
-10028.581055865914
-9039.286828599157
-9309.564239793348
-8764.812642372031
-1604.496646874175
11250.0
11250.0
11250.0
11250.0
11250.0
11250.0
-10972.040920766969
-11250.0
11250.0
11250.0
-11250.0
11250.0
11250.0
11250.0
-11250.0
-11250.0
-11250.0
-11250.0
-9374.543017304419
11250.0
11250.0
11250.0
11250.0
11250.0
11250.0
-11250.0
-11250.0
-11250.0
-11250.0
11250.0
11250.0
11250.0
11250.0
11250.0
11250.0
-11250.0
-11250.0
-11250.0
-10642.998871372922
-10549.698088339905
-9540.918926541272
-10114.492485164217
-8333.407800603582
-1238.0534258330827
11250.0
11250.0
11250.0
11250.0
11250.0
11250.0
11250.0
11250.0
-10731.818181818184
11250.0
-8090.600385834067
-8854.391905155386
11250.0
11250.0
11250.0
11250.0
-11250.0
-11250.0
-11250.0
-11250.0
-11250.0
-9660.123966942148
-7615.401754983449
8388.014165068103
11250.0
11250.0
11250.0
-1460.5265532103658
11250.0
11250.0
11250.0
-11250.0
-10747.390112982448
-10153.788151043947
-10336.945215251566
-10549.696647670902
-10395.457141801537
-10671.262143983087
-11250.0
11250.0
11250.0
11250.0
11250.0
11250.0
11250.0
11250.0
11250.0
11250.0
-10776.46570140043
-11250.0
-11250.0
-11250.0
-11250.0
-11250.0
-11250.0
11250.0
11250.0
11250.0
11250.0
11250.0
11250.0
11250.0
11250.0
-11250.0
-10211.3282040899
11250.0
11250.0
-11250.0
-11250.0
-10469.26714078203
-8916.456416514437
-6872.135454210183
11250.0
11250.0
11250.0
11250.0
11250.0
11250.0
-10997.820672478207
-10064.266699754102
-8622.833407765047
-5183.146885353952
6721.065767345994
-803.3446784305124
11250.0
11250.0
11250.0
11250.0
-10654.236540158872
-11250.0
11250.0
11250.0
11250.0
11250.0
-11250.0
-10166.596270063033
-10341.38203867781
-10544.328584139035
-10808.53746506854
-11250.0
-11250.0
11250.0
11250.0
11250.0
11250.0
11250.0
11250.0
11250.0
11250.0
-11250.0
-11250.0
-11250.0
-11250.0
-11250.0
-11250.0
-11250.0
-11250.0
11250.0
11250.0
11250.0
11250.0
11250.0
11250.0
11250.0
11250.0
11250.0
-11250.0
-11250.0
-10951.87218367785
-11250.0
-8723.399799112078
-8519.287657988145
-8697.59355152013
-5487.405350297806
11250.0
11250.0
11250.0
11250.0
11250.0
11250.0
11250.0
11250.0
-10511.563559593116
-10156.573342560696
-10936.206769171462
-10861.915855463369
-11250.0
-11250.0
11250.0
11250.0
11250.0
11250.0
11250.0
11250.0
11250.0
-8695.049472076502
-8722.356185036984
-8698.613517204569
-8575.224211155335
-9224.620806160143
-9453.206761925805
11250.0
11250.0
11250.0
11250.0
11250.0
11250.0
11250.0
-10462.062256809339
-10351.51805768723
-10889.149243222462
-10758.665654603672
-11250.0
11250.0
11250.0
11250.0
11250.0
11250.0
11250.0
11250.0
-11001.263883321913
-10978.6935104878
-11250.0
-11250.0
-11250.0
-11250.0
-11250.0
11250.0
11250.0
11250.0
11250.0
11250.0
11250.0
11250.0
11250.0
11250.0
-11250.0
-11250.0
-11250.0
11250.0
11250.0
11250.0
11250.0
11250.0
-11015.913045594483
-11250.0
-11250.0
-11250.0
-11250.0
-11250.0
-11250.0
-11250.0
11250.0
11250.0
11250.0
11250.0
11250.0
11250.0
11250.0
11250.0
-11250.0
-11250.0
-11250.0
-11250.0
-11250.0
-6159.382725959225
11250.0
11250.0
11250.0
11250.0
11250.0
11250.0
11250.0
11250.0
-11250.0
-11250.0
-11250.0
-11250.0
-9276.272397493685
11250.0
11250.0
11250.0
11250.0
11250.0
11250.0
11250.0
-11250.0
-10007.63785394933
-9341.151590512392
-10026.151472471294
-8716.597296010921
-7617.610761541356
-9321.101151049188
-9657.913430029821
11250.0
11250.0
11250.0
11250.0
11250.0
11250.0
11250.0
-10327.725175286152
-10240.963067595072
-10397.741355787315
-10240.046703939883
-10377.062274994943
-10540.80378771108
-11250.0
11250.0
11250.0
11250.0
11250.0
11250.0
11250.0
-11250.0
11250.0
11250.0
-11250.0
-11250.0
-11250.0
-11250.0
-11250.0
11250.0
11250.0
11250.0
11250.0
11250.0
11250.0
-9166.932605315858
-7863.692612117641
-5746.514685750259
-6026.8735090486225
1664.6668440971616
11250.0
11250.0
11250.0
11250.0
-11250.0
11250.0
11250.0
11250.0
11250.0
-11021.61428189832
-11250.0
-11250.0
-11250.0
-11250.0
-11250.0
-11250.0
-11250.0
11250.0
11250.0
11250.0
11250.0
11250.0
11250.0
11250.0
11250.0
11250.0
-11016.484588373001
-9839.426061421815
-9713.858012266719
-9590.397706854546
11250.0
11250.0
11250.0
11250.0
-11250.0
-11250.0
-11250.0
-11250.0
-11250.0
-11250.0
11250.0
11250.0
11250.0
11250.0
11250.0
11250.0
-11250.0
-11250.0
-11250.0
-11250.0
-10353.146853146853
-9447.80490824796
-5376.780303356118
-6402.093838109551
11250.0
11250.0
11250.0
11250.0
11250.0
11250.0
11250.0
11250.0
11250.0
-11250.0
-11250.0
-10605.597028317126
-9428.72328417518
-7320.642603865176
11250.0
11250.0
11250.0
11250.0
11250.0
-11250.0
-11250.0
11250.0
11250.0
-9836.776859504138
11250.0
11250.0
-11250.0
-10652.298943544392
-11250.0
-11250.0
-11250.0
-11250.0
11250.0
11250.0
11250.0
11250.0
11250.0
11250.0
11250.0
-10859.311919475116
-11250.0
11250.0
11250.0
11250.0
-11250.0
-11250.0
-11250.0
-11250.0
11250.0
11250.0
11250.0
11250.0
-11250.0
-11250.0
-11250.0
-11250.0
-11250.0
-10197.010591514056
11250.0
11250.0
11250.0
11250.0
11250.0
-11250.0
11250.0
11250.0
11250.0
-11250.0
-11250.0
-11250.0
11250.0
11250.0
11250.0
11250.0
-11250.0
-11250.0
-11250.0
-11250.0
-11250.0
11250.0
11250.0
11250.0
11250.0
11250.0
11250.0
-6147.588278883548
-5335.348979176237
-5236.516918539859
-2049.0160981579556
948.3592917609112
5683.470547112094
9109.516145405822
9879.3705546938
8252.75356429191
3982.609503516476
-4431.818181818182
4639.593585325623
2553.4388290958386
-208.01672175116255
745.8431538179148
2289.907385963852
-3522.727272727273
4124.50722733246