Demand
11250.0
11250.0
11250.0
11250.0
11250.0
11250.0
11250.0
11250.0
11250.0
11250.0
11250.0
11250.0
11250.0
11250.0
11250.0
-11250.0
-11250.0
-11250.0
-11250.0
-11250.0
11250.0
11250.0
11250.0
11250.0
11250.0
11250.0
11250.0
11250.0
-11250.0
-11250.0
-10235.512553833534
-9492.839789657584
-9863.648237411933
-11250.0
11250.0
11250.0
11250.0
11250.0
11250.0
11250.0
-10137.495548235634
-8772.285537592583
11250.0
11250.0
11250.0
-11250.0
-11250.0
-11250.0
-11250.0
-11250.0
11250.0
11250.0
11250.0
11250.0
11250.0
-11250.0
-11250.0
-11250.0
-11250.0
-11250.0
11250.0
11250.0
11250.0
11250.0
11250.0
11250.0
-11250.0
-11250.0
-11250.0
-11250.0
-11250.0
-11250.0
-11250.0
11250.0
11250.0
11250.0
11250.0
11250.0
11250.0
11250.0
11250.0
-11250.0
-11250.0
-11250.0
11250.0
11250.0
11250.0
11250.0
11250.0
2740.909090908426
11250.0
-10990.332051022477
-11250.0
-11250.0
11250.0
11250.0
11250.0
11250.0
-11005.574614065183
-10714.720891055105
-10349.598062235931
-10552.34699645414
-10815.35272001056
-10624.006953240128
-11250.0
11250.0
11250.0
11250.0
11250.0
11250.0
11250.0
11250.0
11250.0
11250.0
11250.0
-11250.0
-11250.0
-11250.0
-11250.0
-11250.0
-11250.0
11250.0
11250.0
11250.0
11250.0
11250.0
11250.0
11250.0
11250.0
-11250.0
-11250.0
-11250.0
-11250.0
11250.0
11250.0
11250.0
11250.0
11250.0
-11250.0
-10641.646704456514
-11250.0
-11250.0
-11250.0
11250.0
11250.0
11250.0
11250.0
11250.0
11250.0
11250.0
-10521.47545812207
-10969.751978175052
-10897.45729872736
-11250.0
-11250.0
11250.0
11250.0
11250.0
11250.0
11250.0
-11250.0
-11250.0
-11250.0
-11250.0
-11250.0
11250.0
11250.0
11250.0
11250.0
11250.0
11250.0
11250.0
-11250.0
-11250.0
-11250.0
-11250.0
-11250.0
-11250.0
11250.0
11250.0
11250.0
11250.0
11250.0
11250.0
11250.0
-11250.0
-10687.212023696338
-10927.087417168543
-11250.0
-11250.0
-11250.0
11250.0
11250.0
11250.0
11250.0
11250.0
11250.0
11250.0
11250.0
11250.0
11250.0
-11250.0
-11250.0
-11250.0
-11250.0
-11250.0
-11250.0
-11250.0
11250.0
11250.0
11250.0
11250.0
11250.0
11250.0
11250.0
11250.0
-11250.0
-11250.0
-11250.0
-10881.769730466935
-10714.404106073674
-5891.6999861782715
11250.0
11250.0
11250.0
11250.0
11250.0
11250.0
11250.0
11250.0
-11250.0
-10377.313554708766
-10791.789982662889
-11250.0
11250.0
11250.0
11250.0
11250.0
11250.0
-11250.0
11250.0
11250.0
-11250.0
-11250.0
-10498.33941130503
-10213.795088839466
-8269.683973904655
11250.0
11250.0
11250.0
11250.0
11250.0
11250.0
11250.0
-11250.0
-11250.0
-11250.0
-11250.0
-11250.0
-11250.0
-11250.0
-11250.0
11250.0
11250.0
11250.0
11250.0
11250.0
11250.0
11250.0
11250.0
11250.0
-11250.0
-10983.34239651974
-11250.0
-11250.0
-11250.0
-11250.0
-9602.53646744182
11250.0
11250.0
11250.0
11250.0
11250.0
11250.0
11250.0
11250.0
-11250.0
-11250.0
-11250.0
-11250.0
-11250.0
-5304.854493947992
11250.0
11250.0
11250.0
11250.0
11250.0
11250.0
-11250.0
11250.0
11250.0
-11250.0
-10693.60086767896
-9957.909126159906
-10058.626917488607
-10133.374405777176
-8903.215650030419
11250.0
11250.0
11250.0
11250.0
11250.0
11250.0
11250.0
-11250.0
-11250.0
-11250.0
-9985.456517452185
11250.0
11250.0
11250.0
11250.0
11250.0
-11250.0
-11250.0
-11250.0
-11250.0
11250.0
11250.0
11250.0
11250.0
11250.0
-11250.0
-11250.0
11250.0
11250.0
11250.0
-11250.0
-11250.0
-10493.968167080722
-8853.219174240847
-4275.976829596979
11250.0
11250.0
11250.0
11250.0
11250.0
-10793.318021578893
-10994.120205315125
-10041.214069724494
-8549.622702241653
-4904.919965436091
8341.558376377212
-1745.1597921353368
11250.0
11250.0
11250.0
11250.0
-10653.627063473614
-11250.0
11250.0
11250.0
11250.0
-11250.0
-11250.0
-9917.186282151208
-10037.10173670017
-10153.009040865338
-10254.673938154461
11250.0
11250.0
11250.0
11250.0
11250.0
11250.0
11250.0
11250.0
-10618.07095343681
11250.0
-11250.0
-11250.0
11250.0
11250.0
11250.0
-11250.0
-11250.0
-11250.0
-11250.0
-11250.0
-11250.0
11250.0
11250.0
11250.0
11250.0
11250.0
11250.0
-11250.0
-11250.0
-10759.371846050733
-11250.0
11250.0
11250.0
11250.0
11250.0
11250.0
-11001.046631419711
-11250.0
-11250.0
-11250.0
-11250.0
-11250.0
-11250.0
-1490.1378503815686
11250.0
11250.0
11250.0
11250.0
11250.0
11250.0
11250.0
11250.0
11250.0
-11250.0
11250.0
-8307.87278415016
-8262.910585554604
-8116.014961297293
-7747.262711952331
-6730.281853590831
-4949.292408733809
11250.0
11250.0
11250.0
11250.0
11250.0
11250.0
-11250.0
-10995.202893991824
-10390.534359400222
-10247.731426462455
-10831.86395706319
-10629.249852643941
-11250.0
11250.0
11250.0
11250.0
11250.0
11250.0
11250.0
11250.0
-10992.870074097897
-10945.844396643475
-11250.0
-11250.0
-11250.0
11250.0
11250.0
11250.0
11250.0
11250.0
-9838.909646633834
-9645.20094533007
-9334.280792911839
-9255.442642540573
-10452.3300729435
-11250.0
11250.0
11250.0
11250.0
11250.0
11250.0
11250.0
11250.0
-10195.042998653724
-10945.213249934128
-11250.0
-11250.0
-11250.0
11250.0
11250.0
11250.0
11250.0
11250.0
11250.0
-10710.600869152702
-9313.065797432031
-9577.258375928217
-9853.549372343132
-11250.0
11250.0
11250.0
11250.0
11250.0
11250.0
-11250.0
-9521.807399289668
11250.0
11250.0
11250.0
11250.0
-10339.817253756602
-11003.529491574416
-11250.0
-11250.0
-11250.0
-11250.0
-11250.0
11250.0
11250.0
11250.0
11250.0
11250.0
11250.0
11250.0
-11007.068532245641
-11250.0
-11250.0
-9557.03701726185
-8429.792835852364
-9209.8054283778
-5820.798303270571
1738.7603870744997
6142.953117538073
11250.0
11250.0
11250.0
11250.0
11250.0
11250.0
11250.0
-11250.0
-10263.869994676763
-10166.895915104207
-10331.820491289222
-10159.08276361338
-10308.895595623104
-10501.954799386265
-11250.0
11250.0
11250.0
11250.0
11250.0
11250.0
11250.0
11250.0
-10385.2945551597
-10696.060506426391
11250.0
11250.0
11250.0
-11250.0
-11250.0
11250.0
11250.0
11250.0
11250.0
-9734.739087627175
-9571.003930111405
-8683.09017431652
-7013.768121490186
-4347.779831484217
-5028.5138539404
-1674.2337564036898
11250.0
11250.0
11250.0
11250.0
11250.0
11250.0
-10589.428277105333
7220.704152948161
11250.0
11250.0
-11250.0
-11250.0
11250.0
11250.0
11250.0
11250.0
-11250.0
-10931.336770506568
-8693.6236890884
-6382.880025649389
11250.0
4907.718681467768
11250.0
11250.0
11250.0
11250.0
-11018.147469658805
-9999.709226953615
-10159.30399166976
-10639.352790958736
-10892.176269899443
-10797.128976025273
-10581.275890803878
-9623.987177615334
11250.0
11250.0
11250.0
11250.0
11250.0
11250.0
11250.0
11250.0
-11250.0
-11250.0
-11250.0
-11250.0
-11250.0
-11250.0
-11250.0
11250.0
11250.0
11250.0
11250.0
11250.0
11250.0
11250.0
11250.0
-11250.0
11250.0
11250.0
-11250.0
-11250.0
-11250.0
11250.0
11250.0
11250.0
-10201.991828396323
-10073.877130009812
-10218.045599178673
-10814.684514382054
-11250.0
-11250.0
11250.0
11250.0
11250.0
11250.0
11250.0
11250.0
11250.0
-11250.0
-11250.0
-4135.584047454127
11250.0
11250.0
11250.0
-11250.0
-11250.0
-11250.0
-9826.710158729133
-8266.817458609712
-4461.693354972047
11250.0
11250.0
11250.0
11250.0
11250.0
11250.0
11250.0
-11250.0
-11250.0
-11250.0
-11250.0
-9789.571076105523
-11250.0
11250.0
11250.0
11250.0
11250.0
11250.0
11250.0
11250.0
-10984.174853873901
-10627.651047031504
-10464.380305350413
-8891.778150627539
-8246.75617268341
11250.0
11250.0
11250.0
11250.0
11250.0
11250.0
-11250.0
-11250.0
11250.0
11250.0
-11250.0
11250.0
11250.0
11250.0
11250.0
-11250.0
-11250.0
-11250.0
-11250.0
11250.0
11250.0
11250.0
11250.0
-6821.316927774346
-6362.186110871965
-6606.866650819411
-4892.454823642285
-3837.49907208189
-2275.2385788189513
-481.428876150685
2633.392300438083
6688.332269321122
8791.731697525116
8480.596251189243
7444.676655116753
2760.521361760635
-5795.454545454547
11250.0
-4545.454545454546
6095.55869366323
4481.236416905667