Demand
11250.0
11250.0
11250.0
11250.0
11250.0
11250.0
11250.0
11250.0
11250.0
11250.0
11250.0
-11250.0
-11250.0
11250.0
11250.0
11250.0
11250.0
11250.0
11250.0
11250.0
-11250.0
-11250.0
-11250.0
-11250.0
11250.0
11250.0
11250.0
11250.0
11250.0
-11250.0
-10108.808891139102
-8861.502604944213
-6667.733612590437
11250.0
11250.0
11250.0
11250.0
11250.0
-11250.0
-11250.0
-10105.035591642125
-10199.395489576164
-10226.642664552135
11250.0
11250.0
11250.0
11250.0
11250.0
11250.0
11250.0
-11250.0
-11250.0
-11250.0
-11250.0
11250.0
11250.0
11250.0
11250.0
11250.0
11250.0
-11250.0
-11250.0
-11250.0
-11250.0
-11250.0
-11250.0
-11250.0
-11250.0
11250.0
11250.0
11250.0
11250.0
11250.0
11250.0
11250.0
11250.0
11250.0
-10555.021546718966
-10749.088167652168
-11250.0
-11250.0
-11250.0
-11250.0
-11250.0
11250.0
11250.0
11250.0
11250.0
11250.0
11250.0
11250.0
11250.0
11250.0
11250.0
-11250.0
-11250.0
-11250.0
11250.0
11250.0
11250.0
-10515.844350551997
-10716.072100217549
-10950.781995512592
-10899.92196816556
-11250.0
-11250.0
-11250.0
11250.0
11250.0
11250.0
11250.0
11250.0
11250.0
11250.0
11250.0
-11250.0
-11250.0
-11250.0
11250.0
11250.0
11250.0
11250.0
-11250.0
-10684.78686678256
-10562.344213424352
-9824.957704908164
-7554.14120880645
11250.0
11250.0
11250.0
11250.0
11250.0
11250.0
-11250.0
-11250.0
-11250.0
-11250.0
11250.0
11250.0
11250.0
11250.0
11250.0
-11250.0
-11250.0
11250.0
11250.0
11250.0
-11250.0
-11250.0
-10897.121945850762
-9877.798889787253
-10549.051040554918
-8825.546083226887
11250.0
11250.0
11250.0
11250.0
11250.0
11250.0
11250.0
-11250.0
-11250.0
-11250.0
-11250.0
-11250.0
-11250.0
-11250.0
11250.0
11250.0
11250.0
11250.0
11250.0
11250.0
11250.0
11250.0
-11250.0
11250.0
11250.0
-11250.0
-11250.0
11250.0
11250.0
11250.0
-11250.0
-11250.0
-11250.0
-10552.989130434784
-10815.896131994366
-11250.0
-11250.0
11250.0
11250.0
11250.0
11250.0
11250.0
11250.0
11250.0
11250.0
-10490.332270893861
-11250.0
-11250.0
-11250.0
-11250.0
-11250.0
-11250.0
11250.0
11250.0
11250.0
11250.0
11250.0
11250.0
11250.0
11250.0
-11250.0
-11250.0
-11250.0
-11250.0
-11250.0
-11250.0
-10590.415168650768
-9890.28272632563
11250.0
11250.0
11250.0
11250.0
11250.0
11250.0
11250.0
11250.0
11250.0
-11250.0
-9377.053669222347
11250.0
11250.0
11250.0
11250.0
-11250.0
-11250.0
-11250.0
-11250.0
11250.0
11250.0
11250.0
11250.0
-10765.214515214517
-10688.978960943692
-10196.779837963673
-10730.554434968108
-11250.0
11250.0
11250.0
11250.0
11250.0
11250.0
-11250.0
-11250.0
-11250.0
11250.0
11250.0
11250.0
11250.0
-11250.0
-11250.0
-11250.0
-8352.628413058777
11250.0
11250.0
11250.0
11250.0
11250.0
-10994.877660632585
-11250.0
-10928.93332841531
-11250.0
-11250.0
-11250.0
-11250.0
11250.0
11250.0
11250.0
11250.0
11250.0
11250.0
11250.0
11250.0
-11250.0
-11250.0
-11250.0
-11250.0
-11250.0
11250.0
11250.0
11250.0
11250.0
11250.0
11250.0
-10690.255302464273
-10910.67820301737
-11250.0
-11250.0
11250.0
11250.0
11250.0
11250.0
11250.0
11250.0
-10751.215362177933
-10979.977982781165
-11250.0
-11250.0
-11250.0
-11250.0
-11250.0
-11250.0
11250.0
11250.0
11250.0
11250.0
11250.0
11250.0
11250.0
11250.0
11250.0
-11250.0
-11250.0
-11250.0
-11250.0
-11250.0
-11250.0
-10193.978005889123
-11250.0
11250.0
11250.0
11250.0
11250.0
11250.0
11250.0
11250.0
11250.0
11250.0
-10177.723144349337
-10331.263977117611
-9763.18838183357
-10249.649527209865
-9404.408167357833
11250.0
11250.0
11250.0
11250.0
11250.0
11250.0
11250.0
-7203.4608558469745
-9336.033996649578
-10317.719981706705
-9354.768249541601
-8699.799994586458
-6809.759453868679
3400.5254820009886
11250.0
11250.0
11250.0
11250.0
11250.0
11250.0
-10305.561692256713
-10487.738546436132
-10692.028161722224
-10934.339804010546
-11250.0
-11250.0
-11250.0
-11250.0
11250.0
11250.0
11250.0
11250.0
11250.0
11250.0
11250.0
11250.0
-11250.0
-11250.0
-11250.0
-11250.0
-11250.0
-11250.0
11250.0
11250.0
11250.0
11250.0
11250.0
11250.0
11250.0
-10755.621586893674
-11250.0
-11250.0
-11250.0
-10659.121648681616
-11250.0
11250.0
11250.0
11250.0
11250.0
11250.0
11250.0
11250.0
-11250.0
-11250.0
-11250.0
-11250.0
-11250.0
-9383.300988537816
-5400.833463274757
11250.0
11250.0
11250.0
11250.0
11250.0
11250.0
11250.0
-11250.0
11250.0
-8570.309235269538
-8276.810020139743
-8132.3577744313625
-7765.440789315155
-6739.828779864492
-1545.5411327473394
11250.0
11250.0
11250.0
11250.0
11250.0
-11250.0
-11250.0
-11250.0
-10627.074394883835
2695.679615630158
11250.0
11250.0
11250.0
11250.0
11250.0
-11250.0
-11250.0
-11250.0
-11250.0
-9029.220779220781
-3947.1482359503457
11250.0
11250.0
11250.0
11250.0
11250.0
11250.0
11250.0
-11250.0
-11250.0
-10073.913235164448
-9577.498419117092
-9266.484063592616
-8712.484691860976
-8223.967307461066
-9380.963423877201
11250.0
11250.0
11250.0
11250.0
11250.0
11250.0
11250.0
11250.0
-7634.778012685016
11250.0
-11250.0
-11250.0
-11250.0
-11250.0
11250.0
11250.0
11250.0
11250.0
11250.0
11250.0
-9679.556225764758
-10028.598132093426
-10466.875528487584
-11250.0
-11250.0
11250.0
11250.0
11250.0
11250.0
11250.0
-10305.631381096391
-9601.30782053134
-6492.399714863361
-3308.156737487105
11250.0
11250.0
11250.0
11250.0
11250.0
-11250.0
-11250.0
-11250.0
-11250.0
-9965.25169045831
-6197.4055089909525
11250.0
11250.0
11250.0
11250.0
11250.0
11250.0
11250.0
-10055.071209902835
-9245.97269430853
-9704.595507904778
-5350.320448743714
11250.0
11250.0
11250.0
11250.0
-11250.0
-11250.0
-11250.0
-11250.0
-11250.0
11250.0
11250.0
11250.0
11250.0
11250.0
-10727.080621638153
-10958.209363804246
-11250.0
-11250.0
-11250.0
-11250.0
11250.0
11250.0
11250.0
11250.0
11250.0
11250.0
11250.0
11250.0
-11250.0
-11250.0
-11250.0
-11250.0
-11250.0
-11250.0
-4210.548885077213
11250.0
11250.0
11250.0
11250.0
11250.0
11250.0
11250.0
11250.0
-9996.334310850445
-10709.490507860723
-11250.0
-11250.0
-10431.294973832442
-10194.073930615497
-7233.218334946278
-7800.920896681229
11250.0
11250.0
11250.0
11250.0
11250.0
11250.0
11250.0
11250.0
11250.0
-9815.827013232789
-9429.756248692323
-8937.835950006443
-8929.344887968247
-9633.586596037505
-9548.322196247129
-6559.31120186366
11250.0
11250.0
11250.0
11250.0
11250.0
11250.0
11250.0
-11009.826463305522
-10971.902013849394
-11250.0
-11250.0
-11250.0
11250.0
11250.0
11250.0
11250.0
11250.0
-11250.0
-11250.0
-11250.0
-11250.0
-11250.0
11250.0
11250.0
11250.0
11250.0
11250.0
11250.0
-10777.014567582522
-11250.0
11250.0
11250.0
11250.0
-11250.0
-11250.0
11250.0
11250.0
-11250.0
-11250.0
-11250.0
-10178.954903364356
-6132.993972000239
11250.0
11250.0
11250.0
11250.0
11250.0
11250.0
-11250.0
-11250.0
-11250.0
-10011.622916815679
-10063.678765639914
-9891.055216192326
11250.0
11250.0
11250.0
11250.0
11250.0
11250.0
11250.0
-11250.0
-11250.0
-10432.627097870674
-10026.556491094383
-10182.454318549768
-10362.277188590004
-9971.296059106571
-9865.166720847305
11250.0
11250.0
11250.0
11250.0
11250.0
11250.0
11250.0
11250.0
-10517.282422395732
-11250.0
-11250.0
-11250.0
-11250.0
-11250.0
11250.0
11250.0
11250.0
11250.0
11250.0
11250.0
-10183.686690848259
-10665.274132827046
-10919.332188622546
-11250.0
-11250.0
-11250.0
-11250.0
11250.0
11250.0
11250.0
11250.0
11250.0
11250.0
11250.0
11250.0
11250.0
-11250.0
-11250.0
11250.0
11250.0
-11250.0
-11250.0
-9751.662026200054
-6666.956351162953
3176.398356729693
11250.0
11250.0
11250.0
11250.0
-8409.09090909091
-3545.3692115143967
-2234.4416432857615
117.27130460602348
3433.217916782501
5934.984911888507
6963.780974807996
7269.319905989312
3629.3113075005535
147.6008819828512
1226.6275600510253
2497.9042193663136
-3522.727272727273
11250.0