Demand
-11250.0
-11250.0
-11250.0
11250.0
11250.0
11250.0
11250.0
11250.0
11250.0
11250.0
11250.0
11250.0
11250.0
11250.0
11250.0
11250.0
-11250.0
-11250.0
-11250.0
-11250.0
-11250.0
-11250.0
11250.0
11250.0
11250.0
11250.0
11250.0
11250.0
11250.0
11250.0
-10542.435480904798
-10233.20798658942
-10692.931020690892
-11250.0
-11250.0
-11250.0
-11250.0
-11250.0
11250.0
11250.0
11250.0
11250.0
11250.0
11250.0
11250.0
11250.0
-11250.0
-11250.0
-11250.0
-11250.0
-11250.0
11250.0
11250.0
11250.0
11250.0
11250.0
11250.0
-11250.0
-11250.0
-11250.0
11250.0
11250.0
11250.0
11250.0
11250.0
-11250.0
-11250.0
-11250.0
11250.0
11250.0
11250.0
11250.0
-11250.0
-11250.0
-11250.0
-11250.0
-7619.141239383459
11250.0
11250.0
11250.0
11250.0
11250.0
11250.0
-11250.0
11250.0
11250.0
-11250.0
-11250.0
-11250.0
11250.0
11250.0
11250.0
11250.0
11250.0
11250.0
-11250.0
-11250.0
-11250.0
-10829.26295837283
-9995.647796722755
-6526.843493760927
11250.0
11250.0
11250.0
11250.0
11250.0
11250.0
11250.0
-11250.0
11250.0
11250.0
-10425.064322469985
-10543.251744245114
-10067.350250404132
11250.0
-11250.0
11250.0
11250.0
11250.0
-11250.0
-11250.0
-11250.0
-11250.0
-8375.787299726639
11250.0
11250.0
11250.0
11250.0
11250.0
11250.0
-11250.0
-11250.0
-11250.0
-11250.0
-11250.0
-11250.0
-11250.0
-11250.0
11250.0
11250.0
11250.0
11250.0
11250.0
11250.0
11250.0
11250.0
-11250.0
-11250.0
-11250.0
-9725.935828877013
11250.0
11250.0
11250.0
11250.0
11250.0
11250.0
-11250.0
-11250.0
-11250.0
-11250.0
-11250.0
11250.0
11250.0
11250.0
11250.0
11250.0
11250.0
-11250.0
11250.0
11250.0
-11250.0
-10992.05551086082
-11250.0
-11250.0
-11250.0
-11250.0
-11250.0
11250.0
11250.0
11250.0
11250.0
11250.0
11250.0
11250.0
11250.0
-11250.0
-10362.533517861782
-5907.386696191381
11250.0
11250.0
11250.0
-11250.0
11250.0
-11250.0
-10055.707488757904
-9304.208256674192
1128.7519128768126
11250.0
11250.0
11250.0
11250.0
11250.0
-11250.0
-11250.0
-11250.0
-11250.0
-11250.0
-11250.0
-11250.0
11250.0
11250.0
11250.0
11250.0
11250.0
11250.0
11250.0
11250.0
11250.0
-11250.0
-10979.853077989785
-10942.100390755288
-9771.05755188282
-8381.44121226378
-8379.197599617124
-5197.2757237586775
11250.0
11250.0
11250.0
11250.0
11250.0
11250.0
11250.0
-10997.29064039409
-11250.0
-10904.206610811969
-11250.0
-11250.0
11250.0
11250.0
11250.0
11250.0
11250.0
11250.0
11250.0
-10788.740963638764
-10753.720147033418
-10434.337273167912
-10944.91185487778
-11250.0
-11250.0
-11250.0
-11250.0
11250.0
11250.0
11250.0
11250.0
11250.0
11250.0
11250.0
11250.0
-11250.0
-11250.0
-11250.0
-11250.0
-10480.600794323025
-10254.710678586533
-8168.844467313418
-7337.065108400912
11250.0
11250.0
11250.0
11250.0
11250.0
11250.0
11250.0
11250.0
-11250.0
-10945.981984117578
-10797.6986729708
-9604.909661789883
11250.0
11250.0
11250.0
11250.0
-11250.0
-11250.0
11250.0
11250.0
-11250.0
-11250.0
-11250.0
-10142.931315074664
-9252.711013043576
-7751.259309398036
11250.0
11250.0
2753.7434962509597
11250.0
11250.0
11250.0
11250.0
-11250.0
-10576.064109301107
-9288.746698980143
-7682.089262419078
11250.0
11250.0
11250.0
11250.0
11250.0
-11250.0
11250.0
-11250.0
-11250.0
-11250.0
-11250.0
-11250.0
-8608.781994704335
11250.0
11250.0
11250.0
11250.0
11250.0
11250.0
11250.0
-11250.0
11250.0
11250.0
-11250.0
-9755.244755244763
11250.0
11250.0
11250.0
-11250.0
-10686.105245134411
-11250.0
-11250.0
-11250.0
11250.0
11250.0
11250.0
11250.0
11250.0
-10731.985949298753
-10563.563780659726
-9924.721859668738
11250.0
11250.0
11250.0
11250.0
-9568.16932895378
-8413.368852857246
-6786.403046271207
-9125.835064090108
-10204.893729771327
-9093.38572038868
-8294.910424426387
-5975.552813547714
5286.187208746531
11250.0
11250.0
11250.0
11250.0
11250.0
11250.0
11250.0
-10534.718349135528
-10718.30325923445
-10939.905168930134
-11250.0
-11250.0
-11250.0
11250.0
11250.0
11250.0
11250.0
11250.0
11250.0
-11250.0
-11250.0
-11250.0
-11250.0
-11250.0
11250.0
11250.0
11250.0
11250.0
11250.0
11250.0
-11250.0
-10690.677197955702
-10918.828895228453
-9520.813207932697
-9901.526894050414
-5561.490530007992
11250.0
11250.0
11250.0
11250.0
11250.0
11250.0
-10034.299839958367
-10467.134985118602
-10678.42399728825
-10284.914104323947
-10874.863621172506
-11250.0
-11250.0
-11250.0
11250.0
11250.0
11250.0
11250.0
11250.0
11250.0
11250.0
11250.0
11250.0
-11250.0
-11250.0
-11250.0
-11250.0
-11250.0
11250.0
11250.0
9477.27272727272
10585.981838819675
5130.245326930401
11250.0
11250.0
-10668.499206529134
11250.0
11250.0
-11250.0
-11250.0
-11250.0
-11250.0
-10308.66624724757
11250.0
11250.0
11250.0
11250.0
11250.0
11250.0
11250.0
-11250.0
-11250.0
-11250.0
-10034.573534573537
-9522.11232264758
-10035.900029034965
11250.0
11250.0
11250.0
11250.0
11250.0
11250.0
11250.0
-11250.0
-10181.695127030405
-9725.822144020061
-9420.78327041088
-8828.123738239105
-8017.991347358318
-5928.103486472868
11250.0
11250.0
11250.0
11250.0
11250.0
11250.0
-11250.0
-10412.045419072343
-9932.727460245856
-10829.928927793808
-11250.0
-11250.0
11250.0
11250.0
11250.0
11250.0
11250.0
11250.0
-10974.798081105611
-10598.878037309703
-8736.812506398961
-8768.211684030044
-7774.60208878265
11250.0
11250.0
11250.0
11250.0
11250.0
11250.0
11250.0
11250.0
-10233.324367939756
-9300.520007812323
-10318.361025784521
-9793.333458766145
-9429.805272089532
-10601.938418530506
-11250.0
11250.0
11250.0
11250.0
11250.0
11250.0
11250.0
11250.0
11250.0
-10299.401475002782
-9458.07923936034
-10412.92412223876
-10935.189323217593
-11250.0
-11250.0
-7449.733254287563
1118.582158950312
11250.0
11250.0
11250.0
9985.536205451528
11250.0
-11250.0
11250.0
11250.0
-11250.0
-11250.0
-11250.0
-11250.0
11250.0
11250.0
11250.0
11250.0
11250.0
11250.0
-11250.0
-11250.0
-11250.0
-11250.0
-11250.0
-11250.0
-11250.0
11250.0
11250.0
11250.0
11250.0
11250.0
11250.0
11250.0
11250.0
-11250.0
-11250.0
-11250.0
-9446.757326771833
-6898.15418261529
2850.325967295539
11250.0
11250.0
11250.0
11250.0
11250.0
11250.0
-9976.617419277973
-10668.670954820522
-11250.0
-11250.0
-8745.249009622512
11250.0
11250.0
11250.0
11250.0
11250.0
11250.0
-11250.0
11250.0
11250.0
-11250.0
-11250.0
-10826.253186066268
-6684.38661864639
11250.0
11250.0
11250.0
-2061.9107371834016
11250.0
11250.0
-11017.901309042649
-10994.143923238375
-9791.976019661874
-9868.74415683934
-10351.298421610558
-10501.733426884057
-4171.274518230397
11250.0
11250.0
11250.0
11250.0
11250.0
11250.0
-11250.0
-11250.0
-11250.0
-11250.0
-11250.0
11250.0
11250.0
11250.0
11250.0
11250.0
11250.0
11250.0
-10754.2200889118
-10420.90597578376
-9334.70396185822
-10476.666048939045
-11250.0
-11250.0
11250.0
11250.0
11250.0
11250.0
11250.0
11250.0
11250.0
-11250.0
-11250.0
-10600.468473031153
-9580.404558485923
-8709.007674353048
-5647.981160160719
11250.0
11250.0
11250.0
11250.0
11250.0
11250.0
-11250.0
11250.0
-1922.7272727277505
11250.0
-11250.0
-11250.0
-10534.130641552907
-11250.0
-11250.0
-11250.0
11250.0
11250.0
11250.0
11250.0
11250.0
11250.0
11250.0
-10494.861528683392
-10405.75255043621
11250.0
11250.0
11250.0
11250.0
11250.0
11250.0
-11250.0
-11250.0
-10244.905956112852
-11250.0
-11250.0
-11250.0
11250.0
11250.0
11250.0
11250.0
11250.0
11250.0
11250.0
-10784.4315880516
-10162.565687059687
-10559.312342754394
-10684.652945364796
-11250.0
11250.0
11250.0
11250.0
11250.0
-11250.0
-11250.0
-11250.0
-11250.0
-11250.0
11250.0
11250.0
11250.0
11250.0
11250.0
11250.0
-11250.0
-11250.0
-11250.0
-9506.522941313513
-5779.123954837801
5529.738672606078
11250.0
11250.0
11250.0
11250.0
7427.857749110223
11250.0
-1862.1605667060285
1348.2717901571132
5768.320214888103
7439.578981036579
5468.601104704807
-3750.0000000000005
11250.0
1140.4729956390502
2228.68444029295
3723.308530448437
4665.607383277409
-3863.636363636364