Demand
-11250.0
11250.0
11250.0
11250.0
11250.0
11250.0
11250.0
11250.0
11250.0
11250.0
11250.0
-11250.0
-11250.0
-11250.0
-11250.0
-11250.0
-11250.0
-11250.0
11250.0
11250.0
11250.0
11250.0
11250.0
11250.0
11250.0
-11250.0
-11250.0
-11250.0
-11250.0
11250.0
11250.0
11250.0
11250.0
11250.0
11250.0
-11250.0
11250.0
11250.0
-11250.0
-11250.0
-9705.06745904273
-5963.896507371966
11250.0
11250.0
11250.0
11250.0
-11250.0
-11250.0
-11250.0
11250.0
11250.0
11250.0
11250.0
-11250.0
-11250.0
-11250.0
-11250.0
-11250.0
11250.0
11250.0
11250.0
11250.0
11250.0
11250.0
-11250.0
-11250.0
-11250.0
-11250.0
11250.0
11250.0
11250.0
11250.0
11250.0
11250.0
-11250.0
-11250.0
-10374.473774035727
-10239.606934345695
-10425.452653067248
-11250.0
-11250.0
11250.0
11250.0
11250.0
11250.0
11250.0
11250.0
11250.0
11250.0
-10557.380738073807
-9984.104357760512
-10965.44511387989
-11250.0
-11250.0
-11250.0
-11250.0
11250.0
11250.0
11250.0
11250.0
11250.0
11250.0
-10965.859517425692
-10910.441288024336
-11250.0
-11250.0
-11250.0
11250.0
11250.0
11250.0
11250.0
11250.0
11250.0
-10722.098910051336
-10959.756106023273
-11250.0
-11250.0
-11250.0
-11250.0
-11250.0
11250.0
11250.0
11250.0
11250.0
11250.0
11250.0
11250.0
11250.0
11250.0
-11250.0
-11250.0
-11250.0
-11250.0
-11250.0
-11250.0
-11250.0
-11250.0
11250.0
11250.0
11250.0
11250.0
11250.0
11250.0
11250.0
11250.0
-11250.0
-11250.0
-11250.0
-11250.0
-10371.752258760844
11250.0
-2055.1543787737373
11250.0
11250.0
11250.0
11250.0
11250.0
11250.0
-11250.0
-11250.0
-11250.0
11250.0
11250.0
11250.0
11250.0
-11250.0
-11250.0
-11250.0
-11250.0
-11250.0
-11250.0
11250.0
11250.0
11250.0
11250.0
11250.0
11250.0
11250.0
11250.0
-11250.0
-11250.0
-11250.0
-11250.0
11250.0
11250.0
11250.0
11250.0
11250.0
11250.0
-11250.0
11250.0
-11250.0
-11250.0
-11250.0
-10174.077181208057
-9904.234810734219
-9323.972869341651
-5891.467926615729
11250.0
11250.0
11250.0
11250.0
11250.0
11250.0
11250.0
11250.0
-11250.0
-11250.0
-11250.0
-11250.0
-11250.0
-11250.0
-11250.0
11250.0
11250.0
11250.0
11250.0
11250.0
11250.0
11250.0
11250.0
-10127.134101853208
-9224.682180632808
-9465.663607205199
-8878.45291578654
11250.0
11250.0
11250.0
11250.0
11250.0
11250.0
-10553.988144107538
-10997.398979051195
-11250.0
-10916.717117933782
-11250.0
-11250.0
-11250.0
11250.0
11250.0
11250.0
11250.0
11250.0
11250.0
11250.0
-10752.030994572182
-10424.441556950478
-10936.874917053385
-11250.0
-11250.0
-11250.0
-11250.0
11250.0
11250.0
11250.0
11250.0
11250.0
11250.0
11250.0
-11250.0
-11250.0
11250.0
11250.0
11250.0
-10683.69582410398
-10538.43187179662
-9098.14301494589
-8119.886897606587
11250.0
11250.0
11250.0
11250.0
11250.0
-11250.0
11250.0
-11250.0
-11250.0
-10926.90563593177
-10874.899299323693
-10788.533704683392
-5555.288511286319
-7550.343834180504
-8647.935589540397
11250.0
11250.0
11250.0
11250.0
11250.0
11250.0
11250.0
11250.0
11250.0
-10337.351005159224
-10253.4223204386
-10130.833119865147
-9935.103964279864
-10411.990436440487
-10590.904502404203
-11250.0
11250.0
11250.0
11250.0
11250.0
11250.0
11250.0
-10746.159404254304
-10696.457420787436
-10937.391616383855
-11250.0
-11250.0
-11250.0
-11250.0
11250.0
11250.0
11250.0
11250.0
11250.0
11250.0
11250.0
11250.0
-11250.0
-11250.0
-11250.0
-11250.0
-11250.0
-11250.0
11250.0
11250.0
11250.0
11250.0
11250.0
11250.0
-11250.0
-11250.0
-10466.866420277842
-11250.0
-11250.0
11250.0
11250.0
11250.0
11250.0
11250.0
11250.0
11250.0
-10778.653558396556
-10680.915327908275
-10050.869937052503
-9335.2364233015
11250.0
11250.0
11250.0
11250.0
-6653.019848559525
-8557.862911427535
-7858.360345705485
11250.0
11250.0
11250.0
-10084.338695931536
11250.0
-11250.0
-11250.0
-11250.0
-11250.0
-11250.0
-7082.302312349821
11250.0
11250.0
-1410.0558552183393
11250.0
11250.0
11250.0
11250.0
11250.0
11250.0
11250.0
-11250.0
-10717.297095228867
-11250.0
-11250.0
-11250.0
-11250.0
-11250.0
-11250.0
11250.0
11250.0
11250.0
11250.0
11250.0
11250.0
11250.0
11250.0
11250.0
-10786.2394682269
-10747.656075297647
-11250.0
-11250.0
-11250.0
-10712.809769352192
-11250.0
11250.0
11250.0
11250.0
11250.0
11250.0
11250.0
11250.0
11250.0
-11250.0
-11250.0
-11250.0
-11250.0
-9847.793075521364
-8341.908240391884
-9154.923219670498
11250.0
11250.0
11250.0
11250.0
11250.0
11250.0
11250.0
-11250.0
-8078.522398734924
-7435.7998738662245
-6591.432237430232
-3624.836202066011
11250.0
11250.0
11250.0
11250.0
-11136.363636363636
-11250.0
-11250.0
-11250.0
-11250.0
-11250.0
11250.0
11250.0
11250.0
11250.0
11250.0
11250.0
11250.0
-11250.0
-11250.0
-11250.0
-11250.0
-10094.363235883062
-9802.862568671455
-10563.640810923232
-9759.458364282498
11250.0
11250.0
11250.0
11250.0
11250.0
11250.0
11250.0
11250.0
11250.0
-9920.874269369484
-9716.181829485507
-9736.170406473604
-10708.645052386655
-11250.0
11250.0
11250.0
11250.0
11250.0
11250.0
11250.0
-10559.53984943205
-10266.214473549273
-10983.707017984318
-11250.0
-11250.0
-11250.0
-11250.0
-11250.0
11250.0
11250.0
11250.0
11250.0
11250.0
11250.0
11250.0
11250.0
11250.0
-11250.0
-11250.0
-11250.0
11250.0
11250.0
11250.0
-10477.87477423239
-10010.240616769097
-8306.744156366363
-8984.498791830636
11250.0
11250.0
11250.0
11250.0
11250.0
-11250.0
-11250.0
-11250.0
-11250.0
-10166.87277553237
-7293.224827220696
11250.0
11250.0
11250.0
11250.0
11250.0
11250.0
11250.0
11250.0
-9600.287454387948
-10136.174721318599
-8595.064527008351
-5347.4322413457485
11250.0
11250.0
11250.0
11250.0
-11250.0
-11250.0
-11250.0
-11250.0
-11250.0
-7981.096006796953
-2084.5439062265796
11250.0
11250.0
11250.0
11250.0
11250.0
11250.0
11250.0
11250.0
-11250.0
-11250.0
-11250.0
-11250.0
-9829.31467395318
-10550.81963453985
-11250.0
11250.0
11250.0
11250.0
11250.0
11250.0
11250.0
11250.0
11250.0
-9877.345164928141
-9705.433703415256
-8802.531189103283
-6861.122620107547
-2450.008155318683
2615.739659414633
11250.0
11250.0
11250.0
11250.0
-11250.0
-11250.0
-10674.851047472614
-10601.750081626255
-9348.951225358505
-10314.030806569583
-10586.47908938273
-11250.0
11250.0
11250.0
11250.0
11250.0
11250.0
11250.0
11250.0
11250.0
11250.0
-7730.274442538597
11250.0
11250.0
11250.0
-10305.944055944059
-10975.118589456728
-10892.283012189786
-8168.504297480315
11250.0
329.64641948856934
11250.0
11250.0
11250.0
-11009.064437347362
-11250.0
-11250.0
-11250.0
-11250.0
-11250.0
11250.0
11250.0
11250.0
11250.0
11250.0
11250.0
-11250.0
11250.0
-11250.0
-11250.0
-11250.0
-10576.511304246415
-10052.72829229436
-8213.650619868931
-9833.988490651638
-11250.0
11250.0
11250.0
11250.0
11250.0
11250.0
11250.0
11250.0
11250.0
11250.0
-11250.0
-10725.237830807677
-10088.319683451267
-9931.937564778811
-10076.983647227156
-10744.729520096203
-11250.0
-11250.0
11250.0
11250.0
11250.0
11250.0
11250.0
11250.0
11250.0
11250.0
11250.0
11250.0
-11250.0
-11250.0
11250.0
11250.0
11250.0
-11250.0
-10440.917178906504
-10041.515542594003
-10198.770798526562
-10380.547034501538
-10012.293022703536
-9965.293475057078
11250.0
11250.0
11250.0
11250.0
11250.0
11250.0
11250.0
11250.0
-10474.941724941724
-11250.0
-11250.0
-11250.0
11250.0
11250.0
11250.0
11250.0
-11250.0
-10962.240105036704
-10599.418022006776
-10486.122928044082
-9330.063838873964
-9904.859654505886
-9885.213153744255
11250.0
11250.0
11250.0
11250.0
11250.0
11250.0
11250.0
11250.0
11250.0
-11250.0
-11250.0
11250.0
11250.0
11250.0
-11250.0
-11250.0
-11250.0
-11250.0
-11250.0
-8043.177353098774
11250.0
11250.0
11250.0
11250.0
11250.0
8149.329548449757
11250.0
-3710.634054167524
11250.0
-1305.6393813655231
1568.779087904296
3902.612904504976
5133.025987971259
5786.747578201521
2726.316904438798
-5795.454545454547
3018.29268292682
4047.2175379426635
-3522.727272727273
11250.0