Demand
11250.0
11250.0
11250.0
11250.0
11250.0
11250.0
11250.0
11250.0
11250.0
11250.0
11250.0
11250.0
11250.0
11250.0
-11250.0
11250.0
11250.0
11250.0
11250.0
11250.0
11250.0
11250.0
11250.0
11250.0
11250.0
11250.0
11250.0
-11250.0
-11250.0
-11250.0
-10078.722554130676
-8945.19780655688
-8426.45843911538
11250.0
11250.0
11250.0
11250.0
11250.0
11250.0
-11250.0
-10457.831802344
-10660.924328723333
-10908.089782926323
-11250.0
-11250.0
-11250.0
11250.0
11250.0
11250.0
11250.0
11250.0
11250.0
11250.0
11250.0
-11250.0
-11250.0
-11250.0
-11250.0
-11250.0
11250.0
11250.0
11250.0
11250.0
11250.0
-11250.0
11250.0
-11250.0
-11250.0
-11250.0
11250.0
11250.0
11250.0
11250.0
-11250.0
-11250.0
-11250.0
-9963.545343091726
-9358.905148833346
-8226.691902580045
11250.0
11250.0
11250.0
11250.0
11250.0
11250.0
11250.0
-11250.0
-11250.0
-11250.0
-10024.87661200446
-8466.46422145547
-10303.83228045532
-11250.0
11250.0
11250.0
11250.0
11250.0
11250.0
11250.0
11250.0
-10505.690808803869
-10711.018688104286
-10950.189028901677
-10903.958425622412
-11250.0
-11250.0
-11250.0
11250.0
11250.0
11250.0
11250.0
11250.0
11250.0
11250.0
11250.0
11250.0
-11250.0
-11250.0
11250.0
11250.0
11250.0
-11250.0
-11250.0
-10498.839057858848
-10065.587362414732
-2892.714209861326
11250.0
11250.0
11250.0
11250.0
11250.0
-11250.0
-11250.0
-11250.0
-11250.0
-11250.0
-11250.0
11250.0
11250.0
11250.0
11250.0
11250.0
11250.0
11250.0
-11250.0
-11250.0
-11250.0
-11250.0
-11250.0
11250.0
11250.0
11250.0
11250.0
11250.0
11250.0
-11250.0
11250.0
11250.0
-11250.0
-11250.0
-11250.0
11250.0
11250.0
11250.0
11250.0
-11250.0
11250.0
-11250.0
-11250.0
-11250.0
-11250.0
-10833.468658655416
-11250.0
-11250.0
-11250.0
11250.0
11250.0
11250.0
11250.0
11250.0
11250.0
11250.0
11250.0
-11250.0
-11250.0
-11250.0
-8273.171747646938
11250.0
11250.0
11250.0
11250.0
11250.0
11250.0
-11250.0
-10485.469448584205
-10410.110664739947
-10301.712712502213
-9760.194904910906
-9842.655612496765
-11250.0
-11250.0
11250.0
11250.0
11250.0
11250.0
11250.0
11250.0
11250.0
11250.0
-11250.0
-11250.0
-11250.0
-11250.0
-11250.0
-11250.0
-11250.0
11250.0
11250.0
11250.0
11250.0
11250.0
11250.0
11250.0
11250.0
-10517.951596331673
-10985.637852665306
-11250.0
-11250.0
-11250.0
-11250.0
-11250.0
11250.0
11250.0
-11250.0
11250.0
11250.0
11250.0
11250.0
11250.0
11250.0
-11250.0
-11250.0
-11250.0
-11250.0
-9444.901313878272
6937.12162693388
11250.0
11250.0
11250.0
11250.0
11250.0
11250.0
11250.0
-11250.0
11250.0
11250.0
-11250.0
-11250.0
-11250.0
-11250.0
-11250.0
-11250.0
11250.0
11250.0
11250.0
11250.0
11250.0
11250.0
11250.0
-10755.494505494506
-10971.311029141547
-11250.0
-10815.011571691255
-11250.0
-11250.0
11250.0
11250.0
11250.0
11250.0
11250.0
11250.0
11250.0
11250.0
-11250.0
-11250.0
11250.0
11250.0
11250.0
-11250.0
-11250.0
-11250.0
-10282.440588457186
-9721.449496441306
-9306.674547499268
-8379.948755550031
-4673.53905078276
11250.0
11250.0
11250.0
11250.0
11250.0
11250.0
11250.0
11250.0
-10534.718349135524
-10265.314503735895
11250.0
11250.0
-11250.0
11250.0
11250.0
-11250.0
11250.0
11250.0
11250.0
-11250.0
-11250.0
-10691.429217548623
-10617.852646699012
-11250.0
-11250.0
-11250.0
-11250.0
11250.0
11250.0
11250.0
11250.0
11250.0
11250.0
11250.0
11250.0
-11250.0
11250.0
11250.0
-10783.708100851618
-11250.0
-11250.0
-11250.0
-11250.0
-9910.127673264637
-3611.1542069174507
11250.0
11250.0
11250.0
11250.0
11250.0
11250.0
11250.0
-10218.222043443286
11250.0
11250.0
-5114.356711922766
11250.0
11250.0
-10363.60180620191
-8888.47323918451
11250.0
5621.466821058848
11250.0
11250.0
-11250.0
-11250.0
-11250.0
-11250.0
11250.0
11250.0
11250.0
11250.0
11250.0
-11250.0
-11250.0
11250.0
11250.0
-11250.0
-11250.0
7656.633906633702
11250.0
11250.0
11250.0
11250.0
-11250.0
-11250.0
-11250.0
-11250.0
-11250.0
-11250.0
-11250.0
11250.0
11250.0
11250.0
11250.0
11250.0
11250.0
11250.0
11250.0
11250.0
-11250.0
-11250.0
-10771.776418823181
-11250.0
11250.0
11250.0
11250.0
11250.0
-10057.707052144266
-10308.185258023292
11250.0
11250.0
11250.0
11250.0
-11250.0
-11250.0
-10122.105143154946
-9196.02325896623
-10326.866296553133
11250.0
11250.0
11250.0
11250.0
11250.0
11250.0
11250.0
-11250.0
-7167.771883289122
-5114.514719251301
4351.216886832066
11250.0
11250.0
11250.0
11250.0
-10791.161318020826
-10946.362628182218
-11250.0
11250.0
11250.0
11250.0
-11250.0
-10992.112565602944
-10352.318138573792
-10140.356299102852
-10722.198356004796
-9964.924739974242
11250.0
11250.0
11250.0
11250.0
11250.0
11250.0
-10554.073363961943
-10469.20584377299
-10943.316846348378
-10847.828302746675
-11250.0
11250.0
11250.0
11250.0
11250.0
11250.0
11250.0
-10338.540124370746
-10006.197813036888
-9857.464019583796
-9622.534237723092
-9607.868759030975
-10632.123617226382
-11250.0
11250.0
11250.0
11250.0
11250.0
11250.0
11250.0
-9954.661500476224
11250.0
11250.0
-11250.0
-11250.0
-11250.0
-11250.0
-11250.0
-11250.0
-11250.0
-11250.0
11250.0
11250.0
11250.0
11250.0
11250.0
11250.0
11250.0
11250.0
-11250.0
11250.0
-11250.0
11250.0
11250.0
-10265.279484029488
-9383.906642965027
-10372.530299470567
-9916.265334162534
-9662.171756081905
-10738.015020380259
-11250.0
-11250.0
11250.0
11250.0
11250.0
11250.0
11250.0
11250.0
11250.0
11250.0
-9385.644684707298
-10333.990009235149
-10869.66200488335
-11250.0
-11250.0
11250.0
11250.0
11250.0
11250.0
11250.0
11250.0
-10954.26708684619
-11250.0
-11250.0
11250.0
11250.0
11250.0
11250.0
11250.0
-10243.356319905815
-10148.867755972402
-10323.47316471408
-10165.08604962907
-10342.619946966293
-10588.058477940289
-11250.0
11250.0
11250.0
11250.0
11250.0
11250.0
11250.0
11250.0
11250.0
11250.0
11250.0
-11250.0
-11250.0
-11250.0
-11250.0
-11250.0
-11250.0
-11250.0
11250.0
11250.0
11250.0
11250.0
11250.0
11250.0
5018.498942917444
11250.0
11250.0
-10060.296846011133
-10740.739702759627
-11250.0
-11250.0
-10516.237885040657
-10340.72613586114
-8075.5495674306085
-9052.820380347217
11250.0
-11250.0
11250.0
11250.0
11250.0
11250.0
11250.0
11250.0
11250.0
-9702.430502812269
-9241.121180093516
-8611.08878246756
-8455.91606427991
-9093.72937141647
-8199.35011879959
11250.0
11250.0
11250.0
11250.0
11250.0
11250.0
11250.0
-10964.936652589466
11250.0
11250.0
-11250.0
-11250.0
-11250.0
-11250.0
-11250.0
-11250.0
11250.0
11250.0
11250.0
11250.0
11250.0
11250.0
11250.0
-11250.0
-11250.0
-11250.0
11250.0
11250.0
11250.0
11250.0
-11250.0
-11250.0
-11250.0
-11250.0
-11250.0
-11250.0
-11250.0
11250.0
11250.0
11250.0
11250.0
11250.0
11250.0
11250.0
11250.0
11250.0
-11250.0
11250.0
11250.0
11250.0
-11250.0
-11250.0
-10111.910865706963
-9909.715722107612
11250.0
11250.0
11250.0
11250.0
11250.0
-11250.0
-11250.0
-11250.0
-11250.0
-11250.0
-9255.572474567485
-4273.669000384783
11250.0
11250.0
11250.0
11250.0
11250.0
11250.0
11250.0
-11250.0
-11250.0
-11250.0
-11250.0
-11250.0
-9759.876065065844
-11250.0
-11250.0
11250.0
11250.0
11250.0
11250.0
11250.0
11250.0
11250.0
11250.0
11250.0
-10315.11530104437
-10741.390471432103
-10964.925458504593
-11250.0
-11250.0
-11250.0
-11250.0
11250.0
11250.0
11250.0
11250.0
11250.0
11250.0
11250.0
-11250.0
-11250.0
-11250.0
-11250.0
-11250.0
11250.0
11250.0
11250.0
11250.0
11250.0
11250.0
11250.0
-5994.21146096578
-5655.617393832461
-1540.8433832164883
5517.456460004912
11250.0
2645.806521558161
11250.0
19.34097421203478
2080.650987391098
3375.4602509934352
4351.870986214199
-4545.454545454546
446.75090252707014
1497.0029262767011
2981.917343582294
-3522.727272727273
6264.970059880259