Demand
11250.0
11250.0
11250.0
11250.0
11250.0
11250.0
11250.0
11250.0
11250.0
11250.0
-11250.0
-11250.0
-11250.0
-11250.0
-11250.0
11250.0
11250.0
11250.0
11250.0
11250.0
11250.0
11250.0
11250.0
11250.0
11250.0
11250.0
-11250.0
-11250.0
-11250.0
-11250.0
-7854.148278905563
11250.0
11250.0
11250.0
11250.0
11250.0
11250.0
-11250.0
-11250.0
11250.0
11250.0
11250.0
-10932.529859521012
-11250.0
11250.0
11250.0
11250.0
-11250.0
-11250.0
-11250.0
-11250.0
11250.0
11250.0
11250.0
11250.0
11250.0
-11250.0
-11250.0
-11250.0
-11250.0
-11250.0
11250.0
11250.0
11250.0
11250.0
11250.0
11250.0
-11250.0
-11250.0
-11250.0
-11250.0
11250.0
11250.0
11250.0
11250.0
11250.0
-10522.006811632175
-10451.005952137828
-10648.40004216407
-11250.0
-11250.0
-11250.0
-11250.0
11250.0
11250.0
11250.0
11250.0
11250.0
11250.0
11250.0
-9554.441576284695
-10644.632510348096
11250.0
11250.0
11250.0
11250.0
-11250.0
-11250.0
-10972.758035818217
-10621.709340033609
-10136.812896659394
-10310.150025206214
-10549.478849519903
-9398.816387791609
11250.0
11250.0
11250.0
11250.0
11250.0
11250.0
11250.0
11250.0
-10761.422367268158
-10719.634864598916
-10955.89066308059
-11250.0
-11250.0
-11250.0
-11250.0
-11250.0
11250.0
11250.0
11250.0
11250.0
11250.0
11250.0
11250.0
11250.0
-10974.357816663516
-11250.0
-11250.0
11250.0
11250.0
11250.0
11250.0
-11250.0
-11250.0
-11250.0
11250.0
11250.0
11250.0
-11250.0
11250.0
11250.0
-11250.0
-11250.0
-11250.0
-11250.0
11250.0
11250.0
11250.0
11250.0
11250.0
-11250.0
-11250.0
-11250.0
-11250.0
-11250.0
-11250.0
11250.0
11250.0
11250.0
11250.0
11250.0
11250.0
-11250.0
-11250.0
-11250.0
-11250.0
-11250.0
11250.0
11250.0
11250.0
11250.0
11250.0
11250.0
-11250.0
11250.0
11250.0
11250.0
-11250.0
-11250.0
-11250.0
-11250.0
-11250.0
-11250.0
11109.90037359872
-748.1211090113011
11250.0
11250.0
11250.0
11250.0
11250.0
11250.0
-10520.394811696438
-10459.970171593875
-10376.960906961242
-9924.508949637366
-10068.534347235425
-11250.0
-11250.0
-11250.0
11250.0
11250.0
11250.0
11250.0
11250.0
11250.0
11250.0
11250.0
-11250.0
-11250.0
-11250.0
-11250.0
-11250.0
-11250.0
-11250.0
-11250.0
11250.0
11250.0
11250.0
11250.0
11250.0
11250.0
11250.0
11250.0
11250.0
-11250.0
-11250.0
-11250.0
11250.0
11250.0
11250.0
-11250.0
-10933.11478831961
-11250.0
-11250.0
11250.0
11250.0
11250.0
11250.0
11250.0
11250.0
-11250.0
-10672.638642694357
-10518.474664907153
-9555.754918656865
-9239.415403330295
11250.0
11250.0
11250.0
11250.0
11250.0
-11250.0
-11250.0
11250.0
11250.0
11250.0
-11250.0
-11250.0
-11250.0
-11250.0
-11250.0
-11250.0
11250.0
11250.0
11250.0
8754.674332045295
11250.0
11250.0
11250.0
11250.0
-10942.912443131932
-11250.0
-11250.0
11250.0
11250.0
11250.0
11250.0
-11003.767998015672
-8820.257536596768
-10059.037937389257
-10905.920428790145
-11250.0
-11250.0
-11250.0
11250.0
11250.0
11250.0
11250.0
11250.0
11250.0
11250.0
11250.0
-10293.884675488523
-10205.629300899145
-10664.413263816616
-10905.150847995861
-11250.0
-11250.0
-11250.0
11250.0
11250.0
11250.0
11250.0
11250.0
11250.0
11250.0
-11250.0
-11250.0
-11250.0
11250.0
11250.0
11250.0
11250.0
-11250.0
-11250.0
-10601.152703336262
-10329.08346701584
-11250.0
11250.0
11250.0
11250.0
11250.0
11250.0
-11250.0
11250.0
11250.0
-11250.0
-10982.793944023892
-11250.0
-11250.0
-11250.0
-11250.0
2561.2138164467387
11250.0
11250.0
11250.0
11250.0
11250.0
11250.0
11250.0
-10197.260414529039
-10613.885582873263
-10358.297999831932
-9252.463049810278
11250.0
11250.0
11250.0
11250.0
11250.0
-8583.679833679835
-7034.356436658487
-9226.764307471036
-10234.556044783309
-9050.56715269258
-7834.27589694288
-468.9366749309338
11250.0
11250.0
11250.0
11250.0
11250.0
11250.0
-11250.0
-10246.887679447282
-10413.358138940825
-10604.226692125612
-10848.629803186803
-11250.0
-11250.0
11250.0
11250.0
11250.0
11250.0
11250.0
11250.0
11250.0
-11250.0
-11250.0
-11250.0
11250.0
11250.0
11250.0
11250.0
-11250.0
-11250.0
-11250.0
-11250.0
-11250.0
-8975.055432372512
11250.0
11250.0
11250.0
11250.0
11250.0
11250.0
11250.0
11250.0
-11250.0
-9432.324357157322
-9252.310113781521
-9106.733983193673
11250.0
11250.0
11250.0
11250.0
11250.0
-11250.0
-11250.0
-11250.0
-11250.0
-9959.325729620938
-8841.725452078263
-10121.708249304673
11250.0
11250.0
11250.0
11250.0
11250.0
11250.0
11250.0
11250.0
-8612.919808087729
-6613.766781922026
11250.0
11250.0
-9405.936590100293
-9465.48398186819
-10073.600076732888
-10507.756587600586
-10670.403903850627
-11250.0
11250.0
11250.0
11250.0
11250.0
11250.0
-10506.74961118586
-10437.48715415513
-10946.333407495262
-10893.271680845915
-11250.0
-11250.0
-11250.0
11250.0
11250.0
11250.0
11250.0
11250.0
11250.0
11250.0
11250.0
-11250.0
-11250.0
11250.0
11250.0
11250.0
-11250.0
-9977.768723871606
-9061.203263386564
-6911.397035725542
11250.0
11250.0
11250.0
11250.0
11250.0
-11250.0
11250.0
11250.0
-11250.0
-11250.0
11250.0
11250.0
11250.0
-11250.0
-11250.0
11250.0
11250.0
11250.0
11250.0
-11250.0
-11250.0
-10898.822562979189
-10341.5047942372
-7027.734859414155
-4614.426219262563
11250.0
11250.0
11250.0
11250.0
11250.0
11250.0
11250.0
-11250.0
-7769.674355495233
11250.0
11250.0
-10446.110319363579
-9889.255032963665
-9115.437173134891
-8401.912643367745
11250.0
11250.0
11250.0
11250.0
-11250.0
-11250.0
-10429.235431403937
-8807.609600958469
11250.0
11250.0
11250.0
11250.0
11250.0
-11250.0
-11250.0
-9437.706076307117
-7904.562884518338
-8222.205475921204
11250.0
11250.0
-3896.4250949563616
11250.0
11250.0
11250.0
11250.0
-11250.0
11250.0
-11250.0
-11250.0
-9934.075518161302
-9621.891891375559
-9529.36328646116
-7642.549121113421
11250.0
11250.0
11250.0
11250.0
11250.0
11250.0
11250.0
-11250.0
-11250.0
-11250.0
-10164.36230248307
-10795.89803913451
-11250.0
-11250.0
11250.0
11250.0
11250.0
11250.0
11250.0
11250.0
11250.0
11250.0
-9822.772316578787
-9195.214893877637
-8152.660075210936
-6853.59482423061
-8029.7454850247195
-8603.924220716155
-8718.852739383194
-4007.2944221192593
11250.0
11250.0
11250.0
11250.0
11250.0
11250.0
11250.0
-10990.332051022477
-11250.0
11250.0
11250.0
-11250.0
-11250.0
-11250.0
-11250.0
-10582.589880374748
7217.834829512767
11250.0
11250.0
11250.0
10237.437056960807
11250.0
11250.0
-10993.530776306845
-10952.885389925163
-9398.794863810228
-9180.765302504256
-9084.27649327261
11250.0
11250.0
11250.0
11250.0
11250.0
11250.0
-11250.0
11250.0
-11250.0
-11250.0
-11250.0
-11250.0
-11250.0
11250.0
11250.0
11250.0
11250.0
11250.0
11250.0
11250.0
-10701.336898395726
11250.0
-9715.91824033859
-10624.280992916414
-11250.0
-11250.0
11250.0
11250.0
11250.0
11250.0
-11250.0
-11250.0
-11250.0
11250.0
11250.0
11250.0
11250.0
-10088.629672226572
-10156.698830356436
-10696.263794279901
-11250.0
11250.0
11250.0
11250.0
11250.0
11250.0
-10505.321309531322
-10659.778711582549
-10853.980240154226
-11250.0
11250.0
11250.0
11250.0
11250.0
11250.0
-11250.0
-11250.0
-11250.0
-9706.601313744173
-7442.412538279946
11250.0
11250.0
11250.0
11250.0
-11250.0
11250.0
11250.0
-11250.0
-11250.0
-11250.0
-11250.0
11250.0
11250.0
11250.0
11250.0
11250.0
11250.0
-11250.0
-11250.0
11250.0
11250.0
11250.0
-10792.780748663103
-10719.153567463334
-9900.213937955006
-10198.310717019762
-7678.058615002126
11250.0
11250.0
11250.0
11250.0
-11250.0
-11250.0
-11250.0
11250.0
11250.0
11250.0
11250.0
11250.0
-11250.0
-11250.0
-11250.0
-11250.0
11250.0
11250.0
11250.0
11250.0
11250.0
-8929.013090426499
-6479.3896642898035
-5826.381016036782
-5885.2258891264655
-3418.61554279816
-1395.369103665491
1862.2931081165052
5707.000080927432
9975.214237823478
10065.190344951036
6717.467423352475
2907.1539295657058
-3750.0000000000005
11250.0
-5795.454545454547
11250.0
8922.620634497467
7658.565331913592
-3863.636363636364