Demand
-11250.0
-11250.0
11250.0
11250.0
11250.0
11250.0
11250.0
11250.0
11250.0
11250.0
11250.0
11250.0
11250.0
11250.0
11250.0
11250.0
11250.0
11250.0
-11250.0
11250.0
11250.0
-11250.0
-11250.0
-11250.0
11250.0
11250.0
11250.0
11250.0
-11250.0
-11250.0
-10166.273501866068
-9216.544787517101
-9168.463931848157
11250.0
11250.0
11250.0
11250.0
11250.0
11250.0
-11250.0
-10416.3807890223
-10616.199224670116
-10867.72398940213
-11250.0
-11250.0
11250.0
11250.0
11250.0
11250.0
11250.0
11250.0
11250.0
11250.0
-11250.0
-11250.0
-11250.0
-11250.0
-11250.0
11250.0
11250.0
11250.0
11250.0
11250.0
11250.0
-11250.0
-11250.0
-11250.0
11250.0
11250.0
11250.0
-11250.0
-11250.0
-11250.0
11250.0
11250.0
11250.0
11250.0
11250.0
-10772.624911597206
-11250.0
-11250.0
-11250.0
-11250.0
-11250.0
-11250.0
-11250.0
11250.0
11250.0
11250.0
11250.0
11250.0
11250.0
11250.0
11250.0
-11250.0
-11250.0
-11250.0
-11250.0
-10782.040356704405
-9957.878386815948
-7814.213125097813
2863.2340584296307
11250.0
11250.0
11250.0
11250.0
11250.0
11250.0
11250.0
11250.0
11250.0
-10407.985731168206
-10393.812350521373
-4421.036104773209
11250.0
11250.0
11250.0
-11250.0
-11250.0
-11250.0
-11250.0
-11250.0
-11250.0
-9776.071616410401
-7238.700214857137
11250.0
11250.0
11250.0
11250.0
11250.0
11250.0
11250.0
11250.0
-11250.0
-11250.0
-11250.0
-11250.0
11250.0
11250.0
11250.0
11250.0
11250.0
11250.0
-11250.0
-11250.0
-11250.0
11250.0
11250.0
11250.0
11250.0
-10526.524191798657
-10985.621046575456
-10950.213614603774
-11250.0
-11250.0
-11250.0
-11250.0
11250.0
11250.0
11250.0
11250.0
11250.0
11250.0
11250.0
-11250.0
-11250.0
-11250.0
11250.0
11250.0
11250.0
11250.0
-10990.48548232616
-11250.0
-11250.0
-11250.0
-11250.0
-11250.0
-11250.0
11250.0
11250.0
11250.0
11250.0
11250.0
11250.0
11250.0
11250.0
-10713.812387541733
-10949.249618933965
-11250.0
-11250.0
-11250.0
-11250.0
11250.0
11250.0
11250.0
11250.0
11250.0
11250.0
11250.0
11250.0
-11250.0
-11250.0
-11250.0
-11250.0
11250.0
11250.0
11250.0
11250.0
11250.0
-11250.0
-11250.0
-11250.0
-11250.0
-11250.0
-11250.0
-11250.0
-11250.0
11250.0
11250.0
11250.0
11250.0
11250.0
11250.0
11250.0
11250.0
11250.0
-11250.0
11250.0
11250.0
11250.0
-11250.0
11250.0
11250.0
-11250.0
-10970.874050536491
-11250.0
-11250.0
-11250.0
-11250.0
11250.0
11250.0
11250.0
11250.0
11250.0
11250.0
-10733.480848800726
-10401.225633102797
-10933.043411696763
-11250.0
-11250.0
-11250.0
-11250.0
11250.0
11250.0
11250.0
11250.0
11250.0
11250.0
11250.0
11250.0
11250.0
-11250.0
-11250.0
11250.0
11250.0
-10739.75532126517
-10019.612986200154
-10418.876374391915
-8734.634028923654
11250.0
11250.0
11250.0
11250.0
11250.0
-11250.0
-11250.0
-11250.0
-10878.906249999996
-10773.520099754274
-10522.645029319738
7412.145297445022
629.2572152325965
11250.0
11250.0
11250.0
11250.0
11250.0
11250.0
11250.0
-11250.0
-11250.0
-10063.324080499653
-8894.819133788733
-5264.6953390132585
11250.0
11250.0
11250.0
11250.0
11250.0
11250.0
-11250.0
-11250.0
-10630.215981115594
-9812.551552160236
-9938.118131845145
-10064.308604819937
-9140.179777461937
3120.2233276788106
11250.0
11250.0
11250.0
11250.0
11250.0
11250.0
11250.0
11250.0
-11250.0
-10676.895684960204
-10526.19686985917
-11250.0
-11250.0
11250.0
11250.0
11250.0
11250.0
11250.0
-11250.0
-11250.0
11250.0
11250.0
11250.0
-11250.0
-11250.0
-11250.0
-10473.539703711544
-11250.0
-11250.0
11250.0
11250.0
11250.0
11250.0
11250.0
11250.0
11250.0
11250.0
-10775.087946676544
-10462.812847679561
-10651.72232542991
-10888.020501841635
-9275.283868802344
-5257.724561984167
11250.0
11250.0
5021.126128951728
11250.0
11250.0
11250.0
11250.0
-10685.395113361217
-11250.0
-11250.0
11250.0
11250.0
11250.0
11250.0
-10281.1204354834
-10396.576687397224
-10506.531541934495
-10594.807283624967
11250.0
11250.0
11250.0
11250.0
11250.0
-11250.0
-10429.899818821272
-11250.0
-10421.055194553795
-11250.0
-11250.0
11250.0
11250.0
11250.0
11250.0
11250.0
11250.0
-11250.0
-11250.0
-11250.0
-11250.0
-8325.809559147467
11250.0
11250.0
11250.0
11250.0
11250.0
11250.0
11250.0
-11010.366510959397
-11250.0
-9453.751024633133
-9504.54152989027
-9934.7513117704
-9943.114276500448
-5938.899813129519
11250.0
11250.0
11250.0
11250.0
11250.0
11250.0
11250.0
-10546.23193707701
-10217.825911068852
-10957.877059778031
-10897.700080752009
-11250.0
-11250.0
11250.0
11250.0
11250.0
11250.0
11250.0
11250.0
11250.0
-8764.053111068039
-8749.87671518555
-8645.857525010739
-8332.419394316945
-8622.982486232933
-3914.810475573368
11250.0
11250.0
11250.0
11250.0
11250.0
-11250.0
-10967.306715533083
-10179.10613415044
-9646.954201747565
-9613.656922066886
11250.0
11250.0
11250.0
11250.0
11250.0
-11250.0
11250.0
-9770.844973706764
11250.0
11250.0
11250.0
11250.0
-11250.0
-11250.0
-11250.0
-11250.0
-11250.0
-11250.0
-3103.910281857901
11250.0
11250.0
11250.0
11250.0
11250.0
11250.0
11250.0
11250.0
-11250.0
11250.0
11250.0
-11250.0
11250.0
11250.0
-10978.984404716623
-11250.0
-11250.0
11250.0
11250.0
11250.0
-11250.0
-11250.0
-11250.0
-10626.162420528006
-1832.7210466794277
11250.0
11250.0
11250.0
11250.0
11250.0
11250.0
11250.0
-11250.0
-11250.0
-11250.0
-9678.87039967332
-7300.84245392018
11250.0
11250.0
11250.0
11250.0
11250.0
11250.0
11250.0
-11250.0
-11250.0
-11250.0
-11250.0
-8785.075917739781
11250.0
11250.0
11250.0
11250.0
11250.0
-11013.654792112611
-11250.0
-11250.0
-9507.640942727128
-8188.505022025121
-8783.826350903637
-1717.1381322980978
11250.0
11250.0
11250.0
-11250.0
11250.0
11250.0
11250.0
-11250.0
-11250.0
-11250.0
-7725.793181072463
11250.0
11250.0
11250.0
11250.0
11250.0
11250.0
-11250.0
-11250.0
-11250.0
-11250.0
-11250.0
-11250.0
11250.0
11250.0
11250.0
11250.0
11250.0
11250.0
11250.0
-11250.0
-11250.0
-11250.0
-11250.0
-1074.79338842976
11250.0
11250.0
11250.0
11250.0
11250.0
11250.0
-9839.626099706747
-10164.103288509934
-9526.837283765653
-10172.854345941469
-11250.0
11250.0
11250.0
11250.0
11250.0
-10176.077723784721
11250.0
11250.0
11250.0
11250.0
-11250.0
-11250.0
-11250.0
-11250.0
-10685.395113361217
-3736.615474713272
11250.0
11250.0
11250.0
11250.0
11250.0
11250.0
11250.0
-11009.606373008435
-9825.659331514162
-9780.298675121176
-10016.1427144708
11250.0
11250.0
11250.0
11250.0
11250.0
-11250.0
11250.0
-11250.0
-11250.0
-11250.0
-11250.0
-11250.0
11250.0
11250.0
11250.0
11250.0
11250.0
11250.0
11250.0
11250.0
-10744.182606980874
-10415.842779948682
-9369.123454902492
-10521.900635506914
-11250.0
-11250.0
-11250.0
11250.0
11250.0
11250.0
11250.0
11250.0
11250.0
11250.0
11250.0
-10746.590248299075
-10151.756002313774
-10029.916271511513
-10200.35206415159
-10825.416509103768
-11250.0
-11250.0
11250.0
11250.0
11250.0
11250.0
11250.0
11250.0
11250.0
11250.0
11250.0
-10628.181818181823
-11250.0
11250.0
11250.0
11250.0
-11250.0
-11250.0
-10137.001579845451
-9236.67437534903
-8585.544277635825
11250.0
11250.0
11250.0
-11250.0
11250.0
11250.0
11250.0
-11250.0
-11250.0
-11250.0
-11250.0
-6396.0371308838585
11250.0
11250.0
11250.0
11250.0
11250.0
11250.0
11250.0
-11250.0
-10969.855832241155
-10595.872190967442
-10432.965789071583
-8888.455227116465
-8782.639124281493
11250.0
11250.0
11250.0
11250.0
11250.0
11250.0
11250.0
-11250.0
-11250.0
-11250.0
-11250.0
11250.0
11250.0
11250.0
11250.0
11250.0
-11250.0
-11250.0
-11250.0
-11250.0
-9559.664239348913
-6612.332796696381
-1881.1006453809441
11250.0
11250.0
11250.0
11250.0
10788.272654441622
6127.360184659244
11250.0
-7045.454545454546
733.1409323267535
2909.222198737083
4258.169351503451
5270.787102978452
2790.8632249205584
-163.71000836627354
822.5861454080168
2303.6229356746035
-3522.727272727273
5244.360902255649