Demand
11250.0
11250.0
11250.0
11250.0
11250.0
11250.0
11250.0
11250.0
11250.0
11250.0
-11250.0
11250.0
11250.0
11250.0
11250.0
11250.0
-11250.0
11250.0
11250.0
-11250.0
-11250.0
11250.0
11250.0
11250.0
-11250.0
-11250.0
-11250.0
-11250.0
-11250.0
11250.0
11250.0
11250.0
11250.0
11250.0
11250.0
11250.0
-11250.0
-11250.0
11250.0
11250.0
11250.0
11250.0
11250.0
-11250.0
-11250.0
-11250.0
-11250.0
-11250.0
11250.0
11250.0
11250.0
11250.0
11250.0
11250.0
-11250.0
-11250.0
-11250.0
-11250.0
-11250.0
-11250.0
11250.0
11250.0
11250.0
11250.0
11250.0
11250.0
11250.0
11250.0
11250.0
-11250.0
-11250.0
-11250.0
-11250.0
-11250.0
11250.0
11250.0
11250.0
11250.0
11250.0
11250.0
11250.0
-11250.0
-11250.0
-11250.0
-11250.0
-11250.0
-11250.0
-11250.0
11250.0
11250.0
11250.0
11250.0
11250.0
11250.0
11250.0
11250.0
-11250.0
-11250.0
-10906.52432673709
-10337.646712384707
-8940.759157291981
-1225.5022736646897
11250.0
11250.0
11250.0
11250.0
11250.0
11250.0
-11250.0
-11250.0
-11250.0
-3345.53158705703
11250.0
11250.0
11250.0
11250.0
-11250.0
11250.0
11250.0
-11250.0
-11250.0
-11250.0
-11250.0
-10454.404466501244
-10206.344297795378
-8743.407036133154
-409.70677415386854
11250.0
11250.0
11250.0
11250.0
11250.0
11250.0
11250.0
11250.0
-11250.0
-11250.0
-11250.0
11250.0
11250.0
11250.0
11250.0
-11250.0
-11250.0
11250.0
11250.0
11250.0
11250.0
-11250.0
-10989.679801080863
-10296.892790205711
-10809.01707414833
-10245.66978604783
11250.0
11250.0
11250.0
11250.0
11250.0
-11250.0
-11250.0
11250.0
11250.0
-11250.0
11250.0
11250.0
11250.0
-11250.0
-11250.0
-11250.0
-11250.0
11250.0
11250.0
11250.0
11250.0
11250.0
11250.0
-11250.0
-11250.0
-11250.0
-11250.0
-11250.0
11250.0
11250.0
11250.0
11250.0
11250.0
-10778.108491681782
-10993.692036890316
-11250.0
-11250.0
-11250.0
-11250.0
-11250.0
11250.0
11250.0
11250.0
11250.0
11250.0
11250.0
11250.0
11250.0
-11250.0
-11250.0
-11250.0
-11250.0
11250.0
11250.0
11250.0
11250.0
-11250.0
-11250.0
-11250.0
-11250.0
-11250.0
-11250.0
-11250.0
-11250.0
11250.0
11250.0
11250.0
11250.0
11250.0
11250.0
11250.0
11250.0
11250.0
-11250.0
-11250.0
11250.0
11250.0
-11250.0
11250.0
11250.0
11250.0
-10939.422192086022
-11250.0
11250.0
11250.0
11250.0
11250.0
-11250.0
-11250.0
-11250.0
-11250.0
-4662.942989214218
11250.0
11250.0
11250.0
11250.0
11250.0
-11250.0
11250.0
-11250.0
-11250.0
-11250.0
-11250.0
-11250.0
-11250.0
-11250.0
11250.0
11250.0
11250.0
11250.0
11250.0
11250.0
11250.0
11250.0
11250.0
-10494.084874680739
-10697.483758099337
-10938.097288965699
-11250.0
-10773.70800634514
-11250.0
-11250.0
11250.0
11250.0
11250.0
11250.0
11250.0
11250.0
11250.0
11250.0
-11250.0
-11250.0
-11250.0
-11250.0
-11250.0
-11250.0
11250.0
11250.0
11250.0
11250.0
11250.0
11250.0
-10250.373491515198
-10710.575993504288
-10952.291412884406
-11250.0
-11250.0
-11250.0
-11250.0
-5521.692263644309
11250.0
11250.0
11250.0
11250.0
11250.0
11250.0
11250.0
11250.0
11250.0
-11250.0
-11250.0
-11250.0
-11250.0
-11250.0
-10012.961176754285
-8957.433036343453
11250.0
11250.0
11250.0
11250.0
11250.0
11250.0
11250.0
11250.0
11250.0
-11250.0
-10931.9421809679
-11250.0
-11250.0
11250.0
11250.0
11250.0
11250.0
11250.0
-11250.0
-11250.0
-10626.70437670438
-9675.392923103536
-9519.949871767203
-5272.44338154811
11250.0
11250.0
11250.0
11250.0
11250.0
11250.0
-10247.067448680351
-9354.868408365255
-7997.372011724125
-6026.2934524635675
-8709.281907604447
-9943.339554257265
-8302.976582505813
-6421.096268738528
5364.585448091155
11250.0
-11250.0
11250.0
11250.0
11250.0
11250.0
11250.0
11250.0
-10460.626297400999
-10663.417915616723
-10909.910306426445
-11250.0
-11250.0
-11250.0
11250.0
11250.0
11250.0
11250.0
11250.0
11250.0
11250.0
11250.0
-11250.0
-11250.0
-11250.0
-11250.0
-11250.0
11250.0
11250.0
11250.0
11250.0
11250.0
11250.0
-11008.753661354905
-10068.335796534779
-10414.752594822075
-8963.746857018086
11250.0
11250.0
11250.0
11250.0
-11250.0
-9589.04713193285
-9704.031098748233
-10172.10609981052
-10350.591405102405
-9291.861109753765
-9859.772290747424
11250.0
11250.0
11250.0
11250.0
11250.0
11250.0
11250.0
11250.0
-11008.94367520832
-10970.572360368533
-11250.0
-11250.0
-11250.0
11250.0
11250.0
11250.0
11250.0
11250.0
4609.367289680972
11250.0
11250.0
-9285.444546092807
-9293.180858033393
-9889.667687836954
-10275.598100450254
-9966.746519210501
11250.0
11250.0
11250.0
11250.0
11250.0
-10987.722576960678
-10313.136402927936
-10027.919278608933
-10572.934889013832
4059.9665110479077
11250.0
11250.0
11250.0
11250.0
11250.0
-11250.0
-10308.485256331827
-9846.34223119272
-9607.526746775085
11250.0
11250.0
11250.0
11250.0
-11250.0
-11250.0
-11250.0
-11250.0
-9093.201496765148
-6163.052000913613
11250.0
11250.0
11250.0
11250.0
-11250.0
11250.0
11250.0
-11250.0
-11250.0
11250.0
11250.0
11250.0
11250.0
-11016.911417251282
-11250.0
-11250.0
-11250.0
-11250.0
11250.0
11250.0
11250.0
11250.0
11250.0
11250.0
-9627.761120610903
-9976.206182583574
-10417.65755056277
-11250.0
11250.0
11250.0
11250.0
11250.0
11250.0
11250.0
-10493.46201743462
-10072.870708382794
-8649.863937375732
-9622.823954236876
-4349.918243379239
11250.0
11250.0
11250.0
11250.0
11250.0
-11250.0
-11250.0
-11250.0
-10441.944194419444
-9214.163778122816
685.8258418739915
11250.0
11250.0
11250.0
11250.0
11250.0
-11250.0
-9703.245604631218
-8570.334431092302
-9120.103256468428
-3140.6449268185916
11250.0
11250.0
11250.0
11250.0
11250.0
11250.0
-11250.0
-11250.0
-11250.0
-11250.0
11250.0
11250.0
11250.0
11250.0
-10749.149209182964
-10975.162987671676
-11250.0
-11250.0
-11250.0
-11250.0
-11250.0
11250.0
11250.0
11250.0
11250.0
11250.0
11250.0
11250.0
11250.0
-11250.0
-11250.0
-11250.0
-11250.0
-11250.0
-2433.2567863979766
11250.0
11250.0
11250.0
11250.0
11250.0
11250.0
-9851.468503507687
-10037.700004145685
-8171.306962336657
11250.0
11250.0
11250.0
-10759.386015247153
-10647.818812280999
-9049.891672582748
-8913.253617695256
11250.0
11250.0
11250.0
11250.0
-11250.0
-11250.0
-11250.0
-11250.0
-10736.544716754419
-6285.263768011813
2685.6373354931693
11250.0
11250.0
11250.0
6691.058221844487
11250.0
11250.0
11250.0
11250.0
-9558.233483566011
11250.0
11250.0
11250.0
-10947.166469893742
-10739.089689521847
11250.0
11250.0
11250.0
11250.0
-11250.0
-11250.0
-11250.0
-11250.0
-11250.0
-11250.0
11250.0
11250.0
11250.0
11250.0
11250.0
11250.0
-10668.499206529134
-9858.584744369819
11250.0
-395.49186460254714
11250.0
11250.0
-11250.0
-11250.0
-11250.0
-11250.0
11250.0
11250.0
11250.0
11250.0
11250.0
-10734.836312512554
-10077.198195775854
-9852.758678127557
-9879.47456248281
-10493.043544700606
-11250.0
11250.0
11250.0
11250.0
11250.0
11250.0
11250.0
-10729.469851116919
-10948.249356705906
-11250.0
-11250.0
-7863.966208273327
11250.0
11250.0
11250.0
11250.0
11250.0
11250.0
-10510.52277532193
-10142.43735398565
-10276.975085862865
-10422.231663907634
-9960.013757737852
-8903.827646055648
11250.0
11250.0
11250.0
11250.0
11250.0
11250.0
-11250.0
-11250.0
-5566.104885906767
11250.0
11250.0
11250.0
11250.0
-11250.0
-11250.0
-11250.0
-11250.0
-10883.082446931458
-10312.045348394298
-9853.550997434653
-4347.5033598064365
11250.0
11250.0
11250.0
11250.0
11250.0
11250.0
11250.0
11250.0
-11250.0
-11250.0
-11250.0
-11250.0
-11250.0
-11250.0
-11250.0
-11250.0
11250.0
11250.0
11250.0
11250.0
11250.0
11250.0
11250.0
11250.0
11250.0
-6595.672291780079
-5960.3750984465405
1977.9147222187148
11250.0
11250.0
-4182.502577594483
-2581.752238400408
-246.95199246806988
1748.4777919541812
3055.581005379847
4123.537859795057
-4545.454545454546
239.36170212765592
1251.7862942513757
2794.594570975969
4276.231647141185
-3863.636363636364