Demand
-11250.0
-11250.0
-11250.0
-11250.0
-11250.0
11250.0
11250.0
11250.0
11250.0
11250.0
11250.0
-11250.0
-11250.0
-11250.0
11250.0
11250.0
11250.0
11250.0
11250.0
11250.0
-11250.0
-11250.0
-11250.0
11250.0
11250.0
11250.0
11250.0
-11250.0
-11250.0
-11250.0
-9875.261599714155
-7827.934890772882
11250.0
11250.0
11250.0
11250.0
11250.0
11250.0
-11250.0
-11250.0
-10323.355318005819
-10536.770342492233
-10812.253562604263
-11250.0
-11250.0
11250.0
11250.0
11250.0
11250.0
11250.0
11250.0
11250.0
11250.0
11250.0
-11250.0
-11250.0
-11250.0
-11250.0
-11250.0
11250.0
11250.0
11250.0
11250.0
11250.0
11250.0
-11250.0
-11250.0
-11250.0
-11250.0
-11250.0
11250.0
11250.0
11250.0
11250.0
11250.0
11250.0
11250.0
-10489.474204388218
-10676.744926981515
-11250.0
-11250.0
-11250.0
11250.0
11250.0
11250.0
11250.0
11250.0
11250.0
11250.0
-10508.012882323448
-9840.321318583901
-10912.069533999202
-11250.0
-11250.0
11250.0
11250.0
11250.0
11250.0
11250.0
11250.0
-10548.28561006748
-10730.548200221816
-10949.049920433426
-10873.05040900928
-11250.0
-11250.0
11250.0
11250.0
11250.0
11250.0
11250.0
11250.0
-10749.581010043326
-10704.674520300305
-10945.968772193413
-11250.0
-11250.0
-11250.0
-11250.0
11250.0
11250.0
11250.0
11250.0
11250.0
11250.0
11250.0
11250.0
11250.0
-10983.689106690475
-11250.0
-11250.0
-11250.0
-11250.0
11250.0
11250.0
11250.0
11250.0
11250.0
11250.0
-10732.694131700293
-11250.0
-11250.0
-11250.0
-11250.0
-11250.0
11250.0
11250.0
11250.0
11250.0
11250.0
11250.0
11250.0
-10970.15192193657
-11250.0
-11250.0
11250.0
11250.0
11250.0
11250.0
-11250.0
-11250.0
-11250.0
-11250.0
-11250.0
11250.0
11250.0
11250.0
11250.0
11250.0
-11250.0
-11250.0
-10887.85952323312
-11250.0
-11250.0
-11250.0
11250.0
11250.0
11250.0
11250.0
11250.0
11250.0
11250.0
11250.0
11250.0
-11250.0
-11250.0
-10211.3282040899
11250.0
11250.0
11250.0
11250.0
-11250.0
11250.0
-11250.0
-10414.222873900293
-10265.37540760309
-9987.28845258793
-8633.318601203595
-5094.027913337897
11250.0
11250.0
11250.0
11250.0
11250.0
11250.0
-11250.0
-11250.0
-11250.0
-11250.0
-11250.0
-11250.0
11250.0
11250.0
11250.0
11250.0
11250.0
11250.0
-11250.0
-11250.0
-10879.576142681784
-10709.115213568348
-5736.946042243811
11250.0
11250.0
11250.0
11250.0
11250.0
11250.0
-11250.0
-11250.0
-11250.0
-6997.444045316381
11250.0
11250.0
11250.0
11250.0
-11250.0
11250.0
11250.0
11250.0
-11250.0
-11250.0
-11250.0
-11250.0
-10349.051633298215
-9997.736876196966
-7725.590771985804
11250.0
-11250.0
11250.0
11250.0
11250.0
11250.0
11250.0
11250.0
11250.0
-11250.0
11250.0
11250.0
11250.0
-11250.0
-11250.0
-11250.0
-11250.0
-10162.905276541645
-9042.948099705514
11250.0
11250.0
11250.0
11250.0
11250.0
11250.0
11250.0
-11250.0
-11250.0
11250.0
11250.0
-10994.877660632585
-10972.29828640943
-10941.108808567606
-8057.135767187923
-9600.117372117129
-10724.646086701556
-11250.0
-11250.0
11250.0
11250.0
11250.0
11250.0
11250.0
11250.0
11250.0
11250.0
11250.0
-10228.939803662604
-10138.046081376091
-10630.903689914154
-10891.1357930767
-11250.0
-11250.0
-11250.0
11250.0
11250.0
11250.0
11250.0
11250.0
11250.0
11250.0
11250.0
11250.0
-11250.0
-11250.0
-11250.0
-11250.0
-11250.0
-11250.0
-11250.0
11250.0
11250.0
11250.0
11250.0
11250.0
11250.0
11250.0
11250.0
-11250.0
-11250.0
-11250.0
-11250.0
11250.0
11250.0
11250.0
11250.0
11250.0
-10757.102022515097
-11250.0
-11250.0
-11250.0
-11250.0
-8383.729421934517
11250.0
11250.0
11250.0
11250.0
11250.0
11250.0
11250.0
-10764.316972081382
-10968.816431212144
-9833.077598251108
-7602.682638648544
2029.189444291037
11250.0
11250.0
-44.63103921338734
11250.0
11250.0
-9972.668280649068
-10686.446525663261
-11250.0
-11250.0
-11250.0
-11250.0
11250.0
11250.0
11250.0
11250.0
11250.0
11250.0
11250.0
11250.0
-11250.0
-11250.0
-11250.0
-11250.0
-9556.185340083648
-11250.0
11250.0
11250.0
11250.0
11250.0
11250.0
11250.0
11250.0
-11250.0
-11250.0
-11250.0
-11250.0
-11250.0
-11250.0
-9095.895444047881
11250.0
11250.0
11250.0
11250.0
11250.0
11250.0
11250.0
11250.0
-11250.0
-9205.541779214454
-8648.05239470027
-4677.6751977831445
11250.0
11250.0
11250.0
11250.0
-11250.0
-11250.0
-11250.0
-11250.0
11250.0
11250.0
11250.0
11250.0
11250.0
11250.0
-11250.0
-11250.0
-11250.0
-11250.0
-11250.0
-11250.0
11250.0
11250.0
11250.0
11250.0
11250.0
11250.0
11250.0
-10760.122230710469
-10985.515104699865
-11250.0
-11250.0
-11250.0
-11250.0
-11250.0
-9009.77676762699
11250.0
11250.0
11250.0
11250.0
11250.0
11250.0
11250.0
11250.0
11250.0
-11250.0
-10431.59729039859
-10331.020489927148
-10892.08216544878
-10796.96390320576
-11250.0
-11250.0
11250.0
11250.0
11250.0
11250.0
11250.0
11250.0
11250.0
11250.0
-10064.914063943823
-10199.40427455792
-10946.811838949907
-11250.0
-11250.0
-11250.0
11250.0
11250.0
11250.0
11250.0
11250.0
11250.0
-10975.364912009223
-11250.0
-11250.0
-11250.0
11250.0
11250.0
11250.0
11250.0
11250.0
11250.0
-10749.681408564258
-9614.405524216429
-10046.217512780688
-10561.689513551286
-11250.0
-11250.0
-11250.0
11250.0
11250.0
11250.0
11250.0
11250.0
11250.0
11250.0
11250.0
11250.0
-10164.030342232152
-10927.09165840923
-11250.0
-11250.0
11250.0
11250.0
11250.0
11250.0
11250.0
11250.0
-10734.7443251568
-10034.916343962472
-8529.420403088952
-9498.16101564427
-8935.271558207623
11250.0
11250.0
11250.0
11250.0
11250.0
-9391.199872427864
-8495.599916880146
-9485.16306131726
11250.0
11250.0
11250.0
11250.0
-11250.0
-11250.0
-11250.0
-11250.0
-8095.849802371547
7059.203482146826
11250.0
11250.0
11250.0
11250.0
11250.0
11250.0
-11250.0
-11250.0
-11250.0
-11250.0
-11250.0
-11250.0
11250.0
11250.0
11250.0
11250.0
11250.0
11250.0
11250.0
-11250.0
-11250.0
-11250.0
-8642.535579436542
919.5219841480612
11250.0
11250.0
11250.0
11250.0
11250.0
11250.0
-10145.745138839065
-7248.30788595089
11250.0
11250.0
-11250.0
-10724.690009882172
-10649.137547951545
-9429.647887096475
-10288.025182468205
-10397.24528594964
11250.0
11250.0
11250.0
11250.0
11250.0
11250.0
11250.0
-11007.270834647657
-9629.68223008091
-9100.550305495657
-8324.021023497487
-7946.463712127395
-8285.023179621101
-1267.8392011080014
11250.0
11250.0
11250.0
11250.0
11250.0
11250.0
-10987.661085298503
-10916.40061374446
-10713.295822470413
-5740.5857423669
11250.0
11250.0
11250.0
11250.0
-11250.0
-11250.0
-11250.0
-11250.0
-11250.0
-11250.0
11250.0
11250.0
11250.0
11250.0
11250.0
11250.0
11250.0
-10537.051106252085
-9332.79428167778
-9907.134984239157
11250.0
11250.0
11250.0
-11250.0
-11250.0
-11250.0
-11250.0
-11250.0
-11250.0
-11250.0
-11250.0
11250.0
11250.0
11250.0
11250.0
11250.0
11250.0
11250.0
11250.0
11250.0
-11250.0
-11250.0
-9989.103362391037
-9021.24441680331
11250.0
11250.0
11250.0
11250.0
-11250.0
-11250.0
11250.0
11250.0
11250.0
-11250.0
-10456.726194252362
-10069.873652988223
-10229.439464361938
-10414.379996634983
-10085.791222779695
-10125.848635379843
11250.0
11250.0
11250.0
11250.0
11250.0
11250.0
11250.0
11250.0
-10496.875087385702
-11250.0
-11250.0
-11250.0
-11250.0
-11250.0
-11250.0
11250.0
11250.0
11250.0
11250.0
11250.0
11250.0
11250.0
11250.0
-11250.0
-11250.0
-11250.0
-11250.0
-11250.0
-11250.0
-11250.0
-11250.0
11250.0
11250.0
11250.0
11250.0
11250.0
11250.0
11250.0
11250.0
11250.0
-11250.0
-11250.0
-10046.92097182891
-8498.72934101857
-7201.271098544348
-1727.3951091661947
849.2783671502693
2072.12978054369
11050.665496987074
9753.833258563285
10103.226846383364
9051.67505748734
9900.587857713905
8240.241218149977
3990.6287933453
-4431.818181818182
11250.0
-4545.454545454546
1437.5515251442703
2523.203380280269
4131.284984491287
5556.079977331222
-3863.636363636364