Demand
11250.0
11250.0
11250.0
11250.0
11250.0
11250.0
11250.0
11250.0
11250.0
11250.0
11250.0
11250.0
-11250.0
-11250.0
-11250.0
-11250.0
-11250.0
11250.0
11250.0
11250.0
11250.0
11250.0
11250.0
11250.0
-11250.0
-11250.0
-11250.0
-11250.0
11250.0
11250.0
11250.0
11250.0
11250.0
-11250.0
-11250.0
-11250.0
-11250.0
-11250.0
11250.0
11250.0
11250.0
11250.0
11250.0
11250.0
-11250.0
-11250.0
-11250.0
-11250.0
-11250.0
-11250.0
-11250.0
-11250.0
11250.0
11250.0
11250.0
11250.0
11250.0
11250.0
11250.0
11250.0
11250.0
-11250.0
-11250.0
-11250.0
11250.0
11250.0
11250.0
11250.0
-11250.0
-11250.0
11250.0
11250.0
11250.0
11250.0
-11250.0
-11250.0
-10081.494229601136
-9125.74648953482
11250.0
11250.0
11250.0
11250.0
11250.0
-11250.0
-11250.0
-11250.0
-11250.0
-11250.0
-11250.0
11250.0
11250.0
11250.0
11250.0
11250.0
11250.0
11250.0
-11250.0
-11250.0
-10968.640835681861
-10610.244492281377
-10110.676109919576
-10279.604294319484
-10511.670616112795
-9075.17109517098
11250.0
11250.0
11250.0
11250.0
11250.0
11250.0
11250.0
11250.0
-10765.717926932884
-10727.957640871835
-10963.530238858213
-11250.0
-11250.0
-11250.0
-11250.0
-11250.0
11250.0
11250.0
11250.0
11250.0
11250.0
11250.0
11250.0
11250.0
11250.0
-11250.0
-11250.0
-11250.0
11250.0
11250.0
11250.0
11250.0
-11250.0
11250.0
11250.0
-10703.906748988717
-11250.0
11250.0
11250.0
11250.0
-11250.0
-11250.0
-11250.0
-11250.0
-11250.0
11250.0
11250.0
11250.0
11250.0
11250.0
11250.0
11250.0
-11250.0
-11250.0
-11250.0
-11250.0
-11250.0
11250.0
11250.0
11250.0
11250.0
11250.0
-11250.0
11250.0
11250.0
-11250.0
-11250.0
-10874.419528929422
-11250.0
-11250.0
11250.0
11250.0
11250.0
11250.0
11250.0
-11250.0
-11250.0
-11250.0
-11250.0
-11250.0
-11250.0
11250.0
11250.0
11250.0
11250.0
11250.0
11250.0
11250.0
11250.0
-11250.0
-10462.666905407481
-10363.663553078462
-10207.55755933137
-9484.106310329767
-9295.11528980071
-11250.0
11250.0
11250.0
11250.0
11250.0
11250.0
11250.0
11250.0
-11250.0
-11250.0
-11250.0
11250.0
11250.0
11250.0
11250.0
11250.0
-11250.0
-11250.0
-11250.0
-11250.0
11250.0
11250.0
11250.0
11250.0
11250.0
-10293.814304885927
-10699.134777532301
11250.0
11250.0
11250.0
11250.0
-11250.0
-8829.427492922307
11250.0
11250.0
-10945.173288483606
-11250.0
-11250.0
11250.0
11250.0
11250.0
11250.0
11250.0
-11250.0
-11250.0
-10167.112299465243
-7553.15721649486
11250.0
11250.0
11250.0
11250.0
11250.0
-11250.0
-11250.0
-11250.0
-11250.0
-11250.0
-11250.0
11250.0
11250.0
11250.0
11250.0
11250.0
11250.0
11250.0
-10770.689677781578
-10684.771868847143
-9767.587630691749
-9995.234255815285
11250.0
11250.0
11250.0
11250.0
11250.0
-11250.0
-11250.0
11250.0
11250.0
11250.0
-11022.4315372331
-11000.11579049268
-8701.733067985384
-9941.612126819335
-10833.907662266665
-11250.0
-11250.0
11250.0
11250.0
11250.0
11250.0
11250.0
11250.0
-10475.070849897296
-10058.590063751355
-9787.629107423625
-9199.352390700933
-7006.909217525474
11250.0
11250.0
11250.0
11250.0
11250.0
11250.0
-10313.52683461118
11250.0
-10534.981855629292
-10735.437111087816
-10682.51722540542
-10927.75128368647
-11250.0
-11250.0
-11250.0
-11250.0
11250.0
11250.0
11250.0
11250.0
11250.0
11250.0
11250.0
11250.0
-11250.0
-11250.0
-11250.0
-11250.0
-11250.0
-11250.0
-11250.0
-11250.0
11250.0
11250.0
11250.0
11250.0
11250.0
11250.0
11250.0
11250.0
11250.0
-11250.0
-11250.0
-10648.902981958021
-9753.298234315193
-9654.948804677635
-6439.960351264846
11250.0
11250.0
11250.0
11250.0
11250.0
11250.0
-10318.20452274998
-9507.23352520286
-8295.88382843789
-6574.375805682706
-9010.879378419202
-10134.77617144319
-8894.470390635663
-7878.688898645763
-4431.601159684304
11250.0
11250.0
11250.0
11250.0
11250.0
11250.0
11250.0
11250.0
-10552.963875502737
-10728.442202232429
-10941.310171113586
-11250.0
-11250.0
11250.0
11250.0
11250.0
11250.0
11250.0
11250.0
-10729.82153721355
-11250.0
-11250.0
-11250.0
-11250.0
11250.0
11250.0
11250.0
11250.0
11250.0
11250.0
11250.0
-11250.0
-10735.1686714169
-10966.083442059142
-9956.169602127728
-10486.248354557578
-10264.966937698027
-11250.0
-11250.0
11250.0
11250.0
11250.0
11250.0
11250.0
11250.0
11250.0
11250.0
-11014.340160870575
-11250.0
-11250.0
-11250.0
-11250.0
-11250.0
11250.0
11250.0
11250.0
11250.0
11250.0
11250.0
-11250.0
-11250.0
-11250.0
-11250.0
-11250.0
11250.0
11250.0
11250.0
11250.0
11250.0
11250.0
11250.0
11250.0
11250.0
11250.0
-11250.0
-11250.0
-11250.0
-11250.0
-11250.0
-10572.14587737844
-6189.174424006742
11250.0
11250.0
11250.0
11250.0
11250.0
11250.0
11250.0
11250.0
-11250.0
-10488.465649308237
-10375.987214233188
-10893.39575384459
-10741.770478499919
-11250.0
11250.0
11250.0
11250.0
11250.0
11250.0
11250.0
-10309.75073313783
-9882.880332664437
-9519.493595818345
-8536.38008909626
-396.0158075461859
11250.0
11250.0
11250.0
11250.0
-11250.0
11250.0
11250.0
-11250.0
-10384.939668740164
-9922.857154601112
-10847.957456017612
-11250.0
-11250.0
11250.0
11250.0
11250.0
11250.0
11250.0
11250.0
11250.0
11250.0
-9787.535635096614
-10199.578789163588
-10671.229031733114
-11250.0
-11250.0
-11250.0
-11250.0
-11250.0
11250.0
11250.0
11250.0
11250.0
11250.0
11250.0
11250.0
11250.0
-10998.725481685538
-11250.0
-11250.0
-11250.0
-11250.0
11250.0
11250.0
11250.0
11250.0
11250.0
11250.0
11250.0
-10557.380738073807
-3768.28084929435
11250.0
-11250.0
-9860.93170969969
-9070.289949566682
-9811.609432447935
-8118.333334008428
-6377.61081493118
-8205.39279123619
11250.0
-11250.0
11250.0
11250.0
11250.0
11250.0
11250.0
11250.0
-10252.58998448653
-10142.099010067384
-10293.00275427139
-10072.11003429235
-10152.834375404043
-10123.174933950235
11250.0
11250.0
11250.0
11250.0
11250.0
11250.0
11250.0
-11250.0
-10424.25285711731
-10936.786727727376
-11250.0
-11250.0
-11250.0
-11250.0
11250.0
11250.0
11250.0
11250.0
11250.0
11250.0
11250.0
-9213.113775513859
-8184.152166524224
-6906.350972666739
-8075.722757612184
-8653.147757187402
-8790.365639871849
-4482.8628047298025
11250.0
11250.0
11250.0
11250.0
11250.0
11250.0
11250.0
-11016.246785070576
-11250.0
-11250.0
-11250.0
-11250.0
11250.0
11250.0
11250.0
11250.0
11250.0
-9627.153494722792
-9258.518679144356
-9349.604417751234
-10032.66703924269
-10171.6663119646
-9398.381515834717
-10546.185949884253
-8786.866222245499
11250.0
11250.0
11250.0
11250.0
11250.0
11250.0
11250.0
-11250.0
-11250.0
-11250.0
-11250.0
-11250.0
-11250.0
-11250.0
-11250.0
11250.0
11250.0
11250.0
11250.0
11250.0
11250.0
11250.0
11250.0
-10692.107453111825
-10277.62564272427
-8842.791367421578
-10152.162618851875
-11250.0
11250.0
11250.0
11250.0
11250.0
11250.0
11250.0
11250.0
-11250.0
-11250.0
-11250.0
-9810.606060606067
11250.0
11250.0
11250.0
11250.0
11250.0
-11250.0
-11250.0
-11250.0
-11250.0
11250.0
11250.0
11250.0
11250.0
11250.0
11250.0
-10700.186962631295
-11250.0
-11250.0
-11250.0
11250.0
11250.0
11250.0
11250.0
11250.0
11250.0
-10733.495717095993
-10675.017656054108
-10918.327982723069
-11250.0
-11250.0
-11250.0
11250.0
11250.0
11250.0
11250.0
11250.0
11250.0
11250.0
11250.0
-11250.0
-11250.0
11250.0
11250.0
11250.0
-11250.0
-10988.495200451725
-10664.84192219466
-10571.896396039101
-9576.964212575342
-10108.08370193317
-10170.318543887726
11250.0
11250.0
11250.0
11250.0
11250.0
11250.0
11250.0
11250.0
-11250.0
-11250.0
-11250.0
-11250.0
-11250.0
-11250.0
11250.0
11250.0
11250.0
11250.0
11250.0
11250.0
11250.0
-8854.530778877714
-6366.700898657287
-5756.811447582232
-5904.2716269746625
-3666.6722662760603
-2064.683094189886
363.3806280728586
3187.5815201518617
7441.719859184704
10892.091306853283
9828.365326068506
7323.059008220593
4935.224497629884
-4545.454545454546
11250.0
2896.88759516346
4581.230280050813
6245.975621565315
4196.078629081358