Demand
11250.0
11250.0
11250.0
11250.0
11250.0
11250.0
11250.0
11250.0
11250.0
11250.0
11250.0
11250.0
11250.0
-11250.0
-11250.0
-11250.0
-11250.0
11250.0
11250.0
11250.0
11250.0
11250.0
11250.0
11250.0
11250.0
11250.0
11250.0
-11250.0
-11250.0
-11250.0
-9757.316650765406
-7688.670281201674
11250.0
-11250.0
11250.0
11250.0
11250.0
11250.0
11250.0
-11250.0
-10170.477274628684
-10288.07227226099
-10397.327949170904
11250.0
11250.0
11250.0
11250.0
11250.0
11250.0
11250.0
-11250.0
-11250.0
-11250.0
-11250.0
-11250.0
-11250.0
-11250.0
-11250.0
11250.0
11250.0
11250.0
11250.0
11250.0
11250.0
11250.0
11250.0
-11250.0
-11250.0
-11250.0
-11250.0
-11250.0
-11250.0
-11250.0
11250.0
11250.0
11250.0
11250.0
11250.0
11250.0
11250.0
-11250.0
-11250.0
-11250.0
11250.0
11250.0
11250.0
11250.0
11250.0
11250.0
11250.0
-10108.891011115993
-11005.977830549797
-11250.0
-11250.0
-11250.0
-11250.0
-11250.0
-11250.0
11250.0
11250.0
11250.0
11250.0
11250.0
11250.0
11250.0
11250.0
-11250.0
11250.0
11250.0
-11250.0
-11250.0
-10264.976958525345
-10452.774594490773
-10165.585014089527
-10277.11175714558
11250.0
11250.0
11250.0
11250.0
11250.0
11250.0
11250.0
11250.0
-10717.621419676216
-10597.684897637424
-9856.503544343093
-6960.142918947822
11250.0
11250.0
11250.0
11250.0
11250.0
-11250.0
-11250.0
-11250.0
11250.0
11250.0
11250.0
-11250.0
-8935.540266185439
11250.0
11250.0
11250.0
11250.0
-11250.0
-11250.0
-11250.0
-11250.0
-11250.0
-10710.099341783793
-8280.031755188855
4569.850349985313
11250.0
11250.0
11250.0
11250.0
11250.0
11250.0
11250.0
-11250.0
-11250.0
-11250.0
-11250.0
-11250.0
-11250.0
-11250.0
11250.0
11250.0
11250.0
11250.0
11250.0
11250.0
11250.0
11250.0
-11250.0
-11250.0
-11250.0
-11250.0
-11250.0
-11250.0
11250.0
11250.0
11250.0
11250.0
11250.0
11250.0
11250.0
-11009.474125104713
-11250.0
-11250.0
-11250.0
-11250.0
-11250.0
-11250.0
11250.0
11250.0
9743.085644382825
11250.0
11250.0
-11250.0
11250.0
11250.0
11250.0
-11250.0
-11250.0
11250.0
11250.0
11250.0
11250.0
-11250.0
-11250.0
-11250.0
11250.0
11250.0
11250.0
-11250.0
-11250.0
-11250.0
-11250.0
-9474.503922473472
11250.0
11250.0
11250.0
11250.0
11250.0
11250.0
-11250.0
-11250.0
11250.0
11250.0
-11250.0
-10424.92013102493
-10943.590339368024
-11250.0
-10809.059932699514
-11250.0
-11250.0
11250.0
11250.0
11250.0
11250.0
11250.0
11250.0
11250.0
11250.0
11250.0
-10513.843004196591
-10983.922172626113
-11250.0
-11250.0
-11250.0
-11250.0
-11250.0
11250.0
11250.0
11250.0
11250.0
11250.0
11250.0
11250.0
11250.0
11250.0
-11250.0
-11250.0
-10361.446528430748
-9606.94507202895
11250.0
11250.0
11250.0
11250.0
11250.0
11250.0
-11016.81818181818
-11250.0
-11250.0
-11250.0
11250.0
11250.0
11250.0
11250.0
11250.0
-9975.085739847906
-10708.43213211371
11250.0
11250.0
11250.0
11250.0
-11250.0
11250.0
11250.0
11250.0
-10526.26098406471
-10199.81384926744
-10082.848619324977
-9907.81051516455
-9617.826714310519
-10148.78371522508
-10247.023765808928
11250.0
11250.0
11250.0
11250.0
11250.0
11250.0
11250.0
11250.0
-10775.364138623809
-10991.95201918453
-11250.0
-11250.0
-11250.0
-11250.0
-11250.0
11250.0
11250.0
11250.0
11250.0
11250.0
11250.0
11250.0
11250.0
-11250.0
-11250.0
11250.0
11250.0
11250.0
-11250.0
-11250.0
-11250.0
-10842.908836973085
-11250.0
-11250.0
11250.0
11250.0
11250.0
11250.0
11250.0
11250.0
11250.0
11250.0
-10308.274012278951
-10444.52274957726
-9936.126442403594
-10328.687847422225
-9069.087592348926
11250.0
11250.0
11250.0
11250.0
11250.0
11250.0
11250.0
-7410.035929488381
-9474.716070544066
-10421.917746437637
-9696.426688623993
-9442.469919775478
-9011.381913266177
-10000.932995746
-11250.0
11250.0
11250.0
11250.0
11250.0
11250.0
11250.0
11250.0
11250.0
-11009.786476868328
-11250.0
-11250.0
-11250.0
-11250.0
-11250.0
11250.0
11250.0
11250.0
11250.0
11250.0
11250.0
-11250.0
-11250.0
-11250.0
-11250.0
11250.0
11250.0
11250.0
11250.0
11250.0
-11250.0
-10682.544462552258
-10931.099069200838
-9754.194651790764
-10328.52488188296
-9954.25720999049
-11250.0
11250.0
11250.0
11250.0
11250.0
11250.0
11250.0
11250.0
11250.0
11250.0
-10990.717029449424
-11250.0
-11250.0
-11250.0
-11250.0
-11250.0
11250.0
11250.0
11250.0
11250.0
11250.0
11250.0
11250.0
-11250.0
11250.0
11250.0
11250.0
-11250.0
-8141.251652710445
-7739.916202866003
-7486.0602409880075
-6908.265610106955
-5343.658858129601
2790.385683287024
11250.0
11250.0
11250.0
11250.0
11250.0
11250.0
-11250.0
-11250.0
-10944.110632052107
-10185.498987994582
-9952.575204177141
-10666.652386761281
-10199.897415891908
-11250.0
11250.0
11250.0
11250.0
11250.0
11250.0
11250.0
11250.0
11250.0
-10958.899129886966
-11250.0
-11250.0
-11250.0
11250.0
11250.0
11250.0
11250.0
11250.0
-9904.261271497759
-9751.009654847447
-9521.158647328917
-9561.479880205949
-10671.213753986176
-11250.0
11250.0
11250.0
11250.0
11250.0
11250.0
11250.0
11250.0
11250.0
-10992.62492474413
-11250.0
-11250.0
-11250.0
-11250.0
11250.0
11250.0
11250.0
11250.0
11250.0
11250.0
-9812.14888706946
-10187.983306552229
-10635.236619671454
-11250.0
-11250.0
-11250.0
11250.0
11250.0
11250.0
11250.0
11250.0
11250.0
-9479.207333715683
-10401.96571484255
-9912.088226124772
-9532.4210746139
-10583.500923834643
-11250.0
11250.0
11250.0
11250.0
11250.0
11250.0
11250.0
-10456.194423929424
-10645.448182835888
-9781.739241116164
-7812.953505760067
-8873.715506711793
-5043.426353534027
11250.0
11250.0
11250.0
11250.0
11250.0
11250.0
-7658.860463576857
11250.0
-10936.496964947852
-11250.0
11250.0
11250.0
11250.0
11250.0
-11250.0
-11250.0
-10003.593844907875
-9792.95973337704
-9884.381576628748
-9279.510304775653
-8429.552243187154
11250.0
11250.0
11250.0
11250.0
11250.0
11250.0
11250.0
11250.0
-11250.0
-10437.447202547275
-10946.315390987551
-11250.0
-11250.0
-11250.0
-11250.0
11250.0
11250.0
11250.0
11250.0
11250.0
11250.0
11250.0
11250.0
-7918.83116883117
-3896.330332485622
11250.0
11250.0
11250.0
-10103.204172876307
-10749.638519526692
-11250.0
-11250.0
-10349.297377112507
-9747.238854181254
11250.0
-2191.4629828821653
11250.0
11250.0
11250.0
11250.0
11250.0
-11250.0
-11250.0
-11250.0
-10212.714331931416
11250.0
11250.0
11250.0
11250.0
11250.0
-10347.748768857968
-9511.319799841913
-10067.61578400038
11250.0
11250.0
11250.0
11250.0
-10916.991960883199
-5350.8982515741045
11250.0
11250.0
-11250.0
-11250.0
-11250.0
11250.0
11250.0
11250.0
11250.0
-11250.0
-11250.0
-11250.0
-11250.0
-11250.0
-11250.0
11250.0
11250.0
11250.0
11250.0
11250.0
11250.0
11250.0
11250.0
11250.0
-11250.0
-11250.0
-11250.0
-11250.0
-11250.0
-11250.0
11250.0
11250.0
11250.0
11250.0
11250.0
11250.0
11250.0
-10999.670619235836
-11250.0
-11250.0
-11250.0
-11250.0
-11250.0
11250.0
11250.0
11250.0
11250.0
11250.0
11250.0
11250.0
-11250.0
-11250.0
-11250.0
-11250.0
-11250.0
-11250.0
11250.0
11250.0
11250.0
11250.0
11250.0
11250.0
11250.0
11250.0
-11250.0
-11250.0
11250.0
11250.0
11250.0
-11250.0
-10358.177645913496
-11250.0
-11250.0
-11250.0
11250.0
11250.0
11250.0
11250.0
11250.0
11250.0
11250.0
-10787.439637726173
-10193.711461640534
-10610.960497174969
-10800.824717947668
-11250.0
11250.0
11250.0
11250.0
11250.0
11250.0
-11250.0
-11250.0
11250.0
11250.0
-11250.0
-11250.0
-11250.0
-11250.0
-11250.0
-11250.0
11250.0
11250.0
11250.0
11250.0
11250.0
11250.0
11250.0
-5875.771155860784
-5875.882689941791
-3238.84409017062
-855.1531880865568
3189.290624252917
7701.162665212902
10281.88934369884
8010.94246910666
4136.043381599073
-4431.818181818182
7799.172949251726
-4545.454545454546
11250.0
11250.0
11250.0
4574.714207947736
-3863.636363636364