Demand
-11250.0
-11250.0
-11250.0
-11250.0
-11250.0
11250.0
11250.0
11250.0
11250.0
11250.0
11250.0
11250.0
11250.0
11250.0
11250.0
11250.0
-11250.0
-11250.0
-11250.0
-11250.0
-11250.0
-11250.0
-11250.0
11250.0
11250.0
11250.0
11250.0
11250.0
11250.0
11250.0
11250.0
11250.0
-10748.533724340177
-11250.0
-11250.0
11250.0
11250.0
11250.0
-11250.0
-11250.0
-10105.487036337789
-10140.407977424562
-9838.641704448666
11250.0
11250.0
11250.0
11250.0
11250.0
11250.0
-11250.0
-11250.0
-11250.0
-11250.0
11250.0
11250.0
11250.0
11250.0
11250.0
-11250.0
-11250.0
-11250.0
-11250.0
-11250.0
-11250.0
-11250.0
11250.0
11250.0
11250.0
11250.0
11250.0
11250.0
11250.0
-11250.0
-11250.0
-11250.0
-11250.0
-9173.317140874395
-2777.396051337635
11250.0
11250.0
11250.0
11250.0
11250.0
11250.0
-11250.0
-11250.0
-11250.0
-11250.0
-11250.0
11250.0
11250.0
-5492.42424242435
11250.0
11250.0
11250.0
11250.0
-11250.0
-11250.0
-10748.370273794004
-8271.333156654197
11250.0
11250.0
11250.0
11250.0
11250.0
-11250.0
-11250.0
-11250.0
-11250.0
-11250.0
-11250.0
11250.0
6022.727272726996
11250.0
11250.0
11250.0
11250.0
11250.0
11250.0
-11250.0
-11250.0
-11250.0
-11250.0
-10294.77179625109
-9714.088234786097
-1781.913657602512
11250.0
11250.0
11250.0
11250.0
11250.0
11250.0
11250.0
-11250.0
11250.0
11250.0
-11250.0
-11250.0
-11250.0
-10271.419228253766
-11250.0
11250.0
11250.0
11250.0
11250.0
11250.0
11250.0
-11250.0
-11250.0
-10951.813531736803
-10218.88038415688
-10835.168451798483
-10690.685624977705
-11250.0
-11250.0
11250.0
11250.0
11250.0
11250.0
11250.0
11250.0
11250.0
11250.0
-11250.0
-11250.0
-11250.0
-11250.0
-11250.0
-11250.0
11250.0
11250.0
11250.0
11250.0
11250.0
11250.0
11250.0
11250.0
-11250.0
-11250.0
-11250.0
11250.0
11250.0
11250.0
11250.0
-11250.0
-11250.0
-10658.283498660232
-10910.742744110794
-11250.0
-11250.0
-11250.0
-11250.0
11250.0
11250.0
11250.0
11250.0
11250.0
11250.0
11250.0
11250.0
-11250.0
-11250.0
-11250.0
11250.0
11250.0
11250.0
11250.0
11250.0
11250.0
-11250.0
11250.0
-11250.0
-11250.0
11250.0
11250.0
11250.0
-11250.0
-11250.0
-11250.0
-10859.11307528193
-10737.021932509393
-7945.623482794392
2921.7472167344877
11250.0
11250.0
11250.0
-11250.0
11250.0
11250.0
11250.0
11250.0
11250.0
11250.0
-11250.0
-10890.030342853304
-11250.0
-11250.0
11250.0
11250.0
11250.0
11250.0
11250.0
11250.0
-11250.0
-10708.870273026147
-10634.844218588638
-10147.216660612146
-10772.171351422112
-11250.0
-11250.0
11250.0
11250.0
11250.0
11250.0
11250.0
11250.0
11250.0
-11250.0
-11250.0
-11250.0
-11250.0
11250.0
11250.0
11250.0
11250.0
11250.0
-10267.35432708884
-10718.125247202643
-10364.682545069776
-10575.809600372333
-10843.525012177488
-11250.0
-10314.537809200858
-11250.0
11250.0
11250.0
11250.0
11250.0
11250.0
11250.0
11250.0
11250.0
-10979.36940333815
-11250.0
-11250.0
-11250.0
-11250.0
-11250.0
11250.0
11250.0
11250.0
11250.0
11250.0
11250.0
11250.0
11250.0
11250.0
-10997.688373008066
-11250.0
-11250.0
-11250.0
-11250.0
11250.0
11250.0
11250.0
11250.0
11250.0
11250.0
11250.0
-11250.0
-11250.0
-11250.0
11250.0
11250.0
11250.0
11250.0
11250.0
-10749.149209182964
-10700.325975343349
-11250.0
-11250.0
-11250.0
-11250.0
-11250.0
11250.0
11250.0
11250.0
11250.0
11250.0
11250.0
11250.0
11250.0
-11250.0
-11250.0
11250.0
11250.0
11250.0
-11250.0
-11250.0
-10376.65985699694
-8080.420521008694
11250.0
11250.0
11250.0
11250.0
11250.0
-10909.09090909091
-10735.146527498997
-10969.913956118748
-10001.797520657998
-8760.443945762665
-6654.922863446587
-3148.2048225086405
-6900.088832257712
-8247.858885265985
11250.0
11250.0
10683.80112111997
-2526.32062694912
11250.0
11250.0
11250.0
11250.0
11250.0
-11250.0
-10155.433208869927
-10338.56976618763
-10551.236019391425
-10823.967978798613
-11250.0
-11250.0
11250.0
11250.0
11250.0
11250.0
11250.0
11250.0
11250.0
11250.0
11250.0
-11250.0
-11250.0
-11250.0
-11250.0
-11250.0
-11250.0
11250.0
11250.0
11250.0
11250.0
11250.0
11250.0
11250.0
-10734.681064791566
-10681.530339546054
-11250.0
-11250.0
-11250.0
-10413.503813624873
-11250.0
11250.0
11250.0
11250.0
11250.0
11250.0
11250.0
11250.0
11250.0
-11250.0
-11250.0
-11250.0
-11250.0
-7253.0214807843695
11250.0
11250.0
11250.0
11250.0
11250.0
11250.0
11250.0
-11250.0
-11250.0
11250.0
11250.0
11250.0
-6713.388751326478
11250.0
-9287.910897867725
-9382.176248550702
-10057.673700241172
-10549.940052847483
-10800.960566793776
-11250.0
-11250.0
11250.0
11250.0
11250.0
11250.0
11250.0
11250.0
11250.0
-11004.563701447405
-11250.0
-11250.0
-11250.0
11250.0
11250.0
11250.0
11250.0
11250.0
-10998.183781661104
-10976.461509990419
-11250.0
-11250.0
-11250.0
-11250.0
-11250.0
-11250.0
11250.0
11250.0
11250.0
11250.0
11250.0
11250.0
11250.0
11250.0
11250.0
-11250.0
-11250.0
-11250.0
-11250.0
-11250.0
-9879.298157670648
-8720.172441209157
-10125.11221131856
11250.0
11250.0
11250.0
11250.0
11250.0
11250.0
11250.0
11250.0
11250.0
-10737.307615430745
-9501.301953422408
-9875.701168643773
-10357.774172372803
-11250.0
-11250.0
11250.0
11250.0
11250.0
11250.0
11250.0
11250.0
-9310.785298270108
11250.0
11250.0
11250.0
-9958.133971291867
11250.0
11250.0
-11250.0
-11250.0
-11250.0
11250.0
11250.0
11250.0
-10475.595437772561
-10685.620869702267
-9982.7203671483
-8683.42347205745
-9926.41248028968
-10649.396098756977
-11250.0
11250.0
11250.0
11250.0
11250.0
11250.0
11250.0
11250.0
11250.0
11250.0
-11250.0
-11250.0
-11250.0
11250.0
11250.0
11250.0
11250.0
-10174.933987174652
-10313.393932170246
-10073.172027945526
-10088.567073583305
-9632.018689652115
11250.0
11250.0
11250.0
11250.0
11250.0
11250.0
-11250.0
-11250.0
-10071.8860866176
-10668.233457583046
-11250.0
11250.0
11250.0
11250.0
11250.0
11250.0
11250.0
-11250.0
-10121.106262388563
-9317.973679748433
-8952.616076725022
-7297.256071798089
-3221.650222722665
7236.612316895898
3221.5745096019946
11250.0
11250.0
11250.0
-4486.920881361395
11250.0
11250.0
-10753.81598705359
-10701.979446368074
-9687.86900024657
-10509.787869201602
-10763.74446599729
-11250.0
-11250.0
11250.0
11250.0
11250.0
11250.0
11250.0
11250.0
11250.0
-9156.758649266812
-8266.747422223154
-7479.207132294739
-6004.841366911864
11250.0
11250.0
11250.0
11250.0
11250.0
-10338.540124370746
-10752.479125214759
-10969.210253461348
-10915.721476160976
-10811.749402204594
-10522.78777458605
-11250.0
11250.0
11250.0
11250.0
11250.0
11250.0
11250.0
-11250.0
-11250.0
-11250.0
-11250.0
-11250.0
-11250.0
-11250.0
11250.0
11250.0
11250.0
11250.0
11250.0
11250.0
11250.0
11250.0
11250.0
-11250.0
-11250.0
-11250.0
-11250.0
11250.0
11250.0
11250.0
11250.0
11250.0
-10271.667375709658
-10176.997700163218
-10342.258370108826
-10891.692446738743
-11250.0
-11250.0
-11250.0
11250.0
11250.0
11250.0
11250.0
11250.0
11250.0
11250.0
-11250.0
-10647.974289027588
-11250.0
-11250.0
-11250.0
-11250.0
11250.0
11250.0
11250.0
11250.0
11250.0
11250.0
11250.0
11250.0
11250.0
-11250.0
-11250.0
-11250.0
-11250.0
-11250.0
-11250.0
11250.0
11250.0
11250.0
11250.0
11250.0
11250.0
11250.0
-11250.0
-11250.0
-11250.0
-10927.925665494728
-10492.647041830878
-10301.132274910971
-8539.356126244005
-8684.72971969896
11250.0
11250.0
11250.0
11250.0
11250.0
11250.0
11250.0
11250.0
11250.0
-11250.0
11250.0
-11250.0
-11250.0
-11250.0
-11250.0
-11250.0
-11250.0
-11250.0
11250.0
11250.0
11250.0
11250.0
11250.0
11250.0
11250.0
11250.0
-4369.08491069049
-2574.0901874446536
532.0346266171673
4873.616314882748
10109.67657113304
8115.507103539832
4070.1062224393386
-4431.818181818182
4388.317526789011
2375.335011400158
-331.6289611971897
608.2305724839352
-4545.454545454546
4855.263157894735
-3863.636363636364