Demand
-11250.0
-11250.0
-11250.0
-11250.0
-11250.0
-11250.0
11250.0
11250.0
11250.0
11250.0
11250.0
11250.0
11250.0
11250.0
-11250.0
-11250.0
-11250.0
-11250.0
11250.0
11250.0
11250.0
11250.0
11250.0
-11250.0
-11250.0
-11250.0
-11250.0
-11250.0
-11250.0
11250.0
11250.0
11250.0
11250.0
11250.0
11250.0
11250.0
11250.0
-11250.0
11250.0
11250.0
11250.0
-10790.679281322751
-10988.28797407249
-11250.0
-11250.0
-11250.0
11250.0
11250.0
11250.0
11250.0
11250.0
-11250.0
-11250.0
-11250.0
-11250.0
11250.0
11250.0
11250.0
11250.0
11250.0
-11250.0
-11250.0
11250.0
11250.0
-11250.0
-11250.0
-11250.0
-11250.0
-11250.0
-11250.0
-11250.0
11250.0
11250.0
11250.0
11250.0
11250.0
11250.0
11250.0
11250.0
11250.0
-11250.0
-11250.0
-11250.0
-11250.0
-11250.0
-11250.0
-11250.0
-11250.0
11250.0
11250.0
11250.0
11250.0
11250.0
11250.0
11250.0
11250.0
11250.0
-11250.0
-10974.471583679002
-10626.458640265326
-10147.563706038822
-10322.566029501402
-10564.42190380919
-9509.259183705752
11250.0
11250.0
11250.0
11250.0
11250.0
11250.0
11250.0
11250.0
-10780.821291384673
-10740.817614831973
-10967.390384998456
-11250.0
-11250.0
-11250.0
-11250.0
11250.0
11250.0
11250.0
11250.0
11250.0
11250.0
11250.0
11250.0
-10264.72471190781
-10453.121499449251
11250.0
11250.0
11250.0
-11250.0
11250.0
11250.0
11250.0
-11250.0
-11250.0
11250.0
11250.0
11250.0
11250.0
-11250.0
-11250.0
-11250.0
-11250.0
-11250.0
-11250.0
-11250.0
11250.0
11250.0
11250.0
11250.0
11250.0
11250.0
11250.0
11250.0
11250.0
-11250.0
11250.0
11250.0
-11250.0
-11250.0
-11250.0
-11250.0
-11250.0
-11250.0
-11250.0
-11250.0
11250.0
11250.0
11250.0
11250.0
11250.0
11250.0
11250.0
11250.0
11250.0
-11250.0
-11250.0
-11250.0
-11250.0
-11250.0
-11250.0
-11250.0
11250.0
11250.0
11250.0
11250.0
11250.0
11250.0
11250.0
11250.0
11250.0
-10505.802707930368
-10365.43849831582
-10072.493385426857
-8371.090221133716
11250.0
11250.0
11250.0
11250.0
11250.0
-11250.0
-11250.0
-11250.0
-11250.0
-11250.0
11250.0
11250.0
11250.0
11250.0
11250.0
11250.0
11250.0
-11250.0
-11250.0
-11250.0
-11250.0
-10859.826589595374
-10738.365266234083
-7960.916947857992
2737.250076927983
11250.0
11250.0
11250.0
-11250.0
11250.0
11250.0
11250.0
11250.0
11250.0
11250.0
11250.0
-10977.13595331449
-11250.0
-11250.0
11250.0
11250.0
11250.0
11250.0
11250.0
-11250.0
-11250.0
-10700.342042363805
-10630.119207780052
-10155.819720579457
-10791.021436624193
-11250.0
-11250.0
11250.0
11250.0
11250.0
11250.0
11250.0
11250.0
11250.0
11250.0
-11250.0
-11250.0
-11250.0
-11250.0
-11250.0
-11250.0
-3910.1700914593857
11250.0
11250.0
11250.0
11250.0
11250.0
11250.0
11250.0
11250.0
-11250.0
-11250.0
-11250.0
-11250.0
-10784.56722917801
-10433.229605562079
11250.0
11250.0
11250.0
11250.0
-11250.0
11250.0
11250.0
-11250.0
-11250.0
11250.0
11250.0
11250.0
11250.0
-10149.428655838437
-9963.14613347736
-9623.860398246048
-8818.285274688878
-7976.301807791995
11250.0
11250.0
11250.0
11250.0
11250.0
11250.0
-10201.991828396323
-10216.263843827568
-9941.694150340274
11250.0
11250.0
11250.0
11250.0
-11250.0
11250.0
11250.0
-11250.0
-11250.0
-11250.0
-11250.0
-10177.62577228597
-9346.281210959569
-11250.0
11250.0
11250.0
11250.0
11250.0
11250.0
11250.0
11250.0
-11250.0
-11250.0
-10892.51542251998
-11250.0
-11250.0
-11250.0
11250.0
11250.0
11250.0
11250.0
11250.0
11250.0
11250.0
11250.0
11250.0
-10298.685505613172
-10730.893397341533
-10665.458051442944
-10561.885432036586
-9935.111257803645
-9943.698860461504
-9481.98087836097
11250.0
11250.0
11250.0
11250.0
11250.0
11250.0
11250.0
-10026.16260576373
-9898.807248160647
-10633.348759425895
-11250.0
-11250.0
-11250.0
11250.0
11250.0
11250.0
11250.0
11250.0
11250.0
11250.0
-11250.0
-11250.0
-11250.0
-11250.0
-11250.0
-11250.0
11250.0
11250.0
11250.0
11250.0
11250.0
11250.0
-11250.0
-11250.0
-11250.0
-11250.0
11250.0
11250.0
11250.0
11250.0
11250.0
11250.0
-10988.259370960794
-10004.260567711255
-10444.2342806351
-9900.156781163394
-11250.0
11250.0
11250.0
11250.0
11250.0
11250.0
-9996.17199714941
-10439.116000649148
-10654.409113876667
-10235.565867787274
-10850.557024725738
-11250.0
-11250.0
-11250.0
11250.0
11250.0
11250.0
11250.0
11250.0
11250.0
11250.0
11250.0
11250.0
-11250.0
-11250.0
11250.0
11250.0
11250.0
-8693.570260121196
-8547.114138183155
-8623.50577183874
-8680.279460210706
-8705.962243661234
-8677.355403290192
-9443.028006508623
-9968.241510225136
-9857.367721914547
11250.0
11250.0
11250.0
11250.0
11250.0
11250.0
11250.0
11250.0
-11000.874125874128
-10950.978866175508
-11250.0
-11250.0
11250.0
11250.0
11250.0
11250.0
11250.0
-10103.204172876307
11250.0
-10996.75198133347
-11250.0
-11250.0
11250.0
11250.0
11250.0
11250.0
-11250.0
-9964.809131619335
-9141.779343893875
-7772.233595403341
9821.806912296432
11250.0
-6471.691153678003
11250.0
11250.0
11250.0
-11250.0
11250.0
-11250.0
-11250.0
-10186.887741055521
-9484.520271676007
-10631.325522908606
-11250.0
11250.0
11250.0
11250.0
11250.0
11250.0
11250.0
11250.0
11250.0
-10761.149228130362
-9619.804101121761
-10012.510996041037
-10500.234777711765
-11250.0
-11250.0
11250.0
11250.0
11250.0
11250.0
11250.0
11250.0
11250.0
-9536.14791340537
-10424.664557135497
-9929.69200964161
-9494.861425776282
-10484.655854038647
11250.0
11250.0
11250.0
11250.0
11250.0
11250.0
-10772.587678481217
-10470.56484004431
-10672.258636952258
-9915.333648505912
-8414.734237675912
-9661.572929875103
-10342.888142064134
-11250.0
11250.0
11250.0
11250.0
11250.0
11250.0
11250.0
11250.0
-11006.886263836772
-11250.0
-11250.0
-11250.0
-11250.0
-11250.0
-11250.0
-11250.0
11250.0
11250.0
11250.0
11250.0
11250.0
11250.0
11250.0
11250.0
-11250.0
-11250.0
-11250.0
-11250.0
-11250.0
-11250.0
11250.0
11250.0
11250.0
11250.0
11250.0
11250.0
11250.0
-11250.0
-11250.0
-11250.0
-9795.5258863944
-8585.538066702597
-7723.1981269474045
-3743.706974215014
11250.0
11250.0
3235.9644033626932
11250.0
11250.0
11250.0
-4508.81991333847
11250.0
11250.0
-10758.590005481492
-10568.673594804764
-6574.592792362604
11250.0
11250.0
11250.0
-11250.0
-11250.0
11250.0
11250.0
-11250.0
-11250.0
-10783.369717760801
-5610.6141724265935
11250.0
11250.0
11250.0
11250.0
11250.0
11250.0
-11007.942749292233
-10980.852083243004
-9695.997806237185
-9748.922619139154
-10235.406487745058
-10299.775619583292
11250.0
11250.0
11250.0
11250.0
11250.0
11250.0
11250.0
-11250.0
-11250.0
-11250.0
-11250.0
11250.0
11250.0
11250.0
11250.0
11250.0
-11250.0
-11250.0
-11250.0
-10079.212628375815
-3385.9768055775676
11250.0
11250.0
11250.0
11250.0
11250.0
-11250.0
-11250.0
-11250.0
11250.0
11250.0
11250.0
-11250.0
-11250.0
-10549.333479020981
-9451.64441402875
-8565.806630033567
-6215.794584257266
11250.0
11250.0
11250.0
11250.0
11250.0
11250.0
11250.0
-10505.010165553296
-10713.536419879634
-10954.214520691305
-11250.0
-11250.0
-10204.734542416514
-11250.0
-11250.0
11250.0
11250.0
11250.0
11250.0
11250.0
11250.0
11250.0
11250.0
11250.0
-11002.217149902008
-11250.0
-11250.0
-11250.0
-11250.0
-11250.0
-11250.0
-11250.0
11250.0
11250.0
11250.0
11250.0
11250.0
11250.0
11250.0
11250.0
11250.0
-11250.0
-10968.681218569149
-10592.355676079078
-10426.9090988926
-8860.28309855568
-8716.224922047437
11250.0
11250.0
11250.0
11250.0
11250.0
11250.0
11250.0
-11250.0
11250.0
11250.0
-11250.0
-11250.0
11250.0
11250.0
11250.0
11250.0
-11250.0
11250.0
11250.0
11250.0
-10170.732134926016
-8687.751275511091
-7175.538166601051
180.003400690749
6467.45451165894
7829.696339976075
11250.0
9276.07341930932
5577.9183861447855
11250.0
-1432.3767948028308
1400.062529804436
3711.199082600072
4949.839889791592
5628.27049397814
2623.605277876627
-5795.454545454547
3018.29268292682
4047.2175379426635
-3522.727272727273
11250.0