Demand
11250.0
11250.0
11250.0
11250.0
11250.0
11250.0
11250.0
11250.0
11250.0
11250.0
11250.0
11250.0
11250.0
11250.0
11250.0
11250.0
11250.0
11250.0
11250.0
11250.0
11250.0
11250.0
11250.0
11250.0
11250.0
11250.0
11250.0
11250.0
-11250.0
-11250.0
-10162.905276541642
-9206.557553183873
-9145.320559623346
11250.0
11250.0
11250.0
11250.0
11250.0
11250.0
-11250.0
-10437.654581649273
-10559.105563244004
-10684.325529713613
-11250.0
11250.0
11250.0
11250.0
11250.0
-11250.0
-11250.0
-11250.0
-11250.0
-11250.0
11250.0
11250.0
11250.0
11250.0
11250.0
11250.0
11250.0
-11250.0
-11250.0
-11250.0
-11250.0
-11250.0
11250.0
11250.0
11250.0
11250.0
11250.0
11250.0
11250.0
-11250.0
-11250.0
-11250.0
-11250.0
-9789.571076105523
-8690.497117037827
11250.0
-11250.0
11250.0
11250.0
11250.0
11250.0
11250.0
-11250.0
-11250.0
-11250.0
-11250.0
-9851.081935849146
-7838.9133151074375
-9852.959472002149
11250.0
11250.0
11250.0
11250.0
11250.0
11250.0
11250.0
11250.0
-10487.712413320125
-10687.411205696379
-10927.229736734414
-10856.395386663564
-11250.0
-11250.0
11250.0
11250.0
11250.0
11250.0
11250.0
11250.0
11250.0
11250.0
-10994.877660632585
11250.0
11250.0
-11250.0
-11250.0
-11250.0
-11250.0
11250.0
11250.0
11250.0
11250.0
11250.0
-10217.714528462195
-10343.580706561526
-10861.808196811457
-11250.0
-11250.0
11250.0
11250.0
11250.0
11250.0
11250.0
-11250.0
11250.0
11250.0
-10777.408216743595
-11250.0
-11250.0
-11250.0
-11250.0
11250.0
11250.0
11250.0
11250.0
11250.0
11250.0
-10546.23193707701
-10989.35051260524
-10946.639194695406
-11250.0
-11250.0
-11250.0
11250.0
11250.0
11250.0
11250.0
11250.0
11250.0
-11250.0
11250.0
11250.0
11250.0
-11250.0
-11250.0
11250.0
11250.0
11250.0
-11002.110044455898
-11250.0
-11250.0
-11250.0
-11250.0
-11250.0
11250.0
11250.0
11250.0
11250.0
11250.0
11250.0
11250.0
-11250.0
-11250.0
-10341.49940968123
-10200.440134408283
11250.0
11250.0
11250.0
11250.0
11250.0
-11250.0
-10485.469448584205
-10410.110664739947
-10301.712712502213
-9760.194904910906
-9842.655612496765
-11250.0
-11250.0
11250.0
11250.0
11250.0
11250.0
11250.0
11250.0
11250.0
11250.0
-11250.0
-11250.0
11250.0
11250.0
11250.0
-11250.0
-11250.0
-11250.0
-11250.0
-11250.0
11250.0
11250.0
11250.0
11250.0
11250.0
-10479.575490588704
-10971.213611406889
-11250.0
-11250.0
-11250.0
-11250.0
-11250.0
11250.0
-4066.555628484246
11250.0
11250.0
11250.0
11250.0
11250.0
11250.0
11250.0
11250.0
-11250.0
-11250.0
-11250.0
-10577.90223845579
-10423.42386268617
-9532.386068583353
-10196.156382918845
11250.0
11250.0
11250.0
11250.0
11250.0
11250.0
11250.0
11250.0
-11250.0
-11250.0
-11250.0
-11250.0
11250.0
11250.0
11250.0
11250.0
11250.0
-10701.465965227435
-9958.536694779727
-10432.85891804003
-9358.117494919436
-7302.620337602191
11250.0
11250.0
11250.0
11250.0
11250.0
11250.0
-11250.0
-10757.535758855716
11250.0
11250.0
11250.0
11250.0
-11003.507591773978
-11250.0
-11250.0
-11250.0
-11250.0
-11250.0
11250.0
11250.0
11250.0
11250.0
11250.0
11250.0
-10097.129885595288
-9883.616188785862
-10365.109061063245
-10522.909701494173
-11250.0
11250.0
11250.0
11250.0
11250.0
11250.0
11250.0
-10576.515798985187
-10270.474428245405
-9945.855863594235
11250.0
11250.0
11250.0
11250.0
11250.0
-11250.0
-11250.0
-11250.0
-11250.0
-10156.328384502656
-8540.379531952498
11250.0
11250.0
11250.0
11250.0
11250.0
11250.0
-11250.0
-11250.0
11250.0
11250.0
11250.0
11250.0
-11250.0
-11250.0
-11250.0
-10421.8088541293
-11250.0
-11250.0
11250.0
11250.0
11250.0
11250.0
11250.0
11250.0
11250.0
-10690.810987573579
-10389.94641173949
-511.7127584791706
11250.0
11250.0
11250.0
-9534.913075516499
-8332.272800404047
-6606.9250334707685
-9009.534915453405
-10115.532947221796
-8762.140445106412
-7351.694045297417
473.180019241021
11250.0
11250.0
11250.0
11250.0
11250.0
11250.0
11250.0
-10250.887234641104
-10381.1504160681
-10519.408285307334
-10686.529360801684
-11250.0
11250.0
11250.0
11250.0
11250.0
11250.0
-10474.98792794392
-11250.0
-10229.536434982165
-11250.0
11250.0
11250.0
11250.0
11250.0
-11250.0
-11250.0
-11250.0
-11250.0
-11250.0
-11250.0
-11250.0
-6766.32840506337
11250.0
11250.0
11250.0
11250.0
11250.0
11250.0
11250.0
11250.0
11250.0
-9015.030496659892
11250.0
11250.0
-11022.727272727274
-10440.438258987615
-10906.290252819723
-11250.0
11250.0
11250.0
11250.0
11250.0
11250.0
-10534.718349135528
-10186.606518468896
-10942.111192112261
-10860.738761083318
-11250.0
-11250.0
11250.0
11250.0
11250.0
11250.0
11250.0
11250.0
-8627.988195051763
-8471.226653720722
-8007.707914145037
-6208.380504809223
11250.0
11250.0
11250.0
11250.0
-11250.0
-11250.0
-11250.0
-11250.0
-11250.0
-10502.622377622381
-4459.621993127115
11250.0
11250.0
11250.0
11250.0
11250.0
11250.0
11250.0
11250.0
-11250.0
-10449.421544351735
-10318.516465499022
-10860.71190755461
-10661.892610407605
-11250.0
11250.0
11250.0
11250.0
11250.0
11250.0
11250.0
-10285.52087019943
-9940.562793643916
-9799.03471566127
-9589.335405774065
-9647.999096467247
-10714.13692567217
-11250.0
11250.0
11250.0
11250.0
11250.0
11250.0
11250.0
11250.0
11250.0
-10796.338875132653
11250.0
11250.0
11250.0
-11250.0
-11250.0
-11250.0
-11250.0
-11250.0
-10649.325558521854
-9023.07199423886
11250.0
11250.0
11250.0
-11250.0
11250.0
11250.0
11250.0
11250.0
11250.0
-11250.0
-10005.211919036159
-7996.45611557704
11250.0
11250.0
11250.0
11250.0
11250.0
-11250.0
-11250.0
-11250.0
-11250.0
11250.0
11250.0
11250.0
11250.0
11250.0
-10247.067448680351
-8995.147939004331
-9671.879135189494
11250.0
11250.0
11250.0
11250.0
-9490.210196173044
-10149.057181294716
-9064.337047361714
-8317.924027914618
-9874.637638583776
-10546.338915985907
-11250.0
11250.0
11250.0
11250.0
11250.0
11250.0
11250.0
11250.0
-10284.53942081637
-10457.70996892223
-10356.847543843152
-10548.174233142872
-10799.359937755242
-11250.0
-11250.0
11250.0
11250.0
11250.0
11250.0
11250.0
11250.0
11250.0
-10929.417993421863
-11250.0
11250.0
11250.0
-11250.0
-11250.0
-11250.0
-11250.0
-11250.0
11250.0
11250.0
11250.0
11250.0
11250.0
11250.0
-9024.41455467914
-9664.72621588357
-10097.559870700567
-9634.823428944794
-10501.75350740004
-11250.0
-11250.0
-8233.731840150282
11250.0
11250.0
11250.0
11250.0
11250.0
11250.0
11250.0
11250.0
11250.0
-11250.0
-11250.0
-10891.50386681989
-8331.194796901847
-5673.365944640864
10892.817636589418
6007.975769595568
11250.0
11250.0
11250.0
11250.0
11250.0
-9754.477820793883
-9367.975758117078
2462.2442553817
11250.0
11250.0
11250.0
-10927.033492822964
11250.0
-11250.0
-11250.0
-11250.0
11250.0
11250.0
11250.0
11250.0
-11250.0
-11250.0
-11250.0
-11250.0
11250.0
11250.0
11250.0
11250.0
11250.0
11250.0
-8989.258171134785
-9027.930568984451
11250.0
11250.0
11250.0
-11250.0
11250.0
11250.0
11250.0
-11250.0
-11250.0
-11250.0
-11250.0
-10419.096209912543
-9028.045484662482
-7675.45071454424
-2258.6959255015063
11250.0
11250.0
11250.0
11250.0
11250.0
11250.0
11250.0
11250.0
-10721.243042671616
-10942.111529190424
-11250.0
-11250.0
-7184.660131922243
11250.0
11250.0
11250.0
11250.0
11250.0
11250.0
-10513.193171559105
-10177.633897382177
-10352.4752986339
-10555.146464117915
-10385.43847011913
-10636.55546837435
-11250.0
11250.0
11250.0
11250.0
11250.0
11250.0
11250.0
11250.0
11250.0
-11250.0
11250.0
11250.0
-11250.0
-11250.0
-11250.0
-11250.0
-11250.0
11250.0
11250.0
11250.0
11250.0
11250.0
11250.0
11250.0
-11250.0
-11250.0
-11250.0
-11250.0
-11250.0
-11250.0
11250.0
11250.0
11250.0
11250.0
11250.0
11250.0
11250.0
-11250.0
-11250.0
-11250.0
11250.0
11250.0
11250.0
11250.0
11250.0
-6165.316129929753
-5284.099383495311
-5059.08872692755
-1374.3402246976639
2583.202275393196
8585.123018147515
8948.570175756491
8727.476597698802
5676.795970803349
-5113.636363636364
4690.340247028666
5521.503759188694
2738.6411836346388
-329.6707585953809
670.8491445211812
-4545.454545454546
8117.08860759492
-3863.636363636364