Demand
11250.0
11250.0
11250.0
11250.0
11250.0
11250.0
11250.0
11250.0
11250.0
11250.0
11250.0
11250.0
-11250.0
-11250.0
-11250.0
-11250.0
-11250.0
-11250.0
11250.0
11250.0
11250.0
11250.0
11250.0
11250.0
-11250.0
-11250.0
-11250.0
-11250.0
-11250.0
-11250.0
11250.0
11250.0
11250.0
11250.0
11250.0
11250.0
11250.0
-11250.0
-11250.0
-11250.0
-10031.279695913843
-10093.181798092482
-9973.439673732657
11250.0
11250.0
11250.0
11250.0
11250.0
11250.0
11250.0
-11250.0
-11250.0
-11250.0
-11250.0
-11250.0
11250.0
11250.0
11250.0
11250.0
11250.0
11250.0
11250.0
-11250.0
-11250.0
-11250.0
-11250.0
-11250.0
11250.0
11250.0
11250.0
11250.0
11250.0
-11250.0
-11250.0
-11250.0
-11250.0
-9528.865748794673
-8075.600123059074
11250.0
-11250.0
11250.0
11250.0
11250.0
11250.0
11250.0
11250.0
-11250.0
-11250.0
-11250.0
-9877.287354448199
-7743.06365150835
-9490.130961151764
11250.0
11250.0
11250.0
11250.0
11250.0
11250.0
11250.0
-10784.56722917801
-10434.739697244222
-10555.455131045019
-10678.51563168189
11250.0
-11250.0
11250.0
11250.0
11250.0
-11250.0
11250.0
11250.0
-10482.408089296569
-10691.39779053551
-10624.151351506018
-10886.235402855022
-11250.0
-11250.0
-11250.0
11250.0
11250.0
11250.0
11250.0
11250.0
11250.0
11250.0
11250.0
11250.0
-10480.140732341759
-10914.02358951595
-11250.0
11250.0
11250.0
11250.0
11250.0
-11250.0
-11250.0
-11250.0
-11250.0
-11250.0
-9963.83442812015
-11250.0
11250.0
11250.0
11250.0
11250.0
11250.0
11250.0
11250.0
11250.0
11250.0
-10544.338815186158
-10991.127597522333
-10954.082690118445
-11250.0
-11250.0
-11250.0
11250.0
11250.0
11250.0
11250.0
11250.0
11250.0
11250.0
-11250.0
-11250.0
-11250.0
-11250.0
11250.0
11250.0
11250.0
11250.0
11250.0
-11250.0
-11250.0
-11250.0
-11250.0
-11250.0
-11250.0
11250.0
11250.0
11250.0
11250.0
11250.0
11250.0
-11250.0
11250.0
11250.0
11250.0
-11250.0
-11250.0
-11250.0
-11250.0
-11250.0
-11250.0
11250.0
10385.426429241015
11250.0
11250.0
6975.098888217555
11250.0
11250.0
11250.0
-11250.0
-11250.0
-11250.0
-11250.0
11250.0
11250.0
11250.0
11250.0
11250.0
-11250.0
11250.0
11250.0
-11250.0
-11250.0
-11250.0
11250.0
11250.0
11250.0
-10974.534178166785
-9874.041648545564
-8271.742703593289
-6758.076183657078
11250.0
11250.0
11250.0
11250.0
11250.0
-11250.0
-11250.0
-10249.505928853756
-10832.879319352192
-11250.0
-9559.02764532407
11250.0
11250.0
11250.0
11250.0
11250.0
11250.0
11250.0
-11250.0
-11250.0
-10688.948059159055
-10614.42283935957
-10120.231945078896
-10770.415900960528
-11250.0
-11250.0
11250.0
11250.0
11250.0
11250.0
11250.0
11250.0
11250.0
11250.0
-11250.0
-11250.0
-11250.0
-11250.0
-11250.0
-11250.0
-9232.773784305875
-1794.0533003623877
11250.0
11250.0
11250.0
11250.0
11250.0
11250.0
11250.0
11250.0
11250.0
-11250.0
-11250.0
-10940.107990557797
-10889.328787346152
-10803.070123304144
-5620.48281679994
-7415.696508729208
-7419.622251058681
11250.0
11250.0
11250.0
11250.0
11250.0
11250.0
11250.0
11250.0
-10526.947943133837
-10207.537845395109
-10102.773184816146
-9951.839187181486
-9715.996368234944
-10273.584304804266
-10504.038524171898
-11250.0
11250.0
11250.0
11250.0
11250.0
11250.0
11250.0
11250.0
11250.0
11250.0
11250.0
-11250.0
-11250.0
-11250.0
-11250.0
11250.0
11250.0
11250.0
11250.0
11250.0
-10741.239669421488
-11250.0
-11250.0
-11250.0
-11250.0
-11250.0
11250.0
11250.0
11250.0
11250.0
11250.0
11250.0
11250.0
-11250.0
-11250.0
-11250.0
-6422.2058681611525
11250.0
11250.0
11250.0
11250.0
-10777.629767970899
-10216.103731438128
-10382.279729103164
-9897.280588401434
-10404.894976018928
-10002.889581263342
-8150.883580122747
11250.0
11250.0
11250.0
11250.0
11250.0
11250.0
11250.0
-9411.855036855039
-10311.84731356204
-9099.668602338446
-7078.0185326109095
11250.0
11250.0
11250.0
11250.0
11250.0
-11250.0
-11250.0
-11250.0
-9905.660377358497
-10023.287637857946
-10134.439839393941
-10220.624126012099
11250.0
11250.0
11250.0
11250.0
11250.0
11250.0
11250.0
11250.0
11250.0
11250.0
-11250.0
-11250.0
-11250.0
11250.0
11250.0
11250.0
11250.0
-11250.0
-11250.0
-11250.0
-11250.0
-10247.929444856822
-10470.81938684305
-776.5393138020481
11250.0
11250.0
11250.0
11250.0
11250.0
11250.0
11250.0
11250.0
-9938.6801027016
-10327.967136680832
-10454.095871840876
-9272.27038439857
-6598.219521334984
11250.0
11250.0
11250.0
11250.0
11250.0
-11250.0
-10102.903173823848
-8839.32749449986
-8867.423951271747
11250.0
11250.0
11250.0
11250.0
11250.0
-11250.0
-11250.0
-11250.0
-6329.890691554378
-4256.415602073823
882.5861796011541
11250.0
11250.0
11250.0
-2266.7746155992336
11250.0
11250.0
-11250.0
-11250.0
-11250.0
-11250.0
11250.0
11250.0
11250.0
11250.0
11250.0
-11002.985362095533
-11250.0
-11250.0
-11250.0
11250.0
11250.0
11250.0
11250.0
11250.0
-10954.833141542
-10633.616521983186
11250.0
11250.0
11250.0
-11250.0
-11250.0
-11250.0
-11250.0
-9649.209486166015
-8728.36808221606
-7677.936214307385
-4426.2187927758005
11250.0
3854.407414408006
11250.0
11250.0
11250.0
11250.0
11250.0
11250.0
11250.0
-10543.388429752067
-10240.00420965816
-10975.496702202443
-11250.0
-11250.0
-11250.0
-11250.0
-11250.0
11250.0
11250.0
11250.0
11250.0
11250.0
11250.0
11250.0
11250.0
11250.0
-11250.0
-11250.0
-11250.0
11250.0
11250.0
11250.0
11250.0
-10314.153238066283
-9453.305058564096
-10386.918544819353
-9881.008833210002
-9475.393263854232
-10544.79790612817
-11250.0
11250.0
11250.0
11250.0
11250.0
11250.0
11250.0
-10480.809127808829
-10681.326365919515
-9941.484192537038
-8487.313778885491
-9717.491734207011
-10400.522775281945
-11250.0
11250.0
11250.0
11250.0
11250.0
11250.0
11250.0
11250.0
-10890.633351580327
-11250.0
11250.0
11250.0
11250.0
-11250.0
-11250.0
-11250.0
-8840.963219861078
-4875.673597081668
11250.0
11250.0
11250.0
11250.0
11250.0
11250.0
-11250.0
11250.0
-11250.0
-11250.0
-11250.0
11250.0
11250.0
11250.0
11250.0
11250.0
11250.0
-11250.0
-11250.0
-11250.0
-11250.0
-11250.0
-8754.742448562676
-4669.71565871908
11250.0
11250.0
11250.0
11250.0
6932.234809164526
11250.0
11250.0
5918.638216501095
11250.0
-11250.0
-11250.0
-10650.840925017521
-10539.582671123975
-8957.627621307478
-9885.614485474001
-9227.18097157393
11250.0
11250.0
11250.0
11250.0
11250.0
11250.0
11250.0
-11000.862061752057
-9593.966064089855
-9070.244520962904
-8327.902010422044
-8055.347503855239
-8620.56586644713
-6475.449440776368
11250.0
11250.0
11250.0
11250.0
11250.0
11250.0
11250.0
-10983.68910669048
-10853.143338205475
-9158.563705044373
11250.0
11250.0
11250.0
-11250.0
-11250.0
-11250.0
-11250.0
11250.0
11250.0
11250.0
11250.0
11250.0
11250.0
-11250.0
11250.0
-11250.0
-10723.205509997508
-10374.730250528188
-9255.541261368799
-10466.526303442548
-11250.0
-11250.0
-11250.0
11250.0
11250.0
11250.0
11250.0
11250.0
11250.0
11250.0
11250.0
-10776.156449302282
-10226.184621015145
-10126.836169207294
-10301.060060194934
-10877.222389750234
-11250.0
-11250.0
-11250.0
11250.0
11250.0
11250.0
11250.0
11250.0
11250.0
11250.0
11250.0
-10694.89059497826
-11250.0
-11250.0
11250.0
11250.0
11250.0
11250.0
-10547.514208420442
-10235.612000660913
-10410.039818718993
-10610.23621996721
-10475.943614506083
-10730.98840506555
-11250.0
11250.0
11250.0
11250.0
11250.0
11250.0
11250.0
11250.0
11250.0
-11250.0
-11250.0
-11250.0
-11250.0
-11250.0
-11250.0
11250.0
11250.0
11250.0
11250.0
11250.0
11250.0
11250.0
11250.0
-11250.0
-11250.0
-11250.0
11250.0
11250.0
11250.0
11250.0
-11250.0
-11250.0
-11250.0
-11250.0
11250.0
11250.0
11250.0
11250.0
11250.0
-11250.0
-11250.0
-11250.0
-4183.884297520663
11250.0
11250.0
11250.0
11250.0
11250.0
-5628.216123499144
-4836.699500953675
-3679.746732468853
-2403.2109586859406
-107.14542709861234
3143.376495344632
5629.853241233621
6702.908704846471
7069.661609086059
3513.9201583830077
73.77513198233828
1146.3686462732148
2418.9753926305675
-3522.727272727273
11250.0