Demand
11250.0
11250.0
11250.0
11250.0
11250.0
11250.0
11250.0
11250.0
11250.0
11250.0
11250.0
11250.0
11250.0
11250.0
11250.0
-11250.0
-11250.0
-11250.0
-11250.0
11250.0
11250.0
11250.0
11250.0
11250.0
11250.0
-11250.0
-11250.0
-11250.0
-11250.0
11250.0
11250.0
11250.0
11250.0
11250.0
-11250.0
-11250.0
-11250.0
-11250.0
11250.0
11250.0
11250.0
11250.0
11250.0
11250.0
-11250.0
-11250.0
-11250.0
-11250.0
11250.0
11250.0
11250.0
11250.0
11250.0
11250.0
-11250.0
-11250.0
-11250.0
-11250.0
11250.0
11250.0
11250.0
11250.0
11250.0
-11250.0
-11250.0
-11250.0
-11250.0
-11250.0
11250.0
11250.0
11250.0
11250.0
11250.0
11250.0
-11250.0
-11250.0
-10339.370665783059
-10147.97748009846
-10258.14683490279
-11250.0
11250.0
11250.0
11250.0
11250.0
11250.0
11250.0
11250.0
-11250.0
-11250.0
11250.0
11250.0
11250.0
-11250.0
-11250.0
11250.0
11250.0
11250.0
11250.0
-10993.380244113923
-10671.998124160138
-10232.644704258491
-10396.357974581915
-10616.08512673113
-9529.219776411232
11250.0
11250.0
11250.0
11250.0
11250.0
11250.0
11250.0
-10485.849056603773
-10673.366123424636
-10560.597899592696
-10794.917078234801
-11250.0
-11250.0
11250.0
11250.0
11250.0
11250.0
11250.0
11250.0
-10735.047377604737
-10686.156735171611
-10300.626340839084
-9779.908383393984
-9898.98034224785
-10630.973383986027
-11250.0
11250.0
11250.0
11250.0
11250.0
11250.0
11250.0
11250.0
11250.0
11250.0
-10725.47204108064
-11250.0
-11250.0
-11250.0
11250.0
11250.0
11250.0
11250.0
11250.0
11250.0
-10988.780636838892
-10318.177093383805
-10845.85259912668
-10558.634675564434
-11250.0
11250.0
11250.0
11250.0
11250.0
11250.0
-11250.0
-11250.0
11250.0
11250.0
11250.0
-11250.0
-11250.0
11250.0
11250.0
11250.0
-11250.0
-11250.0
-10880.261387660968
-11250.0
11250.0
11250.0
11250.0
11250.0
11250.0
-11250.0
-11250.0
-11250.0
-11250.0
-11250.0
-11250.0
-11250.0
-11250.0
11250.0
11250.0
11250.0
11250.0
11250.0
11250.0
11250.0
11250.0
11250.0
-10425.280443946936
-10260.75631619963
-9483.200245142361
-8924.081362357862
11250.0
11250.0
11250.0
11250.0
11250.0
11250.0
-11250.0
-11250.0
-11250.0
-11250.0
-11250.0
-11250.0
11250.0
11250.0
11250.0
11250.0
11250.0
11250.0
11250.0
11250.0
-11002.577651068576
-10960.897206134829
-9775.142864911337
-7904.810662262796
-5133.910647338473
11250.0
11250.0
11250.0
11250.0
11250.0
-11250.0
-11250.0
-10346.194503171246
-10893.694068254903
-11250.0
-10495.647690046928
-11250.0
11250.0
11250.0
11250.0
11250.0
11250.0
11250.0
11250.0
-11250.0
-10638.974316171978
-10521.243579810416
-9823.619975249312
-10501.42065557812
-11250.0
11250.0
11250.0
11250.0
11250.0
11250.0
11250.0
11250.0
11250.0
11250.0
-11250.0
-11250.0
11250.0
11250.0
-11250.0
-11250.0
-8833.608101742822
11250.0
11250.0
11250.0
11250.0
-10767.44937316941
-10986.915229298786
-11250.0
-10905.352041676157
-11250.0
-11250.0
-11250.0
11250.0
11250.0
11250.0
11250.0
11250.0
11250.0
11250.0
11250.0
-11250.0
-11250.0
-11250.0
-11250.0
-11250.0
11250.0
11250.0
11250.0
11250.0
11250.0
-10290.008982372095
-10214.421363540918
-10680.83650239923
-10926.581949241077
-11250.0
-11250.0
-11250.0
-11250.0
11250.0
11250.0
11250.0
11250.0
11250.0
11250.0
11250.0
11250.0
-11250.0
-11250.0
-11250.0
-11250.0
-11250.0
-11250.0
11250.0
11250.0
11250.0
11250.0
11250.0
11250.0
11250.0
-11250.0
-11250.0
-11250.0
11250.0
11250.0
11250.0
-10990.717029449424
-11250.0
-11250.0
-11250.0
-11250.0
-5374.781085814375
11250.0
11250.0
11250.0
11250.0
11250.0
11250.0
11250.0
-10279.186985952401
-10718.356684954233
-10648.10095693274
-10535.366912633806
-9862.958397599163
-9822.49638458708
-8890.468348287366
11250.0
11250.0
11250.0
11250.0
11250.0
11250.0
11250.0
-9972.984655721626
-9679.904091368498
-10334.349285038283
-11250.0
11250.0
11250.0
11250.0
11250.0
-11250.0
-10012.523077446265
-9992.197743665973
-9584.05968077249
11250.0
11250.0
11250.0
11250.0
11250.0
-11250.0
-11250.0
-10017.537958869885
-11250.0
11250.0
11250.0
11250.0
11250.0
-11250.0
-11250.0
-11250.0
-11250.0
-11250.0
-11250.0
-11250.0
-11250.0
11250.0
11250.0
11250.0
11250.0
11250.0
11250.0
11250.0
11250.0
-11250.0
-10949.430525956635
-11250.0
-7308.551841395165
2081.6063506794344
11250.0
11250.0
11250.0
11250.0
11250.0
-11250.0
-11250.0
-11250.0
-11250.0
11250.0
11250.0
11250.0
11250.0
11250.0
-11250.0
-11250.0
-11250.0
-11250.0
-11250.0
11250.0
11250.0
11250.0
11250.0
11250.0
11250.0
11250.0
11250.0
11250.0
-10766.36363636364
-10954.96432886459
-11250.0
-11250.0
11250.0
11250.0
11250.0
11250.0
-10482.338109003918
-10412.0077979157
-10937.856760121973
-10886.028660051357
-11250.0
-11250.0
-11250.0
11250.0
11250.0
11250.0
11250.0
11250.0
11250.0
11250.0
11250.0
11250.0
-11250.0
11250.0
-11250.0
-11250.0
-11250.0
-7159.090909090915
11250.0
11250.0
11250.0
11250.0
11250.0
-11250.0
-11250.0
11250.0
11250.0
11250.0
11250.0
-11250.0
-10245.730479528676
-9330.537789635124
-10127.470320773995
11250.0
11250.0
11250.0
11250.0
11250.0
-11250.0
-11250.0
-11250.0
-9999.024580569654
11250.0
11250.0
11250.0
11250.0
11250.0
-11250.0
11250.0
11250.0
-11250.0
-11250.0
-11250.0
-9842.463874154018
-6843.55585996357
11250.0
11250.0
11250.0
11250.0
11250.0
-11250.0
-11250.0
-11250.0
-11250.0
-11250.0
11250.0
11250.0
11250.0
11250.0
11250.0
11250.0
-10542.435480904798
-10773.403787741445
11250.0
11250.0
-10101.805536928576
-9520.433967243967
-10171.125430610635
-9117.790057705999
-8407.748268651554
-9930.244431732244
-10592.889089723754
-11250.0
11250.0
11250.0
11250.0
11250.0
11250.0
11250.0
11250.0
-10248.790189508658
-10358.390697934603
-10058.07611315373
-9772.41717142093
11250.0
11250.0
11250.0
11250.0
11250.0
-11250.0
-11250.0
-11250.0
-11250.0
-9104.155047406584
444.049137409841
11250.0
11250.0
11250.0
11250.0
11250.0
-11250.0
-11250.0
-11250.0
-9366.653664356847
-6545.504388116146
7046.296423774082
11250.0
11250.0
11250.0
11250.0
7297.361621110875
11250.0
-10057.86391522588
-10308.538611975237
11250.0
11250.0
-10723.366031709826
-10624.641142423192
-9194.790547474659
-9921.642057704335
-4612.055536646116
11250.0
11250.0
11250.0
11250.0
11250.0
-11250.0
-11250.0
-10931.077737913893
-9006.101902310602
-8063.52483469952
-6433.884677642032
-4751.49278858756
-1937.3127354384633
11250.0
11250.0
11250.0
11250.0
11250.0
11250.0
11250.0
11250.0
-10922.681333265275
-10644.274515757665
11250.0
11250.0
11250.0
11250.0
-11250.0
-11250.0
-11250.0
-11250.0
11250.0
11250.0
11250.0
11250.0
11250.0
-11250.0
-11250.0
-11250.0
11250.0
11250.0
11250.0
11250.0
-10792.60137665395
-11250.0
-11250.0
11250.0
11250.0
11250.0
-11250.0
-11250.0
11250.0
11250.0
-11250.0
-11250.0
-10554.350184421786
-9469.775960387014
-8609.395928361744
-6423.754970899099
11250.0
11250.0
11250.0
11250.0
11250.0
11250.0
11250.0
-10519.785538052762
-10492.340369375783
11250.0
11250.0
11250.0
-10528.074866310162
-11250.0
11250.0
11250.0
11250.0
-11250.0
-11250.0
-10253.468036360104
-9463.519767195172
-8872.817630365767
11250.0
11250.0
11250.0
11250.0
11250.0
11250.0
-11250.0
-11250.0
-11250.0
-11250.0
-11250.0
-6253.246753246745
11250.0
11250.0
11250.0
11250.0
11250.0
11250.0
11250.0
-11250.0
-10979.31616715914
-10623.898143274986
-10480.392965667415
-9100.84335384615
-9229.833111973174
11250.0
11250.0
11250.0
11250.0
11250.0
11250.0
11250.0
-11250.0
-11250.0
-11250.0
11250.0
11250.0
11250.0
-11250.0
-11250.0
-11250.0
-11250.0
-11250.0
-11250.0
11250.0
11250.0
11250.0
11250.0
11250.0
11250.0
11250.0
11250.0
-5349.650349650354
-4398.48208808165
-3384.8299902113467
-1524.2116401168769
1165.6520196121182
3410.907857121292
4771.382189844323
5762.212694860767
3153.5239625583736
100.14860532131297
1110.2020207752157
2615.050523433405
-3522.727272727273
5244.360902255649