Demand
-11250.0
-11250.0
11250.0
11250.0
11250.0
11250.0
11250.0
11250.0
11250.0
11250.0
11250.0
11250.0
11250.0
11250.0
11250.0
-11250.0
-11250.0
-11250.0
-11250.0
11250.0
11250.0
11250.0
11250.0
11250.0
-11250.0
-11250.0
-11250.0
-11250.0
11250.0
11250.0
11250.0
11250.0
11250.0
11250.0
-11250.0
-11250.0
-11250.0
-11250.0
11250.0
11250.0
11250.0
11250.0
-11002.864533151507
-11250.0
-11250.0
-11250.0
-11250.0
-11250.0
11250.0
11250.0
11250.0
11250.0
11250.0
11250.0
11250.0
11250.0
-11250.0
-11250.0
11250.0
11250.0
11250.0
-11250.0
-11250.0
-11250.0
11250.0
11250.0
11250.0
-11250.0
-11250.0
-11250.0
-11250.0
-11250.0
11250.0
11250.0
11250.0
11250.0
11250.0
11250.0
-10765.286495241955
-11250.0
-11250.0
-11250.0
-11250.0
-11250.0
-11250.0
11250.0
11250.0
11250.0
11250.0
11250.0
11250.0
11250.0
11250.0
-11250.0
11250.0
11250.0
11250.0
-11250.0
-10917.426094687708
-10280.54013206319
-7459.434401920662
11250.0
11250.0
11250.0
11250.0
11250.0
-11250.0
-11250.0
-11250.0
-11250.0
-11250.0
11250.0
11250.0
11250.0
11250.0
11250.0
-11250.0
-11250.0
-11250.0
-11250.0
-11250.0
-11250.0
11250.0
11250.0
11250.0
11250.0
11250.0
11250.0
11250.0
11250.0
-11250.0
-11250.0
-11250.0
11250.0
11250.0
11250.0
11250.0
-11250.0
-11250.0
-10678.47593582888
-11250.0
-11250.0
-11250.0
-11250.0
11250.0
11250.0
11250.0
11250.0
11250.0
11250.0
-10466.995943570317
-10948.19135476588
-10871.539332999546
-11250.0
-11250.0
11250.0
11250.0
11250.0
11250.0
11250.0
11250.0
-11250.0
-11250.0
-11250.0
-11250.0
-11250.0
11250.0
11250.0
11250.0
11250.0
11250.0
-11011.452205632231
-11250.0
-11250.0
-11250.0
-11250.0
-11250.0
-11250.0
11250.0
11250.0
11250.0
11250.0
11250.0
11250.0
11250.0
-11250.0
-10724.315657115108
-10961.185787630424
-11250.0
-11250.0
-11250.0
-11250.0
-11250.0
11250.0
11250.0
11250.0
11250.0
11250.0
11250.0
11250.0
11250.0
11250.0
-11250.0
-11250.0
-11250.0
11250.0
11250.0
11250.0
11250.0
-11250.0
-11250.0
-11250.0
-11250.0
-11250.0
11250.0
11250.0
11250.0
11250.0
11250.0
-10980.736930505984
-10949.762632070353
-9863.378018666412
-8746.094609054042
-9092.284902122836
-8698.50587910163
-8372.253159442462
11250.0
11250.0
11250.0
11250.0
11250.0
11250.0
11250.0
11250.0
-10999.608389027224
-11250.0
-11250.0
-11250.0
-11250.0
11250.0
11250.0
11250.0
11250.0
11250.0
11250.0
-10724.105055972446
-10332.758698187135
-10868.953917589926
-11250.0
-11250.0
11250.0
11250.0
11250.0
11250.0
11250.0
11250.0
-11250.0
-11250.0
-11250.0
11250.0
11250.0
11250.0
11250.0
-11250.0
-10615.16657556919
-10361.197985475264
-7288.772398183282
11250.0
11250.0
11250.0
11250.0
11250.0
-11012.405716554189
-11250.0
-11250.0
-11250.0
-11250.0
-10650.675333912157
-10009.940800577806
11250.0
11250.0
11250.0
11250.0
11250.0
11250.0
11250.0
11250.0
-11250.0
-11250.0
-11250.0
-11250.0
-10052.148194271485
-9224.43127547856
-8333.382468716503
-5304.73437268483
11250.0
11250.0
11250.0
11250.0
11250.0
11250.0
11250.0
11250.0
11250.0
-10509.688033146478
-10714.36834183416
-10654.819418637755
-10908.285186844616
-11250.0
-11250.0
-11250.0
-11250.0
11250.0
11250.0
11250.0
11250.0
11250.0
11250.0
11250.0
11250.0
-11250.0
-11250.0
-11250.0
-11250.0
-11250.0
11250.0
11250.0
11250.0
11250.0
11250.0
11250.0
11250.0
-11250.0
-11250.0
11250.0
11250.0
11250.0
-11250.0
-11250.0
-10444.970283192699
-8943.573860879049
-7736.148396766952
11250.0
11250.0
11250.0
11250.0
11250.0
11250.0
11250.0
-10291.587266001574
-9358.705506353886
-7764.882495760689
-4962.560562681956
-7589.033489114875
-7595.2295738939865
11250.0
11250.0
11250.0
11250.0
11250.0
-11250.0
-11250.0
-11250.0
-11250.0
-11250.0
-9068.465318465322
-8444.743272392137
5171.636719095606
11250.0
11250.0
11250.0
11250.0
11250.0
11250.0
11250.0
-10522.821772821771
-11250.0
11250.0
11250.0
-11250.0
-11250.0
-11250.0
-11250.0
-11250.0
11250.0
11250.0
11250.0
11250.0
11250.0
-11250.0
-10653.040688687437
-10889.084695027326
-9284.127103806655
-9552.33705422045
11250.0
-11250.0
11250.0
11250.0
11250.0
11250.0
11250.0
-9879.48428692859
-10308.584380065968
-10481.921376633381
-9643.09081916157
-10215.107103106191
11250.0
11250.0
11250.0
11250.0
11250.0
11250.0
11250.0
-10205.12254735556
-10943.04514368873
-10847.29654368075
-11250.0
11250.0
11250.0
11250.0
11250.0
11250.0
11250.0
-7759.25421883506
-5962.310565997305
7626.3658263017005
11250.0
11250.0
-10454.545454545456
-10053.60705864062
-10514.650829697246
-10721.537546242584
-11250.0
11250.0
11250.0
11250.0
11250.0
11250.0
11250.0
-10510.52277532193
-10934.158759474107
-10690.893125343286
11250.0
11250.0
11250.0
11250.0
-11250.0
-11250.0
-10282.440588457186
-10103.587122330977
-10760.615139222038
-10488.914758666411
-11250.0
11250.0
11250.0
11250.0
11250.0
11250.0
11250.0
11250.0
11250.0
-10020.729137892438
-9921.539175728652
-10079.148822362651
-10917.314178823908
-11250.0
-11250.0
-11250.0
-11250.0
11250.0
11250.0
11250.0
11250.0
11250.0
11250.0
11250.0
11250.0
-11250.0
11250.0
11250.0
11250.0
-11250.0
-11250.0
-10974.37137330755
-10626.181254390289
-9043.874039866587
-9430.125410362656
-9954.225850448936
-11250.0
11250.0
11250.0
11250.0
11250.0
11250.0
11250.0
11250.0
11250.0
-8784.331227684703
-8693.396712509177
11250.0
11250.0
11250.0
11250.0
11250.0
-11250.0
-11250.0
-11250.0
-11250.0
-10424.090372437484
-9447.815907718898
-8569.049587842961
11250.0
11250.0
11250.0
11250.0
11250.0
11250.0
11250.0
-9365.15851354189
-10011.847741709167
-8552.483911590094
-6947.228615562173
-8197.977940417444
11250.0
11250.0
11250.0
11250.0
11250.0
11250.0
-11250.0
-11250.0
-10025.305576776165
-9770.965327187725
-9761.043134093441
-8592.113519437447
11250.0
11250.0
-11250.0
11250.0
11250.0
11250.0
11250.0
-11250.0
-11250.0
-11250.0
-9187.031490360583
-9327.224630770754
11250.0
11250.0
11250.0
11250.0
11250.0
11250.0
11250.0
-11250.0
-10234.42982982123
-9507.161754374967
-9150.7754189535
-7488.231702683126
-2517.3986200515064
11250.0
5314.650091302755
11250.0
11250.0
11250.0
11250.0
-11250.0
-11250.0
-10555.120167189136
-10217.221650140582
-3493.4314823870645
11250.0
11250.0
11250.0
11250.0
11250.0
-11250.0
-11250.0
-11250.0
-11250.0
-10740.869392616121
-5961.512814712525
9648.144956911736
11250.0
9120.1262010547
6825.315437296475
11250.0
11250.0
11250.0
11250.0
-9114.635364635364
11250.0
-10779.172383798377
-10992.522727992211
-10959.814273392101
-10907.771608576084
-10812.131194595844
-11250.0
-11250.0
11250.0
11250.0
11250.0
11250.0
11250.0
11250.0
11250.0
-11250.0
-11250.0
-11250.0
-11250.0
-11250.0
11250.0
11250.0
11250.0
11250.0
11250.0
11250.0
-11250.0
-11250.0
-11250.0
-11250.0
-11250.0
-11250.0
-11250.0
11250.0
11250.0
11250.0
11250.0
11250.0
11250.0
11250.0
11250.0
-10982.206683002903
-11250.0
-11250.0
-11250.0
11250.0
11250.0
11250.0
11250.0
11250.0
11250.0
-11250.0
-11250.0
-10565.513253869423
-11250.0
-11250.0
11250.0
11250.0
11250.0
11250.0
-10410.85679593221
-9930.301088966004
-9986.516156079633
-9940.274287515087
-6253.142387527253
11250.0
11250.0
11250.0
11250.0
11250.0
11250.0
-11250.0
-11250.0
-11250.0
-9449.910093573199
-11250.0
11250.0
11250.0
11250.0
11250.0
11250.0
-11250.0
-11250.0
-10945.886517231898
-10545.488183371064
-10388.662934292755
-8907.882641142201
-9292.327406111148
-4354.988418547793
11250.0
11250.0
11250.0
11250.0
11250.0
11250.0
11250.0
11250.0
-11250.0
-11250.0
-11250.0
11250.0
11250.0
11250.0
-11250.0
11250.0
11250.0
11250.0
-11250.0
-10233.772719018772
-8983.768596669252
-8015.56850153637
-3936.7935426026093
-2077.0728113398527
-947.689721579618
7249.615511785781
9954.339758326703
9535.882462033758
8462.31825747493
9149.33722522536
5143.5811772372535
-5113.636363636364
3983.96071665936
5155.939600540292
2934.204612656624
65.34993706720525
1046.680100978866
2615.2416336213673
4328.440538399207
-3863.636363636364