Demand
-11250.0
11250.0
11250.0
11250.0
11250.0
11250.0
11250.0
11250.0
11250.0
11250.0
11250.0
11250.0
11250.0
11250.0
11250.0
-11250.0
-11250.0
-11250.0
-11250.0
-11250.0
-11250.0
11250.0
11250.0
11250.0
11250.0
11250.0
11250.0
11250.0
11250.0
-11250.0
-10355.694731404958
-9778.113438033892
-10214.227147081212
-11250.0
11250.0
11250.0
11250.0
11250.0
11250.0
11250.0
-10253.496503496506
-9597.9488703924
11250.0
11250.0
11250.0
-11250.0
-11250.0
11250.0
11250.0
11250.0
-11250.0
-11250.0
-11250.0
-11250.0
11250.0
11250.0
11250.0
11250.0
11250.0
-11250.0
-11250.0
-11250.0
-11250.0
-11250.0
-11250.0
-11250.0
-11250.0
11250.0
11250.0
11250.0
11250.0
11250.0
11250.0
11250.0
11250.0
11250.0
-10540.300381684807
-10474.645886852883
-10670.039953049629
-11250.0
-11250.0
-11250.0
-11250.0
11250.0
11250.0
11250.0
11250.0
11250.0
11250.0
11250.0
-10004.425398821397
-10955.892866462582
-11250.0
-11250.0
11250.0
11250.0
11250.0
11250.0
11250.0
-10791.554959785524
-10487.952157785086
-10666.827489841056
-10891.154833762848
-10736.580912026166
-11250.0
11250.0
11250.0
11250.0
11250.0
11250.0
11250.0
-10555.914683279414
-10752.708398755327
-10704.920785593946
-10943.194090393717
-11250.0
-11250.0
-11250.0
-11250.0
11250.0
11250.0
11250.0
11250.0
11250.0
11250.0
11250.0
11250.0
-10557.971446009393
-10997.077799568473
-11250.0
-11250.0
-11250.0
-11250.0
11250.0
11250.0
11250.0
11250.0
11250.0
11250.0
11250.0
-11250.0
-11250.0
-11250.0
-11250.0
11250.0
11250.0
11250.0
11250.0
11250.0
-10987.585169725615
-10331.952274031926
-10868.48978500627
-10681.749329636448
-11250.0
11250.0
11250.0
11250.0
11250.0
11250.0
11250.0
-11250.0
-11250.0
-11250.0
-11250.0
-11250.0
-11250.0
-11250.0
11250.0
11250.0
11250.0
11250.0
11250.0
11250.0
11250.0
11250.0
-11250.0
-11250.0
11250.0
11250.0
-11250.0
-11250.0
-11250.0
-11250.0
-11250.0
11250.0
11250.0
11250.0
11250.0
11250.0
11250.0
-11250.0
-11250.0
11250.0
11250.0
-10434.678957406231
-10296.414965931373
-10043.191212488251
-8827.677980973403
-6393.7370738638165
11250.0
11250.0
11250.0
11250.0
11250.0
11250.0
-11250.0
-11250.0
-11250.0
11250.0
11250.0
11250.0
11250.0
-11250.0
-11250.0
-11250.0
-11250.0
-11250.0
11250.0
11250.0
11250.0
11250.0
11250.0
11250.0
-10281.687233088742
-10469.739750112658
-10965.321209068126
-11250.0
-11250.0
-11250.0
-11250.0
-11250.0
11250.0
11250.0
11250.0
11250.0
11250.0
11250.0
11250.0
11250.0
11250.0
-11250.0
-11250.0
-11250.0
-11250.0
-10104.14339959795
-8755.127886484574
11250.0
11250.0
11250.0
11250.0
11250.0
11250.0
11250.0
-11250.0
11250.0
-11250.0
-11250.0
-11250.0
-11250.0
-11250.0
11250.0
11250.0
11250.0
11250.0
11250.0
-10726.936253517684
-10035.45924902803
-10499.384978971371
-9610.582483577957
-8669.699997909032
11250.0
11250.0
11250.0
11250.0
11250.0
11250.0
-11250.0
-10971.684720690093
-10930.46868990983
-10861.656422111286
-6513.789149348088
-8098.738612753071
-8544.327496519178
11250.0
11250.0
11250.0
11250.0
11250.0
11250.0
11250.0
-11250.0
-10429.077338707775
-10031.716857078547
-9853.006486855178
-9564.55599812833
-9023.457859632184
-9456.439228139152
-7120.719387707799
11250.0
11250.0
11250.0
11250.0
11250.0
11250.0
11250.0
11250.0
-10669.99665537772
-10788.53922216286
-11250.0
11250.0
11250.0
11250.0
-11250.0
-11250.0
-11250.0
-11250.0
11250.0
11250.0
11250.0
11250.0
11250.0
-11250.0
-11250.0
-11250.0
-11250.0
-11250.0
-11250.0
-11250.0
11250.0
11250.0
11250.0
11250.0
11250.0
11250.0
11250.0
11250.0
-11250.0
-11250.0
-11250.0
-10272.127923106611
-7725.555778299891
11250.0
11250.0
4047.411326921687
11250.0
11250.0
11250.0
11250.0
-11007.02996021543
-10186.93795727608
-9177.516189495662
-7531.688008997073
-4899.765805809293
-7913.059291644491
-9141.904390647745
-983.6091550159636
11250.0
11250.0
11250.0
11250.0
11250.0
11250.0
11250.0
-11250.0
-11250.0
-9835.347918007174
-9854.751698867029
-9685.218576160307
-3344.2354345112963
11250.0
11250.0
11250.0
11250.0
11250.0
11250.0
-10426.982796116437
11250.0
-10769.31304203326
-11250.0
-11250.0
-11250.0
-11250.0
-11250.0
-11250.0
-11250.0
11250.0
11250.0
11250.0
11250.0
11250.0
11250.0
11250.0
11250.0
-10730.003576930812
-10618.596292384249
-11250.0
-11250.0
11250.0
11250.0
11250.0
11250.0
11250.0
11250.0
11250.0
-10562.823718521166
-10914.111311744095
-11250.0
11250.0
11250.0
-11250.0
-11250.0
-11250.0
-10046.188144663218
-9210.680961532515
-10513.266538038522
-9471.89717331333
11250.0
11250.0
11250.0
11250.0
11250.0
11250.0
11250.0
11250.0
11250.0
-8467.400737687138
-7197.98668964189
11250.0
11250.0
11250.0
-10794.361395406038
-11002.275828299793
-11250.0
-11250.0
-11250.0
-11250.0
-11250.0
11250.0
11250.0
11250.0
11250.0
11250.0
11250.0
11250.0
-11250.0
-11250.0
-11250.0
-11250.0
-9333.437110834373
-6554.120995394104
11250.0
11250.0
11250.0
11250.0
11250.0
11250.0
11250.0
-11250.0
-11250.0
-9724.68966029882
-8510.467627780512
-5306.304159648531
11250.0
11250.0
11250.0
11250.0
11250.0
11250.0
-11250.0
-11250.0
11250.0
11250.0
11250.0
-10103.204172876307
-10303.237502359869
11250.0
11250.0
-11250.0
-11250.0
-11250.0
-11250.0
-11250.0
11250.0
11250.0
11250.0
11250.0
11250.0
11250.0
11250.0
-11250.0
-11250.0
-11250.0
-11250.0
11250.0
11250.0
11250.0
11250.0
11250.0
11250.0
-10213.380408181594
-10034.826979689293
-10861.304729246098
-11250.0
-11250.0
11250.0
11250.0
11250.0
11250.0
11250.0
-10496.98076690964
-10703.700577568685
-10031.276881389724
-8804.176726616872
-10004.757043977068
-10700.183337090584
-11250.0
-11250.0
11250.0
11250.0
11250.0
11250.0
11250.0
11250.0
11250.0
11250.0
-11250.0
-11250.0
-11250.0
-11250.0
-11250.0
-11250.0
-6139.799642346712
11250.0
11250.0
9215.085989654357
11250.0
10464.545531195949
11250.0
11250.0
11250.0
11250.0
11250.0
-11250.0
-11250.0
-11250.0
-10121.700879765398
-10736.228182143306
-11250.0
11250.0
11250.0
11250.0
11250.0
11250.0
11250.0
11250.0
-10214.68213925328
-9490.672983681645
-9172.441030552494
-7695.352538599804
-3982.325276064866
6863.8760290374075
4151.11149642292
11250.0
11250.0
11250.0
2503.9411623240803
11250.0
-11250.0
-10703.746838812727
-10573.805234663298
-8784.63049279316
-8942.020819635876
11250.0
11250.0
11250.0
11250.0
11250.0
-11250.0
-11250.0
-11250.0
-10834.451953341977
-6863.901297702248
11250.0
11250.0
7446.555117830762
11250.0
11250.0
11250.0
11250.0
11250.0
-9878.342245989312
11250.0
11250.0
11250.0
-11011.572783045176
-10923.842452553108
-10414.712001899552
11250.0
11250.0
11250.0
-11250.0
-11250.0
-11250.0
-11250.0
-11250.0
-11250.0
-11250.0
11250.0
11250.0
11250.0
11250.0
11250.0
11250.0
11250.0
11250.0
-9750.606044837423
-10712.48405683356
-11250.0
-11250.0
-11250.0
-11250.0
-11250.0
-11250.0
11250.0
11250.0
11250.0
11250.0
11250.0
11250.0
11250.0
11250.0
11250.0
-11002.603642584749
-11250.0
-11250.0
-11250.0
-11250.0
11250.0
11250.0
11250.0
11250.0
11250.0
11250.0
-11250.0
-10554.972225985643
-11250.0
11250.0
11250.0
11250.0
11250.0
11250.0
-10549.453765119
-10238.862078381651
-10413.231948169643
-10613.240653075489
-10480.739288916488
-10735.710007298057
-11250.0
-11250.0
11250.0
11250.0
11250.0
11250.0
11250.0
11250.0
11250.0
-11250.0
-11250.0
-11250.0
-11250.0
-11250.0
-11250.0
11250.0
11250.0
11250.0
11250.0
11250.0
11250.0
11250.0
11250.0
-11250.0
-11250.0
-11250.0
-11250.0
-11250.0
-11250.0
11250.0
11250.0
11250.0
11250.0
11250.0
11250.0
11250.0
-11250.0
-11250.0
-11250.0
-11250.0
-11250.0
-11250.0
-6781.845400108876
11250.0
11250.0
11250.0
11250.0
11250.0
11250.0
11250.0
-8068.181818181819
-3200.5652100556763
-651.5823218485693
3124.3320716550907
5585.4441379115815
4950.705080750375
-3750.0000000000005
11250.0
5097.702929981408
4994.047431992467
3665.665706743212
-3522.727272727273
5316.268801311588