Demand
11250.0
11250.0
11250.0
11250.0
11250.0
11250.0
11250.0
11250.0
11250.0
11250.0
11250.0
11250.0
11250.0
11250.0
11250.0
11250.0
11250.0
11250.0
11250.0
11250.0
11250.0
11250.0
11250.0
-11250.0
-11250.0
-11250.0
11250.0
11250.0
11250.0
11250.0
11250.0
11250.0
11250.0
11250.0
11250.0
-11250.0
11250.0
11250.0
-11250.0
11250.0
11250.0
11250.0
-11017.548742911888
-11250.0
-11250.0
-11250.0
-11250.0
-11250.0
-11250.0
11250.0
11250.0
11250.0
11250.0
11250.0
11250.0
11250.0
11250.0
-11250.0
-11250.0
11250.0
11250.0
11250.0
11250.0
-11250.0
-11250.0
-11250.0
11250.0
11250.0
11250.0
11250.0
11250.0
-11250.0
-11250.0
-11250.0
11250.0
11250.0
11250.0
11250.0
-10720.402411578885
-11250.0
-11250.0
-11250.0
-11250.0
11250.0
11250.0
11250.0
11250.0
11250.0
11250.0
-10482.306324112356
-9778.37009088054
-10892.12079044525
-11250.0
-11250.0
11250.0
11250.0
11250.0
11250.0
11250.0
11250.0
-10467.510677242222
-10618.726303300762
-10809.6098671918
-10249.304502377723
11250.0
11250.0
11250.0
11250.0
11250.0
-11250.0
-11250.0
-10450.38893177365
-10659.604457082485
-10573.356279804906
-10841.59162859536
-11250.0
-11250.0
-11250.0
11250.0
11250.0
11250.0
11250.0
11250.0
11250.0
11250.0
11250.0
-10167.921069053311
-10332.881631919452
-10886.90450835467
-11250.0
-11250.0
-11250.0
11250.0
11250.0
11250.0
11250.0
11250.0
11250.0
11250.0
-10712.106472951375
-11250.0
-11250.0
-11250.0
11250.0
11250.0
11250.0
11250.0
11250.0
11250.0
-10980.11363636364
-10247.501430744964
-10771.521528925769
-9976.726921933147
11250.0
11250.0
11250.0
11250.0
11250.0
-11250.0
-11250.0
-11250.0
-11250.0
11250.0
11250.0
11250.0
11250.0
11250.0
11250.0
-11250.0
-11250.0
-11250.0
-10842.746325530752
-11250.0
11250.0
11250.0
11250.0
11250.0
11250.0
11250.0
-11250.0
-11250.0
-11250.0
-11250.0
-11250.0
-11250.0
-11250.0
-6029.511533242909
11250.0
11250.0
11250.0
11250.0
11250.0
11250.0
11250.0
11250.0
11250.0
-10507.172460839458
-10174.521896908082
-10357.357368732195
-11250.0
-11250.0
-11250.0
-11250.0
-11250.0
11250.0
11250.0
11250.0
11250.0
11250.0
11250.0
11250.0
11250.0
-11250.0
-11250.0
-11250.0
-11250.0
-11250.0
-11250.0
11250.0
11250.0
11250.0
11250.0
11250.0
11250.0
11250.0
11250.0
-11250.0
-11250.0
-11250.0
-11250.0
-11250.0
4089.0598238014823
11250.0
11250.0
11250.0
11250.0
11250.0
11250.0
11250.0
11250.0
11250.0
-11250.0
-11250.0
-11250.0
-10584.336802221474
-10413.00763225458
-9408.510711288349
-9836.759742419246
11250.0
11250.0
11250.0
11250.0
11250.0
11250.0
11250.0
-11250.0
11250.0
-11250.0
-11250.0
11250.0
11250.0
11250.0
11250.0
11250.0
-10717.621419676216
-10597.684897637424
-9392.004725790794
-9185.518236000913
11250.0
11250.0
11250.0
11250.0
11250.0
11250.0
11250.0
-11250.0
-11250.0
11250.0
11250.0
11250.0
-8757.557762902183
-9436.896676009423
11250.0
11250.0
11250.0
-11250.0
-11250.0
-11250.0
-11250.0
-11250.0
-11250.0
11250.0
11250.0
11250.0
11250.0
11250.0
11250.0
-10955.33047407521
-11250.0
11250.0
11250.0
-11250.0
-10689.615679898598
-9980.692730455728
-10131.823774020362
-10304.358940537324
-9834.85276918655
-9461.492926661733
11250.0
11250.0
11250.0
11250.0
11250.0
11250.0
11250.0
11250.0
-11250.0
-10699.764797818061
-10635.3795874307
-11250.0
-11250.0
-11250.0
-11250.0
11250.0
11250.0
11250.0
11250.0
11250.0
11250.0
11250.0
11250.0
11250.0
-11250.0
-11250.0
-9377.05366922235
11250.0
11250.0
11250.0
11250.0
-10748.533724340177
-10048.415373236985
-10047.797153975142
-8239.180516381497
11250.0
11250.0
11250.0
11250.0
11250.0
-11001.102054395742
-10014.24486865161
-8098.164632828139
1188.6591931167413
11250.0
11250.0
11250.0
11250.0
-9992.005728410564
-9818.603244349935
-10560.275250999763
-11250.0
-11250.0
11250.0
11250.0
11250.0
11250.0
11250.0
11250.0
-10728.976234003658
-10952.631764676713
-11250.0
-11250.0
-11250.0
11250.0
11250.0
11250.0
11250.0
11250.0
11250.0
11250.0
-11250.0
-11250.0
-11250.0
-11250.0
-11250.0
-11250.0
-11250.0
-11250.0
11250.0
11250.0
11250.0
11250.0
11250.0
11250.0
11250.0
11250.0
11250.0
-11250.0
-11250.0
-10907.229582681073
-11250.0
-1100.7851520897766
11250.0
11250.0
11250.0
11250.0
11250.0
-11250.0
-11250.0
11250.0
11250.0
11250.0
-11250.0
-10413.72330598272
-9977.405309887403
-10869.377582384812
-10739.263811844401
-11250.0
-11250.0
11250.0
11250.0
11250.0
11250.0
11250.0
11250.0
11250.0
-8296.552598971906
-7372.567702319103
743.9930911949305
11250.0
11250.0
11250.0
-11021.14107266779
-11250.0
-11250.0
-11250.0
-11250.0
11250.0
11250.0
11250.0
11250.0
11250.0
-10860.631581017497
11250.0
-11250.0
-11250.0
-11250.0
-11250.0
-11250.0
624.4615815898269
11250.0
11250.0
11250.0
11250.0
11250.0
11250.0
11250.0
-11250.0
-11250.0
-11250.0
-9289.115754602793
-5306.534012118659
11250.0
11250.0
11250.0
11250.0
11250.0
-11250.0
-11250.0
11250.0
11250.0
11250.0
-11250.0
-10297.22925379705
-9642.851466373748
-10653.72828769244
-11250.0
11250.0
11250.0
11250.0
11250.0
11250.0
11250.0
-11250.0
-10964.928916861667
-10493.702572894235
-7175.335777119544
11250.0
11250.0
-11250.0
11250.0
11250.0
-11250.0
-11250.0
-11250.0
-11250.0
-9928.945290612268
-8930.258704132499
-4929.406262253864
-5562.153281238108
11250.0
11250.0
11250.0
11250.0
11250.0
11250.0
11250.0
11250.0
11250.0
-10742.715406420994
-10418.922550559088
-10631.8626592014
-9817.318575433015
-8202.178633579428
-9550.859418218264
-10304.675211245627
-11250.0
11250.0
11250.0
11250.0
11250.0
11250.0
11250.0
11250.0
11250.0
-11250.0
-11250.0
-11250.0
-11250.0
11250.0
11250.0
11250.0
11250.0
-10276.687678000439
-10455.964014174475
-10363.8836303754
-10566.202934441106
-10827.001195296292
-11250.0
-11250.0
11250.0
11250.0
11250.0
11250.0
11250.0
11250.0
11250.0
11250.0
-11250.0
-11250.0
11250.0
11250.0
11250.0
-11250.0
-11250.0
-11250.0
-9799.61832061069
-8535.571761512583
-7491.058297297932
-2153.8055624138087
11250.0
11250.0
11250.0
2131.41633712822
11250.0
11250.0
11250.0
11250.0
-11250.0
-10682.47503941146
-10536.24442804815
-8545.766273524678
-8266.146973951196
11250.0
11250.0
11250.0
11250.0
11250.0
-11250.0
-11250.0
-11250.0
-10920.926025710109
-8763.469693679443
-7218.182686798489
-2849.6725065576793
11250.0
6113.097904287213
11250.0
11250.0
11250.0
11250.0
11250.0
-10299.878189511477
-10731.657452870906
-10958.254983237119
-10905.38942345795
-10807.805681133344
-10567.754841783422
-11250.0
11250.0
11250.0
11250.0
11250.0
11250.0
11250.0
11250.0
-11250.0
-11250.0
-11250.0
-11250.0
-11250.0
11250.0
11250.0
11250.0
11250.0
11250.0
11250.0
-10690.810987573579
-11250.0
-11250.0
-11250.0
11250.0
11250.0
11250.0
11250.0
11250.0
-11250.0
-11250.0
-11250.0
-10497.193246054332
-9256.829282069692
-8063.137949634889
-2808.272559002906
11250.0
11250.0
11250.0
11250.0
11250.0
11250.0
11250.0
-10363.002382233153
-10405.41196892098
-10063.204209858945
11250.0
11250.0
11250.0
11250.0
-11250.0
-11250.0
-11250.0
-11250.0
11250.0
11250.0
11250.0
11250.0
-10741.39341239812
-10694.26369726162
-10939.002377121207
-11250.0
-11250.0
-11250.0
-11250.0
11250.0
11250.0
11250.0
11250.0
11250.0
11250.0
11250.0
11250.0
11250.0
11250.0
11250.0
-11250.0
-11250.0
-10950.398929001421
-10558.520961136204
-10409.620709641935
-8991.049407142313
-9411.546527659542
-6571.3023007792335
11250.0
11250.0
11250.0
11250.0
11250.0
11250.0
11250.0
11250.0
-11250.0
-11250.0
11250.0
11250.0
11250.0
-11250.0
11250.0
-11250.0
-11250.0
-11250.0
-11250.0
-9696.866485013627
-7277.267314830377
-4268.413207187075
11032.069781168562
9532.634009150974
6557.933871483416
11250.0
11250.0
8610.065266938218
8142.662205767774
7420.16730928593
-6022.727272727273
2428.9492165210886
3713.044151412431
4609.259474804099
-4545.454545454546
618.1318681318617
1698.2229181234925
3107.3570146967554
-3522.727272727273
10257.35294117653