Demand
-11250.0
-11250.0
-11250.0
-11250.0
-11250.0
-11250.0
11250.0
11250.0
11250.0
11250.0
11250.0
11250.0
11250.0
-11250.0
-11250.0
-11250.0
-11250.0
-11250.0
-11250.0
-11250.0
11250.0
11250.0
11250.0
11250.0
11250.0
11250.0
11250.0
11250.0
11250.0
-11250.0
-10361.970225902314
-9742.470901877427
-10092.039808436279
-11250.0
11250.0
11250.0
11250.0
11250.0
11250.0
-11250.0
-10066.76877414474
-9406.650216501519
11250.0
11250.0
11250.0
11250.0
-11250.0
-11250.0
-11250.0
11250.0
11250.0
11250.0
-11250.0
-11250.0
-11250.0
-11250.0
-11250.0
11250.0
11250.0
11250.0
11250.0
11250.0
11250.0
-11250.0
-11250.0
-11250.0
11250.0
11250.0
11250.0
11250.0
-11250.0
-11250.0
11250.0
11250.0
11250.0
11250.0
-10510.52277532193
-10407.787525688578
-10571.683737519961
-11250.0
-11250.0
11250.0
11250.0
11250.0
11250.0
11250.0
11250.0
-11250.0
-11250.0
-10214.403472175494
-8881.948192068208
-10381.222149096848
11250.0
11250.0
11250.0
11250.0
11250.0
11250.0
-11002.91057716126
-10707.83961205649
-10335.559463517147
-10538.624029330356
-10803.655285461558
-10596.82164874431
-11250.0
11250.0
11250.0
11250.0
11250.0
11250.0
11250.0
11250.0
11250.0
-10519.022513536624
-10015.504710253535
11250.0
11250.0
11250.0
-11250.0
-11250.0
-11250.0
11250.0
11250.0
11250.0
11250.0
11250.0
-10188.205735574822
-10309.566760397985
-10840.355007388487
-11250.0
11250.0
11250.0
11250.0
11250.0
11250.0
11250.0
-11250.0
-11250.0
-11250.0
-10411.21648136037
-11250.0
-11250.0
11250.0
11250.0
11250.0
11250.0
11250.0
11250.0
11250.0
-11012.396030237349
-10427.267477306745
-10911.719138371402
-10751.046546852253
-11250.0
11250.0
11250.0
11250.0
11250.0
11250.0
-11250.0
-11250.0
-11250.0
-11250.0
-11250.0
11250.0
11250.0
11250.0
11250.0
11250.0
11250.0
-11250.0
-10957.335809889395
-11250.0
-11250.0
-11250.0
11250.0
11250.0
11250.0
11250.0
11250.0
11250.0
11250.0
-11250.0
-11250.0
11250.0
11250.0
-10766.82176091625
-10988.20944553147
-11250.0
-11250.0
-11250.0
-11250.0
-11250.0
-11250.0
11250.0
11250.0
11250.0
11250.0
11250.0
11250.0
11250.0
11250.0
-11250.0
-11250.0
-11250.0
-11250.0
-11250.0
11250.0
11250.0
11250.0
11250.0
11250.0
11250.0
11250.0
-11250.0
-11250.0
-11250.0
-11250.0
-11250.0
-10773.145566090356
-10521.683399432113
-2921.256186874187
11250.0
11250.0
11250.0
11250.0
11250.0
11250.0
11250.0
11250.0
-11250.0
-10230.848696757788
-10616.76097188324
11250.0
11250.0
11250.0
11250.0
-11250.0
-11250.0
-11250.0
-11250.0
-11250.0
-11250.0
-11250.0
942.5133689839549
11250.0
11250.0
11250.0
11250.0
11250.0
11250.0
11250.0
11250.0
-11250.0
-11250.0
-11250.0
-11250.0
-11250.0
-11250.0
-11250.0
-11250.0
11250.0
11250.0
11250.0
11250.0
11250.0
11250.0
11250.0
11250.0
11250.0
-11011.051559452982
-11250.0
-10962.824617206912
-11250.0
-11250.0
-11250.0
-11250.0
-5456.347898366752
11250.0
11250.0
11250.0
11250.0
11250.0
11250.0
11250.0
11250.0
-11250.0
-11250.0
-11250.0
-11250.0
11250.0
11250.0
11250.0
11250.0
11250.0
11250.0
-10747.298205336396
-10938.248932061106
-11250.0
-11250.0
11250.0
11250.0
11250.0
11250.0
-10371.848284274212
-10473.66869036018
-9813.414454974409
11250.0
11250.0
11250.0
11250.0
11250.0
-11250.0
-11250.0
-11250.0
-11250.0
-11250.0
11250.0
11250.0
11250.0
11250.0
11250.0
11250.0
-11250.0
-11250.0
-11250.0
-11250.0
-11250.0
-11250.0
11250.0
11250.0
11250.0
11250.0
11250.0
11250.0
11250.0
-11250.0
-11250.0
-11250.0
-10537.895613548033
-9462.119418911967
-9358.199614034733
-6098.69907015283
11250.0
11250.0
11250.0
11250.0
11250.0
11250.0
11250.0
11250.0
-8731.672993847365
-7368.162696541779
-9445.263146258632
-10399.513538322732
-9625.729300207557
-9304.218890413402
-8701.527739704161
-9626.35544429782
-11250.0
11250.0
11250.0
11250.0
11250.0
11250.0
11250.0
11250.0
-10740.781178624587
-10967.366160135745
-11250.0
-11250.0
-11250.0
-11250.0
11250.0
11250.0
11250.0
11250.0
11250.0
11250.0
11250.0
11250.0
-11250.0
-11250.0
-11250.0
-11250.0
-11250.0
-11250.0
-11250.0
11250.0
11250.0
11250.0
11250.0
11250.0
11250.0
11250.0
11250.0
11250.0
-11250.0
-10951.898243801654
-11250.0
-7944.897500663184
-5481.086918538047
11250.0
11250.0
11250.0
11250.0
11250.0
11250.0
-11250.0
-11250.0
-11250.0
-11250.0
-9460.881190420834
-5981.067272584012
11250.0
11250.0
11250.0
11250.0
11250.0
11250.0
11250.0
-11250.0
-11250.0
-7312.931696085958
-6147.786116437269
-4009.762193097904
8156.940515073476
11250.0
7685.497859053154
11250.0
11250.0
11250.0
-11250.0
-11250.0
-11250.0
-11250.0
-11250.0
-10489.62450592886
-4050.680942458566
11250.0
11250.0
11250.0
11250.0
11250.0
11250.0
11250.0
11250.0
-11250.0
-10454.075299958626
-10340.15098184492
-10883.077727047366
-10745.963391605805
-11250.0
11250.0
11250.0
11250.0
11250.0
11250.0
11250.0
11250.0
-10077.053228461682
-9983.869126263417
-9855.71156144953
-9984.83325673977
-10872.254431064695
-11250.0
-11250.0
-11250.0
11250.0
11250.0
11250.0
11250.0
11250.0
11250.0
11250.0
-11250.0
11250.0
11250.0
11250.0
11250.0
-11250.0
-11250.0
-11250.0
-10850.202626349219
-10018.310564283165
560.1360367886555
11250.0
11250.0
11250.0
11250.0
11250.0
11250.0
-11250.0
-11250.0
-11250.0
-10102.075066384223
-9225.603691556295
-5521.007814411765
-4719.165659442138
11250.0
11250.0
11250.0
11250.0
11250.0
11250.0
11250.0
-11250.0
-11250.0
-10350.841318064973
-8187.200304831641
11250.0
11250.0
11250.0
11250.0
11250.0
-11250.0
-11250.0
-9006.14108754987
-2551.966996876916
11250.0
11250.0
11250.0
11250.0
-10953.331020124919
-11250.0
11250.0
11250.0
11250.0
11250.0
-11250.0
-11250.0
-9954.545454545456
-9655.941209371707
-9584.179402909154
-7894.742829700786
11250.0
11250.0
11250.0
11250.0
11250.0
11250.0
11250.0
-11250.0
11250.0
-11250.0
-10392.263411837768
-10929.024647209055
-11250.0
-11250.0
-11250.0
-11250.0
11250.0
11250.0
11250.0
11250.0
11250.0
11250.0
11250.0
11250.0
11250.0
-4244.537651190025
11250.0
11250.0
-10136.960295074852
-8754.313763980073
11250.0
11250.0
11250.0
-10779.980657640233
-10710.918732118243
-9590.521778686747
-10322.643478390772
-10139.556775516954
11250.0
11250.0
11250.0
11250.0
11250.0
-11250.0
-11250.0
-10815.19106892043
-6430.131825574139
11250.0
11250.0
11250.0
3185.536012255401
11250.0
11250.0
-11015.158636180528
-10996.214763974833
-9851.067847657661
-9993.822146242845
-10514.27445014684
-10782.496304318953
-10545.391530957102
-9367.040670064944
11250.0
11250.0
11250.0
11250.0
11250.0
11250.0
11250.0
11250.0
-11250.0
-11250.0
-11250.0
-11250.0
-11250.0
11250.0
11250.0
11250.0
11250.0
11250.0
-10316.561536062109
-8690.008017526103
-9653.521282969676
11250.0
11250.0
11250.0
11250.0
11250.0
-11250.0
-11250.0
-11250.0
-11250.0
-11250.0
-11250.0
-9939.98978549541
-6091.97537682893
11250.0
11250.0
11250.0
-11250.0
11250.0
11250.0
11250.0
11250.0
11250.0
-10478.095427453944
-10687.74267258911
-10934.612744616661
-11250.0
-11250.0
-9911.537555492741
-11250.0
11250.0
11250.0
11250.0
11250.0
11250.0
11250.0
11250.0
11250.0
11250.0
-10532.517482517487
11250.0
11250.0
-11250.0
-11250.0
-11250.0
-11250.0
-11250.0
11250.0
11250.0
11250.0
11250.0
11250.0
11250.0
11250.0
-11250.0
-11250.0
11250.0
11250.0
-10958.522727272728
-10503.747006727503
-10079.526550461389
-779.0522177675593
11250.0
11250.0
11250.0
11250.0
11250.0
-11250.0
-11250.0
-11250.0
-11250.0
-11250.0
-11250.0
-11250.0
-11250.0
11250.0
11250.0
11250.0
11250.0
11250.0
11250.0
11250.0
11250.0
-10231.293935422378
-8917.179351069488
-7768.153799657117
-2690.397736747731
647.8442751974926
3903.454499945092
11250.0
11250.0
7015.29162136079
10740.76395222733
-7045.454545454546
4871.05478890558
6913.941937673092
5363.8521804714655
-3750.0000000000005
11250.0
682.5450668734238
1700.6269581660017
3371.053164349952
5300.484146511342
4018.5464173153337