Demand
11250.0
11250.0
11250.0
11250.0
11250.0
11250.0
11250.0
11250.0
11250.0
11250.0
11250.0
11250.0
11250.0
11250.0
11250.0
11250.0
11250.0
11250.0
11250.0
11250.0
11250.0
11250.0
11250.0
11250.0
11250.0
11250.0
11250.0
11250.0
11250.0
11250.0
11250.0
11250.0
-10745.414190392956
-11250.0
-11250.0
-11250.0
-11250.0
-11250.0
-11250.0
11250.0
11250.0
11250.0
11250.0
11250.0
11250.0
11250.0
11250.0
-11250.0
-11250.0
-11250.0
11250.0
11250.0
11250.0
11250.0
11250.0
-11250.0
-11250.0
-11250.0
-11250.0
-11250.0
-11250.0
11250.0
11250.0
11250.0
11250.0
11250.0
11250.0
11250.0
-11250.0
-11250.0
11250.0
11250.0
11250.0
11250.0
-11250.0
-11250.0
-10122.105143154946
-9709.517444224672
-9353.503623563767
11250.0
11250.0
11250.0
11250.0
11250.0
11250.0
11250.0
-11250.0
-11250.0
-11250.0
11250.0
11250.0
11250.0
-11250.0
11250.0
11250.0
11250.0
-11250.0
-11250.0
-10912.642045454544
-10391.79663675177
-9331.489160171583
-8111.02419002492
11250.0
11250.0
11250.0
11250.0
11250.0
11250.0
11250.0
-11250.0
-11250.0
-9780.3666921314
-8764.134094318524
11250.0
11250.0
11250.0
11250.0
11250.0
-11250.0
-11250.0
-11250.0
-11250.0
-11250.0
-6420.790747713846
11250.0
11250.0
11250.0
11250.0
11250.0
11250.0
11250.0
-11250.0
-11250.0
11250.0
11250.0
-11250.0
-11250.0
-11250.0
-11250.0
-9816.924734615695
-11250.0
11250.0
11250.0
11250.0
11250.0
11250.0
11250.0
-11250.0
-11250.0
-10936.818480136088
-10136.599326633248
-10779.951252927945
-10539.000149678104
-11250.0
11250.0
11250.0
11250.0
11250.0
11250.0
11250.0
11250.0
11250.0
-11250.0
-11250.0
-11250.0
11250.0
11250.0
11250.0
-11250.0
-11250.0
-11250.0
-10739.446530421967
-11250.0
-11250.0
11250.0
11250.0
11250.0
11250.0
11250.0
11250.0
11250.0
-11250.0
-11250.0
-11250.0
-11250.0
-11250.0
-6856.707221697041
11250.0
11250.0
11250.0
11250.0
11250.0
11250.0
11250.0
-10528.819119025306
-10452.902218734522
-10338.476824162957
-9778.717662720323
-9772.52102923638
-11250.0
11250.0
11250.0
11250.0
11250.0
11250.0
11250.0
11250.0
-11250.0
-11250.0
-11250.0
-11250.0
-11250.0
-11250.0
-11250.0
-11250.0
11250.0
11250.0
11250.0
11250.0
11250.0
11250.0
11250.0
11250.0
11250.0
-10523.684636336668
-10986.362813213007
-11250.0
-11250.0
-11250.0
-11250.0
-11250.0
11250.0
11250.0
11250.0
11250.0
11250.0
11250.0
11250.0
11250.0
-11250.0
-11250.0
-11250.0
-11250.0
11250.0
11250.0
11250.0
11250.0
11250.0
-11250.0
-11250.0
11250.0
11250.0
11250.0
-11250.0
-11250.0
-11250.0
-11250.0
-11250.0
-11250.0
-11250.0
11250.0
11250.0
11250.0
11250.0
11250.0
11250.0
11250.0
11250.0
-10455.423154764365
-10634.966810414651
-10863.66206018328
-11250.0
-9408.583199676435
11250.0
11250.0
11250.0
11250.0
11250.0
11250.0
-11003.167044065689
-8813.26449140046
-10055.021706733187
-10904.473377077087
-11250.0
-11250.0
-11250.0
11250.0
11250.0
11250.0
11250.0
11250.0
11250.0
11250.0
11250.0
-10335.561497326205
-10195.457522910867
-10589.36138126213
-10730.391291823165
-11250.0
11250.0
11250.0
11250.0
11250.0
-9814.007538780897
-9480.049289486484
10544.822145391703
11250.0
10666.18330954955
11250.0
11250.0
-11250.0
-11250.0
-11250.0
-11250.0
-11250.0
-11250.0
-11250.0
11250.0
11250.0
11250.0
11250.0
11250.0
11250.0
11250.0
11250.0
-11250.0
-11250.0
-11250.0
-11250.0
-10890.89042374464
-11250.0
-11250.0
-11250.0
11250.0
11250.0
11250.0
11250.0
11250.0
11250.0
11250.0
11250.0
11250.0
-10275.799625620577
-10720.080560168557
-10656.987450671386
-10560.415141560767
-9966.465358065281
-10055.967112859369
-10063.401654212626
11250.0
11250.0
11250.0
11250.0
11250.0
11250.0
11250.0
11250.0
-10102.90329505206
-10759.039790885789
-11250.0
-11250.0
-11250.0
-11250.0
-11250.0
-11250.0
11250.0
11250.0
11250.0
11250.0
11250.0
11250.0
11250.0
11250.0
-11250.0
-11250.0
-10307.7243338558
-11250.0
-10154.586112605957
-11250.0
11250.0
11250.0
11250.0
11250.0
11250.0
11250.0
11250.0
-11250.0
-11250.0
-11250.0
-11250.0
-10293.552837646363
-10529.123319374488
-3182.9247692087724
11250.0
11250.0
11250.0
11250.0
11250.0
11250.0
11250.0
11250.0
-10039.294817332204
-10470.788844295752
-10681.535234163039
-10291.246185465072
-10877.93908967846
-11250.0
-11250.0
-11250.0
11250.0
11250.0
11250.0
11250.0
11250.0
11250.0
11250.0
11250.0
11250.0
-11250.0
-11250.0
11250.0
11250.0
-11250.0
-8475.527312060578
-8214.50746207172
-8149.1238611105255
-7965.5598502666135
-7517.420275572396
-6253.146841654441
-3143.2516475591106
11250.0
11250.0
11250.0
11250.0
11250.0
11250.0
-11250.0
-10995.712302964213
-10368.367082264878
-10167.44660905937
-10742.503769397768
-10094.307696676045
11250.0
11250.0
11250.0
11250.0
11250.0
11250.0
-10564.619084377413
-10514.769985469753
-10982.579271594066
-10949.377169737072
-11250.0
-11250.0
-11250.0
-11250.0
11250.0
11250.0
11250.0
11250.0
11250.0
11250.0
11250.0
11250.0
-11003.886010362694
-11250.0
-11250.0
-11250.0
-11250.0
-11250.0
11250.0
11250.0
11250.0
11250.0
11250.0
11250.0
-11250.0
-11250.0
-11250.0
-11250.0
-11250.0
-11250.0
-11250.0
-175.4774754621576
11250.0
11250.0
11250.0
11250.0
11250.0
11250.0
11250.0
11250.0
-11250.0
-11250.0
-11250.0
-10252.786237283744
-9661.013478107176
-7662.478183157974
-9021.393895441772
-3606.9837288732483
11250.0
11250.0
11250.0
11250.0
11250.0
11250.0
11250.0
11250.0
-10761.521614930494
-10426.477249457297
-10606.014847829832
-9600.755601932626
-6893.616748466353
-6914.418722889663
11250.0
11250.0
11250.0
11250.0
11250.0
11250.0
-9615.051903114188
-9195.33262939757
-10377.32479587377
-10894.138543881996
-11250.0
-11250.0
11250.0
11250.0
11250.0
11250.0
11250.0
11250.0
-10296.291132180704
-10431.456568566558
-10242.347405740002
-10284.952423861541
-10003.757714142754
11250.0
11250.0
11250.0
11250.0
11250.0
-11250.0
-11250.0
-11250.0
11250.0
11250.0
11250.0
11250.0
-11250.0
-11250.0
-11250.0
-11250.0
11250.0
11250.0
11250.0
11250.0
11250.0
-9031.861420386987
-7826.802625130592
-6229.545473579706
-7401.923373587683
-7760.233626150915
-6819.191764670617
11250.0
11250.0
11250.0
11250.0
11250.0
11250.0
11250.0
-10443.142497640772
11250.0
11250.0
11250.0
-11250.0
-11250.0
-11250.0
-11250.0
-11250.0
-10604.066985645935
-3462.414258405497
11250.0
11250.0
11250.0
5700.238899029218
11250.0
11250.0
11250.0
11250.0
11250.0
-9574.44202504083
11250.0
11250.0
11250.0
-10970.405493786795
11250.0
-11250.0
-11250.0
-11250.0
-11250.0
-11250.0
11250.0
11250.0
11250.0
11250.0
11250.0
11250.0
11250.0
-11250.0
-11250.0
-11250.0
-11250.0
-7902.892561983492
11250.0
11250.0
11250.0
11250.0
11250.0
11250.0
-11250.0
-11250.0
-11250.0
11250.0
11250.0
11250.0
11250.0
-11250.0
-10645.432154052847
-9781.687090907471
-9285.870911249745
-8707.75050301549
1945.429003268504
11250.0
11250.0
11250.0
11250.0
11250.0
11250.0
-10562.823718521166
-10760.761888193021
-10984.401700546387
-11250.0
-11250.0
-10417.141752711104
-11250.0
-11250.0
-11250.0
11250.0
11250.0
11250.0
11250.0
11250.0
11250.0
11250.0
11250.0
11250.0
11250.0
-11250.0
-11250.0
-11250.0
-11250.0
11250.0
11250.0
11250.0
11250.0
11250.0
-11250.0
-11250.0
-11250.0
-11250.0
11250.0
11250.0
11250.0
11250.0
11250.0
11250.0
-10305.797029632882
-10735.44443171005
-10960.856860850236
-11250.0
-11250.0
-11250.0
-11250.0
11250.0
11250.0
11250.0
11250.0
11250.0
11250.0
11250.0
11250.0
11250.0
-11250.0
-11250.0
-11250.0
-11250.0
11250.0
11250.0
11250.0
11250.0
-8751.878287002255
-6127.553667306005
-5456.060599982637
-5574.804861986143
-3125.1744335792223
-1331.9930915807072
1359.0256371233454
4365.350218131069
8564.49471996236
11250.0
10023.26738466883
7356.959773461447
4943.957858557179
-4545.454545454546
11250.0
1471.973759511644
3069.323987565412
4743.066993565939
-3863.636363636364