Demand
-11250.0
-11250.0
-11250.0
11250.0
11250.0
11250.0
11250.0
11250.0
11250.0
11250.0
-11250.0
-11250.0
-11250.0
-11250.0
-11250.0
-11250.0
-11250.0
-11250.0
11250.0
11250.0
11250.0
11250.0
11250.0
11250.0
11250.0
11250.0
11250.0
-11250.0
-11250.0
-11250.0
-9800.932662942476
-7415.4153490522
11250.0
11250.0
11250.0
11250.0
11250.0
11250.0
-11250.0
-11250.0
-10071.321896300833
-10085.544583234536
-9618.775725671807
11250.0
11250.0
11250.0
11250.0
11250.0
11250.0
-11250.0
-11250.0
-11250.0
-11250.0
-11250.0
-11250.0
-11250.0
-11250.0
11250.0
11250.0
11250.0
11250.0
11250.0
11250.0
11250.0
11250.0
-11250.0
-11250.0
-11250.0
-11250.0
-11250.0
-11250.0
-11250.0
-11250.0
11250.0
11250.0
11250.0
11250.0
11250.0
11250.0
11250.0
11250.0
11250.0
-11250.0
-11250.0
-11250.0
-11250.0
-11250.0
-11250.0
-11250.0
11250.0
11250.0
11250.0
11250.0
11250.0
11250.0
11250.0
11250.0
-11250.0
-10966.546634125858
-10573.054634752738
-9920.713196125878
-9817.729994585374
-7340.874133654434
11250.0
11250.0
11250.0
11250.0
11250.0
11250.0
-11250.0
-11250.0
-10329.811390724539
-10520.661496778714
-10297.989852243005
-10486.619604203752
-11250.0
11250.0
11250.0
11250.0
11250.0
11250.0
11250.0
11250.0
-10657.726074806582
-10491.034942442348
-9439.683308449745
-445.30200813317424
11250.0
11250.0
11250.0
11250.0
11250.0
-11250.0
-11250.0
-11250.0
-11250.0
11250.0
11250.0
11250.0
11250.0
-11250.0
-11250.0
-11250.0
11250.0
11250.0
11250.0
11250.0
-11250.0
-11250.0
-10783.636363636368
-8434.044553696986
11250.0
11250.0
11250.0
11250.0
11250.0
11250.0
-11250.0
-11250.0
-11250.0
11250.0
11250.0
11250.0
11250.0
11250.0
-11250.0
-11250.0
-11250.0
-11250.0
11250.0
11250.0
11250.0
11250.0
11250.0
-11250.0
-11250.0
-11250.0
-11250.0
-11250.0
-11250.0
-11250.0
11250.0
11250.0
11250.0
11250.0
11250.0
11250.0
11250.0
11250.0
-11250.0
-11250.0
-11250.0
-11250.0
-11250.0
-8044.343640066661
11250.0
11250.0
11250.0
5865.864807026464
11250.0
11250.0
11250.0
11250.0
11250.0
-11250.0
-11250.0
-11250.0
-11250.0
-11250.0
11250.0
11250.0
11250.0
11250.0
11250.0
11250.0
-11250.0
-11250.0
-11250.0
-11250.0
-8538.58350951377
11250.0
11250.0
11250.0
11250.0
11250.0
11250.0
-11250.0
-11250.0
-11250.0
11250.0
11250.0
11250.0
-10994.04359828286
-11250.0
-10919.570513107283
-11250.0
-11250.0
-11250.0
11250.0
11250.0
11250.0
11250.0
11250.0
11250.0
11250.0
11250.0
-10489.474204388218
-10963.372463490756
-11250.0
-11250.0
-11250.0
11250.0
11250.0
11250.0
11250.0
11250.0
11250.0
11250.0
-11250.0
-11250.0
-11250.0
-11250.0
-11250.0
-11250.0
-7010.33057851241
11250.0
11250.0
11250.0
11250.0
11250.0
11250.0
11250.0
-10993.981315127563
-11250.0
-11250.0
11250.0
11250.0
11250.0
-11001.003482758559
-10968.109041936452
-8225.914923627817
-9580.526008423753
-10614.829550221686
-11250.0
11250.0
11250.0
11250.0
11250.0
11250.0
11250.0
-11250.0
-10384.818361977152
-9952.69520673915
-9740.114593715662
-9384.092984107516
-8671.152041491841
-8918.218011423585
11250.0
11250.0
11250.0
11250.0
11250.0
11250.0
11250.0
11250.0
11250.0
-10788.25382538254
-10990.592397497068
-11250.0
-11250.0
-11250.0
11250.0
11250.0
11250.0
11250.0
11250.0
11250.0
-10753.657262277953
-10709.837264947335
-11250.0
-11250.0
-11250.0
-11250.0
-11250.0
11250.0
11250.0
11250.0
11250.0
11250.0
11250.0
11250.0
11250.0
11250.0
-11250.0
-9760.020331106607
11250.0
11250.0
-11250.0
-11250.0
-10648.386885988868
-9791.284904382075
-9791.013340204889
-7843.839438112827
4695.009452107139
11250.0
11250.0
11250.0
11250.0
11250.0
11250.0
-9220.531244953989
-7160.273201558141
-2298.98598640011
-3554.258656348044
11250.0
11250.0
11250.0
11250.0
-10134.297520661163
11250.0
11250.0
-11250.0
-11250.0
-11250.0
-11250.0
-8782.265206054552
-7158.4396753057235
11250.0
11250.0
11250.0
11250.0
11250.0
11250.0
11250.0
-11250.0
-10415.98579337024
-11250.0
-10503.933439133809
-11250.0
-11250.0
-11250.0
11250.0
11250.0
11250.0
11250.0
11250.0
11250.0
11250.0
11250.0
-11250.0
-10706.918921884011
-10936.736519357335
-9701.24859361085
-10186.89578376868
-9149.807844443094
11250.0
11250.0
11250.0
11250.0
11250.0
11250.0
11250.0
-10536.663370619863
-10725.516770138052
-10350.481646132484
-10888.597661399119
-11250.0
-11250.0
11250.0
11250.0
11250.0
11250.0
11250.0
11250.0
11250.0
-10999.26686217009
-11250.0
-11250.0
-11250.0
-11250.0
11250.0
11250.0
11250.0
11250.0
11250.0
-4175.7872691751
11250.0
11250.0
11250.0
-10264.030367095911
11250.0
-10997.638724911456
-11250.0
-11250.0
-11250.0
11250.0
11250.0
11250.0
11250.0
11250.0
-11005.163987629341
-10908.632888793749
-11250.0
11250.0
11250.0
11250.0
-11250.0
-11250.0
-10279.471923043693
-10099.083150518822
-10757.94493897531
-10481.77888741613
-11250.0
11250.0
11250.0
11250.0
11250.0
11250.0
11250.0
11250.0
11250.0
-10003.62913666308
-9853.959781419198
-9943.834612110004
-10834.899682080977
-11250.0
-11250.0
11250.0
11250.0
11250.0
11250.0
11250.0
11250.0
-10160.560697799534
-10941.751148117088
-11250.0
-11250.0
-11250.0
-11250.0
11250.0
11250.0
11250.0
11250.0
11250.0
11250.0
11250.0
-10182.32900471922
-10648.500314719673
-11250.0
-11250.0
-11250.0
-11250.0
11250.0
11250.0
11250.0
11250.0
11250.0
11250.0
11250.0
-10271.225244921472
-10140.608811687838
-10917.831000981612
-11250.0
-11250.0
11250.0
11250.0
11250.0
11250.0
11250.0
11250.0
-10754.921829762596
-10146.436138608311
-9027.949873353245
-10104.549321058308
-10724.35878199765
-11250.0
11250.0
11250.0
11250.0
11250.0
11250.0
11250.0
11250.0
-10917.832167832174
-11250.0
11250.0
11250.0
11250.0
-11250.0
-11250.0
-11250.0
-9957.282560235715
-9724.16555648098
-9796.05030032908
-9072.950561306625
-7657.380738195537
11250.0
11250.0
11250.0
11250.0
11250.0
11250.0
11250.0
11250.0
-11250.0
-10454.308487720813
-10950.719919665586
-11250.0
-11250.0
-11250.0
-11250.0
11250.0
11250.0
11250.0
11250.0
11250.0
11250.0
11250.0
-9263.175123179903
-8271.787925524033
-7052.294146505152
-8202.09457453726
-8786.557594074424
-8977.92218171799
-5579.834680143832
11250.0
11250.0
11250.0
11250.0
11250.0
11250.0
11250.0
-10987.354085603114
-11250.0
-11250.0
-11250.0
-11250.0
11250.0
11250.0
11250.0
11250.0
11250.0
11250.0
11250.0
-9432.324357157322
-8940.617522720397
11250.0
11250.0
-11018.450251553062
-10979.106072091312
-9500.35364352146
-9035.314656316114
-3956.162253543663
11250.0
11250.0
11250.0
11250.0
-11250.0
-11250.0
-11250.0
-11250.0
-11250.0
-11250.0
11250.0
11250.0
11250.0
11250.0
11250.0
11250.0
11250.0
-11250.0
-11250.0
11250.0
11250.0
-10489.954960293944
-9506.298714228964
-10549.799201035159
-11250.0
-11250.0
11250.0
11250.0
11250.0
11250.0
11250.0
11250.0
-11250.0
-11250.0
-11250.0
-10432.22809254874
-8472.07039696207
10348.110685281212
9682.618261753654
11250.0
11250.0
11250.0
11250.0
-11250.0
-11250.0
-11250.0
11250.0
11250.0
11250.0
11250.0
-11250.0
-10724.289488067046
-11250.0
-11250.0
-11250.0
11250.0
11250.0
11250.0
11250.0
11250.0
11250.0
-10792.396207661139
-10755.395733264031
-10977.02905880395
-11250.0
-11250.0
-11250.0
-11250.0
-11250.0
11250.0
11250.0
11250.0
11250.0
11250.0
11250.0
11250.0
-11250.0
-11250.0
-11250.0
-11250.0
-11250.0
11250.0
11250.0
11250.0
11250.0
11250.0
11250.0
11250.0
-11250.0
-11250.0
-11250.0
-11250.0
-11250.0
-11250.0
11250.0
11250.0
11250.0
11250.0
11250.0
11250.0
11250.0
11250.0
-11250.0
-11250.0
11250.0
11250.0
11250.0
-9289.390542193232
-8617.04886110223
-5809.7170984963595
-5053.222215167949
-5130.093301125884
-2385.7760660353015
-335.0318870590072
2677.871296850356
5796.0728147134205
9699.10110557402
11250.0
10370.453796623826
7409.541429137957
4957.269770677962
-4545.454545454546
11250.0
870.6063029333727
2420.540673331696
-3522.727272727273
4214.501510574022