562500.000000 
967500.000000 
1395000.000000 
1620000.000000 
1845000.000000 
2025000.000000 
2227500.000000 
2250000.000000 
2250000.000000 
1867500.000000 
1687500.000000 
1485000.000000 
1125000.000000 
900000.000000 
697500.000000 
450000.000000 
225000.000000 
495000.000000 
585000.000000 
697500.000000 
742500.000000 
900000.000000 
1147500.000000 
1215000.000000 
810000.000000 
652500.000000 
517500.000000 
382500.000000 
225000.000000 
-45000.000000 
-36835.119037 
3114.401458 
130015.157639 
247500.000000 
720000.000000 
607500.000000 
855000.000000 
697500.000000 
630000.000000 
270000.000000 
127120.017912 
-15743.650009 
-133440.449672 
-157500.000000 
90000.000000 
135000.000000 
270000.000000 
225000.000000 
337500.000000 
202500.000000 
90000.000000 
157500.000000 
67500.000000 
22500.000000 
0.000000 
0.000000 
180000.000000 
472500.000000 
495000.000000 
697500.000000 
585000.000000 
472500.000000 
360000.000000 
247500.000000 
0.000000 
22500.000000 
45000.000000 
135000.000000 
90000.000000 
270000.000000 
270000.000000 
360000.000000 
225000.000000 
180000.000000 
22500.000000 
-22500.000000 
-54698.023493 
-69283.890036 
25956.483818 
-45000.000000 
405000.000000 
405000.000000 
540000.000000 
787500.000000 
855000.000000 
742500.000000 
517500.000000 
112500.000000 
90000.000000 
40831.591271 
17058.153289 
-97618.026610 
112500.000000 
382500.000000 
405000.000000 
337500.000000 
315000.000000 
0.000000 
5655.861500 
16318.524413 
-2689.287095 
38975.444863 
28515.621579 
192150.202883 
202500.000000 
382500.000000 
517500.000000 
697500.000000 
832500.000000 
540000.000000 
382500.000000 
283674.324980 
119229.471263 
-6357.618381 
-57281.289323 
-67500.000000 
-90000.000000 
157500.000000 
337500.000000 
427500.000000 
427500.000000 
270000.000000 
157500.000000 
5651.071161 
39552.289251 
-39646.278493 
15440.983381 
164641.525927 
204246.017071 
270000.000000 
607500.000000 
517500.000000 
697500.000000 
877500.000000 
607500.000000 
315000.000000 
135000.000000 
22500.000000 
45000.000000 
-116208.803456 
-135000.000000 
-135000.000000 
-112500.000000 
202500.000000 
382500.000000 
517500.000000 
427500.000000 
360000.000000 
157500.000000 
-36472.256817 
-22933.045521 
-25043.999752 
104451.976822 
90000.000000 
517500.000000 
787500.000000 
855000.000000 
630000.000000 
562500.000000 
225000.000000 
67500.000000 
135000.000000 
-22500.000000 
-67500.000000 
180000.000000 
67500.000000 
337500.000000 
315000.000000 
315000.000000 
157500.000000 
-45000.000000 
-32671.144959 
-45000.000000 
-45000.000000 
180000.000000 
112500.000000 
247500.000000 
382500.000000 
630000.000000 
652500.000000 
517500.000000 
427500.000000 
450000.000000 
247500.000000 
202500.000000 
-45000.000000 
-72440.198702 
-122767.465204 
45000.000000 
360000.000000 
405000.000000 
517500.000000 
427500.000000 
202500.000000 
-27686.577272 
-67258.808002 
-78475.918352 
-52508.545842 
-7975.805746 
0.000000 
405000.000000 
562500.000000 
787500.000000 
742500.000000 
450000.000000 
427500.000000 
405000.000000 
247500.000000 
247500.000000 
-90000.000000 
-112500.000000 
-22500.000000 
247500.000000 
427500.000000 
382500.000000 
135000.000000 
202500.000000 
202500.000000 
135000.000000 
26284.064894 
58257.924220 
124817.091000 
168029.542422 
189123.943022 
303452.543141 
325249.115315 
382500.000000 
607500.000000 
742500.000000 
787500.000000 
315000.000000 
325242.232573 
107935.623535 
-67500.000000 
-97021.163192 
-112500.000000 
0.000000 
180000.000000 
337500.000000 
270000.000000 
450000.000000 
292500.000000 
247500.000000 
22500.000000 
-17887.922115 
-6456.739148 
-4736.662500 
4510.771132 
180000.000000 
630000.000000 
675000.000000 
787500.000000 
652500.000000 
472500.000000 
562500.000000 
382500.000000 
202500.000000 
0.000000 
-45000.000000 
90000.000000 
90000.000000 
135000.000000 
180000.000000 
247500.000000 
131777.016262 
150838.036061 
134976.920748 
93482.906850 
83869.823096 
118955.071902 
-9824.237093 
112500.000000 
316557.803088 
360000.000000 
450000.000000 
675000.000000 
585000.000000 
520676.978549 
253342.450422 
299441.033252 
477889.928480 
69264.057718 
87665.775109 
90000.000000 
67500.000000 
45000.000000 
337500.000000 
180000.000000 
247500.000000 
427500.000000 
225000.000000 
-10550.038852 
4572.255702 
32097.277200 
70577.897290 
163213.882842 
197942.050580 
208947.041626 
427500.000000 
742500.000000 
652500.000000 
652500.000000 
432079.423167 
368088.961403 
312865.961147 
112279.769365 
-86601.381101 
-69712.942103 
-157500.000000 
-112500.000000 
0.000000 
427500.000000 
427500.000000 
360000.000000 
360000.000000 
67500.000000 
0.000000 
-29297.024221 
-12054.536238 
0.000000 
67500.000000 
270000.000000 
472500.000000 
540000.000000 
450000.000000 
360000.000000 
540000.000000 
562500.000000 
337500.000000 
75167.868831 
22500.000000 
112500.000000 
180000.000000 
67500.000000 
205806.873587 
225000.000000 
382500.000000 
135000.000000 
247500.000000 
114988.836726 
119192.678558 
156455.154172 
152083.284972 
168381.020082 
287587.017025 
399333.348851 
659388.629050 
689085.938567 
660890.707331 
615091.202357 
612358.214809 
585274.459615 
562204.984769 
51773.467321 
-73387.892656 
74726.608287 
20102.632482 
75329.692330 
-75463.036475 
22500.000000 
225000.000000 
157500.000000 
202500.000000 
157500.000000 
45000.000000 
-10328.236854 
-10826.274851 
81626.018760 
-1034.126927 
202500.000000 
427500.000000 
787500.000000 
675000.000000 
652500.000000 
360000.000000 
356001.231162 
112500.000000 
110216.223613 
0.000000 
112500.000000 
-67500.000000 
-45000.000000 
45000.000000 
112500.000000 
247500.000000 
495000.000000 
427500.000000 
427500.000000 
225000.000000 
0.000000 
5028.361653 
495.359506 
258058.441333 
238512.580564 
452269.798395 
450000.000000 
787500.000000 
720000.000000 
614793.057581 
315000.000000 
535125.737960 
241846.851609 
56787.581181 
39348.608526 
-51461.234166 
-80670.805882 
157500.000000 
135000.000000 
247500.000000 
180000.000000 
-22500.000000 
22500.000000 
45695.742357 
38983.580401 
-18962.067022 
113331.070426 
202500.000000 
427500.000000 
697500.000000 
877500.000000 
900000.000000 
675000.000000 
405000.000000 
619776.936067 
352332.950228 
219827.244341 
223297.202133 
79633.436851 
72803.837950 
-66930.869733 
-62502.792099 
-628.472199 
0.000000 
337500.000000 
247500.000000 
180000.000000 
-22500.000000 
31248.881599 
72565.666388 
231917.558109 
226405.237430 
313198.401734 
337500.000000 
607500.000000 
742500.000000 
607500.000000 
337500.000000 
45000.000000 
36860.853325 
-9525.120730 
-141989.153983 
-59827.679480 
157500.000000 
292500.000000 
337500.000000 
540000.000000 
382500.000000 
360000.000000 
0.000000 
-47621.390274 
-55714.981974 
-47201.785460 
32973.237591 
167190.878574 
277417.041906 
315000.000000 
652500.000000 
652500.000000 
787500.000000 
900000.000000 
675000.000000 
135000.000000 
121776.378235 
-32411.759229 
-96563.850953 
-90000.000000 
-90000.000000 
0.000000 
225000.000000 
382500.000000 
315000.000000 
270000.000000 
157500.000000 
12575.241251 
-5123.727731 
50897.293699 
15718.554655 
-26996.412915 
22500.000000 
630000.000000 
810000.000000 
967500.000000 
787500.000000 
742500.000000 
450000.000000 
290026.419955 
46306.522431 
45856.456608 
-80748.852334 
72541.352109 
60411.058641 
-100999.557636 
45000.000000 
202500.000000 
292500.000000 
315000.000000 
337500.000000 
67500.000000 
-2095.727946 
39552.691676 
122492.775637 
427198.103373 
664169.784575 
492422.306046 
283578.721864 
495000.000000 
495000.000000 
679431.076944 
538107.466949 
327989.489086 
313606.560102 
227199.993949 
-4199.990558 
37700.041173 
-67500.000000 
180000.000000 
0.000000 
202500.000000 
270000.000000 
135000.000000 
-67500.000000 
-10915.956339 
-45894.479975 
49503.003228 
111904.033356 
123254.919428 
269985.330621 
360000.000000 
675000.000000 
675000.000000 
720000.000000 
720000.000000 
427500.000000 
337500.000000 
-45000.000000 
-51936.528548 
-70880.235534 
-22500.000000 
0.000000 
0.000000 
135000.000000 
382500.000000 
607500.000000 
382500.000000 
292500.000000 
300317.357329 
271716.832248 
317905.551200 
317626.453390 
394526.170128 
692133.410224 
346445.508273 
270940.505005 
330406.773535 
514218.173005 
334606.187473 
360000.000000 
360000.000000 
234621.794479 
79506.333466 
66675.777617 
-89201.363299 
-90160.184917 
22500.000000 
45000.000000 
247500.000000 
450000.000000 
427500.000000 
270000.000000 
157500.000000 
46374.037654 
131991.541840 
315272.700619 
354057.549620 
433314.800928 
328144.852578 
551628.666206 
722743.759760 
446900.080645 
684579.481212 
653280.961732 
331553.994580 
43796.773804 
46521.715167 
3344.966394 
-124477.190426 
-125631.099684 
-22500.000000 
180000.000000 
225000.000000 
135000.000000 
135000.000000 
202500.000000 
202500.000000 
112500.000000 
0.000000 
112500.000000 
157500.000000 
337500.000000 
585000.000000 
562500.000000 
652500.000000 
405000.000000 
265585.340207 
208185.276172 
227220.990353 
-16206.461613 
22500.000000 
292500.000000 
202500.000000 
202500.000000 
292500.000000 
202500.000000 
0.000000 
202500.000000 
225000.000000 
157500.000000 
67500.000000 
-38465.878306 
33646.429948 
47728.213987 
158320.608098 
189651.986567 
292500.000000 
652500.000000 
1057500.000000 
832500.000000 
652500.000000 
450000.000000 
350552.261704 
167394.740446 
82402.310751 
-22500.000000 
-22500.000000 
-81590.115274 
-112500.000000 
270000.000000 
495000.000000 
450000.000000 
292500.000000 
45000.000000 
-35913.309465 
-59949.894638 
6058.907773 
7200.074357 
-38442.860167 
98792.249541 
337500.000000 
562500.000000 
697500.000000 
607500.000000 
765000.000000 
292500.000000 
247500.000000 
202500.000000 
100939.318860 
-22500.000000 
360000.000000 
382500.000000 
225000.000000 
180000.000000 
292500.000000 
315000.000000 
-22500.000000 
-14733.582223 
-60345.350897 
-53767.834944 
-411.332494 
40545.792810 
98384.169194 
247500.000000 
495000.000000 
382500.000000 
630000.000000 
765000.000000 
540000.000000 
270000.000000 
157500.000000 
-45000.000000 
0.000000 
-45000.000000 
112500.000000 
157500.000000 
135000.000000 
450000.000000 
315000.000000 
450000.000000 
337500.000000 
247500.000000 
119423.620623 
121077.820830 
175543.504484 
643897.898229 
650171.676128 
507351.202739 
939829.492910 
958186.465752 
940596.684612 
1007554.460985 
963126.092871 
901324.359033 
847243.760775 
743396.247512 
706452.103719 
464286.723259 
188289.751436 
428509.661329 
445459.288262 
472686.843025 
511048.829246 
