Demand
-15000.0
-15000.0
-15000.0
15000.0
15000.0
15000.0
15000.0
15000.0
15000.0
15000.0
15000.0
15000.0
15000.0
15000.0
-15000.0
-15000.0
-15000.0
-15000.0
15000.0
15000.0
15000.0
15000.0
15000.0
15000.0
-15000.0
-15000.0
-15000.0
-12234.998203377654
-9090.762180427217
-5653.249578605536
4488.732749231748
10326.282577713027
15000.0
-6519.332539745062
15000.0
15000.0
15000.0
-15000.0
-15000.0
-10216.820268774729
-10854.702337741033
-8069.682225297234
-7024.472175649964
-1264.661085596159
15000.0
15000.0
15000.0
-3676.2302229921916
15000.0
15000.0
-15000.0
-14596.249761575218
-14445.792815875488
-11550.2980192832
15000.0
15000.0
15000.0
15000.0
15000.0
-15000.0
-15000.0
-15000.0
-15000.0
-15000.0
-14435.64356435644
-10390.071584546455
-10154.497982138219
-2338.9753832893693
15000.0
15000.0
15000.0
15000.0
15000.0
15000.0
15000.0
15000.0
-14024.343856979842
-14278.993237780003
-14169.14232665057
-14490.20918824571
-14283.568452967065
-13518.22657317002
15000.0
15000.0
15000.0
15000.0
15000.0
15000.0
15000.0
-14687.716863289384
-15000.0
-13137.644442824341
-13746.158099811448
-13525.969671619627
-14379.3401862647
-15000.0
-9751.398162020534
15000.0
15000.0
15000.0
15000.0
15000.0
15000.0
15000.0
15000.0
-6629.955947136565
-4026.082675804312
1437.2723573688827
15000.0
2298.520032643836
15000.0
-9533.947065592634
-7311.004746392187
-945.0349145840755
15000.0
15000.0
15000.0
-10819.917552614454
-11201.377928842237
-11963.961486831853
-13264.873033352567
-13930.785972003829
-15000.0
-15000.0
15000.0
15000.0
15000.0
15000.0
15000.0
15000.0
15000.0
-15000.0
-15000.0
15000.0
15000.0
-15000.0
-15000.0
-15000.0
-13039.312039312048
-8825.26886967388
15000.0
15000.0
15000.0
15000.0
15000.0
15000.0
-15000.0
-15000.0
-13367.677957628464
-13126.1396669231
-11036.611209809296
-6240.725357184459
-6026.7253477205
-2275.4033943555587
15000.0
15000.0
15000.0
-1674.1429453882556
15000.0
15000.0
15000.0
15000.0
-15000.0
-15000.0
-15000.0
-15000.0
-14446.386946386949
-15000.0
-15000.0
15000.0
15000.0
15000.0
15000.0
15000.0
15000.0
15000.0
15000.0
-15000.0
-15000.0
15000.0
15000.0
15000.0
15000.0
-14564.553093964863
15000.0
-14681.437790692518
-14631.710166355795
-15000.0
-14302.572610148804
-15000.0
15000.0
15000.0
15000.0
15000.0
15000.0
-15000.0
-15000.0
-15000.0
-15000.0
-15000.0
-15000.0
15000.0
15000.0
15000.0
15000.0
15000.0
15000.0
15000.0
-13894.872899612237
-14496.518286010436
-15000.0
15000.0
15000.0
15000.0
15000.0
-15000.0
-15000.0
-15000.0
-15000.0
-14422.10206150727
-13241.917001868249
4393.267654241587
15000.0
15000.0
-7781.332677392744
15000.0
15000.0
15000.0
15000.0
15000.0
15000.0
-15000.0
-15000.0
-14607.933050556003
-12717.20506133843
-11110.135870145292
-9123.052154885889
-6935.699639471841
4826.92161426242
15000.0
15000.0
15000.0
15000.0
15000.0
15000.0
15000.0
-9488.577116314344
-9435.055026544396
-9285.896269859175
-8112.663992219543
-5899.411628227251
-3151.7455307281816
-66.16143407879099
4145.631708323853
15000.0
10500.502214790644
15000.0
12803.92730701172
-12424.242424242426
-9134.685010861696
-7436.837023606807
-6281.896153936382
-4969.645747138325
-2646.1217040772644
-983.4242996618232
-1952.3070011374803
-3193.2091032236203
109.98479742232485
5948.857404830891
4795.109881473127
6623.666773406166
15000.0
4759.1028354811
15000.0
15000.0
-9965.034965034967
-10282.010997643363
-10937.809071336047
-12473.408232928894
-13956.193762590061
-13437.177805163923
-10558.802021437692
15000.0
15000.0
15000.0
15000.0
15000.0
15000.0
-15000.0
-15000.0
-15000.0
-14083.539894151545
-11664.87117505573
-9972.372780118792
-8593.657703202753
-5119.010822847168
15000.0
15000.0
15000.0
15000.0
15000.0
15000.0
15000.0
15000.0
-15000.0
-14581.549002814143
-15000.0
-8499.400416350902
15000.0
15000.0
15000.0
15000.0
-15000.0
-15000.0
-15000.0
-14434.62657280235
-10764.086970037133
-5728.391783792387
15000.0
15000.0
15000.0
15000.0
15000.0
15000.0
15000.0
-15000.0
-15000.0
-13572.50187828701
1682.5905545139613
15000.0
15000.0
15000.0
15000.0
-15000.0
-15000.0
-15000.0
-15000.0
-15000.0
-15000.0
15000.0
15000.0
15000.0
15000.0
15000.0
15000.0
15000.0
-15000.0
-15000.0
-15000.0
-15000.0
-15000.0
15000.0
15000.0
15000.0
15000.0
15000.0
15000.0
-15000.0
-15000.0
-15000.0
-15000.0
15000.0
15000.0
15000.0
15000.0
-14312.908086388754
-14613.777399761882
-15000.0
-15000.0
-15000.0
-15000.0
15000.0
15000.0
15000.0
15000.0
15000.0
15000.0
15000.0
-15000.0
-15000.0
-15000.0
-15000.0
15000.0
15000.0
15000.0
15000.0
-15000.0
-15000.0
-13942.76871545946
-11997.615100550454
-7582.731845132393
15000.0
15000.0
15000.0
15000.0
15000.0
15000.0
15000.0
-15000.0
-15000.0
-15000.0
-15000.0
-15000.0
-10881.998795906093
15000.0
15000.0
15000.0
15000.0
15000.0
15000.0
-15000.0
-15000.0
-15000.0
-15000.0
-15000.0
-15000.0
15000.0
15000.0
15000.0
15000.0
15000.0
15000.0
-15000.0
-15000.0
-15000.0
-15000.0
-15000.0
-15000.0
15000.0
15000.0
15000.0
15000.0
15000.0
15000.0
15000.0
-15000.0
-15000.0
-15000.0
-15000.0
-15000.0
-15000.0
-15000.0
15000.0
15000.0
15000.0
15000.0
15000.0
15000.0
15000.0
15000.0
15000.0
-15000.0
-15000.0
-15000.0
-15000.0
15000.0
15000.0
15000.0
15000.0
15000.0
-13708.271594177637
-12878.629349197588
-12626.498815306615
-12698.948075453038
-11546.304046745387
-10099.659119191077
-8447.705093141838
15000.0
15000.0
15000.0
15000.0
15000.0
15000.0
15000.0
-9395.604395604398
-9285.639529559521
-8247.058399710008
-7703.409624453045
-7747.669114733074
-7045.819086170573
-147.35292752199712
15000.0
15000.0
15000.0
15000.0
15000.0
-12403.681913076485
-12156.394604181769
-12997.775269051392
-13086.400221075186
-13100.319462488318
-12830.006716852848
15000.0
15000.0
15000.0
15000.0
3235.341926856313
15000.0
15000.0
-12335.826127599914
-11626.99406873596
-11915.66260511682
-10995.031864529497
-9475.050744018743
7096.795210072774
15000.0
15000.0
15000.0
15000.0
15000.0
-8992.604006163332
-8444.472356047732
-8399.4334703075
-8478.706483296399
-8519.592926635436
-2407.792812069113
15000.0
15000.0
15000.0
15000.0
-14662.642045454544
-14221.32948172234
-14041.206058874148
-14320.293731381353
-13440.78959828
15000.0
15000.0
15000.0
15000.0
15000.0
15000.0
-13118.55315637464
-13188.986878036107
-13628.531919233694
-12802.630795635527
-9364.340565999915
15000.0
15000.0
15000.0
15000.0
-15000.0
-15000.0
-15000.0
-15000.0
15000.0
15000.0
15000.0
15000.0
-15000.0
-15000.0
-15000.0
15000.0
15000.0
15000.0
-15000.0
-14569.220461601402
-13152.781904402837
-6551.129897904051
15000.0
15000.0
15000.0
15000.0
15000.0
-15000.0
15000.0
-15000.0
-15000.0
-12449.24173365377
-11827.776466612984
-9690.782179691454
-779.2173376792744
15000.0
15000.0
15000.0
15000.0
345.3529667788298
15000.0
-13023.284617290068
-12852.99123976025
-11821.397941513711
-10926.135253237942
-8009.812714947683
-7685.8136102030985
-4700.930299694075
3288.6724246953427
15000.0
6422.918488623697
15000.0
15000.0
15000.0
15000.0
15000.0
-15000.0
-15000.0
-15000.0
-15000.0
-15000.0
-15000.0
-15000.0
15000.0
15000.0
15000.0
15000.0
15000.0
15000.0
15000.0
15000.0
15000.0
15000.0
-15000.0
-15000.0
-15000.0
-15000.0
-15000.0
-15000.0
15000.0
15000.0
15000.0
15000.0
15000.0
15000.0
-15000.0
-15000.0
-15000.0
-15000.0
-15000.0
-15000.0
-13397.37582005624
15000.0
15000.0
15000.0
15000.0
15000.0
15000.0
15000.0
15000.0
15000.0
-15000.0
-15000.0
-15000.0
-15000.0
-15000.0
-15000.0
-15000.0
-15000.0
15000.0
15000.0
15000.0
15000.0
15000.0
15000.0
15000.0
15000.0
15000.0
-13062.407391266453
-13943.736688971767
-14206.199972322716
-15000.0
-15000.0
-15000.0
-15000.0
15000.0
15000.0
15000.0
15000.0
15000.0
15000.0
15000.0
-13476.437926042468
-10043.533140929423
15000.0
15000.0
15000.0
-10080.552359033372
-7655.36679282934
-4560.6192282033235
-3559.1242162723065
-713.9696971218254
927.324057885311
771.3968621350032
372.49743606041557
1516.6886614914401
5802.497996607355
10726.566923902275
4323.150223470643
4853.185167091459
15000.0
-10909.09090909091
-5326.969497476416
-7068.325105274583
-7753.896275007238
-6883.599292616346
-7505.518648557343
-8087.555609145707
-8613.872670722343
-6394.324554226593
-6000.039082408098
-1881.9245734055257
15000.0
-5989.294131988176
15000.0
15000.0
15000.0
15000.0
15000.0
-13968.310680336632
-14219.157051995
-15000.0
-15000.0
-15000.0
15000.0
15000.0
15000.0
15000.0
15000.0
15000.0
15000.0
-14072.835712994758
-15000.0
-15000.0
-15000.0
-15000.0
-15000.0
15000.0
15000.0
15000.0
15000.0
15000.0
15000.0
15000.0
-14662.971175166298
-15000.0
-15000.0
-15000.0
15000.0
15000.0
15000.0
15000.0
15000.0
-15000.0
-15000.0
-15000.0
15000.0
15000.0