Demand
15000.0
15000.0
15000.0
15000.0
15000.0
15000.0
15000.0
15000.0
15000.0
15000.0
15000.0
15000.0
15000.0
15000.0
15000.0
15000.0
15000.0
15000.0
15000.0
15000.0
15000.0
15000.0
15000.0
15000.0
15000.0
15000.0
-15000.0
-12568.234610548865
-10435.0397225444
-9231.295073343324
-7479.1470230368905
-9446.995455256667
-10018.98965246338
-10357.66742984001
15000.0
15000.0
15000.0
15000.0
15000.0
15000.0
15000.0
15000.0
-11745.113863702481
-11880.267469343758
-11627.344140423444
-11698.545373891782
-12658.772846706517
-13874.257412415656
-15000.0
-15000.0
15000.0
15000.0
15000.0
15000.0
15000.0
15000.0
15000.0
15000.0
15000.0
15000.0
15000.0
-15000.0
-15000.0
-15000.0
15000.0
15000.0
15000.0
-13956.680902989629
-13452.123800024227
-14555.569287471975
-15000.0
-15000.0
-15000.0
15000.0
15000.0
15000.0
15000.0
15000.0
15000.0
15000.0
15000.0
-14694.828140057823
-14671.513942919231
-15000.0
-15000.0
-15000.0
-15000.0
-15000.0
-9825.416540897255
15000.0
15000.0
15000.0
15000.0
15000.0
15000.0
15000.0
15000.0
-15000.0
-15000.0
-12965.254640647316
-8871.961696045815
-6152.170791777536
-2937.5020806251714
183.78121021557672
7492.722059473986
13867.385558568178
11599.071321256979
10732.43095696274
10034.235116198564
12203.456651558161
5459.104356807341
15000.0
-9923.933209647497
-9042.750146371742
-6154.367741792242
-2089.923839629322
15000.0
15000.0
15000.0
-12477.41102710677
-13651.419519836396
-14261.82148987057
-15000.0
-15000.0
-12433.30309607878
-11229.93433972881
-6530.626818740522
15000.0
15000.0
15000.0
15000.0
15000.0
15000.0
15000.0
15000.0
-15000.0
-15000.0
-15000.0
-13066.485753052926
15000.0
15000.0
15000.0
15000.0
15000.0
-15000.0
-15000.0
-15000.0
-15000.0
-9133.790737564334
15000.0
15000.0
15000.0
15000.0
15000.0
15000.0
-12922.656408179795
-12985.06453591946
-13977.731952231403
-15000.0
-15000.0
15000.0
15000.0
15000.0
15000.0
15000.0
-15000.0
-14585.16658343807
-15000.0
-15000.0
15000.0
15000.0
15000.0
15000.0
15000.0
15000.0
-15000.0
-15000.0
15000.0
15000.0
15000.0
15000.0
15000.0
-15000.0
-14639.525691699608
-15000.0
-14504.18414124467
-14342.002211515472
-15000.0
-3757.133819161817
15000.0
15000.0
15000.0
15000.0
15000.0
15000.0
15000.0
-15000.0
-15000.0
-15000.0
-15000.0
15000.0
15000.0
15000.0
15000.0
15000.0
-15000.0
-15000.0
-15000.0
-12164.962696877596
-1589.0985025101263
15000.0
15000.0
15000.0
15000.0
15000.0
-15000.0
-15000.0
-15000.0
15000.0
15000.0
15000.0
15000.0
-12940.99939795304
-13406.318621707247
-14493.850494103073
-15000.0
-15000.0
15000.0
15000.0
15000.0
15000.0
15000.0
-15000.0
-14614.38769767504
-12622.492038941298
-10440.753856948038
-5680.380636522189
15000.0
15000.0
15000.0
1646.1031843675546
15000.0
15000.0
-13129.307515589106
-11870.803176886831
-9793.142531792964
-6803.938359812412
-5125.795373614329
-834.6964065386273
15000.0
14817.88115507492
6457.679765269727
15000.0
15000.0
-10992.57884972171
-10267.246037463978
-8916.33052920975
-8039.292112838113
-5506.727751549679
-2161.7931986292897
6858.429263957891
13250.48486245577
11923.326213049364
13249.003037163977
7851.154135042685
7801.53093892294
15000.0
-7136.846461580907
-5128.850832070745
-5704.381280834886
-5502.233625348465
-1989.4398741316363
4798.996608478807
15000.0
606.6175147468557
15000.0
-10710.995085995091
-11428.734355981782
-12896.428626269106
-14216.811241788953
-14076.749464595487
-13820.886616665619
-9621.916487048074
-1033.084831840275
15000.0
15000.0
15000.0
15000.0
15000.0
15000.0
15000.0
-14368.367216468487
-12925.198633335247
-12303.78689087378
-12339.451447042029
-12823.07146004829
-14231.949757389604
-15000.0
15000.0
15000.0
15000.0
15000.0
15000.0
15000.0
15000.0
-14688.378631677602
-15000.0
-14245.16130683753
-11963.834577922331
-13455.90794139637
-14316.555720370787
-15000.0
-15000.0
15000.0
15000.0
15000.0
15000.0
15000.0
15000.0
15000.0
-15000.0
-15000.0
-15000.0
15000.0
15000.0
15000.0
15000.0
15000.0
-14075.77559182791
-12966.064587218716
-12554.759611221903
15000.0
15000.0
15000.0
-15000.0
-15000.0
-15000.0
15000.0
15000.0
15000.0
-14339.895773016797
-13462.546970304622
-13075.850475774652
-14283.598902047259
-15000.0
15000.0
15000.0
15000.0
15000.0
15000.0
-15000.0
-15000.0
-15000.0
-15000.0
-15000.0
-15000.0
-15000.0
15000.0
15000.0
15000.0
15000.0
15000.0
15000.0
15000.0
15000.0
-14380.412333780212
-14666.313972708864
-15000.0
-15000.0
-15000.0
-15000.0
-15000.0
-15000.0
15000.0
15000.0
15000.0
15000.0
15000.0
15000.0
15000.0
15000.0
-15000.0
-15000.0
-15000.0
-15000.0
-15000.0
15000.0
15000.0
15000.0
15000.0
15000.0
15000.0
-15000.0
-15000.0
-15000.0
-15000.0
-15000.0
15000.0
15000.0
15000.0
15000.0
15000.0
-15000.0
-14178.304351743405
-15000.0
-15000.0
15000.0
15000.0
15000.0
15000.0
15000.0
15000.0
-15000.0
-15000.0
-15000.0
-15000.0
-15000.0
-15000.0
-15000.0
15000.0
15000.0
15000.0
15000.0
15000.0
15000.0
15000.0
-15000.0
-15000.0
-15000.0
-15000.0
-15000.0
15000.0
15000.0
15000.0
15000.0
15000.0
15000.0
15000.0
-15000.0
-15000.0
-15000.0
-15000.0
-15000.0
-15000.0
-15000.0
15000.0
15000.0
15000.0
15000.0
15000.0
15000.0
15000.0
15000.0
15000.0
-15000.0
-15000.0
15000.0
15000.0
-14664.245042214807
-14623.470996601267
-13237.65669553872
-11724.248886509176
-10474.018370756596
-8001.609740385324
15000.0
15000.0
15000.0
15000.0
15000.0
15000.0
15000.0
-14301.327885597555
-11737.857934452553
-5096.594753140595
15000.0
15000.0
15000.0
-12575.757575757576
15000.0
15000.0
-13787.878787878788
-12616.22854660005
-12712.210066163225
-12764.474790016066
-11576.640254533813
-9005.714815478023
1590.6531217649526
15000.0
15000.0
15000.0
15000.0
15000.0
15000.0
-12241.617697891466
-9949.156403822333
15000.0
15000.0
15000.0
-12472.283813747228
-12309.096910508571
-11734.625564427777
-12217.557223144071
-11855.95943283982
-11828.280427031896
-11645.799008204322
-10024.657778167417
5343.69970629022
15000.0
15000.0
15000.0
15000.0
15000.0
9031.78089645088
15000.0
-13484.848484848486
-11774.820970736448
-11989.98072849767
-12005.839838158932
-7768.709375534454
15000.0
15000.0
15000.0
15000.0
15000.0
-14691.328775468759
-15000.0
-15000.0
-15000.0
-15000.0
-15000.0
-13374.379623162553
-6090.037945870208
13152.687042541706
5701.593304685323
15000.0
15000.0
15000.0
15000.0
15000.0
15000.0
15000.0
-15000.0
-15000.0
15000.0
15000.0
15000.0
-15000.0
-15000.0
-15000.0
15000.0
15000.0
15000.0
15000.0
15000.0
-15000.0
-14661.134505821155
-13857.6109344152
-12337.84795333555
-12821.328368668856
-13462.002509995229
-13309.790061811844
15000.0
15000.0
15000.0
15000.0
15000.0
15000.0
15000.0
-13067.040563453767
-12542.270220541533
-11479.196719370058
-11411.455340668064
-8993.680534064984
-7859.712108533943
-7064.640302442007
7715.699674558447
15000.0
15000.0
15000.0
15000.0
15000.0
15000.0
-11617.210682492583
-11180.223738558823
-10416.220867116968
-9322.71778881624
-6898.225534119261
15000.0
15000.0
15000.0
15000.0
-15000.0
-15000.0
-15000.0
-15000.0
-15000.0
-15000.0
-15000.0
15000.0
15000.0
15000.0
15000.0
15000.0
15000.0
15000.0
-13316.75071555132
-12776.824304124635
-13325.417312615376
-14501.087906770666
-15000.0
-15000.0
-15000.0
15000.0
15000.0
15000.0
15000.0
15000.0
15000.0
15000.0
-15000.0
-15000.0
-15000.0
-15000.0
-15000.0
15000.0
15000.0
15000.0
15000.0
15000.0
15000.0
-15000.0
-15000.0
-15000.0
-15000.0
-15000.0
-15000.0
-15000.0
15000.0
15000.0
15000.0
15000.0
15000.0
15000.0
15000.0
15000.0
15000.0
-15000.0
-15000.0
-15000.0
-15000.0
-15000.0
15000.0
15000.0
15000.0
15000.0
15000.0
-14053.549190535497
-15000.0
15000.0
15000.0
15000.0
-15000.0
15000.0
15000.0
-15000.0
15000.0
15000.0
-12959.914101646387
-11714.424037035915
15000.0
15000.0
15000.0
-10620.998719590272
-7413.913760676824
15000.0
15000.0
-5166.567519333734
-2858.749848270618
-1541.93368396409
-1689.8652175741227
-2055.4295379739233
-1166.1803870165459
2451.026654713419
7706.030032565279
3862.053915375257
4702.675658504179
15000.0
-10909.09090909091
-5394.374927362188
-7107.688855776381
-7764.816928071717
-6851.8461685974025
-7419.5568538144025
-7920.368180286176
-8310.647961376519
-5559.802735363089
-4220.092707660643
6190.725006955119
15000.0
-2771.3777299798594
15000.0
15000.0
15000.0
15000.0
-14026.931687763623
-13946.300025986475
-14223.680319088162
-15000.0
-15000.0
-15000.0
-15000.0
-15000.0
15000.0
15000.0
15000.0
15000.0
15000.0
15000.0
15000.0
15000.0
-15000.0
-15000.0
-15000.0
-15000.0
-15000.0
15000.0
15000.0
15000.0
15000.0
15000.0
15000.0
15000.0
-15000.0
-15000.0
-15000.0
-15000.0
-15000.0
-15000.0
-15000.0
-15000.0
15000.0
15000.0
15000.0
15000.0