Demand
-15000.0
-15000.0
-15000.0
-15000.0
15000.0
15000.0
15000.0
15000.0
15000.0
-15000.0
-15000.0
-15000.0
-15000.0
15000.0
15000.0
15000.0
15000.0
15000.0
15000.0
-15000.0
-15000.0
-15000.0
15000.0
15000.0
15000.0
15000.0
15000.0
-12944.402704733286
-10930.967964221447
-9260.018872967783
-5261.465835919931
1436.0820360007574
15000.0
15000.0
15000.0
15000.0
-15000.0
-15000.0
-15000.0
15000.0
15000.0
15000.0
-11555.296555296558
-11270.4316604132
-9827.22495938703
-5115.533759099668
15000.0
15000.0
15000.0
15000.0
-15000.0
-14616.56736498174
-14488.948317013423
-12144.449126522912
15000.0
15000.0
15000.0
15000.0
15000.0
-15000.0
15000.0
-15000.0
-15000.0
-15000.0
-14243.530192435304
5026.67145385054
15000.0
15000.0
15000.0
15000.0
15000.0
-15000.0
-15000.0
15000.0
15000.0
15000.0
-13938.876822835868
-14138.514073655955
-13780.551982347832
-13575.009948563424
15000.0
15000.0
15000.0
15000.0
15000.0
-15000.0
-15000.0
-15000.0
15000.0
15000.0
15000.0
15000.0
-14033.77699648418
-13886.643037073118
-14539.51510487956
-15000.0
-10244.150835170381
15000.0
15000.0
15000.0
15000.0
15000.0
-9134.24771787849
-8785.142320887127
-7596.928331333045
-6183.216497649963
-4906.677918933026
-3754.8125879529653
-2676.637075007977
-855.8042317402123
1510.5436256485036
4050.0460141821577
15000.0
15000.0
8560.078555524055
15000.0
-12878.78787878788
-7779.537149817289
66.7304601423566
15000.0
15000.0
15000.0
-15000.0
-15000.0
-13272.727272727276
-12874.588279162275
-12038.541160727385
-10676.348994511485
15000.0
15000.0
15000.0
15000.0
15000.0
15000.0
15000.0
-15000.0
-15000.0
-15000.0
-13536.898395721932
-12400.75665073681
15000.0
15000.0
15000.0
15000.0
15000.0
-15000.0
-15000.0
-15000.0
-12997.966013757527
-12395.103773774917
-7814.253343134456
15000.0
4465.985206084836
15000.0
15000.0
15000.0
6901.6569819644965
15000.0
15000.0
-15000.0
-15000.0
15000.0
15000.0
-15000.0
-15000.0
-15000.0
-12947.794779477957
15000.0
15000.0
15000.0
15000.0
-14363.176396930154
-13196.101581136143
-14146.340225268112
-14432.308235683282
-15000.0
15000.0
15000.0
15000.0
15000.0
15000.0
15000.0
-15000.0
15000.0
15000.0
-14679.475164011248
-14652.335964026839
-15000.0
-14557.933662321226
-15000.0
-15000.0
-15000.0
-15000.0
15000.0
15000.0
15000.0
15000.0
15000.0
15000.0
15000.0
15000.0
-15000.0
15000.0
-15000.0
-15000.0
15000.0
15000.0
15000.0
-13746.334310850441
15000.0
15000.0
-15000.0
15000.0
15000.0
-15000.0
-15000.0
-15000.0
-15000.0
-15000.0
-10962.219598583266
15000.0
15000.0
15000.0
15000.0
15000.0
15000.0
-15000.0
-15000.0
-15000.0
-15000.0
15000.0
15000.0
15000.0
15000.0
-12773.053387861146
7378.2174357558415
15000.0
15000.0
-13019.68731905038
-12288.963106488794
-12514.641536173778
-11676.345293005277
15000.0
15000.0
15000.0
15000.0
-12424.242424242426
-9000.56385678038
-8277.711125457521
-5323.205605950722
3966.8577496983316
15000.0
11300.331719723983
12033.017811523205
15000.0
-10608.628659476119
-9367.868422946092
-8551.396241958519
-6137.506440725346
-2695.2816110803806
7521.789922595261
14639.21066786188
9686.833284742868
15000.0
1074.8903282906604
15000.0
-7368.293392839817
-6198.278449249978
-4089.6503890231334
-4946.6247945538125
-5218.030069370321
-3113.097735024934
-1191.656610785918
1674.244099830692
7181.577267783957
15000.0
5809.2716129714545
15000.0
15000.0
-14358.288770053481
-14001.305483028726
15000.0
15000.0
15000.0
-12862.118235399179
-12292.277769948607
15000.0
15000.0
-15000.0
-15000.0
-15000.0
-13837.179650643891
-9336.164495651723
5373.381896811488
15000.0
15000.0
15000.0
15000.0
15000.0
15000.0
-15000.0
15000.0
15000.0
-14380.813361395889
-15000.0
-14637.464640382845
-15000.0
-14058.700997899596
-10969.381194749378
-12759.606110824829
-13764.311532261247
-15000.0
15000.0
15000.0
15000.0
15000.0
15000.0
15000.0
15000.0
15000.0
-15000.0
15000.0
15000.0
-15000.0
15000.0
15000.0
-15000.0
-13363.636363636375
15000.0
15000.0
15000.0
-14335.33659236669
-15000.0
-15000.0
-15000.0
-15000.0
-15000.0
15000.0
15000.0
15000.0
15000.0
15000.0
15000.0
15000.0
15000.0
-15000.0
15000.0
-15000.0
-15000.0
-15000.0
-15000.0
-15000.0
-15000.0
-15000.0
15000.0
15000.0
15000.0
15000.0
15000.0
15000.0
15000.0
15000.0
-15000.0
-15000.0
-15000.0
-13873.517786561271
-14012.49136902894
15000.0
15000.0
15000.0
15000.0
15000.0
15000.0
-15000.0
-15000.0
-15000.0
-15000.0
-15000.0
-15000.0
-15000.0
15000.0
15000.0
15000.0
15000.0
15000.0
15000.0
15000.0
15000.0
-14328.127302195375
-13387.268366724602
-12301.344803707841
-12064.78155307511
15000.0
15000.0
15000.0
15000.0
15000.0
-15000.0
15000.0
-15000.0
-15000.0
-15000.0
-15000.0
15000.0
15000.0
15000.0
15000.0
15000.0
15000.0
-15000.0
-15000.0
-15000.0
-15000.0
-15000.0
15000.0
15000.0
15000.0
15000.0
15000.0
15000.0
-15000.0
-15000.0
-15000.0
15000.0
15000.0
15000.0
-15000.0
15000.0
15000.0
-15000.0
-15000.0
-15000.0
-15000.0
15000.0
15000.0
15000.0
15000.0
-15000.0
-15000.0
-15000.0
-15000.0
-15000.0
-15000.0
-15000.0
15000.0
15000.0
15000.0
15000.0
15000.0
15000.0
15000.0
15000.0
15000.0
-15000.0
-15000.0
-15000.0
-15000.0
-15000.0
15000.0
15000.0
15000.0
15000.0
15000.0
15000.0
-13095.919828203296
-12732.539473306417
-12954.096825516728
-12793.54923587308
15000.0
15000.0
15000.0
15000.0
-12872.567315382566
-11042.245517129038
-8845.697526215765
-8564.791759431682
-7089.640225038067
-5918.616934077065
-4910.52378957374
-76.90876940237104
15000.0
15000.0
15000.0
15000.0
-14090.909090909092
-12400.482116098767
-11555.01800761919
-10749.728090842797
-11273.78918181331
-8356.744071702597
15000.0
15000.0
15000.0
15000.0
15000.0
15000.0
-13715.251690458303
2444.198545684474
15000.0
15000.0
-11583.41658341659
-10520.946412710957
15000.0
15000.0
15000.0
-13455.284552845533
-11933.048505748804
-10772.8130184502
-8239.364641212305
-4475.475753499632
-1351.4671850213908
4978.031091221543
11662.586836337505
8125.724741539334
15000.0
11331.489571916603
15000.0
-13679.791546033586
15000.0
15000.0
-14696.526021562626
-14293.933753613022
-14103.373714981433
-14283.745623821334
-7569.697680440582
15000.0
15000.0
15000.0
15000.0
-15000.0
-14252.89223642334
-12430.731300817031
-12455.92163259871
-13016.627984159706
-11778.316659204043
-10507.902380278694
15000.0
15000.0
15000.0
15000.0
15000.0
15000.0
15000.0
-15000.0
-15000.0
-14608.79623531516
-15000.0
-15000.0
-15000.0
-15000.0
-15000.0
15000.0
15000.0
15000.0
15000.0
15000.0
15000.0
15000.0
15000.0
-14306.61132126045
-14622.192015084347
-15000.0
-15000.0
-15000.0
-15000.0
-15000.0
-15000.0
15000.0
15000.0
15000.0
15000.0
15000.0
15000.0
15000.0
15000.0
15000.0
-13201.412414041075
-12569.526185290782
-12155.036728257237
-10236.770580451775
-7471.537383754276
4697.108836018063
13045.349908895569
13596.559547161713
12252.15208560172
14702.23957133809
-177.61798138895574
15000.0
15000.0
-15000.0
-15000.0
-15000.0
-15000.0
15000.0
15000.0
15000.0
15000.0
15000.0
-15000.0
-15000.0
-15000.0
-15000.0
-15000.0
-13873.517786561271
-13482.27878142384
-8489.158806562002
12523.971416537857
8348.741739244382
15000.0
15000.0
15000.0
15000.0
15000.0
15000.0
15000.0
-15000.0
-14619.450317124738
-14459.482108438788
-15000.0
15000.0
15000.0
15000.0
15000.0
-15000.0
-15000.0
-15000.0
-15000.0
-13892.436384563705
15000.0
15000.0
15000.0
15000.0
15000.0
15000.0
15000.0
-15000.0
-15000.0
15000.0
15000.0
15000.0
-15000.0
-15000.0
-15000.0
15000.0
15000.0
15000.0
15000.0
-15000.0
-15000.0
15000.0
15000.0
15000.0
-13692.010555704288
-13938.313150285849
-12650.1252583174
-13672.088041949952
-13942.428280051201
-15000.0
-15000.0
-15000.0
15000.0
15000.0
15000.0
15000.0
15000.0
15000.0
15000.0
15000.0
-13160.287062378087
15000.0
15000.0
-12878.78787878788
-10513.545802733759
-9922.722722707407
-7428.9423599647525
-4261.8158565622825
-3267.0754656462677
-414.1945731970827
1179.5972081356285
929.4056472046614
390.1284190083652
1279.0019205789376
5037.577163608857
9708.37240406997
4615.2256151729025
3392.3539276552283
12263.935070886557
9878.45707080971
15000.0
-7911.118621155795
-8599.567788896467
-7946.245298977694
-8612.099792546996
-9274.279890219597
-9941.899321002013
-8692.239823364787
-9154.797175183554
-8652.79994862874
-9261.789715623585
15000.0
15000.0
15000.0
15000.0
15000.0
15000.0
15000.0
-14380.48288176384
-15000.0
-15000.0
-15000.0
15000.0
15000.0
15000.0
15000.0
-15000.0
-15000.0
-13692.371563402914
-13256.033525488856
-15000.0
15000.0
15000.0
15000.0
15000.0
15000.0
15000.0
-15000.0
-15000.0
-14140.343527440305
-14449.328628578307
-14130.312552835218
-11341.909200464564
15000.0
15000.0
15000.0
15000.0
15000.0
15000.0
-15000.0
-15000.0
-15000.0
-15000.0
15000.0
15000.0
15000.0