Demand
15000.0
15000.0
15000.0
15000.0
15000.0
15000.0
15000.0
15000.0
15000.0
15000.0
15000.0
15000.0
15000.0
15000.0
15000.0
15000.0
15000.0
15000.0
15000.0
15000.0
-15000.0
-15000.0
-15000.0
-15000.0
-15000.0
-15000.0
-15000.0
5861.777103501452
15000.0
15000.0
15000.0
15000.0
12678.93477921468
15000.0
-15000.0
15000.0
15000.0
-15000.0
-15000.0
-7720.0881135903255
-5800.951375279455
15000.0
15000.0
15000.0
13517.028121366038
15000.0
-13417.420276059023
-14315.424603764826
-15000.0
-15000.0
-15000.0
-14232.759666876853
-13490.322765239805
15000.0
15000.0
15000.0
15000.0
15000.0
15000.0
15000.0
15000.0
-15000.0
-15000.0
-15000.0
-14462.714704650192
-10325.774052153927
-9039.2680247221
15000.0
15000.0
15000.0
15000.0
15000.0
15000.0
15000.0
-15000.0
-15000.0
-13747.252747252747
-14000.88469955176
-13680.111444996666
-13908.280631049303
-7769.108734376361
15000.0
15000.0
15000.0
15000.0
15000.0
15000.0
15000.0
-14269.133920275384
-14528.158947597061
-15000.0
15000.0
15000.0
15000.0
15000.0
15000.0
-14338.209683037272
-15000.0
-15000.0
-11687.690839694664
1612.1641559981645
15000.0
15000.0
15000.0
7856.7427871165355
15000.0
-11515.151515151516
-5793.5393258427
-4438.2036826606345
-1315.8534171319588
7361.68880104563
15000.0
3420.9979514955385
15000.0
-9490.21864211738
-9851.427338772191
-9173.104869540333
-7233.213728161081
3294.0129406977103
15000.0
15000.0
15000.0
-15000.0
-15000.0
-13254.545454545456
-12689.260563380281
-11017.057620795764
15000.0
-1752.4811271259641
15000.0
15000.0
15000.0
15000.0
-15000.0
-15000.0
-15000.0
-15000.0
-15000.0
-13744.033981928551
-14106.561324994796
-13120.797836694805
15000.0
15000.0
15000.0
15000.0
15000.0
15000.0
15000.0
15000.0
15000.0
-12741.022322872861
-10815.386800287022
-11582.283470581984
-12009.934446559484
-11466.387962772307
-11139.314368051484
-10143.570432266599
-9824.242712826595
15000.0
15000.0
15000.0
15000.0
15000.0
15000.0
15000.0
-15000.0
-14648.047876888002
-15000.0
-15000.0
-15000.0
-15000.0
-11014.220833932737
15000.0
15000.0
15000.0
15000.0
15000.0
15000.0
15000.0
15000.0
-15000.0
-15000.0
-15000.0
-14236.095599731965
-15000.0
15000.0
15000.0
15000.0
15000.0
15000.0
-15000.0
15000.0
15000.0
-15000.0
-15000.0
-15000.0
-15000.0
-15000.0
-15000.0
-15000.0
15000.0
15000.0
15000.0
15000.0
15000.0
15000.0
15000.0
15000.0
-14060.697610546555
-14655.528356829578
-15000.0
-15000.0
-15000.0
-15000.0
15000.0
15000.0
15000.0
15000.0
15000.0
15000.0
15000.0
-12386.220337040013
-12803.275070891592
-13267.022441208108
-14428.412019311654
-15000.0
15000.0
15000.0
15000.0
15000.0
15000.0
15000.0
-15000.0
15000.0
15000.0
-12775.919732441474
-12194.001505242108
-12203.439143335643
-12098.455453947314
-10369.168536546356
-9000.043283503128
15000.0
15000.0
15000.0
15000.0
15000.0
15000.0
-9612.405644896622
-9369.723621741516
-7978.937574851319
-5088.6837690167895
-332.9989159099114
8196.883084001487
12999.360602241952
5564.867369286108
15000.0
15000.0
-10334.497435337773
-9420.051885397064
-8723.22899140109
-6765.749178284107
-5320.004425609903
-3597.6608519877927
-569.8724954338049
1747.9186800227153
844.7556181662549
-90.54218316804145
6058.127096407989
14228.431459204086
4742.071784995712
13529.760823276338
3871.074049048094
15000.0
-7265.943012211668
-5634.214601025212
15000.0
455.52440988852686
15000.0
-13078.435779301046
-14281.35982623127
-14140.034908049736
-13851.950740217257
-8843.174919142912
15000.0
15000.0
9930.566483376077
15000.0
15000.0
15000.0
-15000.0
-15000.0
-14159.911569638913
-11965.488309328823
-10448.020071400635
-9175.864792576736
-5420.396305796916
15000.0
15000.0
15000.0
15000.0
15000.0
15000.0
15000.0
-13720.53872053873
15000.0
15000.0
-15000.0
-14162.53443526171
-8305.437203201123
15000.0
15000.0
15000.0
-15000.0
-15000.0
-15000.0
-14535.073409461667
-12086.575266348947
-10983.178054608543
-7709.493491152097
13542.38092853377
-15000.0
15000.0
15000.0
15000.0
15000.0
15000.0
15000.0
-14329.981699027794
-13887.251163829882
-12884.380955131794
-13489.62030504916
-13675.968107478355
-15000.0
-15000.0
15000.0
15000.0
15000.0
15000.0
15000.0
15000.0
15000.0
-13651.054528152104
-13458.215083361927
-14531.855836856394
-15000.0
-15000.0
15000.0
15000.0
15000.0
15000.0
15000.0
15000.0
-15000.0
-15000.0
-15000.0
-15000.0
15000.0
15000.0
15000.0
15000.0
15000.0
-15000.0
-15000.0
-15000.0
-15000.0
15000.0
8030.303030303632
15000.0
15000.0
15000.0
15000.0
-15000.0
-15000.0
-15000.0
-15000.0
-15000.0
-15000.0
15000.0
15000.0
15000.0
15000.0
15000.0
15000.0
15000.0
-15000.0
-15000.0
-15000.0
-15000.0
15000.0
15000.0
15000.0
15000.0
15000.0
15000.0
-15000.0
-15000.0
-15000.0
-15000.0
-15000.0
15000.0
15000.0
15000.0
15000.0
15000.0
15000.0
-15000.0
15000.0
15000.0
-15000.0
-15000.0
-15000.0
-15000.0
-15000.0
-15000.0
15000.0
15000.0
15000.0
15000.0
15000.0
15000.0
-15000.0
-15000.0
-15000.0
-15000.0
-15000.0
-15000.0
-15000.0
15000.0
15000.0
15000.0
15000.0
15000.0
15000.0
15000.0
-15000.0
-15000.0
-15000.0
-15000.0
-15000.0
-15000.0
15000.0
15000.0
15000.0
15000.0
15000.0
15000.0
15000.0
-15000.0
-15000.0
-15000.0
-15000.0
-15000.0
15000.0
15000.0
15000.0
15000.0
15000.0
-15000.0
-14610.145340552866
-14546.699618858082
-12748.533208361514
-10369.385236249407
-7105.592704605242
13758.690834029268
15000.0
15000.0
1950.3125978062199
15000.0
15000.0
15000.0
15000.0
-14340.659340659342
-12398.902938654403
-9828.567730182509
-6181.245035040494
-4592.82306503252
810.5632070917463
9026.13812127959
10800.59526442691
12482.888094069323
14749.524971204377
-498.8160951524278
15000.0
-13325.745337053904
-12621.685350123837
-11373.93167232658
-8080.217313959616
15000.0
6340.752949332113
15000.0
15000.0
15000.0
-12889.757301522008
-11796.016812927122
-9432.047816092654
15000.0
15000.0
15000.0
15000.0
-12547.06831629909
-12045.401876998902
-12503.663201906005
-12209.993274078446
-12223.803273399644
-12119.6432109727
-10857.816669671713
876.922653349372
15000.0
15000.0
15000.0
15000.0
15000.0
4745.71364475023
15000.0
-11718.77075676394
-12154.811058474374
-12623.087191477345
-13155.834821917888
-13257.586465676093
-13275.690823671346
-12711.241309981433
15000.0
15000.0
15000.0
15000.0
15000.0
15000.0
15000.0
-15000.0
-15000.0
-13865.295288652957
-7899.532030454411
15000.0
15000.0
15000.0
15000.0
15000.0
-15000.0
-15000.0
-15000.0
15000.0
15000.0
15000.0
15000.0
15000.0
-14596.221959858325
-15000.0
15000.0
15000.0
-15000.0
-15000.0
-15000.0
15000.0
15000.0
15000.0
15000.0
15000.0
-13074.866310160429
-13590.806330067822
-14197.867997923473
-14513.776890311583
-15000.0
-15000.0
15000.0
15000.0
15000.0
15000.0
15000.0
15000.0
15000.0
-12056.31609148291
-11893.076156918585
-9230.499773715059
-5481.127011541637
15000.0
15000.0
15000.0
15000.0
-13171.122994652407
-12206.699309396248
-11159.99812353875
-7175.550354751175
-2167.0448329017017
15000.0
15000.0
15000.0
15000.0
-13986.166007905136
-14560.533420578562
-15000.0
15000.0
15000.0
15000.0
15000.0
-15000.0
-15000.0
-15000.0
-15000.0
-15000.0
-15000.0
-15000.0
-15000.0
15000.0
15000.0
15000.0
15000.0
15000.0
15000.0
15000.0
15000.0
15000.0
-15000.0
-15000.0
-15000.0
15000.0
15000.0
15000.0
-14656.264133876077
-15000.0
-15000.0
-15000.0
-15000.0
-15000.0
15000.0
15000.0
15000.0
15000.0
15000.0
15000.0
15000.0
-15000.0
-15000.0
-15000.0
-15000.0
15000.0
15000.0
15000.0
15000.0
15000.0
-15000.0
-15000.0
-15000.0
15000.0
15000.0
15000.0
15000.0
15000.0
-15000.0
-15000.0
-15000.0
-15000.0
15000.0
15000.0
15000.0
15000.0
15000.0
-14353.619353619357
-15000.0
-15000.0
-15000.0
-15000.0
-15000.0
15000.0
15000.0
15000.0
15000.0
15000.0
15000.0
15000.0
-12625.785123966944
-10698.381245416236
-8380.065172676419
-6304.48895265162
80.92663371004801
15000.0
15000.0
15000.0
5106.766101516353
15000.0
-3518.2015667171327
-4015.3077591247347
-3582.9265065685477
-1158.9386092768873
2673.9339018454684
923.2493921262394
784.1213318494938
10355.782508007997
15000.0
-10606.060606060608
-7213.808463251673
-7920.541102686096
-7125.056458471987
-7792.479466689125
-8443.039320616408
-9079.19731238678
-7351.524421190221
-7549.370142631393
-6009.536635494915
-3784.5503304058793
15000.0
15000.0
15000.0
15000.0
15000.0
15000.0
15000.0
-14343.03414493589
-15000.0
-15000.0
-15000.0
15000.0
15000.0
15000.0
15000.0
15000.0
-15000.0
-14011.103400416378
-13926.457766590982
-15000.0
-15000.0
-15000.0
-15000.0
-15000.0
15000.0
15000.0
15000.0
15000.0
15000.0
15000.0
15000.0
15000.0
15000.0
-15000.0
-15000.0
-15000.0
-15000.0
15000.0
15000.0
15000.0
15000.0
-15000.0
-15000.0
-15000.0
-15000.0