Demand
-15000.0
15000.0
15000.0
15000.0
15000.0
15000.0
15000.0
15000.0
15000.0
15000.0
-15000.0
-15000.0
-15000.0
-15000.0
-15000.0
-15000.0
-15000.0
-15000.0
15000.0
15000.0
15000.0
15000.0
15000.0
15000.0
15000.0
15000.0
15000.0
-12998.439328911434
-11310.244463257775
-10421.249116853189
-9140.416641639084
-10731.854660287107
-11246.369484285093
-11439.683877948159
15000.0
15000.0
15000.0
15000.0
15000.0
15000.0
-12007.016446188576
-10041.590211941802
-8931.582142503416
5353.459184621977
15000.0
15000.0
15000.0
-14374.742904154671
-15000.0
-15000.0
-15000.0
15000.0
15000.0
15000.0
15000.0
15000.0
-14356.295878035009
-15000.0
-15000.0
-15000.0
-15000.0
-15000.0
15000.0
15000.0
15000.0
15000.0
15000.0
15000.0
15000.0
-14668.363636363636
-15000.0
-15000.0
-15000.0
15000.0
15000.0
15000.0
15000.0
15000.0
-14380.659181455998
-14659.306997566742
-14611.83265476278
-14532.406355419003
-14372.56634422512
-15000.0
15000.0
15000.0
15000.0
15000.0
15000.0
15000.0
15000.0
-13249.385749385754
-13626.622298340095
-12404.911825112835
15000.0
15000.0
15000.0
15000.0
-15000.0
-13211.932994541694
-9622.304851705176
-7166.283158515442
-4008.1545544537003
-167.38049064946972
10352.23402834672
15000.0
8614.633413339383
15000.0
-498.9966713558715
15000.0
-7367.864693446092
-6066.047822706077
15000.0
15000.0
-12272.727272727274
-6523.463317911432
15000.0
7663.482161447637
15000.0
-12500.587268029129
-13532.57086977889
-14007.736516402241
-15000.0
15000.0
15000.0
15000.0
15000.0
-14055.944055944055
-14653.445350997656
-15000.0
-15000.0
-15000.0
-15000.0
15000.0
15000.0
15000.0
15000.0
15000.0
15000.0
15000.0
-14693.98711524696
-15000.0
-15000.0
15000.0
15000.0
15000.0
15000.0
-15000.0
-13611.449451887944
-13424.775162632195
-11708.420936274186
-7762.308242091572
-7369.361159146464
-2406.032543654066
15000.0
15000.0
15000.0
15000.0
15000.0
15000.0
-15000.0
-15000.0
-15000.0
-15000.0
-15000.0
-15000.0
-11478.37599293912
15000.0
15000.0
15000.0
15000.0
15000.0
15000.0
15000.0
-14680.914441858433
-15000.0
-15000.0
-15000.0
-15000.0
-15000.0
-15000.0
15000.0
15000.0
15000.0
15000.0
15000.0
15000.0
15000.0
-14678.651463438327
-15000.0
-15000.0
-15000.0
-15000.0
-15000.0
-15000.0
-15000.0
15000.0
15000.0
15000.0
15000.0
15000.0
15000.0
15000.0
15000.0
15000.0
15000.0
-15000.0
-15000.0
-13452.088452088454
-14178.892861546054
-15000.0
15000.0
15000.0
15000.0
15000.0
15000.0
-15000.0
-15000.0
-15000.0
-14461.353276124275
-13510.37104990998
-3986.9062045193486
10701.5129529617
15000.0
-7737.602687825121
15000.0
15000.0
15000.0
15000.0
15000.0
-15000.0
-15000.0
-15000.0
-14031.316359944627
15000.0
15000.0
15000.0
15000.0
15000.0
-12831.443168230737
-13345.012061054153
-13557.978076087598
-13791.042548867415
-12184.7439552299
-9846.261072399295
-5247.458204461592
3031.3201858345865
7813.740472449361
12040.466126968513
14881.435624970833
12157.888732226435
13135.658722846729
7280.759871415261
15000.0
15000.0
-10222.437137330755
15000.0
15000.0
-9528.51496329757
7011.299736162004
15000.0
-7479.384277075318
-6378.751287426927
-4392.929438571585
-2917.8457713808384
-3635.2753964783187
-4502.979636310302
-885.1676090678866
6636.965434961414
6298.783844695956
12379.184865731313
7319.675482072516
15000.0
-8663.146192329074
-9239.563351334164
-9044.405843087749
-9070.679137749765
-9335.581790851407
-10630.962484047792
-11155.309093901735
15000.0
15000.0
15000.0
15000.0
15000.0
-13288.699411552785
-14045.944687278465
-15000.0
15000.0
15000.0
15000.0
-14299.936437974808
-12559.08466354265
-11513.043352809455
-10893.215891909902
-9702.539611540262
15000.0
15000.0
15000.0
15000.0
15000.0
15000.0
-15000.0
-13864.259028642595
-15000.0
15000.0
15000.0
15000.0
-12295.470351569362
-13571.525735590218
-14287.009909696058
-15000.0
15000.0
15000.0
15000.0
15000.0
15000.0
-13434.999217308727
-13299.21491007918
-14242.737120446935
-15000.0
-15000.0
-15000.0
-15000.0
15000.0
15000.0
15000.0
15000.0
15000.0
15000.0
15000.0
-14332.513601418475
-15000.0
15000.0
15000.0
15000.0
-15000.0
-15000.0
-15000.0
-15000.0
-13877.58450935347
-11695.503054014767
-7652.389779710029
15000.0
15000.0
15000.0
15000.0
15000.0
15000.0
15000.0
-15000.0
-15000.0
15000.0
15000.0
-15000.0
-15000.0
-15000.0
-15000.0
15000.0
15000.0
15000.0
15000.0
-15000.0
-15000.0
-15000.0
-13711.70266197891
-13954.979912712417
-15000.0
15000.0
15000.0
15000.0
15000.0
15000.0
15000.0
15000.0
-15000.0
-15000.0
-15000.0
-15000.0
-15000.0
-15000.0
-15000.0
15000.0
15000.0
15000.0
15000.0
15000.0
15000.0
15000.0
-13636.777445225194
-13115.862980148042
-13713.917989400514
-15000.0
-15000.0
-15000.0
15000.0
15000.0
15000.0
15000.0
15000.0
15000.0
15000.0
15000.0
-14338.209683037272
-15000.0
-15000.0
-15000.0
-15000.0
15000.0
15000.0
15000.0
15000.0
15000.0
15000.0
-15000.0
-15000.0
-15000.0
-15000.0
-15000.0
-15000.0
15000.0
15000.0
15000.0
15000.0
15000.0
15000.0
-15000.0
-15000.0
-15000.0
-15000.0
-15000.0
-15000.0
-15000.0
15000.0
15000.0
15000.0
15000.0
15000.0
15000.0
15000.0
15000.0
-15000.0
-15000.0
-15000.0
-15000.0
-15000.0
-15000.0
15000.0
15000.0
15000.0
15000.0
15000.0
15000.0
15000.0
-15000.0
-15000.0
-15000.0
-15000.0
-13841.126924194024
15000.0
15000.0
15000.0
15000.0
15000.0
15000.0
15000.0
-13683.385579937309
-14282.22377356096
-14597.057164427322
-14054.558290962457
-13814.993452383958
-13291.935757756451
-2019.0664042852613
15000.0
15000.0
15000.0
15000.0
15000.0
15000.0
2549.2524973367754
15000.0
-12825.810553083284
-12970.068312650372
-13103.18624122657
-12323.724300340073
-11046.8934580208
-8361.592000066023
-437.8088587033344
15000.0
15000.0
15000.0
15000.0
15000.0
15000.0
-12587.180004031445
-11963.173741559076
15000.0
15000.0
-11436.572023964574
2409.4352522904364
15000.0
15000.0
-12608.391608391612
-12388.478762446724
-11338.399298208416
15000.0
15000.0
15000.0
15000.0
-9022.707561302534
-8701.672243034613
-8294.58916149299
-8524.388396051196
-9093.379227491812
-10109.140171871884
-10030.15357194321
-9302.015724639921
-3145.714379848643
15000.0
15000.0
15000.0
15000.0
15000.0
15000.0
-14691.032987455474
-15000.0
-15000.0
-15000.0
-15000.0
-15000.0
-12231.955284731514
15000.0
15000.0
15000.0
15000.0
15000.0
15000.0
15000.0
15000.0
15000.0
15000.0
-15000.0
-15000.0
-15000.0
-15000.0
-14146.524064171128
-15000.0
15000.0
15000.0
15000.0
15000.0
15000.0
15000.0
-15000.0
-15000.0
-14504.253269336277
-12942.297857056277
-7386.049238656466
15000.0
1913.053428969827
15000.0
15000.0
15000.0
15000.0
15000.0
-15000.0
-15000.0
-11947.596582940205
-10402.990383228669
607.4416960270937
15000.0
15000.0
15000.0
15000.0
15000.0
-13445.065811907523
-13340.385159542853
-12843.739032539248
-12624.175006637455
-11411.668693362117
-10272.841872198533
-6548.997387557533
-5697.2467629253515
-546.7986077317782
13857.100228047464
9825.365720521404
12376.617294454498
2110.6137333297593
15000.0
15000.0
15000.0
15000.0
-15000.0
15000.0
15000.0
15000.0
-15000.0
-15000.0
15000.0
15000.0
-15000.0
-15000.0
-15000.0
-14098.02990742939
-13858.74551399842
-10755.154608689147
-3821.0450650302128
15000.0
15000.0
15000.0
15000.0
15000.0
15000.0
15000.0
-15000.0
-15000.0
-14578.0903034789
-14488.8766776181
-15000.0
-15000.0
15000.0
15000.0
15000.0
15000.0
15000.0
15000.0
15000.0
15000.0
-14684.560044272275
-14647.15836573542
-15000.0
-15000.0
-15000.0
-15000.0
15000.0
15000.0
15000.0
15000.0
15000.0
15000.0
-15000.0
-15000.0
-15000.0
-15000.0
-15000.0
-14325.93709742539
-15000.0
-15000.0
15000.0
15000.0
15000.0
15000.0
15000.0
15000.0
15000.0
15000.0
15000.0
-15000.0
-15000.0
-15000.0
-15000.0
-15000.0
-15000.0
-15000.0
-15000.0
15000.0
15000.0
15000.0
15000.0
15000.0
15000.0
15000.0
15000.0
15000.0
-8217.032299846192
-5480.2037709990145
-4682.918038508577
-2279.00924152671
-936.8648033020563
-1149.29200044553
-1623.4367895816786
-889.6885211166955
2388.247243864638
7061.172975005145
3642.9285231191725
2859.9299139723917
12114.600638443262
10430.551204980333
-10606.060606060608
-7293.416190796106
-7949.707881383874
-7082.68413496617
-7658.721318966177
-8177.433021737688
-8604.481365422576
-6106.427527374116
-5071.519699212982
3218.4615146216347
15000.0
15000.0
-15000.0
15000.0
15000.0
15000.0
-13996.750013654484
-13914.753161601391
-14202.369539273852
-15000.0
-15000.0
-15000.0
-15000.0
-15000.0
15000.0
15000.0
15000.0
15000.0
15000.0
15000.0
15000.0
15000.0
15000.0
-15000.0
-15000.0
-15000.0
-15000.0
-15000.0
-15000.0
-11698.390101619989
15000.0
15000.0
15000.0
15000.0
15000.0
15000.0
15000.0
15000.0
-15000.0
-15000.0
15000.0
15000.0
15000.0
-15000.0
-15000.0
-15000.0