Demand
15000.0
15000.0
15000.0
15000.0
15000.0
15000.0
15000.0
15000.0
15000.0
15000.0
15000.0
15000.0
15000.0
15000.0
15000.0
15000.0
15000.0
15000.0
15000.0
15000.0
15000.0
15000.0
15000.0
15000.0
-15000.0
-15000.0
15000.0
15000.0
15000.0
15000.0
15000.0
15000.0
15000.0
15000.0
15000.0
15000.0
-15000.0
15000.0
-15000.0
-10743.054012002674
-11538.609046769765
-9850.328077016326
-10110.214483273725
-9697.03171275357
-7979.889591453594
-5127.576938605424
2034.6356346895454
15000.0
15000.0
15000.0
15000.0
15000.0
15000.0
15000.0
-14024.751910573741
-13523.134973018186
-14116.064508542244
-15000.0
-15000.0
15000.0
15000.0
15000.0
15000.0
15000.0
15000.0
-12901.28868238801
-13270.145245922311
-13040.385112081443
-4230.524422029995
15000.0
15000.0
15000.0
15000.0
-15000.0
-15000.0
-15000.0
-12773.920590149712
-9938.5089126579
15000.0
15000.0
15000.0
15000.0
15000.0
-15000.0
-15000.0
-15000.0
-15000.0
-15000.0
-13751.486899748983
-14071.564611135604
-15000.0
15000.0
15000.0
15000.0
15000.0
15000.0
15000.0
15000.0
15000.0
-13377.709199470224
-10420.76960536354
-8868.399666856523
-7402.7749672925265
-6482.731960185755
-4029.297663714239
-598.4309003930703
3317.861095247661
7189.473230017367
9439.831707039626
10628.412497021167
9612.854393381753
11532.447511472164
15000.0
-12575.757575757576
-6926.3456090651525
-5511.692390397103
8191.606063692794
15000.0
15000.0
-13787.878787878788
-13445.218972571605
-14053.054839252978
-15000.0
-15000.0
15000.0
15000.0
15000.0
15000.0
15000.0
15000.0
-15000.0
-15000.0
-15000.0
-15000.0
-15000.0
-15000.0
-15000.0
15000.0
15000.0
15000.0
15000.0
15000.0
15000.0
15000.0
15000.0
-15000.0
-15000.0
-15000.0
-12882.270985719264
-11880.718693627416
-1286.469196366861
15000.0
15000.0
15000.0
15000.0
15000.0
15000.0
-14384.947396816835
-15000.0
15000.0
15000.0
15000.0
-15000.0
-15000.0
-15000.0
-15000.0
-14262.37463604012
-15000.0
15000.0
15000.0
15000.0
15000.0
15000.0
15000.0
15000.0
-15000.0
-15000.0
15000.0
15000.0
-15000.0
15000.0
-15000.0
-15000.0
15000.0
15000.0
15000.0
-14259.740259740272
15000.0
-14637.492867967449
-15000.0
-15000.0
-15000.0
-15000.0
15000.0
15000.0
15000.0
15000.0
15000.0
15000.0
-15000.0
-15000.0
15000.0
15000.0
15000.0
15000.0
-15000.0
-15000.0
-15000.0
-13591.433278418452
-14416.49980496027
-15000.0
-15000.0
15000.0
15000.0
15000.0
15000.0
15000.0
15000.0
15000.0
15000.0
-14349.457881567978
-12135.165226279238
-12603.490153449697
-13136.699351722753
-14410.887116039754
-15000.0
-15000.0
15000.0
15000.0
15000.0
15000.0
15000.0
15000.0
15000.0
-13274.283895216846
-12231.151019869176
-11181.90450054079
-10546.371475298503
-8311.115083474491
15000.0
15000.0
15000.0
8657.656807584233
15000.0
15000.0
-10649.28075154125
-8810.67249341953
-8593.580931325116
-8176.429226166314
-6283.948239915619
-2403.8793400858012
3463.851796072602
9750.61194117913
9179.817010918981
14975.817026226538
6745.533274240072
15000.0
15000.0
-9775.153671950826
-8344.356585469744
-3384.634989887534
14312.814232339384
2492.7714395709163
15000.0
-4726.25887124029
-5599.6776962287
-6739.8640322133315
-4995.936800638792
-1711.2539157496976
-1726.5710059844978
337.78497034547763
12470.587122491645
7502.8651061835235
15000.0
-12424.242424242426
-8459.686507529972
-7978.602508722161
-7038.375401067053
-3347.790667938665
15000.0
15000.0
15000.0
15000.0
-12856.855109440046
-12550.16125295855
-12847.963030122923
-13720.201343256638
-15000.0
15000.0
15000.0
15000.0
15000.0
-12895.285652181312
-12131.107192008665
-11900.570725659974
-11855.657512885966
-12100.628492874614
15000.0
15000.0
15000.0
15000.0
15000.0
-15000.0
-14243.815758549215
-15000.0
-14261.558925477388
-15000.0
15000.0
15000.0
15000.0
15000.0
15000.0
-15000.0
-15000.0
-15000.0
-14515.511386513517
-11990.41937468026
-10947.176860466323
-8211.33885673069
-4488.937203726117
15000.0
15000.0
15000.0
15000.0
15000.0
15000.0
15000.0
15000.0
-13852.733981885274
-11352.182346014106
15000.0
15000.0
15000.0
-15000.0
-15000.0
15000.0
15000.0
15000.0
-15000.0
-15000.0
-14149.747244551261
-12831.571525656494
-11757.114341551234
-12816.371513945964
15000.0
15000.0
15000.0
15000.0
15000.0
15000.0
-15000.0
-15000.0
-15000.0
-15000.0
-15000.0
-15000.0
-15000.0
15000.0
15000.0
15000.0
15000.0
15000.0
15000.0
15000.0
15000.0
-14342.940522714354
-14624.737282038168
-15000.0
-15000.0
-15000.0
15000.0
15000.0
15000.0
15000.0
15000.0
15000.0
-15000.0
-15000.0
15000.0
15000.0
15000.0
-15000.0
-15000.0
-15000.0
-15000.0
-15000.0
-15000.0
-15000.0
-6625.34435261711
15000.0
15000.0
15000.0
15000.0
15000.0
15000.0
15000.0
15000.0
-15000.0
-15000.0
-15000.0
-15000.0
15000.0
15000.0
15000.0
15000.0
-15000.0
-15000.0
-15000.0
-15000.0
-15000.0
-15000.0
15000.0
15000.0
15000.0
15000.0
15000.0
15000.0
-15000.0
-15000.0
-15000.0
15000.0
15000.0
15000.0
15000.0
-15000.0
-15000.0
-15000.0
15000.0
15000.0
15000.0
-15000.0
-15000.0
-15000.0
-15000.0
15000.0
15000.0
15000.0
15000.0
-15000.0
-15000.0
-15000.0
-15000.0
-15000.0
-15000.0
-15000.0
15000.0
15000.0
15000.0
15000.0
15000.0
15000.0
15000.0
15000.0
-15000.0
-15000.0
15000.0
15000.0
-15000.0
-14616.567364981744
-14488.948317013423
-11192.598835363871
15000.0
15000.0
15000.0
15000.0
15000.0
-13622.118622118622
-14144.335397258343
-14343.179747399034
-8085.166905031008
15000.0
15000.0
15000.0
15000.0
-9501.66499451266
-9483.332426828347
-8643.193438574359
-8392.739206397186
-8864.509923196641
-9210.948336037498
-8406.164232128678
-2438.0290861038266
15000.0
15000.0
15000.0
15000.0
15000.0
15000.0
-13349.739432541985
-12195.47308175953
15000.0
15000.0
-12998.439328911434
-12417.171124280445
-12056.41121200251
-12980.71414386683
-12943.85489254037
-7397.749555322072
15000.0
15000.0
15000.0
15000.0
8443.715408889002
15000.0
15000.0
-13321.225211074026
-11500.538413555758
-9777.7049259505
-5315.68716047728
4693.490915922636
14728.179960575922
7830.167835906417
15000.0
228.42499029957798
15000.0
-12456.776352481877
-12522.600944590053
-11696.587481622319
15000.0
15000.0
15000.0
-14376.435838529706
-14327.6941346829
-14630.63583361996
-14581.544404252443
-15000.0
-15000.0
-15000.0
-15000.0
15000.0
15000.0
15000.0
15000.0
15000.0
15000.0
15000.0
15000.0
-15000.0
-15000.0
-15000.0
-15000.0
-15000.0
-15000.0
-15000.0
-15000.0
15000.0
15000.0
15000.0
15000.0
15000.0
15000.0
15000.0
15000.0
15000.0
-15000.0
-14637.58714677186
-13773.441880110135
-12132.961026557088
-12654.09854860985
-13358.729406640687
-13308.021509031136
15000.0
15000.0
15000.0
15000.0
15000.0
15000.0
15000.0
15000.0
-12785.547785547791
-11285.766001587283
-8861.223950655247
15000.0
15000.0
15000.0
-13203.25305762199
-12405.737274165098
-4286.079163122925
15000.0
15000.0
15000.0
-11035.878597667535
-11456.783613495048
-11201.137030453188
-10859.290177603547
-10799.851210545428
-11587.62653137749
-13158.794219039788
-14055.419546669633
-15000.0
15000.0
15000.0
15000.0
15000.0
15000.0
15000.0
15000.0
-15000.0
15000.0
-15000.0
-15000.0
-15000.0
-15000.0
-13317.029703686418
-10728.131310866338
15000.0
15000.0
15000.0
15000.0
15000.0
15000.0
15000.0
-15000.0
-15000.0
-15000.0
-15000.0
-14480.401093892437
-14319.009246614842
-15000.0
-15000.0
15000.0
15000.0
15000.0
15000.0
15000.0
15000.0
15000.0
15000.0
-14636.98259790941
-14562.173155771743
-15000.0
-15000.0
15000.0
15000.0
15000.0
15000.0
15000.0
15000.0
-15000.0
-15000.0
-15000.0
-15000.0
-15000.0
-15000.0
-15000.0
-7462.809917355393
15000.0
15000.0
15000.0
15000.0
15000.0
15000.0
15000.0
15000.0
-13108.738012455586
-13942.873102137484
-14165.514643970339
-15000.0
-15000.0
15000.0
15000.0
15000.0
15000.0
15000.0
15000.0
-13466.917697686931
-13267.641556640869
-12925.437686813013
-12762.74513448852
-7423.632907656363
15000.0
15000.0
15000.0
15000.0
15000.0
-5729.015393552135
-4643.396173539859
-1648.754150062061
494.87125869160354
1141.247829016369
2296.8766620484384
8237.745112022389
15000.0
-9242.424242424244
-4712.766386012972
-6380.258807016694
-7002.006978013582
-4989.28676031552
-3524.201484985134
-5233.660067601817
-5444.248728372914
-2996.1865896609315
-1967.4566892155308
1468.6517736249025
15000.0
9727.204265231489
15000.0
4175.6766128621575
15000.0
-14687.986862604743
-15000.0
-15000.0
-15000.0
-14413.05197003085
-12292.016649720754
-7653.335577426464
15000.0
15000.0
15000.0
15000.0
15000.0
15000.0
15000.0
-15000.0
-15000.0
-15000.0
-13553.299492385788
-13184.986252834697
-15000.0
-15000.0
15000.0
15000.0
15000.0
15000.0
15000.0
15000.0
15000.0
15000.0
-14684.676378388347
-14599.918107147521
-14331.713784976204
15000.0
15000.0
15000.0
15000.0
-15000.0
-15000.0
-15000.0
-15000.0
-15000.0
-15000.0
-15000.0
15000.0
15000.0