Demand
15000.0
15000.0
15000.0
15000.0
15000.0
15000.0
15000.0
15000.0
15000.0
15000.0
15000.0
15000.0
15000.0
-15000.0
-15000.0
-15000.0
-15000.0
-15000.0
-15000.0
-15000.0
-15000.0
15000.0
15000.0
15000.0
15000.0
15000.0
15000.0
15000.0
15000.0
-11292.85696801581
-10531.601903658084
-12033.662174492423
-12907.25251093003
-14235.082022652045
-15000.0
15000.0
15000.0
15000.0
15000.0
15000.0
15000.0
15000.0
-13484.848484848486
-11961.300513360537
-11525.87690132851
-11238.824267337612
-11709.234539097633
-11913.950174972986
15000.0
15000.0
15000.0
15000.0
15000.0
-14024.18682235196
-13927.976250102449
-13383.374671606769
-14046.38608672205
-15000.0
-15000.0
-15000.0
15000.0
15000.0
15000.0
15000.0
15000.0
15000.0
15000.0
-13762.910483145191
-11441.647291649708
15000.0
15000.0
15000.0
-15000.0
-15000.0
-15000.0
-15000.0
6007.371007371155
15000.0
15000.0
15000.0
15000.0
15000.0
-14674.099485420244
-15000.0
-15000.0
-15000.0
-15000.0
15000.0
15000.0
15000.0
15000.0
15000.0
15000.0
-14056.091036474038
-14656.408590831648
-15000.0
-14082.602218362437
-15000.0
-15000.0
890.1566779717377
15000.0
15000.0
15000.0
15000.0
15000.0
15000.0
15000.0
-7959.723820483316
-7591.462525435862
-6826.98747910163
-5553.400224678979
-2228.516438040646
15000.0
15000.0
15000.0
-10289.256198347106
-10205.200101962786
-9983.920783736925
-9946.466112224945
-10076.236153780315
-10273.954453172755
15000.0
15000.0
15000.0
15000.0
15000.0
-13736.141906873618
-13957.576396548367
-14604.529393535915
-15000.0
-15000.0
-15000.0
15000.0
15000.0
15000.0
15000.0
15000.0
15000.0
15000.0
-14309.090909090915
15000.0
-15000.0
-15000.0
-15000.0
15000.0
15000.0
15000.0
-15000.0
-13416.256066387585
-13058.178316736983
-10245.751843464808
149.9006969550437
15000.0
3849.068449859399
15000.0
15000.0
15000.0
15000.0
-15000.0
-15000.0
-15000.0
-15000.0
-15000.0
-15000.0
-15000.0
15000.0
15000.0
15000.0
15000.0
15000.0
15000.0
15000.0
-13275.380533445055
-14237.342021746554
-14560.644529590656
-15000.0
-15000.0
-15000.0
15000.0
15000.0
15000.0
15000.0
15000.0
15000.0
15000.0
15000.0
-14679.640297878319
-15000.0
-14493.346326684168
-15000.0
15000.0
15000.0
15000.0
15000.0
15000.0
-15000.0
-15000.0
-15000.0
-15000.0
-15000.0
-15000.0
15000.0
15000.0
15000.0
15000.0
15000.0
15000.0
15000.0
-14052.10643015521
-14630.174287629412
-15000.0
-15000.0
15000.0
15000.0
15000.0
15000.0
15000.0
-15000.0
-15000.0
-14610.389610389615
-14106.224507891475
-10696.613514104494
-10944.783246128794
-11038.690668717045
-12618.616933358062
15000.0
15000.0
15000.0
15000.0
15000.0
15000.0
15000.0
15000.0
-14692.390717754995
-13289.272003532475
-12261.308151728364
-11236.665638455012
-10638.29117449071
-8564.19407267154
15000.0
15000.0
14298.138488821125
8513.477607787374
15000.0
15000.0
-11042.089520350393
-9533.65676839284
-9546.65917163181
-9502.388565028588
-8565.126817161552
-6879.688917839297
-5145.856823635815
-3855.367626917782
-3031.2385033725404
-18.61766183270811
15000.0
15000.0
14962.663128457458
7762.9530759422505
15000.0
15000.0
-7032.61502620851
-5808.795071225511
-3612.389023804939
-1948.9313142483115
-2662.4706450092917
-3500.7124590477915
761.7593866158986
9175.864547322097
6325.8175097649455
12353.932424868844
7408.221465653849
15000.0
-8440.736478711166
3060.4444863870676
15000.0
-10724.236470798358
-9715.952411898179
15000.0
15000.0
-3484.848484848234
15000.0
-12969.449991903712
-12343.476675492333
-11901.842233741907
-12225.3551842224
-13338.610514161803
-15000.0
15000.0
15000.0
15000.0
15000.0
15000.0
15000.0
-13125.920797084113
-13654.046075901526
-14628.832524672267
-15000.0
-15000.0
-15000.0
-15000.0
15000.0
15000.0
15000.0
15000.0
15000.0
15000.0
15000.0
15000.0
-13993.821712268316
-14459.232923144937
15000.0
15000.0
15000.0
-15000.0
-14629.388816644998
-12841.31378609224
-12358.712728142997
-11369.652964706005
-12316.417423907926
15000.0
15000.0
15000.0
15000.0
15000.0
15000.0
15000.0
-14304.453935326423
-13684.315387693805
-11608.11869081064
-7088.3718964139925
15000.0
15000.0
15000.0
15000.0
-15000.0
-15000.0
-15000.0
-15000.0
-15000.0
-13776.123904623339
-11403.875278392312
-7384.440490773583
15000.0
15000.0
15000.0
15000.0
15000.0
15000.0
15000.0
15000.0
-15000.0
-15000.0
-15000.0
-15000.0
-15000.0
-15000.0
-15000.0
15000.0
15000.0
15000.0
15000.0
15000.0
15000.0
15000.0
15000.0
15000.0
-15000.0
-15000.0
-15000.0
-15000.0
-15000.0
-15000.0
-15000.0
15000.0
15000.0
15000.0
15000.0
15000.0
15000.0
15000.0
15000.0
-15000.0
-15000.0
-15000.0
-15000.0
-15000.0
-15000.0
-12499.390689739226
12865.348935316037
15000.0
11519.085869130082
15000.0
15000.0
15000.0
15000.0
15000.0
15000.0
-15000.0
-15000.0
-15000.0
-15000.0
-15000.0
15000.0
15000.0
15000.0
15000.0
15000.0
15000.0
-15000.0
-15000.0
-15000.0
-15000.0
-15000.0
15000.0
15000.0
15000.0
15000.0
15000.0
-15000.0
-15000.0
-15000.0
-15000.0
-15000.0
15000.0
15000.0
15000.0
15000.0
15000.0
15000.0
-15000.0
-15000.0
-15000.0
-15000.0
-15000.0
-15000.0
-15000.0
15000.0
15000.0
15000.0
15000.0
15000.0
15000.0
15000.0
15000.0
-15000.0
-15000.0
-15000.0
-15000.0
15000.0
15000.0
15000.0
15000.0
15000.0
-15000.0
-15000.0
-15000.0
-15000.0
-14294.990723562158
-13572.148459751992
15000.0
15000.0
15000.0
15000.0
15000.0
15000.0
15000.0
-13909.090909090912
15000.0
-14171.872729914285
-10165.877810859096
15000.0
15000.0
-10846.578826725941
-7983.925500097255
-6562.588044052111
-647.3803465736491
15000.0
5071.216157760224
15000.0
15000.0
-12692.90073883714
-12737.405058227294
-12684.01344740263
-11009.69524792389
-4393.08555511291
15000.0
15000.0
15000.0
15000.0
15000.0
-14390.098357957118
-13009.069954064751
-12433.505077421072
-12079.273086728666
-13001.021293396316
-12974.507771250399
-7624.565740642545
15000.0
15000.0
15000.0
14281.536528778386
10039.637934049148
15000.0
15000.0
-13316.597755463681
-11596.359855364237
-10192.092688394227
-7025.9522076863095
-1964.7578555872096
2617.434957167062
10355.658244020313
9954.649978141311
11006.738747949355
12157.361487200516
15000.0
-14090.909090909092
-12913.520933424854
-9107.813065369377
15000.0
15000.0
15000.0
-14310.103086577481
-14543.19879183951
-14100.350624493425
15000.0
15000.0
15000.0
15000.0
-15000.0
-14327.036599763876
-12762.803730642725
-12890.726020017319
-13495.438404118773
-13024.924960298486
-13934.027378447132
-15000.0
15000.0
15000.0
15000.0
15000.0
15000.0
15000.0
15000.0
-15000.0
15000.0
15000.0
-15000.0
-15000.0
-15000.0
-15000.0
-15000.0
15000.0
15000.0
15000.0
15000.0
15000.0
15000.0
-13665.655919265559
-14258.417455451086
-14569.511687221013
-15000.0
-15000.0
-15000.0
15000.0
15000.0
15000.0
15000.0
15000.0
15000.0
15000.0
-12435.801312089974
-8381.015761973857
15000.0
15000.0
-12434.743474347444
15000.0
-13023.400081464872
-12796.185684309301
-11589.352879265829
-10282.00062920403
-5617.265931637881
-2216.4053461822323
15000.0
15000.0
6814.090229979388
15000.0
15000.0
15000.0
-15000.0
-15000.0
-15000.0
-15000.0
15000.0
15000.0
15000.0
15000.0
-15000.0
-15000.0
-15000.0
-15000.0
15000.0
15000.0
15000.0
15000.0
15000.0
-12796.924067960386
-13213.41931418053
-14366.115297304073
-15000.0
15000.0
15000.0
15000.0
15000.0
15000.0
-15000.0
-14621.675614999873
-14536.831728045356
-15000.0
-15000.0
15000.0
15000.0
15000.0
15000.0
15000.0
15000.0
-15000.0
-14666.846506609123
-14630.70498934689
-14576.525520750914
-15000.0
-15000.0
-15000.0
15000.0
15000.0
15000.0
15000.0
15000.0
15000.0
15000.0
15000.0
-15000.0
-15000.0
-15000.0
-15000.0
-14390.374331550804
-15000.0
-15000.0
15000.0
15000.0
15000.0
15000.0
15000.0
15000.0
15000.0
15000.0
-14196.617336152223
-15000.0
15000.0
15000.0
15000.0
15000.0
-15000.0
-15000.0
-15000.0
-12778.244183257382
-12407.639222291775
-11786.490828429982
-11435.642229473262
-3347.0939671989436
15000.0
15000.0
15000.0
15000.0
15000.0
15000.0
15000.0
9817.22739509041
-9545.454545454548
-2627.4838400766084
-3015.1312545691108
-2272.7075310840337
953.0658117434359
5958.2497088764385
3239.4071644320666
4431.99864836506
15000.0
-10909.09090909091
-5311.378122939414
-7054.851441760984
-7740.595632280703
-6867.188271397576
-7488.77100139442
-8069.968471451951
-8594.541669172137
-6360.993037670493
-5954.119644051426
-1773.4192373992846
15000.0
-5804.534008175563
15000.0
15000.0
15000.0
15000.0
15000.0
-14016.591285657625
-14278.723197373787
-15000.0
-15000.0
-15000.0
-15000.0
-15000.0
15000.0
15000.0
15000.0
15000.0
15000.0
15000.0
15000.0
-15000.0
-15000.0
-15000.0
15000.0
15000.0
15000.0
-15000.0
-15000.0
-13894.861491994117
-14049.313055084604
15000.0
15000.0
15000.0
15000.0
15000.0
15000.0
-15000.0
-15000.0
-15000.0
15000.0
15000.0
15000.0
15000.0
-15000.0
15000.0