Demand
-15000.0
-15000.0
-15000.0
-15000.0
-15000.0
-15000.0
15000.0
15000.0
15000.0
15000.0
15000.0
15000.0
15000.0
15000.0
-15000.0
-15000.0
-15000.0
15000.0
15000.0
15000.0
15000.0
-15000.0
-15000.0
15000.0
15000.0
-15000.0
-15000.0
-11937.901799661882
-7297.567427718215
4068.8703005346606
15000.0
15000.0
1686.3600738851828
15000.0
15000.0
-15000.0
-15000.0
-15000.0
-15000.0
15000.0
15000.0
15000.0
15000.0
-11936.856247201078
-11416.209950031563
-10920.999479670798
-10877.967191652511
6516.02291107747
15000.0
15000.0
15000.0
15000.0
-14670.2479338843
-13914.51637804927
-13782.446622332813
-13106.333989853974
-13827.114334563714
-15000.0
-15000.0
15000.0
15000.0
15000.0
15000.0
15000.0
15000.0
15000.0
15000.0
-13808.777429467085
-11787.796346677034
15000.0
15000.0
15000.0
-15000.0
-15000.0
-15000.0
-15000.0
15000.0
15000.0
15000.0
15000.0
15000.0
-14677.34631495528
-14553.943559061838
-15000.0
15000.0
15000.0
15000.0
-15000.0
-14310.550487631252
-14622.28165655282
-15000.0
-12494.545710060298
-13156.316715120764
-12436.89706172402
-13412.263176231612
15000.0
15000.0
15000.0
15000.0
15000.0
15000.0
15000.0
15000.0
15000.0
-8746.571585298956
-7656.007107158291
-6710.760628796076
-5889.179942751631
-5128.298476726377
-3721.725619309822
-1530.8259635571076
2562.549369101831
15000.0
15000.0
11465.864685733044
15000.0
-10098.280098280102
-8393.122504879782
14083.108825620051
-578.7458172856132
15000.0
-14314.800901577764
-15000.0
-15000.0
-9596.961701647637
15000.0
15000.0
15000.0
15000.0
15000.0
-15000.0
-15000.0
-15000.0
15000.0
15000.0
15000.0
15000.0
-15000.0
-13935.242839352435
15000.0
15000.0
15000.0
-15000.0
-15000.0
-15000.0
-15000.0
-15000.0
-15000.0
-10122.994652406425
12070.279762142349
15000.0
15000.0
15000.0
15000.0
15000.0
392.2628562134287
15000.0
-14353.619353619357
-15000.0
-15000.0
-15000.0
-15000.0
-15000.0
15000.0
15000.0
15000.0
15000.0
15000.0
15000.0
15000.0
-15000.0
-14272.530924798746
-12952.245971538672
-14049.712968480166
-14403.339975380783
-15000.0
-15000.0
15000.0
15000.0
15000.0
15000.0
15000.0
15000.0
15000.0
15000.0
-14685.950413223145
-14660.459945645744
-15000.0
-14573.059296084484
-15000.0
-15000.0
-15000.0
-15000.0
15000.0
15000.0
15000.0
15000.0
15000.0
15000.0
15000.0
15000.0
-15000.0
-15000.0
-15000.0
15000.0
15000.0
15000.0
-15000.0
-13714.216453955556
-14400.918146746371
-15000.0
15000.0
15000.0
15000.0
15000.0
15000.0
-15000.0
-15000.0
-15000.0
-14387.672888411445
-12878.667105922941
15000.0
15000.0
15000.0
-8566.614771836194
15000.0
15000.0
15000.0
-15000.0
-15000.0
15000.0
15000.0
15000.0
15000.0
-13279.100972827917
-12189.844180187676
-10984.498694528502
-9896.325636235
-4099.524511953471
15000.0
15000.0
15000.0
15000.0
15000.0
-11941.877794336811
-9834.43118288909
-6607.060113279898
-4188.48563604506
3879.492021076021
15000.0
15000.0
10972.610922331183
15000.0
-10111.492281303606
-10707.417961935287
-9667.774203544825
-7541.098519465697
-5129.520729208434
3125.198885923339
15000.0
15000.0
8108.614450554665
15000.0
-10454.545454545456
-4184.345763605215
-5003.353387354535
-6058.921554791603
-3784.0518598421804
690.3954530748715
1411.712866292074
6264.352349822682
15000.0
3613.40996092105
15000.0
-7158.079309414621
4647.193819659089
15000.0
15000.0
-13076.850984067481
-14296.263237515413
-14194.084949819418
-14021.410062204592
-11003.031853501128
-7207.918746480157
14942.396649676113
2985.3450848505936
15000.0
15000.0
15000.0
15000.0
15000.0
-14366.138448707257
-12898.263698819712
-12229.36753188317
-12198.375056637706
-12592.335087904597
-14030.547763152372
-15000.0
15000.0
15000.0
15000.0
15000.0
15000.0
15000.0
-15000.0
-11679.246115216818
15000.0
15000.0
-7287.754344144112
15000.0
15000.0
-15000.0
15000.0
15000.0
-15000.0
-14664.857530529174
-13140.296354659466
-12890.484691449346
-12492.028814530095
-13703.934488796684
-15000.0
-15000.0
15000.0
15000.0
15000.0
15000.0
15000.0
15000.0
15000.0
-11002.418418570276
15000.0
15000.0
15000.0
-15000.0
-15000.0
-15000.0
-15000.0
-15000.0
-15000.0
15000.0
15000.0
15000.0
15000.0
15000.0
15000.0
15000.0
15000.0
-15000.0
15000.0
-15000.0
-15000.0
-15000.0
-15000.0
-15000.0
-15000.0
-15000.0
-15000.0
15000.0
15000.0
15000.0
15000.0
15000.0
15000.0
15000.0
15000.0
15000.0
-14683.069224353632
-15000.0
-15000.0
-15000.0
-15000.0
15000.0
15000.0
15000.0
15000.0
15000.0
15000.0
-15000.0
-15000.0
15000.0
15000.0
15000.0
-15000.0
-15000.0
-15000.0
-15000.0
-15000.0
-15000.0
-6661.442006269637
15000.0
15000.0
15000.0
15000.0
15000.0
15000.0
15000.0
-15000.0
-15000.0
15000.0
15000.0
15000.0
-15000.0
-15000.0
-14193.49133356916
-15000.0
-15000.0
-15000.0
15000.0
15000.0
15000.0
15000.0
15000.0
15000.0
15000.0
-15000.0
-15000.0
-15000.0
-15000.0
-15000.0
-15000.0
-15000.0
15000.0
15000.0
15000.0
15000.0
15000.0
15000.0
15000.0
15000.0
15000.0
-15000.0
-15000.0
-15000.0
15000.0
15000.0
15000.0
-15000.0
-15000.0
-15000.0
-15000.0
-15000.0
-15000.0
15000.0
15000.0
15000.0
15000.0
15000.0
15000.0
15000.0
15000.0
-15000.0
15000.0
15000.0
-15000.0
-15000.0
-15000.0
-15000.0
-15000.0
-14373.419808728155
-14052.381883058511
-4697.269561146477
15000.0
15000.0
15000.0
15000.0
15000.0
15000.0
15000.0
15000.0
-14382.657550937525
-14338.78327346519
-14280.5084474974
-12197.815061346191
-9564.220250271792
-6131.981720106215
-5266.441048225558
-2228.0301917141596
630.3587026487203
3099.114182657435
9899.618283626904
15000.0
6746.027084629732
15000.0
15000.0
15000.0
15000.0
-12448.427649494533
-12267.704271613708
-13142.447183007527
-13333.387565277993
-13537.726127147245
-13772.19956395041
-9577.991112789368
-2698.3914387132827
15000.0
15000.0
7775.443453951216
15000.0
15000.0
15000.0
15000.0
15000.0
-12624.798027043118
-12526.175977859966
-12057.650148095985
-7138.139949663072
15000.0
15000.0
15000.0
15000.0
-8627.53751103266
-7870.3810228175425
-7512.711599761093
-6926.455033608785
-4600.862493663506
15000.0
15000.0
15000.0
15000.0
-14220.779220779226
15000.0
-14356.736931199874
-14239.73785252764
-14499.247139145944
-14089.6054281225
15000.0
15000.0
15000.0
15000.0
15000.0
-14382.06597491095
-12992.186319550638
-13164.573246040316
-13754.422699762708
-13512.477789172834
-14352.285972362857
-15000.0
-15000.0
15000.0
15000.0
15000.0
15000.0
15000.0
15000.0
15000.0
-14597.058192197503
-15000.0
15000.0
15000.0
15000.0
-15000.0
-15000.0
-15000.0
-15000.0
-15000.0
15000.0
15000.0
15000.0
15000.0
15000.0
-14677.840093908959
-15000.0
-15000.0
-15000.0
-15000.0
-15000.0
-15000.0
15000.0
15000.0
15000.0
15000.0
15000.0
15000.0
15000.0
-12661.626451167536
-13185.56955362875
-12974.55285934436
-12187.742108295413
-11568.955014763196
-8815.609061811942
-3754.883823860667
15000.0
13989.261482589947
11772.55429698223
15000.0
7316.371023518216
15000.0
15000.0
15000.0
-15000.0
15000.0
-15000.0
-15000.0
-15000.0
-15000.0
15000.0
15000.0
15000.0
15000.0
15000.0
-15000.0
-15000.0
-15000.0
-12589.852008456674
15000.0
15000.0
15000.0
15000.0
15000.0
-15000.0
-15000.0
-15000.0
15000.0
15000.0
15000.0
-15000.0
-14543.164643920307
-14319.983151585151
-15000.0
15000.0
15000.0
15000.0
15000.0
15000.0
-15000.0
-15000.0
-15000.0
-14503.162383044131
-14340.011669363354
-13886.073466792419
-15000.0
15000.0
15000.0
15000.0
15000.0
15000.0
15000.0
15000.0
-15000.0
-15000.0
-15000.0
-15000.0
-15000.0
-15000.0
-15000.0
-12377.721073046236
15000.0
15000.0
15000.0
15000.0
15000.0
15000.0
15000.0
15000.0
15000.0
-14043.356643356645
-14251.264060270722
-15000.0
-15000.0
15000.0
15000.0
15000.0
15000.0
15000.0
-15000.0
-13228.005506950307
-13047.658022910524
-12787.844135307747
-12905.713018771228
-10292.624015318474
-4361.591168681651
7194.24654626651
14437.499360426253
13078.171046843217
15000.0
15000.0
15000.0
9438.150647622522
8092.795625215775
-9848.484848484848
-4576.099780886565
-4098.0461757962685
-1595.4266389527938
2555.5351972911403
1214.9682333408446
3007.107412128027
15000.0
-10909.09090909091
-5515.625597674337
-7213.095113740398
-7869.795781448221
-6983.008725644441
-7555.544865477645
-8066.712006276139
-8478.292462372294
-5873.074560728037
-4710.088317664223
4460.300624042023
15000.0
12058.805918877757
15000.0
15000.0
15000.0
15000.0
-13865.295288652953
-13253.00384977489
-5815.4704269264885
15000.0
15000.0
15000.0
-15000.0
-15000.0
-15000.0
-15000.0
-15000.0
-15000.0
15000.0
15000.0
15000.0
15000.0
15000.0
15000.0
-15000.0
-15000.0
-15000.0
-15000.0
-15000.0
-10213.259764256225
15000.0
15000.0
15000.0
15000.0
15000.0
15000.0
15000.0
-15000.0
15000.0
15000.0
-15000.0
-15000.0
15000.0
15000.0
15000.0
-15000.0