Demand
15000.0
15000.0
15000.0
15000.0
15000.0
15000.0
15000.0
15000.0
15000.0
15000.0
15000.0
15000.0
15000.0
-15000.0
15000.0
15000.0
15000.0
15000.0
-15000.0
-15000.0
-15000.0
-15000.0
-15000.0
-15000.0
-15000.0
15000.0
15000.0
15000.0
15000.0
15000.0
15000.0
15000.0
15000.0
-14465.791940018746
15000.0
-15000.0
-15000.0
-15000.0
-15000.0
-446.76290778962357
7750.023723862352
15000.0
15000.0
15000.0
8117.553135517752
15000.0
15000.0
-14383.116883116887
-15000.0
-15000.0
-15000.0
-14367.137546468406
-13867.351887681401
15000.0
15000.0
15000.0
15000.0
15000.0
15000.0
15000.0
-15000.0
-15000.0
-15000.0
-15000.0
-14384.947396816835
-8580.267936431148
2716.4896089377253
15000.0
15000.0
15000.0
15000.0
15000.0
15000.0
-15000.0
-15000.0
-15000.0
-13255.769475965833
-13144.068003933851
-6122.191124458234
15000.0
15000.0
15000.0
15000.0
15000.0
15000.0
-15000.0
-15000.0
15000.0
15000.0
15000.0
15000.0
-13426.573426573432
-13964.851604600659
-13823.862412129223
-14530.417716660788
-15000.0
-12693.300662294972
15000.0
15000.0
15000.0
15000.0
15000.0
15000.0
15000.0
-8809.058325187358
-7873.65342302584
-7170.253393958523
-6714.260237448907
-6518.623763534039
-6176.102774589562
-6065.954562994496
-6727.4214664062865
-3484.146141205456
1963.4971277053219
15000.0
6496.286223397897
15000.0
13249.730124028432
5549.094140366964
15000.0
-13786.86530860444
-14347.197734333386
-15000.0
-15000.0
-13017.044458596076
-12430.069305046949
-10986.72841755308
-5693.404966962299
15000.0
15000.0
15000.0
15000.0
15000.0
15000.0
15000.0
-15000.0
-15000.0
-15000.0
-13988.913525498894
-14328.515595818302
-13849.064498022468
-15000.0
15000.0
15000.0
15000.0
15000.0
15000.0
15000.0
15000.0
-13534.046738213816
-12051.030964418118
-8927.768232323295
-9250.015722000393
-8181.916129529225
5127.007542972529
15000.0
15000.0
15000.0
15000.0
15000.0
15000.0
-15000.0
-15000.0
-15000.0
-15000.0
-15000.0
-13675.573627650308
15000.0
15000.0
15000.0
15000.0
15000.0
15000.0
15000.0
15000.0
-15000.0
-15000.0
-15000.0
-15000.0
-15000.0
-15000.0
-15000.0
15000.0
15000.0
15000.0
15000.0
15000.0
15000.0
15000.0
15000.0
-15000.0
-15000.0
-15000.0
-15000.0
15000.0
15000.0
15000.0
15000.0
-15000.0
-15000.0
-15000.0
-15000.0
15000.0
15000.0
15000.0
15000.0
15000.0
-15000.0
-13599.508599508601
-13682.204448887784
15000.0
15000.0
15000.0
-15000.0
-15000.0
-15000.0
-15000.0
-15000.0
-15000.0
-12272.520401443671
15000.0
15000.0
15000.0
15000.0
15000.0
15000.0
15000.0
15000.0
-15000.0
-15000.0
-15000.0
-15000.0
-15000.0
-14426.559356136822
-11065.66037714887
-5966.664150412303
12101.399241473602
13425.414442935284
11136.18541887414
15000.0
15000.0
7754.7901355127
15000.0
15000.0
15000.0
-10604.330416728462
-8398.679538724457
-7545.997561582696
-5528.948704717928
3809.705638940125
15000.0
15000.0
4136.0296391190395
15000.0
-10711.598746081509
-9161.460914473511
-4686.115062452445
15000.0
7873.207996648836
15000.0
15000.0
-2179.006560449846
15000.0
-5691.344583560155
-4745.41070107873
-5724.179864829017
-7009.826337735445
-5679.199540683477
-3281.411435490186
-4041.3338608011727
-4047.9565374724407
-1019.3028673683384
2332.3721308190215
7474.260730578616
11786.206471884783
11735.054076084842
14249.39765618034
-13333.333333333334
-10427.80748663103
15000.0
15000.0
-14271.875665318294
-8335.326184929036
15000.0
15000.0
-13398.226605438955
-14287.985917199607
-15000.0
-15000.0
-15000.0
-15000.0
15000.0
15000.0
15000.0
15000.0
15000.0
15000.0
-15000.0
-15000.0
-15000.0
-15000.0
-15000.0
-15000.0
-12512.658081734815
-15000.0
15000.0
15000.0
15000.0
15000.0
15000.0
15000.0
15000.0
15000.0
15000.0
-15000.0
-14602.760343699578
-12522.259554792992
-11530.821532005826
-7944.601502666344
15000.0
15000.0
15000.0
15000.0
15000.0
15000.0
-15000.0
-15000.0
-14200.431615861886
-13620.343361576044
-12221.797545158457
-12827.374458302958
-12658.127012373963
-15000.0
15000.0
15000.0
15000.0
15000.0
15000.0
15000.0
15000.0
15000.0
-13527.343396617427
-13188.103604447693
-14351.49433222174
-15000.0
15000.0
15000.0
15000.0
15000.0
15000.0
-15000.0
-15000.0
-15000.0
-15000.0
-15000.0
-15000.0
-15000.0
-15000.0
15000.0
15000.0
15000.0
15000.0
15000.0
15000.0
15000.0
15000.0
-14644.819277177296
-15000.0
-15000.0
-15000.0
-15000.0
15000.0
15000.0
15000.0
15000.0
15000.0
15000.0
15000.0
-15000.0
-15000.0
-15000.0
-15000.0
15000.0
15000.0
15000.0
15000.0
15000.0
-15000.0
-14292.584548557246
-13350.70901275875
-12434.319417520812
-12802.164442301291
-15000.0
15000.0
15000.0
15000.0
15000.0
15000.0
15000.0
-15000.0
-15000.0
-15000.0
-15000.0
-13626.32213147678
-15000.0
-15000.0
15000.0
15000.0
15000.0
15000.0
15000.0
15000.0
15000.0
-15000.0
-15000.0
-15000.0
-15000.0
-15000.0
-15000.0
15000.0
15000.0
15000.0
15000.0
15000.0
15000.0
15000.0
-15000.0
-15000.0
-15000.0
-15000.0
-15000.0
-15000.0
15000.0
15000.0
15000.0
15000.0
15000.0
15000.0
15000.0
-15000.0
15000.0
15000.0
15000.0
-15000.0
-15000.0
-15000.0
-15000.0
15000.0
15000.0
15000.0
15000.0
-15000.0
-15000.0
-15000.0
-15000.0
-15000.0
-15000.0
15000.0
15000.0
15000.0
15000.0
15000.0
15000.0
15000.0
15000.0
-13115.702479338845
-13548.337484248023
-14077.462081662019
-14243.633713438303
15000.0
15000.0
7604.700841365144
15000.0
15000.0
-9687.985381452723
-9662.162176614998
-8828.611758103474
-8543.811568950721
-8926.845293108334
-9098.1248524377
-7681.866754364488
7306.646730221704
15000.0
15000.0
15000.0
15000.0
15000.0
-12553.7490199315
-13354.0092767842
-13543.737275314688
-13746.589996866966
-13977.87997473602
-10727.759547467278
-6211.102170814331
15000.0
7007.693909425936
15000.0
15000.0
15000.0
15000.0
15000.0
-12758.636831757332
-12545.448482236101
-12629.423052368653
-12660.127989540153
-11957.386598322315
-6269.362531945197
11017.971100291052
15000.0
15000.0
15000.0
7882.443371744497
15000.0
-12878.78787878788
-11361.024658846065
-11539.960237392283
-11520.39228662592
-10566.892043136948
15000.0
15000.0
15000.0
15000.0
15000.0
-14676.136363636364
-14484.724414194181
15000.0
15000.0
15000.0
-15000.0
-15000.0
-14068.437180796736
-11104.034311911313
-9044.658945460695
15000.0
15000.0
15000.0
15000.0
15000.0
15000.0
-15000.0
-15000.0
-15000.0
-15000.0
-15000.0
-15000.0
-14043.9449849044
-15000.0
15000.0
15000.0
15000.0
15000.0
15000.0
15000.0
15000.0
15000.0
15000.0
-14076.788903193654
-12991.461820830595
-13517.961855502286
-14145.84277190124
-14470.675650775775
-15000.0
-15000.0
15000.0
15000.0
15000.0
15000.0
15000.0
15000.0
15000.0
15000.0
15000.0
-11487.394957983197
-11505.957180744783
-12235.487852064307
-12618.625722176053
-11735.356617807505
-7560.673147824502
15000.0
15000.0
15000.0
15000.0
15000.0
15000.0
-11298.701298701304
-10849.197927719877
-10596.820419559994
-2632.9564576987686
15000.0
15000.0
15000.0
-15000.0
-15000.0
-15000.0
-15000.0
-15000.0
-15000.0
-15000.0
-15000.0
15000.0
15000.0
15000.0
15000.0
15000.0
15000.0
15000.0
15000.0
-13373.055515912663
-14338.94243351806
15000.0
15000.0
15000.0
15000.0
-15000.0
-15000.0
-15000.0
-14594.906721942549
-14524.055274854378
-15000.0
-15000.0
-15000.0
15000.0
15000.0
15000.0
15000.0
15000.0
15000.0
15000.0
15000.0
-14686.96225240728
-15000.0
-15000.0
-15000.0
-15000.0
-15000.0
-15000.0
-15000.0
15000.0
15000.0
15000.0
15000.0
15000.0
15000.0
15000.0
15000.0
-14631.223345437505
-15000.0
-15000.0
15000.0
15000.0
15000.0
-13669.210881995568
-13535.126484829845
-13754.22837310666
-12024.352123339737
-13101.041291892008
-13008.981870494881
-15000.0
15000.0
15000.0
15000.0
15000.0
15000.0
15000.0
15000.0
-13424.372530497189
-13297.242879601323
-13121.947562348552
-13292.002463066787
-11417.040281358066
-7786.975569035119
-2144.223918706746
4836.8199698021635
15000.0
15000.0
15000.0
15000.0
10144.13158276334
7003.31206054901
15000.0
-3798.022061620395
-2630.4947393510265
2002.8058143780518
10648.072040278583
954.040103233232
15000.0
-7576.9109782950645
-5575.523337033199
-3962.8500947577604
-5295.7697092884155
-4749.4068301231055
524.8981843634065
9257.222466336612
15000.0
-2535.4466778490496
15000.0
-11235.967422408103
-11066.259161350044
-11391.406970991087
15000.0
15000.0
15000.0
15000.0
-14691.134175315747
-13987.553208795518
-13869.09471304114
-14123.91985538261
-15000.0
-15000.0
-15000.0
15000.0
15000.0
15000.0
15000.0
15000.0
15000.0
15000.0
-14062.673882154773
-15000.0
-15000.0
-15000.0
15000.0
15000.0
15000.0
15000.0
-15000.0
-15000.0
-14265.24210885766
-14585.455749137273
-14509.774477642044
-14372.903216603121
-15000.0
-15000.0
15000.0
15000.0
15000.0
15000.0
15000.0
15000.0
15000.0
15000.0
-15000.0
-15000.0
-15000.0