Demand
15000.0
15000.0
15000.0
15000.0
15000.0
15000.0
15000.0
15000.0
15000.0
15000.0
-15000.0
15000.0
15000.0
15000.0
15000.0
15000.0
-15000.0
-15000.0
-15000.0
-15000.0
15000.0
15000.0
15000.0
15000.0
15000.0
-15000.0
-15000.0
-12586.45024700071
-10299.999831247143
-8698.520018664323
-5854.460700208321
-6707.479490606281
6177.209826308882
15000.0
15000.0
15000.0
15000.0
15000.0
15000.0
-11280.99173553719
-11941.64759725401
-10330.213724580717
-10328.674151077055
-9263.08880693853
-3956.6518094297417
15000.0
15000.0
15000.0
15000.0
15000.0
-15000.0
-14652.393605436253
-14614.83663507031
-13678.251447293613
-13423.122387200914
-12274.154444921896
-12924.840422923295
-15000.0
15000.0
15000.0
15000.0
15000.0
15000.0
15000.0
15000.0
15000.0
-13762.630524256161
-13983.49540368262
-13466.717573112332
-14546.031057755208
-15000.0
-15000.0
-15000.0
15000.0
15000.0
15000.0
15000.0
15000.0
15000.0
-14223.570875090543
15000.0
15000.0
-14669.322921832852
-15000.0
-15000.0
-15000.0
-15000.0
15000.0
15000.0
15000.0
15000.0
15000.0
-13961.963517555632
-13834.302453016917
-14544.744418922732
-15000.0
-13195.32040808595
-15000.0
15000.0
15000.0
15000.0
15000.0
15000.0
15000.0
15000.0
-7897.085931991216
-6510.761777429801
-4562.291709210785
-367.447293884381
15000.0
1819.3274294623698
15000.0
-10090.505349572708
-9852.430824407424
-8877.01751923923
-9568.770069094047
-9491.503548106448
-9305.105292013377
-9434.067769206376
-9995.687800637166
-11399.858796206627
-10455.388444659737
15000.0
15000.0
15000.0
15000.0
15000.0
15000.0
15000.0
-15000.0
-15000.0
-15000.0
-15000.0
-15000.0
15000.0
15000.0
15000.0
15000.0
15000.0
-14682.097044060236
-14632.69838304862
-15000.0
-15000.0
-15000.0
15000.0
15000.0
15000.0
15000.0
15000.0
-13695.016143792382
-12495.1044711289
-10197.451977379478
-10898.271717718882
-11121.728593908621
-9665.432194453751
-6717.89593761279
15000.0
15000.0
-15000.0
15000.0
15000.0
15000.0
15000.0
-15000.0
-15000.0
-15000.0
-14479.734980120007
-15000.0
-15000.0
-15000.0
15000.0
15000.0
15000.0
15000.0
15000.0
15000.0
15000.0
15000.0
15000.0
-15000.0
-15000.0
-15000.0
15000.0
15000.0
15000.0
15000.0
-14678.147939017505
-15000.0
-14528.109993807459
-15000.0
-15000.0
15000.0
15000.0
15000.0
15000.0
15000.0
-15000.0
-15000.0
-15000.0
-15000.0
-15000.0
15000.0
15000.0
15000.0
15000.0
15000.0
15000.0
15000.0
-13775.948460987831
-13042.90522730038
15000.0
15000.0
-15000.0
-15000.0
-15000.0
-15000.0
15000.0
15000.0
15000.0
15000.0
15000.0
-12182.993255606743
-12490.87333822
-12755.100086436938
-13909.434599277749
15000.0
15000.0
15000.0
15000.0
15000.0
-15000.0
-15000.0
-15000.0
-14545.055471306576
-12093.171517342314
-9117.827365261015
-1712.1295226240145
15000.0
15000.0
15000.0
12896.529089295946
15000.0
15000.0
-14090.909090909092
-11990.078941753789
-10176.862719433844
-7855.308620976602
-7188.612306564675
-5873.404974842506
-1112.4958555868343
11722.565380555949
13712.785048224643
7845.372415607345
15000.0
195.66039211021598
15000.0
-10247.359644246804
-9856.51824528303
-8542.857267795658
-7222.632386863483
-3698.311931374187
137.73068199148383
5823.471800733252
13408.291110613238
9780.953373208176
5544.783773860425
15000.0
-11212.121212121212
-5338.98305084746
-6369.050892572344
-7022.437218202285
-6098.385711337544
-5820.804871532262
-5818.692677698994
-6106.346032938028
-4808.821200236009
-3051.6087962855845
600.6716311979017
13229.054527533404
-3115.1672094935784
15000.0
15000.0
15000.0
15000.0
-12759.437345386053
-13282.467902140717
-14247.118988622988
-15000.0
-15000.0
-15000.0
-15000.0
-5586.26020003467
15000.0
15000.0
15000.0
15000.0
15000.0
15000.0
15000.0
15000.0
-15000.0
-15000.0
-15000.0
-11265.356265356277
15000.0
15000.0
15000.0
15000.0
-12857.310026397194
-14024.752564929291
-14647.858014133024
-15000.0
-15000.0
-15000.0
-15000.0
-13683.086508967892
15000.0
15000.0
15000.0
4088.236507406742
15000.0
15000.0
15000.0
15000.0
15000.0
-15000.0
-15000.0
-14206.680584551152
-13591.953148650206
-12003.172546643695
-12355.424811505945
-10420.328928758277
15000.0
15000.0
15000.0
15000.0
15000.0
15000.0
15000.0
-15000.0
-14336.575632871933
-13545.504039761701
-13371.29160568591
-14526.464632039442
-15000.0
-15000.0
-15000.0
15000.0
15000.0
15000.0
15000.0
15000.0
15000.0
15000.0
15000.0
-15000.0
-15000.0
-15000.0
-15000.0
-15000.0
-15000.0
15000.0
15000.0
15000.0
15000.0
15000.0
15000.0
15000.0
-15000.0
15000.0
15000.0
-15000.0
-15000.0
-15000.0
-15000.0
-15000.0
15000.0
15000.0
15000.0
15000.0
15000.0
15000.0
-15000.0
-15000.0
-15000.0
-15000.0
-15000.0
-15000.0
-12902.09790209791
-4395.77039274924
15000.0
15000.0
15000.0
15000.0
15000.0
15000.0
15000.0
15000.0
15000.0
-15000.0
-15000.0
-15000.0
-15000.0
-13498.023715415027
-15000.0
15000.0
15000.0
15000.0
15000.0
15000.0
15000.0
15000.0
-15000.0
-15000.0
-15000.0
-15000.0
15000.0
15000.0
15000.0
15000.0
15000.0
-15000.0
-15000.0
-15000.0
-15000.0
-15000.0
-15000.0
-15000.0
15000.0
15000.0
15000.0
15000.0
15000.0
15000.0
15000.0
15000.0
-15000.0
-15000.0
-15000.0
-15000.0
-15000.0
-15000.0
-15000.0
15000.0
15000.0
15000.0
15000.0
15000.0
15000.0
15000.0
15000.0
-15000.0
-15000.0
15000.0
15000.0
-15000.0
-15000.0
-15000.0
15000.0
15000.0
15000.0
15000.0
-13037.39658552915
-13197.76942162244
-12532.309105769058
-12042.249880920172
-12400.028118326452
-12770.636463791696
15000.0
15000.0
15000.0
15000.0
15000.0
15000.0
-12424.242424242426
-9686.088856518574
-9034.320072079772
-9019.801180295824
-9747.0816761327
-10510.36562358922
-10832.534957255011
-10464.205011967872
-9506.987463246951
-5989.233346488995
15000.0
15000.0
15000.0
15000.0
15000.0
15000.0
15000.0
15000.0
-13155.936590100293
-12220.599527383678
-9859.974830734845
15000.0
15000.0
15000.0
-12363.78089319266
-11932.710434572717
-10621.135765455689
-9772.464046087669
7483.225132688093
15000.0
15000.0
15000.0
15000.0
-11514.730405780992
-9806.867968556897
-7700.665186514121
-6753.761178922675
-5254.138661703921
-3902.0757269987553
-1090.2775797883041
11799.050692763654
15000.0
221.06047975610272
15000.0
15000.0
-14389.861610214852
-14635.918894321145
-13995.978121699234
-12765.879308545344
15000.0
15000.0
15000.0
15000.0
-15000.0
-15000.0
-15000.0
-14131.296197515818
-11749.7138559909
-11271.78146636211
-10756.883900928551
15000.0
15000.0
15000.0
15000.0
15000.0
15000.0
15000.0
-15000.0
-15000.0
-15000.0
15000.0
15000.0
15000.0
15000.0
-15000.0
-15000.0
-15000.0
-15000.0
-15000.0
-15000.0
15000.0
15000.0
15000.0
15000.0
15000.0
15000.0
15000.0
-15000.0
-15000.0
-15000.0
15000.0
15000.0
15000.0
15000.0
15000.0
-12707.605957484426
-11785.792528461134
-11824.015473910942
-9955.669542766493
-9484.081716609147
-9876.446832784095
-8586.333042022918
15000.0
15000.0
15000.0
15000.0
15000.0
15000.0
-13333.333333333334
-11200.000000000004
-10886.350009992675
-10871.652253921275
-11705.96060542412
-13285.738183329158
-14201.94240535333
-15000.0
15000.0
15000.0
15000.0
15000.0
15000.0
15000.0
15000.0
15000.0
-15000.0
15000.0
-15000.0
-15000.0
-15000.0
-14057.851239669428
-13820.626065104454
-10761.758932990357
-5303.079709670426
15000.0
-2586.5754780113593
15000.0
15000.0
15000.0
15000.0
15000.0
15000.0
-15000.0
-14579.192285135938
-13999.368550466399
15000.0
15000.0
15000.0
-15000.0
-15000.0
-15000.0
-15000.0
15000.0
15000.0
15000.0
15000.0
15000.0
15000.0
-15000.0
-15000.0
-15000.0
-15000.0
-15000.0
-15000.0
15000.0
15000.0
15000.0
15000.0
15000.0
15000.0
15000.0
-15000.0
-14624.051885236891
-15000.0
-15000.0
15000.0
15000.0
15000.0
15000.0
-13711.44847239236
-13933.233715860017
-12557.927939210847
-13541.057511672458
-13691.476571533065
-15000.0
15000.0
15000.0
15000.0
15000.0
15000.0
15000.0
15000.0
-13347.107438016534
-13051.619433198386
-12455.962733646233
-11522.929369161619
15000.0
15000.0
15000.0
15000.0
15000.0
-8310.357675111776
-5535.278187208943
-4651.777144236355
-2089.013216278221
-557.5114041903798
-591.9200888330852
-788.8199059841027
601.0355713697309
5474.7213438654
11198.387296602396
3207.380472968811
13239.941544684829
-11515.151515151516
-6169.616454076003
-5083.155360328076
-6751.841403517649
-7274.445054860577
-5994.738348691386
-6202.823065552829
-6028.912387080653
-4827.499470060469
8933.523418017157
13959.673973511985
5826.837720392382
15000.0
15000.0
15000.0
-15000.0
-15000.0
-14451.244670609267
-12132.327104127602
15000.0
10994.740707302428
15000.0
15000.0
15000.0
15000.0
-15000.0
-15000.0
-15000.0
-15000.0
-15000.0
-13087.889969808792
-12160.92444611448
-15000.0
15000.0
15000.0
15000.0
15000.0
15000.0
15000.0
15000.0
15000.0
-14392.992794008023
-14674.087755236553
-14643.132139903686
-14598.750243781127
-15000.0
-15000.0
-15000.0
-15000.0
15000.0
15000.0
15000.0
15000.0
15000.0
15000.0
15000.0
15000.0
-15000.0