Demand
15000.0
15000.0
15000.0
15000.0
15000.0
15000.0
15000.0
15000.0
15000.0
15000.0
15000.0
15000.0
15000.0
15000.0
15000.0
15000.0
15000.0
15000.0
15000.0
15000.0
15000.0
-15000.0
-15000.0
-15000.0
-15000.0
15000.0
15000.0
15000.0
15000.0
-11424.090338770391
-10834.24308305023
-12373.378963933174
-13323.034467186728
-14508.754463385252
-15000.0
-15000.0
-15000.0
15000.0
15000.0
15000.0
15000.0
15000.0
15000.0
15000.0
15000.0
15000.0
15000.0
-14356.295878035009
-15000.0
-15000.0
-15000.0
-13753.062879038363
15000.0
15000.0
15000.0
15000.0
15000.0
15000.0
-15000.0
-15000.0
15000.0
15000.0
-15000.0
-15000.0
-14583.6376917458
-11986.574882743345
-12423.759651838456
-11977.56764146594
-1038.808445610448
15000.0
15000.0
15000.0
15000.0
15000.0
15000.0
15000.0
-14048.792116973935
-14311.50726081488
-14233.597063591613
-14557.944064111827
-14455.959397880739
-14243.740057454004
-13536.687219614028
15000.0
15000.0
15000.0
15000.0
15000.0
15000.0
15000.0
15000.0
-10454.545454545467
15000.0
-14019.720247649624
-14628.393546020172
-15000.0
-13738.843691635277
-15000.0
15000.0
15000.0
15000.0
15000.0
15000.0
15000.0
-8622.377622377622
-7663.163819703397
-6948.514396082464
-6496.97257110322
-6325.6657586186875
-6026.674972853594
-6002.551319851136
-6816.463818753029
-4056.942763044968
-75.39586299188886
10789.199918019389
7996.093300026612
15000.0
7666.9850818393315
15000.0
15000.0
-14393.939393939396
-14283.975818481591
-15000.0
-15000.0
-7601.195360925475
15000.0
15000.0
15000.0
15000.0
15000.0
-15000.0
-15000.0
-15000.0
-15000.0
15000.0
15000.0
15000.0
15000.0
-14178.420673324417
-14435.086672384656
-13793.837744383229
15000.0
15000.0
15000.0
15000.0
15000.0
-15000.0
-15000.0
-13241.795904378381
-12756.313724026211
-8992.045820493775
10020.812470507539
10249.930244855565
15000.0
13487.408347467814
14673.76429435526
31.90779559954899
15000.0
-15000.0
-15000.0
-15000.0
-15000.0
-15000.0
-15000.0
15000.0
15000.0
15000.0
15000.0
15000.0
15000.0
-15000.0
-14195.838109514156
-12402.290274070827
-13388.158982554534
-10831.624325426848
15000.0
15000.0
15000.0
15000.0
15000.0
-15000.0
-15000.0
-15000.0
-14400.665094079865
-15000.0
6429.850898092098
15000.0
15000.0
15000.0
15000.0
15000.0
15000.0
-15000.0
-15000.0
-15000.0
-15000.0
-15000.0
15000.0
15000.0
15000.0
15000.0
15000.0
-15000.0
-15000.0
-15000.0
-15000.0
-15000.0
-15000.0
15000.0
15000.0
15000.0
15000.0
15000.0
15000.0
15000.0
15000.0
-15000.0
-15000.0
-15000.0
-14364.194088120472
-11640.597034353355
15000.0
15000.0
15000.0
15000.0
15000.0
-15000.0
-15000.0
-15000.0
-15000.0
15000.0
15000.0
15000.0
15000.0
15000.0
15000.0
-12439.321145566857
-12463.870710598636
-12381.357026078327
-10806.26673987776
-9236.39684319352
15000.0
15000.0
15000.0
15000.0
15000.0
-9725.095264017422
-9733.517388358894
-9680.095857740394
-8746.574137794138
-7043.89766518549
-5201.179808898014
-3615.6360456808497
-2091.9108904141895
3679.0681341575837
15000.0
15000.0
15000.0
8560.49972816389
15000.0
-7886.115444617786
-6474.420550451374
-4586.832868303499
-944.4351833603268
2866.7293073047786
3688.1188225553124
7928.685191543714
15000.0
-10606.060606060608
-5780.279503105597
-6217.225161722884
-4707.064422550372
-3626.9512253837574
-2291.9789684337993
74.6114386419431
12175.826747817871
9225.420544301756
15000.0
-2049.6670815217985
15000.0
-14372.986563997802
-14319.266290771993
-12731.843743923597
-11997.212371756912
-11447.323105651874
-11759.102184376745
-12999.509583168114
-15000.0
15000.0
15000.0
15000.0
15000.0
15000.0
15000.0
15000.0
15000.0
15000.0
-15000.0
-15000.0
-15000.0
-15000.0
-15000.0
-15000.0
-13333.820520315705
-15000.0
15000.0
15000.0
15000.0
15000.0
15000.0
15000.0
15000.0
15000.0
15000.0
-15000.0
-14617.376294591486
-12453.075907161427
-10644.020548065779
15000.0
15000.0
-15000.0
15000.0
15000.0
15000.0
15000.0
-15000.0
-15000.0
-14216.853675291964
-13637.371881312418
-12209.460840556934
-12737.102052650425
-12255.311244526962
15000.0
15000.0
15000.0
15000.0
15000.0
15000.0
15000.0
15000.0
-14373.92450481456
-13649.146758458664
-13520.729761245395
-14584.457428426518
-15000.0
-15000.0
-15000.0
-15000.0
15000.0
15000.0
15000.0
15000.0
15000.0
15000.0
15000.0
15000.0
-15000.0
-15000.0
-15000.0
-15000.0
-15000.0
-15000.0
-15000.0
-15000.0
15000.0
15000.0
15000.0
15000.0
15000.0
15000.0
15000.0
15000.0
15000.0
-15000.0
-15000.0
-15000.0
-15000.0
-15000.0
-15000.0
-15000.0
-15000.0
15000.0
15000.0
15000.0
15000.0
15000.0
15000.0
15000.0
15000.0
-13558.534903980468
-12860.014161629315
-13328.359454912825
-15000.0
15000.0
15000.0
15000.0
15000.0
15000.0
15000.0
-15000.0
-15000.0
-15000.0
-15000.0
-13777.552722506854
-15000.0
-15000.0
15000.0
15000.0
15000.0
15000.0
15000.0
15000.0
15000.0
-15000.0
-15000.0
-15000.0
-15000.0
-15000.0
-15000.0
15000.0
15000.0
15000.0
15000.0
15000.0
15000.0
15000.0
15000.0
-15000.0
-15000.0
-15000.0
-15000.0
-15000.0
-15000.0
-15000.0
-15000.0
15000.0
15000.0
15000.0
15000.0
15000.0
15000.0
15000.0
15000.0
15000.0
-15000.0
-15000.0
-15000.0
-15000.0
15000.0
15000.0
15000.0
15000.0
-15000.0
-15000.0
-15000.0
-15000.0
-15000.0
15000.0
15000.0
15000.0
15000.0
15000.0
15000.0
-13403.95743886504
-12609.108453576046
-11292.644283008918
2410.607678532303
15000.0
15000.0
15000.0
-14387.802071346377
-14268.43117233783
-11487.372010706298
-3396.906712341478
15000.0
15000.0
15000.0
-12575.757575757576
-10577.799479166668
-11256.045487815765
-11560.519885592497
-11288.953194401784
-10487.031081991525
-6890.500777195655
15000.0
15000.0
15000.0
15000.0
15000.0
15000.0
-14031.667900858127
-14291.794559459868
-12595.127015072238
-11724.893216850614
-10933.87641536733
-11730.830784626265
-9625.907942251684
15000.0
15000.0
15000.0
15000.0
15000.0
15000.0
15000.0
-13462.875292143588
-13261.897768476661
-11249.104367203581
-9011.533548137864
-1930.7199841720685
15000.0
13303.43567813001
8161.613453919239
15000.0
-12878.78787878788
-11636.796105763915
-12123.239628061874
-12650.118037378223
-13247.000961373338
-13464.760507328723
-13719.952548519734
-14079.907570579082
-10973.959238708452
15000.0
15000.0
15000.0
15000.0
15000.0
15000.0
15000.0
15000.0
15000.0
-13065.189956046826
-13242.51496704018
-13818.319908927671
-13610.2302560459
-14411.459240470522
-15000.0
-15000.0
15000.0
15000.0
15000.0
15000.0
15000.0
15000.0
15000.0
-14676.442018555932
-15000.0
-15000.0
-15000.0
-15000.0
-15000.0
-15000.0
15000.0
15000.0
15000.0
15000.0
15000.0
15000.0
15000.0
15000.0
-14270.16645326505
15000.0
15000.0
-15000.0
-15000.0
-15000.0
15000.0
15000.0
15000.0
15000.0
-11827.458256029688
-11665.216835102987
-8959.555557388601
-6158.651786164654
12990.407506127609
11870.531222002784
15000.0
15000.0
15000.0
-12435.801312089974
-11733.667475848844
-9369.39174849895
-8889.114114870368
-5080.78380126454
15000.0
11618.85898640555
15000.0
-7170.5665229757
15000.0
-15000.0
-15000.0
-15000.0
-15000.0
-15000.0
-15000.0
-15000.0
-15000.0
15000.0
15000.0
15000.0
15000.0
15000.0
15000.0
15000.0
15000.0
-13348.082857522557
-12806.205228645631
-13331.072697976815
-14492.519024228652
-15000.0
-15000.0
15000.0
15000.0
15000.0
15000.0
15000.0
15000.0
15000.0
-15000.0
15000.0
15000.0
-15000.0
15000.0
-15000.0
-15000.0
-15000.0
-15000.0
-13983.95721925134
-10324.648469809781
15000.0
15000.0
15000.0
15000.0
15000.0
15000.0
15000.0
-15000.0
-15000.0
-15000.0
-15000.0
-15000.0
15000.0
15000.0
15000.0
15000.0
15000.0
15000.0
-15000.0
-15000.0
-15000.0
-15000.0
-12650.21150266373
-11535.852245529499
-8822.79137420416
15000.0
15000.0
15000.0
15000.0
15000.0
15000.0
15000.0
-15000.0
-15000.0
15000.0
15000.0
-13318.43144374348
-13149.537768026923
-12903.278843032938
-13009.228360577414
-10477.608072018607
-4430.200583819133
9191.777108391121
15000.0
12045.015977104205
15000.0
15000.0
12319.087575251768
7175.017051645635
15000.0
-4554.437657204456
-5189.21659147986
-5104.25013755441
-3529.7672550882635
-1065.631748297601
-2747.5932290712926
-4149.827701602887
-3686.3246615827256
2840.3339269807257
10750.525628529274
3824.0112370853203
15000.0
15000.0
-6889.328063241114
15000.0
15000.0
-10815.923207227552
3707.95449912352
15000.0
-13716.577540106955
-14623.97303560143
-15000.0
-15000.0
15000.0
15000.0
15000.0
15000.0
15000.0
-15000.0
-15000.0
-15000.0
15000.0
15000.0
15000.0
-15000.0
-15000.0
-15000.0
-13284.639498432603
-12296.812804228295
-15000.0
15000.0
15000.0
15000.0
15000.0
15000.0
15000.0
-15000.0
-15000.0
-14196.827578136727
-14523.084536721926
-14378.152338987911
-14001.224069714808
-15000.0
15000.0
15000.0
15000.0
15000.0
15000.0
15000.0
15000.0
-15000.0
-15000.0
-15000.0
-15000.0
-15000.0