Demand
15000.0
15000.0
15000.0
15000.0
15000.0
15000.0
15000.0
15000.0
15000.0
15000.0
15000.0
15000.0
15000.0
15000.0
15000.0
15000.0
15000.0
15000.0
15000.0
15000.0
15000.0
15000.0
15000.0
15000.0
15000.0
15000.0
15000.0
15000.0
-9979.370792433809
-8426.029966273509
-5944.898689658611
-7711.978009045481
-6227.314171047805
15000.0
15000.0
15000.0
15000.0
15000.0
15000.0
15000.0
15000.0
-10711.598746081505
-7695.891936317702
15000.0
15000.0
-12279.885468861845
-13077.658455753488
-14071.487708048415
-15000.0
-15000.0
15000.0
15000.0
15000.0
15000.0
15000.0
15000.0
-14358.288770053481
-15000.0
-15000.0
-15000.0
15000.0
15000.0
15000.0
15000.0
15000.0
-13076.850984067481
-13621.414207184498
-13863.789555790467
-13284.157377284853
-14494.301210152727
-15000.0
-15000.0
-15000.0
15000.0
15000.0
15000.0
15000.0
15000.0
15000.0
15000.0
15000.0
-13919.533312397907
15000.0
15000.0
-15000.0
-15000.0
-15000.0
15000.0
15000.0
15000.0
15000.0
15000.0
-13804.195804195806
15000.0
15000.0
-15000.0
-14341.50893095175
-15000.0
-15000.0
-12478.450657961312
-6511.786649077777
-858.2699189674022
7652.064230310487
12370.451517630088
14696.850661146058
11661.273157485175
11888.553855938444
9446.895308163334
15000.0
-11818.18181818182
-7412.170953858476
-7855.664413774127
-4430.776493171979
4427.050351915943
15000.0
15000.0
-542.0687902981681
15000.0
-11559.356136820927
-12208.972821345757
-13347.561208997573
-13879.362261742004
-15000.0
15000.0
15000.0
15000.0
15000.0
15000.0
-14683.207622072252
-15000.0
-15000.0
-15000.0
15000.0
15000.0
15000.0
15000.0
-15000.0
-15000.0
-14248.835603109204
-14568.892070857335
-14473.974797624913
-15000.0
-15000.0
15000.0
15000.0
15000.0
15000.0
15000.0
15000.0
15000.0
15000.0
-10005.476451259587
-8429.572248626639
15000.0
15000.0
15000.0
-13341.287393784198
-14247.138386259372
-15000.0
-15000.0
-15000.0
15000.0
15000.0
15000.0
15000.0
15000.0
15000.0
-15000.0
-15000.0
15000.0
15000.0
-14268.449197860966
-12798.109100626418
-13838.234081397528
-13948.51377259225
15000.0
15000.0
15000.0
15000.0
15000.0
15000.0
-15000.0
-15000.0
-14535.560470259577
-15000.0
-12467.208609795267
15000.0
15000.0
15000.0
15000.0
15000.0
-15000.0
-15000.0
-15000.0
-15000.0
-15000.0
-15000.0
-15000.0
-15000.0
15000.0
15000.0
15000.0
15000.0
15000.0
15000.0
15000.0
15000.0
-15000.0
-13682.964583522764
-14212.437681156596
15000.0
15000.0
15000.0
15000.0
-15000.0
-15000.0
15000.0
15000.0
15000.0
15000.0
-14311.386288130478
-11664.002383272105
-11703.448311947232
-11036.263105494123
15000.0
15000.0
15000.0
15000.0
15000.0
-15000.0
-15000.0
-15000.0
-15000.0
-13533.447684391085
15000.0
15000.0
15000.0
15000.0
15000.0
15000.0
-13347.634508348798
-13501.446699046548
-13648.104484608168
-11331.963670409015
-5454.703058373601
15000.0
15000.0
15000.0
10924.610070689032
15000.0
-12272.727272727274
-3858.024691358033
15000.0
511.50680329247916
15000.0
-10791.795902319689
-9780.40799830615
-9316.961503996725
-7822.168339707598
-6319.795933106417
-2404.0999283665224
1561.679731514837
6704.444003684111
12972.310531360796
11035.553205123535
5770.610143335805
7843.407472819062
15000.0
-10606.060606060608
-6684.4971795370575
-7103.12789374487
-5760.198748667455
-4733.517499438749
-3257.397351423675
113.21947634917888
15000.0
7870.575565399744
15000.0
15000.0
-14375.973725209486
-14318.224391604595
-14234.840859130014
-12311.891029515256
-11137.790794440767
-9697.769904275556
-8174.839223289268
15000.0
-15000.0
15000.0
15000.0
15000.0
15000.0
15000.0
-12099.732993585232
-11853.137219178552
-11773.731991839257
-11771.51615646252
15000.0
15000.0
15000.0
15000.0
15000.0
-15000.0
-1233.4788976585223
15000.0
15000.0
-15000.0
-14187.802792818471
-10246.95795375829
11735.319997234761
15000.0
15000.0
15000.0
-15000.0
-15000.0
-14618.336337883084
-12821.775454181094
-12432.85502975601
-11751.000050365961
-13106.086670662386
-15000.0
15000.0
15000.0
15000.0
15000.0
15000.0
15000.0
15000.0
15000.0
-13413.729128014846
-13815.28381439305
-13734.557219332353
-15000.0
15000.0
15000.0
15000.0
-15000.0
-15000.0
-15000.0
-15000.0
-13648.83577139513
-10764.359946382658
-3697.158930141556
15000.0
15000.0
15000.0
15000.0
15000.0
15000.0
15000.0
15000.0
-15000.0
-15000.0
-15000.0
-15000.0
-15000.0
-15000.0
15000.0
15000.0
15000.0
15000.0
15000.0
15000.0
15000.0
-15000.0
-14243.530192435304
-14539.201302911413
-15000.0
-15000.0
15000.0
15000.0
15000.0
15000.0
15000.0
15000.0
-15000.0
-15000.0
-15000.0
-15000.0
-15000.0
-15000.0
-15000.0
-15000.0
15000.0
15000.0
15000.0
15000.0
15000.0
15000.0
15000.0
15000.0
15000.0
-15000.0
-15000.0
-15000.0
-15000.0
-15000.0
-15000.0
-15000.0
-15000.0
15000.0
15000.0
15000.0
15000.0
15000.0
15000.0
15000.0
15000.0
15000.0
-15000.0
-15000.0
-15000.0
-15000.0
-15000.0
-15000.0
15000.0
15000.0
15000.0
15000.0
15000.0
15000.0
15000.0
-15000.0
-15000.0
-15000.0
-15000.0
-15000.0
-15000.0
15000.0
15000.0
15000.0
15000.0
15000.0
15000.0
-15000.0
-15000.0
-15000.0
-15000.0
-15000.0
-15000.0
-15000.0
15000.0
15000.0
15000.0
15000.0
15000.0
15000.0
15000.0
15000.0
-15000.0
-15000.0
-15000.0
15000.0
15000.0
15000.0
-15000.0
-15000.0
15000.0
15000.0
15000.0
-13779.31256023129
-13038.354046371438
-12871.919274844131
-13034.135448027242
-12289.907566233305
-11730.179874744423
-12112.83837235784
-12540.039397886776
717.6026418773026
15000.0
15000.0
15000.0
15000.0
15000.0
15000.0
15000.0
-9619.22893860067
-9641.295064847662
-10328.539010249802
-11046.292179853972
-11378.746997272163
-11132.23494942117
-10445.654464863885
-7916.902222010736
15000.0
15000.0
15000.0
15000.0
15000.0
15000.0
15000.0
-14381.890475329841
-12960.700490500261
-12329.538751642056
-11881.219250665785
-12760.09707329691
-12432.484127731092
1791.314672834349
15000.0
15000.0
15000.0
15000.0
15000.0
15000.0
-13294.207621201043
-13015.47690641429
-10497.610890291424
-7127.014411230677
6336.194290686831
15000.0
15000.0
8615.446038034544
15000.0
-12878.78787878788
-11373.386656971463
-11444.34154669958
-11094.692857671449
-6756.918757018975
15000.0
15000.0
15000.0
15000.0
-14331.378299120235
-14616.358106295556
-14527.850301567538
-15000.0
-15000.0
15000.0
15000.0
15000.0
15000.0
15000.0
15000.0
-14032.038944865846
-13902.703708682588
-14561.579912102468
-15000.0
-15000.0
15000.0
15000.0
15000.0
15000.0
15000.0
15000.0
-15000.0
-14575.840257968495
-15000.0
-15000.0
15000.0
15000.0
15000.0
15000.0
-15000.0
-15000.0
-15000.0
-9468.056372042854
15000.0
15000.0
15000.0
15000.0
15000.0
-15000.0
-15000.0
-15000.0
-15000.0
-15000.0
-15000.0
-5970.682075569894
15000.0
15000.0
15000.0
14261.83816300541
15000.0
9905.10078976511
15000.0
15000.0
-14242.424242424244
-13013.937282229967
-12841.229076365558
-11800.703871085509
-10893.89584505179
-7940.073066876077
-7593.685519091243
-4519.269641676601
3770.772348029842
15000.0
6450.126457323804
15000.0
15000.0
15000.0
15000.0
15000.0
-15000.0
15000.0
15000.0
-15000.0
-15000.0
-15000.0
-15000.0
-15000.0
15000.0
15000.0
15000.0
15000.0
15000.0
15000.0
15000.0
-13743.801652892562
-14655.030640601646
-15000.0
-15000.0
-15000.0
-15000.0
15000.0
15000.0
15000.0
15000.0
15000.0
15000.0
15000.0
-15000.0
-15000.0
-15000.0
-15000.0
-15000.0
-15000.0
-15000.0
-10444.55544455548
15000.0
15000.0
15000.0
15000.0
15000.0
15000.0
15000.0
15000.0
-15000.0
-15000.0
-15000.0
-15000.0
-15000.0
-15000.0
-15000.0
15000.0
15000.0
15000.0
15000.0
15000.0
15000.0
15000.0
-15000.0
-13518.673398980365
-13350.768880004845
-13576.662999815493
-11527.377503012824
-12722.058653474127
-12454.367080596356
-15000.0
15000.0
15000.0
15000.0
15000.0
15000.0
15000.0
15000.0
15000.0
-11026.917202014578
15000.0
15000.0
-12723.102585487908
-11102.4677869378
-9524.452462540932
-8840.647423659499
-7278.972376944217
-1649.019305249235
6971.712219446998
9320.909442095886
13789.464954152692
10538.163162318822
6902.437140095108
6561.076452177019
14440.946423346057
-10000.000000000002
-1063.0572662928644
-2654.394268807733
-3858.536088825217
-2764.733326302853
7431.420274048631
14805.971907609295
-2915.2972668282855
15000.0
-8554.698016692098
-9162.083911198984
-9755.34627228419
-10335.655194366289
-9084.36601898646
-9300.58985926671
-8079.42809838766
-4237.873514632036
15000.0
15000.0
15000.0
15000.0
15000.0
-14085.561497326205
-14023.700315738522
-14294.838046518624
-15000.0
-15000.0
-15000.0
-15000.0
-15000.0
-15000.0
15000.0
15000.0
15000.0
15000.0
15000.0
15000.0
15000.0
15000.0
-15000.0
-15000.0
-15000.0
-15000.0
-15000.0
-15000.0
15000.0
15000.0
15000.0
15000.0
15000.0
15000.0
15000.0
-15000.0
-15000.0
15000.0
15000.0
15000.0
-15000.0
-15000.0
-15000.0
15000.0
15000.0