Demand
15000.0
15000.0
15000.0
15000.0
15000.0
15000.0
15000.0
15000.0
15000.0
15000.0
15000.0
15000.0
15000.0
15000.0
15000.0
15000.0
15000.0
15000.0
15000.0
15000.0
-15000.0
-15000.0
-15000.0
-15000.0
15000.0
15000.0
15000.0
15000.0
15000.0
15000.0
15000.0
15000.0
15000.0
-14618.422814299105
-15000.0
15000.0
15000.0
15000.0
15000.0
-11152.115211521159
-11815.0987365357
-10085.285109871544
-10005.14296151981
-8656.971609795695
-1399.6974169380555
15000.0
15000.0
15000.0
15000.0
15000.0
-15000.0
-14620.57816660327
-14497.175619126134
-12244.276671090654
15000.0
15000.0
15000.0
15000.0
15000.0
-15000.0
-15000.0
-15000.0
-15000.0
15000.0
15000.0
15000.0
15000.0
-13991.150442477876
-13480.963042545416
-14551.494897759327
-15000.0
-15000.0
-15000.0
15000.0
15000.0
15000.0
15000.0
15000.0
15000.0
-14248.635437326342
15000.0
15000.0
-14655.4048865039
-15000.0
15000.0
15000.0
15000.0
-15000.0
-14130.931961120645
-13927.214403238606
15000.0
15000.0
15000.0
-13960.408660277259
-14419.920775407885
15000.0
15000.0
15000.0
-15000.0
-12876.304023845012
-7462.249546271931
-202.22993897414563
15000.0
11191.604223784532
15000.0
2975.584573083721
15000.0
-7351.968886728247
-7236.195751027379
-7008.622491733703
-7022.924018914779
-7767.329817125678
-5330.298264019296
-1497.7092540328022
10859.032521696765
8351.793566484612
15000.0
8491.350010986764
15000.0
15000.0
-13703.387765049967
-14294.910060490292
-15000.0
-15000.0
-12678.447330322659
-11768.573225644875
-8906.507127870707
15000.0
15000.0
15000.0
15000.0
15000.0
15000.0
15000.0
15000.0
-15000.0
-15000.0
-15000.0
-13753.871379121887
-13486.670376877235
15000.0
15000.0
15000.0
15000.0
15000.0
-15000.0
-15000.0
-15000.0
-11074.380165289258
15000.0
15000.0
15000.0
15000.0
15000.0
-12780.126849894295
-12960.58946417481
-13144.820580524527
-14167.97196505158
-15000.0
-15000.0
-15000.0
-15000.0
15000.0
15000.0
15000.0
15000.0
15000.0
15000.0
15000.0
15000.0
-15000.0
-14219.717331749314
-12656.664844750594
-13780.388594693835
-13968.654045017127
-15000.0
15000.0
15000.0
15000.0
15000.0
15000.0
15000.0
-15000.0
-14640.228159228103
-15000.0
-14545.012930178418
-14456.333073213482
-15000.0
-13887.893481377298
-15000.0
15000.0
15000.0
15000.0
15000.0
15000.0
15000.0
15000.0
15000.0
15000.0
-15000.0
-15000.0
-15000.0
-15000.0
-15000.0
15000.0
15000.0
15000.0
15000.0
15000.0
15000.0
-15000.0
-15000.0
-15000.0
-15000.0
-15000.0
15000.0
15000.0
15000.0
15000.0
15000.0
15000.0
-12571.971176032093
-13062.595391407362
-13601.519054793185
-14611.535683302172
-15000.0
-15000.0
-15000.0
-15000.0
15000.0
15000.0
15000.0
15000.0
15000.0
15000.0
15000.0
15000.0
-12814.89594742607
-12710.234010115433
-11003.154105752863
-3325.3049874851495
15000.0
15000.0
15000.0
-12222.523010286954
-10616.239478389554
-8630.130903444522
-8198.978842582394
-7345.224684683446
-4092.1217579823387
4562.1914600655555
15000.0
8433.496154108396
15000.0
-1042.662246410695
15000.0
-10382.538253825383
-9926.579935888258
-8450.323437234121
-6698.543329783516
-1644.1404550552752
5986.4757885752015
15000.0
8153.515010043553
14488.399571574002
-10757.575757575758
-6483.14168778016
-4900.790748536333
-2039.683945034023
-2634.315669262989
-2150.1808389961943
2693.7277577405976
8206.14869322082
11115.898144255709
8562.860702810407
15000.0
-12878.78787878788
-11239.504198320672
-12664.645515654596
-14032.307308863092
-13514.905750721999
-9466.014625987507
15000.0
15000.0
15000.0
15000.0
15000.0
-15000.0
-15000.0
-15000.0
-15000.0
-13956.439024314153
-11030.734238112349
-8578.570098467051
-5549.0534945405625
11824.896360148854
-841.3913907718234
15000.0
15000.0
15000.0
15000.0
15000.0
15000.0
15000.0
-15000.0
-14655.038257035405
-15000.0
-14126.00470660804
-11342.456478999102
-13033.694692810874
-14009.860449550331
-15000.0
15000.0
15000.0
15000.0
15000.0
15000.0
15000.0
15000.0
15000.0
-15000.0
15000.0
15000.0
-15000.0
-15000.0
-15000.0
15000.0
15000.0
15000.0
15000.0
-14061.406518010292
-14329.561617481759
-15000.0
-15000.0
-15000.0
-15000.0
-15000.0
-15000.0
15000.0
15000.0
15000.0
15000.0
15000.0
15000.0
15000.0
15000.0
15000.0
-15000.0
-15000.0
-15000.0
-15000.0
-15000.0
15000.0
15000.0
15000.0
15000.0
15000.0
15000.0
-15000.0
-15000.0
15000.0
15000.0
-15000.0
-15000.0
-15000.0
-13472.191199463934
-11856.342196481673
15000.0
15000.0
15000.0
15000.0
15000.0
15000.0
15000.0
-15000.0
-15000.0
-15000.0
-15000.0
-15000.0
-15000.0
-15000.0
-15000.0
15000.0
15000.0
15000.0
15000.0
15000.0
15000.0
15000.0
15000.0
-13301.838610827377
-13885.543873820363
-15000.0
-15000.0
-15000.0
-15000.0
-15000.0
15000.0
15000.0
15000.0
15000.0
15000.0
15000.0
15000.0
15000.0
-15000.0
15000.0
15000.0
-15000.0
-15000.0
-15000.0
-15000.0
-15000.0
-15000.0
-15000.0
15000.0
15000.0
15000.0
15000.0
15000.0
15000.0
15000.0
15000.0
-15000.0
-15000.0
-15000.0
-15000.0
-15000.0
-15000.0
-15000.0
15000.0
15000.0
15000.0
15000.0
15000.0
15000.0
15000.0
15000.0
-15000.0
-15000.0
-15000.0
-15000.0
-15000.0
15000.0
15000.0
15000.0
15000.0
15000.0
15000.0
-15000.0
-15000.0
15000.0
15000.0
-15000.0
-15000.0
-15000.0
-15000.0
-15000.0
-14186.527757956334
-13467.288448414554
15000.0
15000.0
15000.0
15000.0
15000.0
15000.0
15000.0
15000.0
15000.0
-14359.830286391716
-14261.255961157432
-14080.212372023718
-10239.853666019633
3345.872775592692
15000.0
15000.0
15000.0
7644.210692324185
15000.0
-11652.572233967585
-12001.264256875245
-11900.913376416724
-11543.676192864332
-10247.171237861792
15000.0
15000.0
15000.0
6117.852260370037
15000.0
15000.0
-14034.443817052514
-14258.420871610026
-12225.658527300842
-10409.375892997086
-5165.832418082341
15000.0
15000.0
15000.0
15000.0
15000.0
-11545.454545454551
-7914.224826851401
15000.0
15000.0
-13473.864151254274
-13348.334946243325
-11709.90803176372
-10457.204398189959
-7747.230603741831
-3831.075663720986
-950.2374496372377
4136.186124633696
8827.80605217872
10346.497996502596
10303.478225448082
15000.0
15000.0
-14393.939393939396
-13962.732683777533
-14248.1888381573
-14581.702919143987
-14035.646268209966
-13833.434867299326
-14226.977820218042
-13717.9369244796
-15000.0
15000.0
15000.0
15000.0
15000.0
15000.0
15000.0
15000.0
15000.0
15000.0
-14603.487316597082
-15000.0
-15000.0
15000.0
15000.0
15000.0
15000.0
15000.0
-15000.0
-15000.0
15000.0
15000.0
15000.0
-15000.0
-15000.0
-15000.0
-15000.0
-15000.0
-15000.0
-15000.0
-10542.521994134906
15000.0
15000.0
15000.0
15000.0
15000.0
15000.0
15000.0
15000.0
-15000.0
-15000.0
15000.0
15000.0
-12788.72776760993
-11857.65313141359
-9424.227768747849
-5722.329383488516
15000.0
15000.0
15000.0
15000.0
15000.0
-13064.077889731692
-12916.427745651585
-11956.72959133119
-11176.08179350035
-8640.07558333845
-8635.632059106676
-6807.2728013705855
-2922.5200711590833
5937.185346499732
15000.0
-3884.8924124252226
15000.0
15000.0
15000.0
15000.0
15000.0
-15000.0
-15000.0
-15000.0
-15000.0
-15000.0
-15000.0
-15000.0
15000.0
15000.0
15000.0
15000.0
15000.0
15000.0
15000.0
15000.0
-14692.898961962575
-15000.0
-15000.0
-15000.0
-15000.0
-15000.0
-15000.0
-15000.0
15000.0
15000.0
15000.0
15000.0
15000.0
15000.0
15000.0
15000.0
-15000.0
-15000.0
-15000.0
-14098.817212817994
15000.0
15000.0
15000.0
15000.0
15000.0
-15000.0
-15000.0
-15000.0
-15000.0
-15000.0
-15000.0
15000.0
15000.0
15000.0
15000.0
15000.0
15000.0
15000.0
-15000.0
-15000.0
-15000.0
-15000.0
15000.0
15000.0
15000.0
15000.0
-12931.868574884098
-13876.179994144073
-14161.824947791549
-15000.0
-15000.0
-15000.0
-15000.0
15000.0
15000.0
15000.0
15000.0
15000.0
15000.0
15000.0
15000.0
15000.0
-11109.21501706485
-7452.483838479493
15000.0
8992.392238724566
15000.0
-5661.205383265067
-4801.386062485998
-2291.794975719411
-795.1299851805215
-833.1715489305498
-1032.3767747801248
322.7155212703983
5120.770570771481
10986.137124630583
3265.337363805551
13191.040315102562
-11515.151515151516
-5815.856777493608
-4693.372711027983
-6440.762825719122
-7008.397409692043
-5743.617646242618
-6061.306089493919
-6104.499300062832
-5505.230186283727
2989.654749915324
14523.793021583966
5141.192295169228
15000.0
15000.0
15000.0
15000.0
-15000.0
-14654.737267174809
-13831.117693689841
-13629.464376198703
-13845.470756843308
-15000.0
-15000.0
15000.0
15000.0
15000.0
15000.0
15000.0
15000.0
15000.0
-13931.670141119455
-13151.008529361527
15000.0
15000.0
15000.0
-15000.0
-15000.0
-15000.0
-15000.0
-15000.0
-15000.0
-9780.90255068674
15000.0
15000.0
15000.0
15000.0
15000.0
15000.0
15000.0
-15000.0
15000.0
15000.0
-15000.0
-15000.0
-15000.0
-15000.0
-15000.0
15000.0