Demand
15000.0
15000.0
15000.0
15000.0
15000.0
15000.0
15000.0
15000.0
15000.0
15000.0
15000.0
15000.0
15000.0
15000.0
15000.0
15000.0
15000.0
15000.0
-15000.0
-15000.0
15000.0
15000.0
15000.0
15000.0
15000.0
15000.0
15000.0
15000.0
15000.0
15000.0
15000.0
15000.0
15000.0
15000.0
15000.0
-15000.0
-15000.0
-15000.0
15000.0
15000.0
15000.0
-11196.83069224354
-11645.86415021001
-11757.492698329432
-11451.552852002384
-11464.45662038818
-12421.550338952835
-13692.631536780558
-15000.0
-15000.0
15000.0
15000.0
15000.0
15000.0
15000.0
15000.0
15000.0
15000.0
-15000.0
15000.0
-15000.0
-15000.0
-15000.0
15000.0
15000.0
15000.0
15000.0
-13253.319713993871
15000.0
-14683.874174740904
-15000.0
-15000.0
-15000.0
-15000.0
-15000.0
-15000.0
15000.0
15000.0
15000.0
15000.0
15000.0
15000.0
15000.0
15000.0
15000.0
-15000.0
-15000.0
-15000.0
15000.0
15000.0
15000.0
15000.0
-13986.366330764671
-13854.049434886132
-14546.170790687225
-15000.0
-12920.099526453243
-15000.0
15000.0
15000.0
15000.0
15000.0
15000.0
15000.0
-8363.041124014933
-7078.230086627027
-5862.683717296136
-4644.579697296084
-3241.1691630138057
-442.0391993902558
4919.796658146636
13166.276705671748
11795.370850420732
15000.0
-12272.727272727274
11760.563380281836
15000.0
-13030.303030303032
-10598.234881155353
-10953.250186590289
-11748.8427764359
14972.6128524112
-15000.0
15000.0
15000.0
15000.0
-13687.268141975954
-13927.036612832722
-14599.786335608795
-15000.0
-15000.0
-15000.0
-15000.0
15000.0
15000.0
15000.0
15000.0
15000.0
15000.0
15000.0
15000.0
-15000.0
-15000.0
-15000.0
-15000.0
-15000.0
15000.0
15000.0
15000.0
15000.0
15000.0
15000.0
-11738.715829624925
-9157.9763787993
15000.0
15000.0
-13319.77361160241
-14234.939287113204
-15000.0
-15000.0
-15000.0
15000.0
15000.0
15000.0
15000.0
15000.0
15000.0
-15000.0
-15000.0
-15000.0
-15000.0
-13835.546475995921
-10611.183565945808
-10976.565364276146
15000.0
15000.0
15000.0
15000.0
15000.0
15000.0
15000.0
-15000.0
-15000.0
-14564.55309396486
-15000.0
-14188.699443225112
-12964.641000567433
15000.0
15000.0
15000.0
15000.0
15000.0
15000.0
15000.0
-15000.0
-15000.0
-15000.0
-15000.0
-15000.0
-15000.0
-15000.0
-15000.0
15000.0
15000.0
15000.0
15000.0
15000.0
15000.0
15000.0
15000.0
-15000.0
-15000.0
-15000.0
-15000.0
-15000.0
15000.0
15000.0
15000.0
15000.0
15000.0
15000.0
-12158.701476727525
-12565.508780411408
-13014.495928739154
-14296.738624667512
-15000.0
15000.0
15000.0
15000.0
15000.0
15000.0
15000.0
-15000.0
-12199.017199017188
15000.0
15000.0
-12225.136917586304
-12241.768353204858
-12150.918034243688
-10493.97533427721
-9302.70373526257
15000.0
15000.0
15000.0
15000.0
15000.0
15000.0
15000.0
-12727.272727272728
-9760.628111834547
-8653.495438372844
-7690.763434488655
-7286.646829544974
-7546.341535714757
-7459.118632024699
-2415.85433340133
15000.0
10350.819366118525
15000.0
11786.35870790969
15000.0
-11363.636363636366
-5447.673737255365
-3208.410521346803
-1564.6653198389322
-2409.920489235382
-3468.373247049003
153.71726528863655
6862.441335327133
5652.127095190321
8693.414105227414
15000.0
735.2438882094411
15000.0
-4124.579124579148
15000.0
15000.0
-11447.016918967056
-12921.414321075812
-14235.249998492352
-14118.273571776022
-13921.54391547247
-10567.335836470585
-6460.128925815276
11684.853294610424
12102.342077958581
6302.40048852215
15000.0
15000.0
15000.0
15000.0
15000.0
-12930.72152473151
-12126.391701184588
-11752.053472212316
-11152.717534655105
15000.0
15000.0
15000.0
15000.0
15000.0
-15000.0
-15000.0
-13570.532915360509
15000.0
15000.0
15000.0
15000.0
-11141.19922630562
15000.0
15000.0
-15000.0
-15000.0
-15000.0
-15000.0
-14521.410579345094
-11967.767403680493
-10737.260407022266
-6827.384689082785
15000.0
-15000.0
15000.0
15000.0
15000.0
15000.0
15000.0
15000.0
-13240.266299531158
15000.0
15000.0
-13871.001945392203
-14020.323636516987
-15000.0
15000.0
15000.0
15000.0
15000.0
15000.0
-15000.0
-15000.0
-13970.986460348166
-11681.2535421951
-313.23589747036567
15000.0
15000.0
15000.0
15000.0
15000.0
-15000.0
-15000.0
-15000.0
-15000.0
-15000.0
-15000.0
15000.0
15000.0
15000.0
15000.0
15000.0
15000.0
-15000.0
-15000.0
-15000.0
-15000.0
15000.0
15000.0
15000.0
15000.0
15000.0
-15000.0
-15000.0
-15000.0
-15000.0
-15000.0
-15000.0
15000.0
15000.0
15000.0
15000.0
15000.0
15000.0
15000.0
-15000.0
-15000.0
15000.0
15000.0
15000.0
-15000.0
-14132.750095093194
-12674.402724549112
-9959.295628933003
15000.0
-15000.0
15000.0
15000.0
15000.0
15000.0
-15000.0
-15000.0
-15000.0
-15000.0
15000.0
15000.0
15000.0
15000.0
-15000.0
15000.0
15000.0
-15000.0
-15000.0
-15000.0
-15000.0
-15000.0
-15000.0
15000.0
15000.0
15000.0
15000.0
15000.0
15000.0
15000.0
-15000.0
-15000.0
-15000.0
-15000.0
-15000.0
15000.0
15000.0
15000.0
15000.0
15000.0
15000.0
-15000.0
-15000.0
-15000.0
-15000.0
-15000.0
-15000.0
15000.0
15000.0
15000.0
15000.0
15000.0
15000.0
-15000.0
-15000.0
-15000.0
-15000.0
-15000.0
-15000.0
15000.0
15000.0
15000.0
15000.0
15000.0
15000.0
15000.0
-15000.0
-14659.836880843446
-14617.418302887629
-13201.131232820178
-11631.72559577267
-10281.613153904324
-7409.4777838420805
15000.0
15000.0
15000.0
15000.0
15000.0
15000.0
15000.0
-14299.754299754302
-11726.186516226044
-5023.144487644725
15000.0
15000.0
15000.0
-12575.757575757576
-10823.440307182867
-11600.227366877883
-12073.314580157123
-12183.74529621454
-12265.683749141703
-12295.109978352502
-10812.576421453068
-7716.639139894698
2523.7213898247437
15000.0
15000.0
7040.72937691279
15000.0
15000.0
15000.0
15000.0
15000.0
-13763.078353871195
-13998.608501619612
-12789.112880195877
-11673.283338343816
-11113.55907066774
-9541.559364979697
-9067.959916214935
-3179.4086801128806
15000.0
15000.0
15000.0
15000.0
15000.0
15000.0
-12121.212121212122
-8671.847610143748
-8109.493949256612
-8107.875124171762
-8310.093295158349
-8697.951121098959
-5713.146665157423
15000.0
15000.0
15000.0
15000.0
15000.0
-14386.767079074772
-14326.635465022071
-14618.610198297592
-14543.23529883318
-15000.0
-15000.0
-15000.0
15000.0
15000.0
15000.0
15000.0
15000.0
15000.0
-13830.313742506907
-14506.195608523962
-15000.0
-15000.0
15000.0
15000.0
15000.0
15000.0
15000.0
-15000.0
-15000.0
-14448.14536817982
-15000.0
-15000.0
15000.0
15000.0
15000.0
15000.0
15000.0
15000.0
-15000.0
-14635.572244564228
-13765.116151384478
-12108.334133075983
-12627.57427188239
-13330.599528709896
-13241.596723658906
15000.0
15000.0
15000.0
15000.0
15000.0
15000.0
15000.0
15000.0
-12698.43101061375
-11669.459970768261
-11531.747878720726
-8896.69459919352
-6846.542944045981
-1288.5024086357826
15000.0
15000.0
15000.0
15000.0
15000.0
-11931.818181818184
-10001.77999288003
-10085.979097837811
-8784.822315490132
-5777.44132811364
4339.903324977296
15000.0
15000.0
-6670.3824839681065
15000.0
15000.0
-15000.0
-15000.0
-15000.0
-15000.0
-15000.0
-15000.0
-15000.0
-15000.0
15000.0
15000.0
15000.0
15000.0
15000.0
15000.0
15000.0
15000.0
15000.0
-14679.069809885226
-15000.0
-15000.0
-15000.0
-15000.0
-15000.0
-15000.0
-15000.0
15000.0
15000.0
15000.0
15000.0
15000.0
15000.0
15000.0
15000.0
15000.0
-15000.0
-15000.0
-14638.024522495238
-14591.748831451569
-14519.303986079638
-15000.0
-15000.0
-15000.0
15000.0
15000.0
15000.0
15000.0
15000.0
15000.0
15000.0
15000.0
-15000.0
-15000.0
15000.0
15000.0
15000.0
-15000.0
-15000.0
-15000.0
15000.0
15000.0
15000.0
15000.0
15000.0
-13108.64848768452
-13973.084786443622
-14232.978295033536
-15000.0
-15000.0
-15000.0
-15000.0
15000.0
15000.0
15000.0
15000.0
15000.0
15000.0
15000.0
-12906.595926364269
15000.0
-11298.455119028375
-9845.210009522918
-9264.452895139813
-7921.189266183985
-3024.241016049754
4477.282586601618
7457.386401864682
12920.883320982643
10571.691950757167
6902.516367545135
6561.072070862648
14440.957389803065
-10000.000000000002
-2059.6435328089246
-3820.241684098899
-5491.87078954423
-5935.6867942238205
-3152.022111921746
-741.893072113051
-2191.740622041627
-698.1753171035507
8738.76353478184
9987.920126424902
13345.029171753777
2283.767969047297
15000.0
-11514.472075010195
-11485.324411386537
-12119.234796535886
15000.0
15000.0
15000.0
15000.0
-14688.77968877969
-13969.598896120435
-13830.548480338897
-14067.85646487619
-15000.0
-15000.0
15000.0
15000.0
15000.0
15000.0
15000.0
15000.0
15000.0
-14067.645669005124
-13996.89587598207
-15000.0
-15000.0
-15000.0
-15000.0
-15000.0
-15000.0
15000.0
15000.0
15000.0
15000.0
15000.0
15000.0
15000.0
15000.0
-15000.0
-15000.0
-15000.0
-15000.0
15000.0
15000.0
15000.0
15000.0
15000.0
-15000.0
-15000.0
-15000.0