Demand
-15000.0
-15000.0
15000.0
15000.0
15000.0
15000.0
15000.0
15000.0
15000.0
15000.0
15000.0
15000.0
15000.0
15000.0
-15000.0
-15000.0
-15000.0
-15000.0
15000.0
15000.0
15000.0
15000.0
15000.0
-15000.0
-15000.0
-15000.0
-15000.0
-11450.8094645081
-6881.714835722294
-969.6289285998264
15000.0
224.06867159322883
15000.0
15000.0
15000.0
15000.0
15000.0
15000.0
-15000.0
-10760.330578512403
-11575.050874380388
-9958.36717068855
-10285.153087430954
-10022.31961076564
-8742.992003346226
-7140.092733379061
-5675.10604570377
15000.0
15000.0
15000.0
15000.0
15000.0
15000.0
15000.0
15000.0
-13639.347523373784
-14206.240469235021
-15000.0
-15000.0
-15000.0
15000.0
15000.0
15000.0
15000.0
15000.0
-13041.772711050951
-13592.637579029255
-13835.83358980453
-13232.466187035334
-14474.823500260933
-15000.0
-15000.0
-15000.0
15000.0
15000.0
15000.0
15000.0
15000.0
15000.0
15000.0
15000.0
-14577.762168343783
-14350.89325454133
-15000.0
15000.0
15000.0
15000.0
15000.0
-14153.210759512876
-14011.123151149644
15000.0
15000.0
15000.0
-14089.188035159823
-14672.651931072109
-15000.0
-14172.468677624594
-15000.0
-15000.0
-9258.77425303854
15000.0
15000.0
15000.0
15000.0
15000.0
11990.17283821807
8758.83326660316
15000.0
-8254.437869822483
-8288.449083273557
-8614.537965278174
-9624.686527508547
-8729.73477745544
-7997.335715450578
-5893.2653283207355
-5903.932496694688
-3596.229721820622
2323.7916016495874
15000.0
3672.908273405057
15000.0
15000.0
15000.0
15000.0
-13728.388176240936
-13514.168481967125
-13090.927502856215
-12653.14987158322
-2006.7769914540759
15000.0
15000.0
15000.0
15000.0
-15000.0
-15000.0
15000.0
15000.0
-15000.0
-11430.954468519409
15000.0
15000.0
-15000.0
-15000.0
-15000.0
-15000.0
-15000.0
-15000.0
-15000.0
15000.0
15000.0
15000.0
15000.0
15000.0
15000.0
15000.0
15000.0
15000.0
-14349.834607049164
-15000.0
-15000.0
15000.0
15000.0
15000.0
15000.0
15000.0
-15000.0
-14293.38842975207
15000.0
15000.0
15000.0
-15000.0
-14281.83756541966
-12983.972887365151
-14067.995272202657
-14418.94488975389
-15000.0
-15000.0
15000.0
15000.0
15000.0
15000.0
15000.0
15000.0
15000.0
15000.0
-14653.390088172699
-14577.216969865356
-15000.0
-13550.71127969944
15000.0
15000.0
15000.0
15000.0
15000.0
-15000.0
-15000.0
-15000.0
-15000.0
-15000.0
-15000.0
15000.0
15000.0
15000.0
15000.0
15000.0
15000.0
15000.0
-15000.0
-13109.97513125173
3189.7248536970483
15000.0
15000.0
15000.0
-15000.0
15000.0
-15000.0
-15000.0
-15000.0
-15000.0
-14110.4174795162
-9591.860478644852
15000.0
15000.0
15000.0
15000.0
15000.0
15000.0
15000.0
-15000.0
-15000.0
-15000.0
-15000.0
-15000.0
-12481.060606060622
15000.0
15000.0
15000.0
15000.0
15000.0
15000.0
15000.0
-13758.845944474691
-13994.647195884576
-12778.705357151604
-11236.058385375425
-8667.890109793072
-5015.235515380219
-3278.3819386684336
220.14842908763967
11321.686442509857
15000.0
11779.858654248026
10357.795643544827
12070.005303812273
10882.214061159018
15000.0
-10274.937828129317
-9706.595380561455
-7916.939129469731
-5383.410550967802
3053.2188655493073
15000.0
8150.362366506586
15000.0
-10151.515151515152
-5463.417872792463
-6606.83858191007
-4807.272995974879
-1418.4573922180743
-1412.2227441281202
745.9032226281943
13130.496110242982
6552.113169669873
15000.0
-12424.242424242426
-8986.548859290524
-8023.083149359484
-3856.5832232756584
15000.0
15000.0
15000.0
-14322.63814616756
-12694.787301108994
-11839.747155356414
-11008.658188529469
-10787.428639494185
-10446.31828618747
15000.0
15000.0
15000.0
15000.0
15000.0
15000.0
-12760.942760942762
-12778.14443195529
-13123.816704879002
-14242.961906739005
-15000.0
15000.0
15000.0
15000.0
15000.0
-15000.0
-5245.416983464336
15000.0
15000.0
15000.0
-14164.476819773528
15000.0
15000.0
-14655.005447282412
-15000.0
-15000.0
15000.0
15000.0
15000.0
-13181.711218430191
-12784.631964874337
-11902.781507482257
-12345.71883718438
15000.0
15000.0
15000.0
15000.0
15000.0
-15000.0
15000.0
15000.0
-14059.987631416203
-13171.21423293143
-13609.041259024787
-13495.499767541296
-15000.0
15000.0
15000.0
15000.0
15000.0
-15000.0
-15000.0
-15000.0
-10137.754418444849
15000.0
15000.0
15000.0
15000.0
15000.0
-15000.0
-15000.0
-15000.0
-15000.0
-15000.0
-15000.0
-15000.0
-15000.0
15000.0
15000.0
15000.0
15000.0
15000.0
15000.0
15000.0
15000.0
-15000.0
-15000.0
-15000.0
-14057.07362205796
-14409.648604109989
-15000.0
-15000.0
15000.0
15000.0
15000.0
15000.0
15000.0
15000.0
15000.0
15000.0
-15000.0
-15000.0
-15000.0
15000.0
15000.0
15000.0
15000.0
-15000.0
-15000.0
-15000.0
-15000.0
1715.5425219939743
15000.0
15000.0
15000.0
15000.0
15000.0
-15000.0
-15000.0
-15000.0
-15000.0
-15000.0
-15000.0
15000.0
15000.0
15000.0
15000.0
15000.0
15000.0
15000.0
-15000.0
-15000.0
-15000.0
-15000.0
-15000.0
15000.0
15000.0
15000.0
15000.0
15000.0
15000.0
-15000.0
-15000.0
-15000.0
-15000.0
-15000.0
-15000.0
-15000.0
-15000.0
15000.0
15000.0
15000.0
15000.0
15000.0
15000.0
15000.0
15000.0
-15000.0
-15000.0
-15000.0
-15000.0
-15000.0
-15000.0
-15000.0
-15000.0
15000.0
15000.0
15000.0
15000.0
15000.0
15000.0
15000.0
15000.0
-15000.0
-15000.0
-15000.0
15000.0
15000.0
15000.0
15000.0
15000.0
-14676.136363636364
-14614.81327735737
-12941.282894521446
-9556.009184748753
15000.0
15000.0
15000.0
15000.0
-14393.939393939396
15000.0
15000.0
-14393.150765954935
-14310.193496535012
-14164.012793982612
-10934.402536015958
-2027.0730239055156
15000.0
15000.0
15000.0
3201.253538979122
15000.0
-11817.967106110707
-12253.567252931633
-12341.036124315422
-12384.89397920723
-12340.259499838172
-10597.98070662755
-5706.550501316233
15000.0
15000.0
12890.508601289552
15000.0
8715.25381980941
15000.0
15000.0
-12840.909090909092
-12682.383298146848
-13553.098977733825
-13772.899717087697
-12082.085266639075
-10070.036596308913
-7958.647440317327
600.7770115543854
15000.0
15000.0
12572.536572965544
15000.0
14727.453860389822
15000.0
-13333.333333333334
-9789.762340036566
-7752.150768712396
-6937.461165918816
-5722.0665894271115
-4935.8125257796155
-3706.98365071855
48.05338360303995
15000.0
15000.0
15000.0
15000.0
-14696.969696969698
-14656.212303980701
-14232.973654182497
-14114.987792728025
-14458.086128511484
-14248.267125062746
-15000.0
15000.0
15000.0
15000.0
15000.0
15000.0
15000.0
15000.0
15000.0
-14040.404040404039
-14624.093207298309
-15000.0
-15000.0
15000.0
15000.0
15000.0
15000.0
15000.0
15000.0
15000.0
-14685.678273199937
-15000.0
-15000.0
-15000.0
-15000.0
-15000.0
-15000.0
15000.0
15000.0
15000.0
15000.0
15000.0
15000.0
15000.0
15000.0
-14691.558441558442
-15000.0
-15000.0
-15000.0
-15000.0
15000.0
15000.0
15000.0
15000.0
15000.0
15000.0
-12435.801312089974
-11146.830617874184
-11101.42797363544
-11835.459460337177
-12143.734879486321
-10642.799467911314
54.79522211267431
15000.0
15000.0
15000.0
15000.0
15000.0
15000.0
-11240.1055408971
-11167.492032979444
-11840.882390932726
-13223.571895317993
-13930.917480838605
15000.0
15000.0
15000.0
15000.0
15000.0
15000.0
-15000.0
-15000.0
-15000.0
-15000.0
-15000.0
-15000.0
15000.0
15000.0
15000.0
15000.0
15000.0
15000.0
15000.0
-14661.319073083781
-15000.0
-15000.0
-15000.0
-15000.0
15000.0
15000.0
15000.0
15000.0
15000.0
15000.0
-15000.0
-15000.0
-15000.0
-15000.0
-15000.0
-15000.0
-15000.0
-15000.0
15000.0
15000.0
15000.0
15000.0
15000.0
15000.0
15000.0
15000.0
15000.0
-15000.0
15000.0
-15000.0
-15000.0
15000.0
15000.0
15000.0
15000.0
-15000.0
-14521.310098677302
-15000.0
15000.0
15000.0
15000.0
-15000.0
-13493.188084198406
-13129.391255756069
-12949.868188515786
-3597.284584380731
15000.0
15000.0
15000.0
15000.0
15000.0
-15000.0
-15000.0
-15000.0
15000.0
15000.0
15000.0
-13382.703438883218
-13255.646883315349
-13466.675874890941
-11962.088870563664
-9428.820302640583
-6434.4685849424495
-4165.014146790098
1188.4503373038606
15000.0
15000.0
15000.0
15000.0
9690.503948394155
6209.819515193016
9366.80759101994
-10454.545454545456
-4122.227270849686
-2090.043489838976
-3871.252353988776
-5577.709844659515
-6094.404238762592
-3529.993400358104
-1439.9576377107287
-3067.2683622137993
-2391.648784893502
3449.0866977400838
7856.143617428158
13508.270361385683
4195.258171071062
15000.0
15000.0
-12566.269347091267
-13639.434452321657
-14593.471280962502
-15000.0
-15000.0
15000.0
15000.0
15000.0
15000.0
15000.0
-15000.0
-15000.0
-15000.0
15000.0
15000.0
15000.0
-15000.0
-15000.0
-15000.0
-12866.310160427809
-10150.231060542865
15000.0
15000.0
15000.0
15000.0
15000.0
15000.0
-15000.0
-15000.0
-15000.0
-14053.549190535497
-14389.408191116265
-14033.130779786148
-11290.092608495
15000.0
15000.0
15000.0
15000.0
15000.0
15000.0
15000.0
-15000.0
-15000.0
-15000.0
-15000.0
-15000.0
-15000.0