Demand
15000.0
15000.0
15000.0
15000.0
15000.0
15000.0
15000.0
15000.0
15000.0
15000.0
15000.0
15000.0
15000.0
15000.0
15000.0
15000.0
15000.0
15000.0
15000.0
15000.0
15000.0
15000.0
15000.0
15000.0
15000.0
15000.0
15000.0
15000.0
-9276.989951338157
-6840.021338052668
-1898.8123827214004
-1425.9958735287655
15000.0
15000.0
15000.0
15000.0
15000.0
15000.0
15000.0
-11313.891307051366
-12043.68744615859
-10683.78991109461
-10989.082527374787
-10784.401460579087
-9683.123403277088
-8096.219626166637
-5100.086742341831
15000.0
15000.0
15000.0
15000.0
15000.0
15000.0
-14014.671335490446
-13915.580145215026
-13360.414224315198
-14028.97326742054
-15000.0
-15000.0
-15000.0
15000.0
15000.0
15000.0
15000.0
15000.0
15000.0
15000.0
-13910.026391330925
-13140.44530515574
-14255.44468265287
-15000.0
15000.0
15000.0
15000.0
15000.0
-15000.0
-13821.949285674458
-14103.29673653817
-13919.555059017403
-14285.697932254094
-13809.023778223676
-8436.385920728899
15000.0
15000.0
15000.0
15000.0
15000.0
15000.0
15000.0
15000.0
-15000.0
-13228.695112701844
-13792.282305875633
-13541.009000217091
-14345.70592988103
-15000.0
15000.0
15000.0
15000.0
15000.0
15000.0
15000.0
15000.0
-9409.656733308188
-8422.453651748441
-7276.964754294608
-6299.051006174114
-5481.930213768858
-4792.4162202740445
-3593.820393412131
-2041.1991738847273
-142.76749888113045
15000.0
12961.638255380461
13386.73387049984
1424.326055596477
15000.0
-11045.187689023307
-11411.164596342871
-12133.152509052197
-13358.856382186208
-13980.695297536888
-15000.0
-15000.0
15000.0
15000.0
15000.0
15000.0
15000.0
15000.0
-15000.0
-15000.0
-15000.0
-15000.0
15000.0
15000.0
15000.0
15000.0
-14254.422477942247
-14482.344471784956
-13739.29070489814
15000.0
15000.0
15000.0
15000.0
-15000.0
-15000.0
-15000.0
-13272.727272727272
-12922.475534415837
-10194.779092870278
-2314.8231636346673
1761.4393186989619
15000.0
15000.0
13363.974910142879
15000.0
-6773.241357571886
15000.0
15000.0
15000.0
15000.0
-15000.0
-15000.0
-15000.0
-15000.0
-14320.417287630404
-15000.0
15000.0
15000.0
15000.0
15000.0
15000.0
15000.0
15000.0
-15000.0
-15000.0
-15000.0
-15000.0
15000.0
15000.0
15000.0
15000.0
-14430.569430569427
15000.0
15000.0
15000.0
-15000.0
-14647.195357833658
-15000.0
-15000.0
-15000.0
15000.0
15000.0
15000.0
15000.0
15000.0
-15000.0
-15000.0
-15000.0
-15000.0
-15000.0
-15000.0
-15000.0
15000.0
15000.0
15000.0
15000.0
15000.0
15000.0
15000.0
15000.0
15000.0
-15000.0
-15000.0
-15000.0
-15000.0
-15000.0
-15000.0
-4008.2644628100325
15000.0
15000.0
15000.0
15000.0
15000.0
15000.0
15000.0
-15000.0
-15000.0
15000.0
15000.0
-15000.0
-15000.0
-14596.698778369875
-12667.429714220732
-11078.603730945644
-9244.01223771006
-7644.386756561408
-1603.8626871398546
15000.0
15000.0
15000.0
15000.0
15000.0
15000.0
15000.0
15000.0
-9657.293497363797
-9548.923549799874
-8489.0939535373
-6503.992130464107
-4114.651716429027
-1521.9611109844773
2130.3128505849163
15000.0
10212.160664937015
15000.0
15000.0
-12424.242424242426
-7297.297297297297
-141.7042943606557
15000.0
8406.80520562077
15000.0
-5086.597340483353
-6090.959068747227
-7403.500800935461
-6287.039507181304
-4276.704280604664
-5198.938813835615
-5599.9311410771725
-3869.861888203045
-2560.904136167832
-910.4030257200793
1943.633799940516
14847.504237331148
4898.764437412199
15000.0
15000.0
15000.0
-14346.142816174364
-14293.85511830308
-12669.227365593506
-11961.838147548147
-11503.018611632378
-11976.369418402344
-13368.04655416821
-15000.0
15000.0
15000.0
15000.0
15000.0
15000.0
15000.0
15000.0
15000.0
15000.0
15000.0
15000.0
-15000.0
-15000.0
-15000.0
-15000.0
-13597.402597402604
-15000.0
15000.0
15000.0
15000.0
15000.0
15000.0
15000.0
15000.0
15000.0
-15000.0
-15000.0
-14591.982820329275
-12598.283699853782
-12028.879472412802
-10864.850142750405
-11918.363896088122
15000.0
15000.0
15000.0
15000.0
15000.0
15000.0
15000.0
15000.0
-13460.846084608464
15000.0
15000.0
-14335.991755903044
-15000.0
-15000.0
-15000.0
-15000.0
-15000.0
15000.0
15000.0
15000.0
15000.0
15000.0
15000.0
15000.0
15000.0
-15000.0
-15000.0
-15000.0
15000.0
15000.0
15000.0
15000.0
-15000.0
-15000.0
-15000.0
15000.0
15000.0
15000.0
-15000.0
15000.0
15000.0
15000.0
-15000.0
-15000.0
-15000.0
-11498.771498771519
15000.0
15000.0
15000.0
15000.0
15000.0
-15000.0
-15000.0
15000.0
15000.0
-15000.0
-15000.0
-15000.0
-15000.0
-15000.0
-15000.0
-15000.0
15000.0
15000.0
15000.0
15000.0
15000.0
15000.0
15000.0
15000.0
-13375.605585636935
-13924.878626686219
-15000.0
-15000.0
-15000.0
-15000.0
15000.0
15000.0
15000.0
15000.0
15000.0
15000.0
15000.0
-14214.876033057855
-15000.0
15000.0
15000.0
15000.0
-15000.0
-15000.0
-15000.0
-15000.0
15000.0
15000.0
15000.0
15000.0
15000.0
-15000.0
-15000.0
-15000.0
-15000.0
15000.0
15000.0
15000.0
15000.0
15000.0
-15000.0
-15000.0
-15000.0
15000.0
15000.0
15000.0
-15000.0
-15000.0
-15000.0
-15000.0
15000.0
15000.0
15000.0
15000.0
15000.0
15000.0
-15000.0
-15000.0
-15000.0
-15000.0
-15000.0
15000.0
15000.0
15000.0
15000.0
15000.0
15000.0
15000.0
-15000.0
15000.0
-15000.0
-15000.0
-14504.395710559369
-14314.404149978647
-9635.51500367709
15000.0
15000.0
15000.0
15000.0
15000.0
15000.0
15000.0
-14665.68914956012
-14050.97326263523
-12056.622662572907
15000.0
15000.0
15000.0
-9519.686894425893
-9117.559360389885
-7282.474951538376
-4528.366023019788
6481.583498508426
15000.0
15000.0
15000.0
-13056.818181818184
-13245.877753539913
-12665.481460651907
-11889.52620904761
-10753.574713785278
-9534.519006248098
-9855.963614378445
-2866.61651284853
15000.0
15000.0
15000.0
15000.0
15000.0
15000.0
15000.0
-12954.545454545456
-10701.492537313432
15000.0
15000.0
15000.0
-12796.79734953065
-12919.1108003734
-13016.8893176059
-12579.850908002722
-8977.25131211496
-2271.820567076964
15000.0
15000.0
15000.0
12426.043758940606
5750.0792867225455
15000.0
-11598.368808434458
-11894.146735962346
-12140.822909754163
-12247.251927189296
-9493.725303088151
15000.0
15000.0
15000.0
15000.0
15000.0
-14692.47369840842
-15000.0
-15000.0
-15000.0
-15000.0
-15000.0
-13399.452735986782
-6357.021781644893
10818.085276945421
15000.0
13604.104045719037
519.1198881609507
15000.0
15000.0
15000.0
15000.0
15000.0
-15000.0
15000.0
15000.0
15000.0
-13897.485493230182
15000.0
-15000.0
-15000.0
-15000.0
-15000.0
-15000.0
-15000.0
-15000.0
15000.0
15000.0
15000.0
15000.0
15000.0
15000.0
15000.0
-15000.0
-15000.0
-15000.0
-15000.0
15000.0
15000.0
15000.0
15000.0
15000.0
-11717.209766724158
-11595.08289358786
-9051.953982080544
-7160.959414931116
-2403.668684629177
15000.0
15000.0
15000.0
15000.0
15000.0
-12026.08695652174
-10245.711600061997
-10456.564342438021
-9564.288783843313
-7860.514121037224
-4575.691025121666
9152.502792005325
15000.0
3441.5879469546635
15000.0
15000.0
15000.0
-15000.0
-15000.0
-15000.0
-15000.0
-15000.0
-15000.0
-15000.0
-15000.0
15000.0
15000.0
15000.0
15000.0
15000.0
15000.0
15000.0
15000.0
15000.0
-15000.0
-15000.0
-15000.0
-15000.0
15000.0
15000.0
15000.0
15000.0
15000.0
-15000.0
-15000.0
15000.0
15000.0
15000.0
15000.0
-15000.0
-15000.0
-15000.0
-14497.520661157028
-14257.814006059241
-12996.580165542291
15000.0
15000.0
15000.0
15000.0
15000.0
15000.0
-15000.0
15000.0
15000.0
-15000.0
-15000.0
15000.0
15000.0
15000.0
-15000.0
-14173.114119922637
15000.0
15000.0
15000.0
-15000.0
-15000.0
-13504.918032786889
-13272.790509358907
-13406.019689749082
-10509.57205597113
-10863.942211006466
15000.0
15000.0
15000.0
15000.0
15000.0
15000.0
15000.0
-15000.0
-15000.0
-12905.951506245412
-12515.602383397414
-11802.19904670016
-11085.955659778108
5108.533638963022
15000.0
15000.0
15000.0
15000.0
15000.0
15000.0
-10606.060606060608
-3341.688389813514
-2034.150637132443
-2110.529369191602
-2347.254985599422
-1218.2657247535626
3042.762616237994
9331.104881345345
3614.3713976407244
12856.186557024275
-11515.151515151516
15000.0
15000.0
-7863.364180729452
-8326.471566388915
-7198.901185488241
-7263.466797353147
-6723.478857206654
-3791.88940806739
15000.0
15000.0
15000.0
-14393.939393939396
-14663.941514031918
-15000.0
-15000.0
-15000.0
-14399.203253488926
-12466.47210904755
-10343.681173580011
15000.0
-15000.0
15000.0
15000.0
15000.0
15000.0
15000.0
15000.0
15000.0
-15000.0
-13939.385287145953
-13835.324945243767
-15000.0
-15000.0
-15000.0
-15000.0
-15000.0
15000.0
15000.0
15000.0
15000.0
15000.0
15000.0
15000.0
15000.0
15000.0
-15000.0
-15000.0
-15000.0
-15000.0
15000.0
15000.0
15000.0
15000.0
-15000.0
15000.0
-15000.0
-15000.0