Demand
-15000.0
-15000.0
-15000.0
-15000.0
-15000.0
-15000.0
-15000.0
15000.0
15000.0
15000.0
15000.0
15000.0
15000.0
15000.0
-15000.0
-15000.0
-15000.0
-15000.0
-15000.0
-15000.0
15000.0
15000.0
15000.0
15000.0
15000.0
15000.0
15000.0
-13140.293637846655
-11586.868690124778
-10778.161216160297
-9600.15938103808
-11037.60793343051
-11384.449714538547
-9000.58620118631
15000.0
15000.0
15000.0
15000.0
15000.0
-11034.24822651779
-11505.718634638466
-8764.65517764987
-5897.3798105322885
15000.0
15000.0
15000.0
15000.0
-14350.920478269123
-15000.0
15000.0
15000.0
-14679.223736245145
-14634.813581883747
-13675.883125686509
-13222.838146202284
-10720.070919144986
15000.0
15000.0
15000.0
15000.0
15000.0
15000.0
-15000.0
-15000.0
-14428.055388320288
-4417.677163539109
15000.0
15000.0
15000.0
15000.0
-15000.0
-15000.0
-15000.0
-15000.0
-15000.0
15000.0
15000.0
15000.0
15000.0
15000.0
15000.0
-14678.397630298328
-14652.951540718248
-15000.0
-15000.0
-15000.0
-15000.0
-15000.0
-10132.478225157312
15000.0
15000.0
15000.0
15000.0
15000.0
15000.0
15000.0
15000.0
15000.0
-15000.0
-13224.188422954703
-9668.93126768438
-7251.653705745128
-4160.62849496045
-423.03945946886597
9901.122289326988
15000.0
8841.360356500227
14885.083361002016
-468.45514728275157
15000.0
-9188.043361597087
-9557.450170458975
-6461.51391122798
15000.0
4998.391294624278
15000.0
-10379.270411117544
-10314.408705742197
-10535.60572977407
-11134.711934755156
-12409.324239654892
-12488.457132537766
15000.0
15000.0
15000.0
15000.0
15000.0
15000.0
-14670.64714946071
-15000.0
-15000.0
15000.0
15000.0
15000.0
15000.0
-15000.0
-15000.0
-15000.0
-14186.634163743387
-14523.519882227265
-14397.255716866515
-15000.0
-15000.0
15000.0
15000.0
15000.0
15000.0
15000.0
15000.0
15000.0
15000.0
-10875.169606512893
-11416.616028024022
-11431.451566059677
-9122.163634119457
15000.0
8159.011908799901
15000.0
15000.0
15000.0
-15000.0
-15000.0
-15000.0
-15000.0
-15000.0
15000.0
15000.0
15000.0
15000.0
15000.0
-15000.0
-14265.641355986798
-12719.762483674123
-13702.833184154613
-13297.180867171559
15000.0
15000.0
15000.0
15000.0
15000.0
-15000.0
-15000.0
-15000.0
-13621.856866537724
15000.0
15000.0
15000.0
15000.0
15000.0
-15000.0
-15000.0
-15000.0
15000.0
15000.0
15000.0
15000.0
-15000.0
-15000.0
-15000.0
-15000.0
-15000.0
-15000.0
15000.0
15000.0
15000.0
15000.0
15000.0
15000.0
-13624.296057924377
-6828.734538534532
15000.0
15000.0
-15000.0
15000.0
-15000.0
-15000.0
-15000.0
15000.0
15000.0
15000.0
15000.0
-12505.037112490612
-12964.622554857408
-13477.594054693254
-14550.205340986093
-15000.0
-15000.0
-15000.0
15000.0
15000.0
15000.0
15000.0
15000.0
15000.0
-13365.330828181919
-12512.420645198534
-11855.450464610854
-11872.565058194436
-11792.96189505346
-10083.655882912815
-9517.540624558504
-279.7124646898683
15000.0
15000.0
15000.0
15000.0
15000.0
15000.0
15000.0
-9913.55270496375
-8931.159885528872
-8151.664148346481
-7978.572420825763
-8518.868728955695
-8989.968775658886
-6805.967468521595
-1700.1916110687416
6322.929373430803
15000.0
15000.0
13548.529317393266
9089.984045428104
15000.0
-10454.545454545456
-4341.124908692477
-5305.706495597799
-6576.32978689333
-5025.366745805891
-2218.7854894324128
-2816.3458268060085
-2361.0563023594586
2359.8574294742084
7894.922442258521
11309.674331938237
8150.381667401999
15000.0
15000.0
-11610.505450941528
-13005.412491503244
-14257.288534953092
-14121.5978972247
-13864.039975292191
-9570.075299394004
3029.6407839894055
15000.0
15000.0
15000.0
15000.0
15000.0
15000.0
-15000.0
-14299.754299754302
-12597.27029854686
-11666.701665950477
-11317.189449315458
-11134.594737976724
-10984.289362874322
15000.0
15000.0
15000.0
15000.0
15000.0
15000.0
-14352.597044354054
-15000.0
-14609.391667279757
-15000.0
-13909.12808308607
-9930.234858468044
-11755.85815695774
-11716.473995177694
15000.0
15000.0
15000.0
15000.0
15000.0
15000.0
15000.0
15000.0
-14294.199871358087
-15000.0
-15000.0
-15000.0
15000.0
15000.0
15000.0
15000.0
15000.0
-14048.708856584992
-13181.137108985811
-13670.205350751097
-13734.773361610369
-15000.0
15000.0
15000.0
15000.0
15000.0
15000.0
-15000.0
-15000.0
-14191.862169038053
-13109.616033745304
-12659.666220672578
-14182.297843673256
-15000.0
15000.0
15000.0
15000.0
15000.0
15000.0
15000.0
15000.0
15000.0
-15000.0
-15000.0
-15000.0
-15000.0
15000.0
15000.0
15000.0
15000.0
15000.0
-15000.0
-15000.0
-15000.0
-13577.075098814235
-12670.492910195826
15000.0
15000.0
15000.0
15000.0
15000.0
-15000.0
-15000.0
-15000.0
15000.0
15000.0
15000.0
-15000.0
-15000.0
-15000.0
-15000.0
-15000.0
15000.0
15000.0
15000.0
15000.0
15000.0
15000.0
-13689.376160915013
-13185.544138238016
-13755.770022490055
-15000.0
-15000.0
-15000.0
15000.0
15000.0
15000.0
15000.0
15000.0
15000.0
15000.0
-15000.0
-14307.037687424021
-15000.0
-15000.0
-15000.0
15000.0
15000.0
15000.0
15000.0
15000.0
15000.0
-15000.0
-15000.0
-15000.0
-15000.0
-15000.0
-15000.0
-15000.0
15000.0
15000.0
15000.0
15000.0
15000.0
15000.0
15000.0
15000.0
-15000.0
15000.0
-15000.0
-15000.0
-15000.0
-15000.0
-15000.0
15000.0
15000.0
15000.0
15000.0
15000.0
-15000.0
-15000.0
-15000.0
-15000.0
-15000.0
-15000.0
-15000.0
15000.0
15000.0
15000.0
15000.0
15000.0
15000.0
15000.0
15000.0
-15000.0
-15000.0
-15000.0
15000.0
15000.0
15000.0
15000.0
-12967.914438502678
-13074.732436155562
-12208.80469392633
-11253.678233834846
-10584.328750527391
15000.0
15000.0
15000.0
15000.0
15000.0
15000.0
-11049.439759732013
-8791.733813923172
-8405.590344217951
-6655.652206206894
-4891.445762001935
-2306.6435203341425
15000.0
3274.1941351594733
15000.0
15000.0
15000.0
-13006.993006993009
-12430.316295785877
-11656.931056908354
-11014.521072620355
-11759.136148465193
-10662.53151951436
7232.614256363682
15000.0
15000.0
15000.0
15000.0
15000.0
15000.0
-12880.165289256198
-11312.962992909659
-8675.849231290576
15000.0
15000.0
15000.0
15000.0
-13390.739695087526
-13227.992753775834
-11375.073466383088
-9796.477413352684
-6157.190789485788
-82.6057219150025
5365.896695912976
12313.839950006652
8552.760589209927
13595.893559702288
2243.77357294416
15000.0
15000.0
-13580.32378580324
-13587.250281802997
-13151.740643667392
15000.0
15000.0
15000.0
15000.0
-14617.295555257155
-15000.0
15000.0
15000.0
15000.0
15000.0
-14378.746594005454
-12927.386429234288
-13026.742587452092
-13557.609792172021
-12972.263248105854
-13572.270251612863
15000.0
15000.0
15000.0
15000.0
15000.0
15000.0
-15000.0
-15000.0
-15000.0
-14576.86158063043
-15000.0
-15000.0
-15000.0
-15000.0
15000.0
15000.0
15000.0
15000.0
15000.0
15000.0
15000.0
15000.0
15000.0
-13580.323785803244
15000.0
15000.0
-15000.0
-15000.0
-15000.0
-15000.0
-15000.0
15000.0
15000.0
15000.0
15000.0
15000.0
-10893.255692409159
-9021.0064771699
15000.0
15000.0
15000.0
-13147.144869433312
-12938.150964112723
-11806.975331135818
-10546.493489541295
-5851.435671915056
-1035.6899735130828
15000.0
15000.0
15000.0
2041.5700733343592
15000.0
-14637.63509218055
-15000.0
-15000.0
15000.0
15000.0
15000.0
15000.0
15000.0
-15000.0
-15000.0
-15000.0
-15000.0
-15000.0
-15000.0
15000.0
15000.0
15000.0
15000.0
15000.0
15000.0
15000.0
15000.0
-15000.0
-15000.0
-15000.0
-15000.0
-15000.0
-15000.0
-11408.640864086421
15000.0
15000.0
15000.0
15000.0
15000.0
15000.0
15000.0
-15000.0
-15000.0
-15000.0
-14494.420690374387
-14250.106575229973
-12930.7750053702
15000.0
15000.0
15000.0
15000.0
15000.0
15000.0
-15000.0
-15000.0
-15000.0
-15000.0
-15000.0
15000.0
15000.0
15000.0
15000.0
15000.0
15000.0
-15000.0
15000.0
15000.0
-15000.0
-13202.095302467049
-12438.421587892946
-10499.240039453067
15000.0
15000.0
15000.0
15000.0
15000.0
-15000.0
-15000.0
15000.0
15000.0
-15000.0
-15000.0
-12785.547785547791
-12184.730678267151
-10746.021110190577
-5637.678358312791
15000.0
15000.0
15000.0
15000.0
15000.0
15000.0
-6448.472941596719
-5626.1705943768075
-3224.8166344103083
-1668.7567218276681
-1438.4208610733558
-1097.034899164104
1736.0497759245973
11834.24222895922
6553.2238891981
15000.0
2497.048406139249
15000.0
-6112.852664576801
-5049.7527530867965
-6755.67159512636
-7332.173690573512
-6168.39381668405
-6527.722863957355
-6658.028386397866
-6268.48376839827
785.4607427349456
12562.526721674001
10042.786442561915
15000.0
-4317.728347912823
15000.0
15000.0
-15000.0
-14646.068167811933
-13778.367135840937
-13518.60430162356
-13661.307703781298
-15000.0
15000.0
15000.0
15000.0
15000.0
15000.0
15000.0
15000.0
-15000.0
-13062.871707731523
15000.0
-15000.0
15000.0
15000.0
-15000.0
-15000.0
-15000.0
-15000.0
-15000.0
-15000.0
-9245.751418159562
15000.0
15000.0
15000.0
15000.0
15000.0
15000.0
15000.0
15000.0
-15000.0
-15000.0
-15000.0
15000.0
15000.0
15000.0
15000.0
-15000.0