Demand
15000.0
15000.0
15000.0
15000.0
15000.0
15000.0
15000.0
15000.0
15000.0
15000.0
15000.0
15000.0
15000.0
15000.0
15000.0
15000.0
15000.0
15000.0
-15000.0
-15000.0
-15000.0
-15000.0
15000.0
15000.0
15000.0
15000.0
15000.0
15000.0
-11789.455897262596
-11079.780524917955
-10080.993594623713
-11499.579403801814
-12061.851819876989
-12742.462820819059
15000.0
15000.0
15000.0
15000.0
15000.0
-11219.955540073304
-11957.829229825209
-10536.05294890155
-10825.037607609778
-10566.697385833348
-9306.558547701305
-7327.387090575037
-2430.1421102402173
15000.0
15000.0
15000.0
15000.0
15000.0
15000.0
-13982.627320323656
-13831.752514304077
-13091.666300519893
-13677.79699030368
-15000.0
15000.0
15000.0
15000.0
15000.0
15000.0
15000.0
-14664.607237422773
-12743.800613475501
-13272.07087637106
-13405.126471535266
-12003.777363537833
-13522.983392710204
15000.0
15000.0
15000.0
15000.0
15000.0
15000.0
15000.0
-14364.194088120472
-14279.88529009034
-14568.836421096978
-14419.053334754062
-13924.173438326401
15000.0
15000.0
15000.0
15000.0
15000.0
15000.0
-14363.41299977664
-14639.388301583858
-15000.0
-12043.15163009019
-11942.640997165588
15000.0
15000.0
15000.0
15000.0
15000.0
15000.0
-13378.655137103204
-10451.659076336524
-8956.163404018062
-7588.747092973678
-6809.837769079626
-4678.581209037392
-1842.0118118532855
1221.9579600025718
4370.795002214923
7099.239661670159
9794.038847300199
9598.833083077418
8667.758585346819
15000.0
15000.0
-12272.727272727274
-9438.572241645667
-8950.881312781632
-7864.665799739435
-5679.998690575026
8674.119601208968
15000.0
15000.0
15000.0
15000.0
-13720.538720538723
-13611.478362256534
-13459.33497943541
-13674.396600138836
-14461.9593518166
-15000.0
-15000.0
15000.0
15000.0
15000.0
15000.0
15000.0
15000.0
15000.0
15000.0
-14660.875773441221
-14608.053654763764
-15000.0
-15000.0
-15000.0
15000.0
15000.0
15000.0
15000.0
15000.0
15000.0
-12592.51984143479
-10113.574819991783
-10370.96356499147
-9247.094884315953
15000.0
9015.310835473578
15000.0
15000.0
15000.0
-15000.0
-15000.0
-15000.0
-15000.0
-15000.0
-15000.0
15000.0
15000.0
15000.0
15000.0
15000.0
15000.0
15000.0
-13446.23142973968
-14320.098295868418
-14614.006871316258
-15000.0
-15000.0
-15000.0
15000.0
15000.0
15000.0
15000.0
15000.0
15000.0
15000.0
-14683.069224353632
-14658.73362877162
-15000.0
-14578.319305225057
-15000.0
-15000.0
-15000.0
-15000.0
15000.0
15000.0
15000.0
15000.0
15000.0
15000.0
15000.0
15000.0
15000.0
-15000.0
15000.0
15000.0
-15000.0
-15000.0
-15000.0
-13500.43846828413
-14318.288337267877
-15000.0
15000.0
15000.0
15000.0
15000.0
15000.0
15000.0
15000.0
-15000.0
-14649.51281808722
-14214.873829288896
-11354.75869593069
-11729.000307778908
-12111.365531161304
-13768.877647368747
-15000.0
15000.0
15000.0
15000.0
15000.0
15000.0
15000.0
15000.0
-14633.741216478807
-12904.306544675183
-11518.339448900635
-9954.9145177551
-8622.763447226262
-3281.9857476228462
15000.0
15000.0
15000.0
15000.0
15000.0
15000.0
15000.0
-9542.075025346407
-9407.356917170855
-9111.439070510245
-7569.976622660469
-4316.008849885661
1214.2050249722515
10476.038355423028
9577.894623732234
15000.0
5374.567454413512
15000.0
-4052.4967989756706
15000.0
15000.0
-7645.161290322582
-6133.576974587319
-4089.766295903508
-146.68180205180943
3916.7680428445556
4407.729104692743
8024.487301692429
15000.0
-10606.060606060608
-5877.729568248101
-6231.484134721341
-4546.055488451223
-3108.9148363799613
-948.7248065794265
3846.628794015869
15000.0
9256.480992412278
15000.0
15000.0
15000.0
15000.0
-14307.552136059934
-12544.389680497447
-11366.955212051245
-9535.931096154425
-4076.6475046483793
15000.0
15000.0
15000.0
15000.0
15000.0
-14340.659340659342
-12770.488233132346
-11971.476238395328
-11771.696261917892
-11881.514102991496
-13042.275844380041
15000.0
15000.0
15000.0
15000.0
15000.0
15000.0
-14291.132943663724
-15000.0
-12177.71450891497
15000.0
15000.0
15000.0
-13472.216920477127
15000.0
15000.0
15000.0
-15000.0
-15000.0
-14607.438016528926
-12626.588267952011
-11894.939926306135
-9975.099207602616
-6841.11839147982
15000.0
15000.0
15000.0
15000.0
15000.0
15000.0
-15000.0
-14314.037432290006
-13873.543952665594
-12898.677250711986
-13548.105377999585
-13811.748870332758
-15000.0
-15000.0
15000.0
15000.0
15000.0
15000.0
15000.0
15000.0
15000.0
15000.0
15000.0
-14696.303696303698
-15000.0
-15000.0
-15000.0
-15000.0
-15000.0
-15000.0
-15000.0
15000.0
15000.0
15000.0
15000.0
15000.0
15000.0
15000.0
15000.0
15000.0
-15000.0
-15000.0
-15000.0
-15000.0
-15000.0
-12549.14004914006
15000.0
15000.0
15000.0
15000.0
15000.0
15000.0
15000.0
-15000.0
-15000.0
-15000.0
15000.0
15000.0
15000.0
-15000.0
-15000.0
-15000.0
15000.0
15000.0
15000.0
15000.0
15000.0
-15000.0
-14272.443625017731
-13251.40560975661
-12103.872679283308
-12059.905434297743
-15000.0
15000.0
15000.0
15000.0
15000.0
15000.0
-15000.0
-15000.0
-15000.0
-15000.0
15000.0
15000.0
15000.0
15000.0
15000.0
15000.0
-15000.0
-15000.0
-15000.0
-15000.0
-15000.0
-15000.0
-15000.0
-15000.0
15000.0
15000.0
15000.0
15000.0
15000.0
15000.0
15000.0
15000.0
-15000.0
15000.0
15000.0
15000.0
-15000.0
-15000.0
-15000.0
15000.0
15000.0
15000.0
-15000.0
-15000.0
-15000.0
-15000.0
-15000.0
15000.0
15000.0
15000.0
15000.0
15000.0
15000.0
15000.0
-15000.0
-15000.0
-15000.0
-15000.0
-15000.0
15000.0
15000.0
15000.0
15000.0
15000.0
15000.0
-15000.0
-14657.642970526409
-14621.744467408873
-13276.575038221428
-11948.776999075712
-11178.816065225088
-10474.020987844422
-3935.7980826317907
15000.0
15000.0
15000.0
8196.468521788822
15000.0
15000.0
15000.0
15000.0
-11276.537833424063
-9144.096098443373
-8747.461194609194
-6961.0867609588095
-4817.79341302644
-129.80787710744335
15000.0
15000.0
15000.0
-14090.909090909092
-13356.73983773321
-12854.771486757068
-12221.460799815752
-11370.084974680442
-10661.975267874204
-11483.25911980027
-10408.645927210418
220.48632424919742
15000.0
15000.0
15000.0
15000.0
15000.0
15000.0
15000.0
-12568.648360437215
-12366.775908635784
-11715.138710921234
-12072.638525929007
-11402.208934626906
-10695.230621618102
-7689.4697407249005
15000.0
15000.0
15000.0
15000.0
15000.0
15000.0
15000.0
-12424.242424242426
1056.338028168986
15000.0
15000.0
-13129.87012987013
-13670.942154339482
-13918.561351899763
-14199.385895316242
-14539.368738203604
-13874.82678742264
-13484.85803721962
-13701.938264106902
-2075.679085476523
15000.0
15000.0
15000.0
15000.0
15000.0
15000.0
15000.0
15000.0
-13991.150442477876
-13860.72228190906
-14549.619751081409
-15000.0
-15000.0
-15000.0
15000.0
15000.0
15000.0
15000.0
15000.0
15000.0
-14672.675312280146
-15000.0
-15000.0
-15000.0
-15000.0
-15000.0
-15000.0
15000.0
15000.0
15000.0
15000.0
15000.0
15000.0
15000.0
15000.0
15000.0
-15000.0
-15000.0
15000.0
15000.0
15000.0
-15000.0
-12958.1276866741
-12785.184220846771
-12139.593887637711
-10820.911138010979
-10635.430106912016
-7425.577146907843
-5614.178598950926
-3919.2562158783912
15000.0
15000.0
15000.0
11918.624934559648
15000.0
15000.0
15000.0
-13333.333333333334
-11247.256766642284
-10729.462469607588
-10316.417332572124
-10520.578960627874
-11012.424580966832
15000.0
15000.0
15000.0
15000.0
15000.0
-15000.0
-15000.0
-15000.0
-15000.0
-15000.0
-15000.0
15000.0
15000.0
15000.0
15000.0
15000.0
15000.0
-13353.235747303548
-12814.37962301254
-13338.74710303319
-14495.61996306324
-15000.0
-15000.0
15000.0
15000.0
15000.0
15000.0
15000.0
15000.0
15000.0
-15000.0
-15000.0
-15000.0
-15000.0
-15000.0
-15000.0
15000.0
15000.0
15000.0
15000.0
15000.0
15000.0
-15000.0
-15000.0
-15000.0
-15000.0
15000.0
15000.0
15000.0
15000.0
15000.0
-15000.0
-15000.0
15000.0
15000.0
15000.0
-15000.0
-14644.878251388818
-15000.0
-15000.0
-15000.0
-15000.0
-15000.0
15000.0
15000.0
15000.0
15000.0
15000.0
15000.0
15000.0
-15000.0
-15000.0
-15000.0
-15000.0
-15000.0
15000.0
15000.0
15000.0
15000.0
15000.0
15000.0
15000.0
-11387.12823013165
-10025.98531027343
-9552.493876314016
-8440.692614100808
-4328.856043597381
1643.1787107372793
4295.721865331627
9983.08270325333
10489.2385346347
7407.353028470335
6140.909492387666
9489.256438305518
11662.564658550082
-9242.424242424244
-3127.2084805653694
-4515.199493350228
-4135.914997166656
1940.0189344388837
9841.246031032853
4431.305622140847
15000.0
-11818.18181818182
-8815.018945918015
-9507.747038144491
-10217.988513748958
-9178.684345979636
-9804.00258790432
-9778.333942466223
-11161.904800655037
-12288.76581866113
15000.0
15000.0
15000.0
15000.0
15000.0
15000.0
15000.0
-15000.0
-15000.0
-15000.0
-15000.0
-15000.0
-15000.0
-15000.0
-15000.0
15000.0
15000.0
15000.0
15000.0
15000.0
15000.0
15000.0
15000.0
-15000.0
-15000.0
-15000.0
-15000.0
-8363.368118676543
15000.0
15000.0
15000.0
15000.0
15000.0
15000.0
-15000.0
-15000.0
-15000.0
-15000.0
-15000.0
-15000.0
15000.0
15000.0
15000.0
15000.0