Demand
15000.0
15000.0
15000.0
15000.0
15000.0
15000.0
15000.0
15000.0
15000.0
15000.0
15000.0
15000.0
15000.0
15000.0
15000.0
15000.0
15000.0
15000.0
15000.0
15000.0
15000.0
15000.0
15000.0
15000.0
-15000.0
-15000.0
15000.0
15000.0
15000.0
15000.0
15000.0
15000.0
15000.0
15000.0
15000.0
15000.0
15000.0
15000.0
-15000.0
-10222.039891740787
-10668.140422493503
-6906.854024513599
-2735.80652001793
15000.0
15000.0
15000.0
13566.286264527007
15000.0
-15000.0
-15000.0
-15000.0
-14389.47650287857
-13945.437531650969
15000.0
15000.0
15000.0
7236.413638670005
15000.0
15000.0
15000.0
-15000.0
-15000.0
-15000.0
15000.0
15000.0
15000.0
-13667.668419734538
-13908.318086700445
-13365.39330110306
-14524.313532972312
-15000.0
-15000.0
-15000.0
15000.0
15000.0
15000.0
15000.0
15000.0
15000.0
15000.0
15000.0
-14667.527706024499
-14586.991040193217
-15000.0
-15000.0
15000.0
15000.0
15000.0
15000.0
-14677.459094602884
-15000.0
-13080.986226831385
-13712.839561311834
-13498.90097440049
-14378.975623410563
-15000.0
-11128.445791092647
15000.0
15000.0
15000.0
15000.0
15000.0
15000.0
15000.0
15000.0
15000.0
-7563.811684628476
-7085.005239637612
-6818.204569728161
-6340.233990051386
-5955.586988251489
-6084.679208975548
-338.18999052855906
15000.0
10937.216712601032
10249.589530363512
15000.0
-13030.303030303032
-9394.779188271055
-7801.595080691452
15000.0
15000.0
15000.0
15000.0
-13786.787278457701
-13685.950716145508
-13543.885366526323
-13746.749191124967
-14489.02718662977
-15000.0
-15000.0
15000.0
15000.0
15000.0
15000.0
15000.0
15000.0
15000.0
-13973.897389738977
15000.0
15000.0
-15000.0
-15000.0
-15000.0
-15000.0
-15000.0
-15000.0
-15000.0
-8141.711229946537
15000.0
15000.0
15000.0
15000.0
15000.0
15000.0
15000.0
15000.0
-14696.969696969698
15000.0
15000.0
-15000.0
-15000.0
-15000.0
-15000.0
-15000.0
15000.0
15000.0
15000.0
15000.0
15000.0
15000.0
-14360.628154795293
-13211.05499049843
-14172.147420130925
-14477.981562650399
-15000.0
-15000.0
15000.0
15000.0
15000.0
15000.0
15000.0
15000.0
-14083.442700496838
15000.0
15000.0
-14636.370961786091
-15000.0
-14184.390697668317
15000.0
15000.0
15000.0
15000.0
15000.0
-15000.0
-15000.0
-15000.0
-15000.0
-15000.0
-15000.0
15000.0
15000.0
15000.0
15000.0
15000.0
15000.0
15000.0
-15000.0
-13960.170264518092
-14599.637711894826
-15000.0
-15000.0
-15000.0
15000.0
15000.0
15000.0
15000.0
15000.0
15000.0
-14690.085454166092
-14316.526772592555
-11891.863622164758
-12275.848535356883
-12684.850180557409
-14094.593344960835
-15000.0
15000.0
15000.0
15000.0
15000.0
15000.0
15000.0
-15000.0
-14388.477234867758
15000.0
15000.0
15000.0
-13939.393939393942
-12128.46347607053
-6212.038834951443
15000.0
15000.0
15000.0
-13029.102434807668
-11536.174543755787
-8684.223326440708
-3094.3975293749936
5261.317548611533
15000.0
15000.0
2712.7296013128434
15000.0
-9378.556075357188
-10036.267436539303
-10708.022578907981
-9820.570549389766
-8125.840347398126
-6753.189030165636
-2814.091366932177
3473.29327117252
15000.0
13999.498414255395
10240.335435174453
14366.19626684862
1809.1177227858934
15000.0
-7558.887522467128
-6440.560730372757
-4420.44059228701
-5276.095162272231
-5577.205882637881
-3622.8137145462315
-1871.037242682728
766.7055230476162
6176.185779801119
15000.0
7048.716837597709
15000.0
15000.0
-14356.96154930902
-14287.201800132618
-14181.03577215544
-12000.210520358105
-10357.019073497027
-7441.389182133353
4410.351311664736
15000.0
15000.0
15000.0
15000.0
15000.0
15000.0
-12994.134897360706
-12410.548504897652
-12468.963854075504
-12961.787414447754
-14305.009047400967
-15000.0
15000.0
15000.0
15000.0
15000.0
15000.0
15000.0
15000.0
-14688.110685531152
-15000.0
-14244.245280831972
-11959.238111296389
-13452.935880689682
-14314.647199764411
-15000.0
-15000.0
15000.0
15000.0
15000.0
15000.0
15000.0
15000.0
15000.0
15000.0
15000.0
15000.0
-15000.0
-15000.0
15000.0
15000.0
15000.0
-14056.291390728478
-13250.282217463882
-13792.539226466732
-14001.660751628813
-15000.0
-15000.0
15000.0
15000.0
15000.0
15000.0
15000.0
15000.0
-14356.522675445958
-13605.690680776876
-13464.718153871527
-14565.339671458558
-15000.0
-15000.0
-15000.0
-15000.0
15000.0
15000.0
15000.0
15000.0
15000.0
15000.0
15000.0
15000.0
-15000.0
-15000.0
-15000.0
15000.0
15000.0
15000.0
15000.0
-15000.0
-15000.0
-14040.404040404042
-14319.383635639962
-15000.0
15000.0
15000.0
15000.0
15000.0
15000.0
15000.0
-15000.0
-15000.0
-15000.0
-15000.0
15000.0
15000.0
15000.0
15000.0
-15000.0
15000.0
15000.0
-15000.0
-15000.0
-15000.0
-14121.725731895225
-12896.70288433658
-11617.56761503484
-11975.26323849929
-15000.0
15000.0
15000.0
15000.0
15000.0
15000.0
15000.0
15000.0
15000.0
-15000.0
-15000.0
-14285.27759821137
-15000.0
-15000.0
-15000.0
-15000.0
-15000.0
15000.0
15000.0
15000.0
15000.0
15000.0
15000.0
15000.0
15000.0
15000.0
-15000.0
-15000.0
-15000.0
-15000.0
-15000.0
15000.0
15000.0
15000.0
15000.0
15000.0
-15000.0
-15000.0
15000.0
15000.0
15000.0
15000.0
-15000.0
-15000.0
-15000.0
-15000.0
15000.0
15000.0
15000.0
15000.0
15000.0
-15000.0
15000.0
-15000.0
-15000.0
-15000.0
-15000.0
-15000.0
-15000.0
-15000.0
15000.0
15000.0
15000.0
15000.0
15000.0
15000.0
15000.0
15000.0
15000.0
-13025.974025974028
-12685.959999337188
-12512.265358563425
-10005.38220781774
15000.0
8749.136751717522
15000.0
15000.0
15000.0
-14392.416628597533
-14343.730640234138
-12466.999995058504
-10132.656879236765
-7126.105921621937
-6388.893866756095
-3682.731210363516
-835.0362398783036
2634.5916367074433
14364.52267475934
5474.365836436868
15000.0
15000.0
15000.0
15000.0
-12714.273123870797
-12152.614574631054
-11827.864660645413
-12710.563502140798
-12713.285543461086
-12511.970633070076
-11104.13627424639
15000.0
15000.0
15000.0
15000.0
15000.0
15000.0
15000.0
-12549.002042498298
-12062.859606879116
-12536.881782130706
-12280.402679916893
-12347.825135940264
-12350.111080069571
-11498.515256686129
-4746.536744192613
13755.167470106073
15000.0
15000.0
15000.0
8711.306960595277
15000.0
-1279.9432871260851
15000.0
-12499.725847132362
-12997.367833533255
-13546.892460697982
-13779.87029570563
-14050.639265197384
-14404.13581421637
-13254.704186932511
-11095.087534864862
15000.0
15000.0
15000.0
15000.0
15000.0
15000.0
15000.0
15000.0
-13160.301237224314
-13240.849054930197
-13684.496610405513
-12965.380474465856
-11721.316977227405
15000.0
15000.0
15000.0
15000.0
-15000.0
-15000.0
-15000.0
15000.0
15000.0
15000.0
15000.0
15000.0
-15000.0
15000.0
15000.0
-15000.0
-15000.0
-15000.0
-15000.0
-14243.530192435304
-9929.816533616959
15000.0
15000.0
15000.0
15000.0
15000.0
15000.0
15000.0
-15000.0
-15000.0
-15000.0
-10345.672291780087
12599.971005387884
15000.0
15000.0
8421.96336438473
15000.0
-11709.956709956718
-12342.67540163645
-12585.359631550888
-11066.35665488524
15000.0
13993.312277893841
15000.0
7535.971509009381
15000.0
-11296.515062020087
-10908.757330773755
-10327.272610410535
-9876.64561244832
-10168.561917962536
-11091.05604130301
15000.0
15000.0
15000.0
15000.0
15000.0
15000.0
-15000.0
-15000.0
-15000.0
15000.0
15000.0
15000.0
-15000.0
-15000.0
-15000.0
-13000.584624378844
15000.0
15000.0
15000.0
15000.0
15000.0
15000.0
-15000.0
-15000.0
15000.0
15000.0
15000.0
-15000.0
15000.0
-14604.441360166551
-15000.0
15000.0
15000.0
-15000.0
-15000.0
-15000.0
-15000.0
-15000.0
15000.0
15000.0
15000.0
15000.0
15000.0
15000.0
-15000.0
-15000.0
-15000.0
-15000.0
-15000.0
-15000.0
-15000.0
15000.0
15000.0
15000.0
15000.0
15000.0
15000.0
15000.0
-15000.0
-15000.0
-15000.0
-15000.0
15000.0
15000.0
15000.0
15000.0
15000.0
-14037.437450275058
-14296.777714067928
-15000.0
-15000.0
-15000.0
-15000.0
-15000.0
15000.0
15000.0
15000.0
15000.0
15000.0
15000.0
15000.0
-12546.878771063231
-10657.026705787863
-8598.772290532524
-7271.59501674529
-4053.6554350023916
8331.436246918878
15000.0
14491.362596272047
11691.405439143822
8274.126407427513
6067.348361751986
15000.0
-738.1150959132356
15000.0
-2698.307523380413
-4444.283977912102
-6143.420469674074
-6764.184758152474
-4660.230451465777
-3114.166499564187
-4859.739679041482
-5027.756729625694
-2369.428133584278
-1184.2297079654054
2619.6005432721504
15000.0
10441.386958175295
15000.0
93.18841287042324
15000.0
-14694.987811403771
-15000.0
-15000.0
-15000.0
-13424.760360346045
15000.0
15000.0
15000.0
15000.0
15000.0
-15000.0
-15000.0
-15000.0
15000.0
15000.0
15000.0
15000.0
-13965.360762365755
-13751.791466062958
-15000.0
-15000.0
15000.0
15000.0
15000.0
15000.0
15000.0
-15000.0
-15000.0
-14188.612099644131
-14516.734059993287
-14366.146248601926
-13966.182105429467
-15000.0
15000.0
15000.0
15000.0
15000.0
15000.0
15000.0
15000.0
-15000.0
-15000.0
15000.0
15000.0
15000.0