Demand
15000.0
15000.0
15000.0
15000.0
15000.0
15000.0
15000.0
15000.0
15000.0
15000.0
15000.0
15000.0
15000.0
15000.0
15000.0
-15000.0
-15000.0
-15000.0
-15000.0
-15000.0
15000.0
15000.0
15000.0
15000.0
15000.0
15000.0
15000.0
15000.0
-11799.55081414936
-11136.863788078339
-10247.349960799642
-11738.449364780125
-12519.33333578068
-13853.437832263418
15000.0
15000.0
15000.0
15000.0
15000.0
15000.0
-11948.245092207024
-10473.702828484995
-10695.329242772925
-10280.096727456294
-8500.41638991627
-4387.1921901076175
15000.0
15000.0
-15000.0
15000.0
15000.0
15000.0
-14644.446237728804
-13812.908990896132
-13642.256471774941
-12823.213686686304
-13580.772865076891
-15000.0
-15000.0
15000.0
15000.0
15000.0
15000.0
15000.0
15000.0
15000.0
15000.0
-13999.513211971567
-13447.12737138912
-14512.147601040135
-15000.0
-15000.0
15000.0
15000.0
15000.0
15000.0
15000.0
-14331.40705381268
-14252.802949500969
-14565.363927797938
-14454.656979833511
-14201.86363200369
-13054.982745426783
15000.0
15000.0
15000.0
15000.0
15000.0
15000.0
15000.0
-15000.0
-13258.630471784581
-13852.311531293519
-13697.249382673239
-14484.063265603796
-15000.0
-12813.928807598051
-15000.0
15000.0
15000.0
15000.0
15000.0
15000.0
15000.0
15000.0
15000.0
-6896.455488413913
-6000.002126576964
-5051.9204200159975
-3145.5993465205574
620.3810067551949
11440.692820354872
15000.0
2412.6056185028483
15000.0
-10001.461560947097
-9704.619344392417
-9032.901545670484
-7934.62470316307
-3316.153082053461
15000.0
15000.0
15000.0
15000.0
-13743.801652892562
-13640.711612735391
-13497.857308457515
-13715.194714465179
-14483.67064540863
-15000.0
-15000.0
15000.0
15000.0
15000.0
15000.0
15000.0
15000.0
15000.0
15000.0
-14676.809676809677
-14648.976613896131
-15000.0
-15000.0
-15000.0
-15000.0
-15000.0
-15000.0
15000.0
15000.0
15000.0
15000.0
15000.0
15000.0
15000.0
15000.0
-12701.753557335618
-12387.596290310186
-12742.956310396312
15000.0
15000.0
15000.0
15000.0
-15000.0
-15000.0
-15000.0
-15000.0
-14275.270184361096
-15000.0
15000.0
15000.0
15000.0
15000.0
15000.0
15000.0
15000.0
-15000.0
-15000.0
-15000.0
-15000.0
15000.0
15000.0
15000.0
15000.0
-14681.363985745233
-15000.0
-14622.480071440208
-14574.707382090306
-15000.0
-14370.01574249217
-15000.0
-15000.0
15000.0
15000.0
15000.0
15000.0
15000.0
15000.0
15000.0
15000.0
15000.0
15000.0
15000.0
-15000.0
-15000.0
-15000.0
-15000.0
-15000.0
-15000.0
-12707.160096540629
-13712.194926889093
-15000.0
15000.0
15000.0
15000.0
15000.0
15000.0
15000.0
15000.0
15000.0
-14655.044199201715
-14229.828184118312
-11441.758235660775
-11827.768240290996
-12233.327287812193
-13860.5104973415
-15000.0
15000.0
15000.0
15000.0
15000.0
15000.0
15000.0
15000.0
-14236.786364252624
15000.0
15000.0
-12427.167856118194
-12538.283663674829
-12620.989281040398
-11709.143042645388
-11985.213575683789
-11180.7025434774
-3545.513546491761
15000.0
15000.0
15000.0
15000.0
15000.0
15000.0
-9169.543536632147
-6432.399364728702
452.9118609964471
15000.0
15000.0
-13181.818181818184
-4830.741079597426
15000.0
15000.0
15000.0
-9138.705868911147
-7442.533254042715
-6289.06233338104
-4978.6229767894065
-2658.083543203845
-997.6890657241765
-1965.8850718220747
-3206.1746921510885
91.37727607308534
5923.196900512586
4780.884445752229
6616.168821993903
15000.0
4761.214279230295
15000.0
15000.0
-9730.354391371344
-9521.34814725172
-9039.692371572484
-6401.699608312796
15000.0
15000.0
15000.0
-12608.391608391612
-9698.631817066875
15000.0
15000.0
15000.0
-15000.0
-15000.0
15000.0
15000.0
15000.0
-13006.993006993009
-12266.03266394091
-11980.915582108086
-11660.178200393526
15000.0
-15000.0
15000.0
15000.0
15000.0
-15000.0
15000.0
15000.0
15000.0
-14689.711486118671
15000.0
-14280.839692753325
-11248.318867955488
-9670.427197322075
15000.0
15000.0
15000.0
-15000.0
-15000.0
-14590.454930673517
-12487.077572514136
-11627.398316252871
-9168.855563755169
2515.5873880709487
15000.0
15000.0
15000.0
15000.0
15000.0
15000.0
-15000.0
-14230.423042304235
-13584.803911024803
-11719.813115071807
-11243.55524707818
15000.0
15000.0
15000.0
15000.0
15000.0
15000.0
-15000.0
-15000.0
-15000.0
-13627.3329319687
-6817.002039332031
15000.0
15000.0
15000.0
15000.0
15000.0
-15000.0
-15000.0
-15000.0
15000.0
15000.0
15000.0
15000.0
-15000.0
-15000.0
-15000.0
-15000.0
-15000.0
15000.0
15000.0
15000.0
15000.0
15000.0
15000.0
-14377.127726642291
-14659.855626727618
-15000.0
-15000.0
-15000.0
-15000.0
-15000.0
15000.0
15000.0
15000.0
15000.0
15000.0
15000.0
15000.0
-15000.0
-15000.0
15000.0
15000.0
15000.0
15000.0
-15000.0
-15000.0
-15000.0
-14122.46940189362
-12802.772569228335
-11104.278657355353
-10358.842713742451
15000.0
15000.0
15000.0
15000.0
15000.0
15000.0
15000.0
-15000.0
15000.0
15000.0
-15000.0
-14257.973530049905
-15000.0
-15000.0
-15000.0
15000.0
15000.0
15000.0
15000.0
15000.0
15000.0
-15000.0
-15000.0
-15000.0
-15000.0
-15000.0
-15000.0
-15000.0
-15000.0
15000.0
15000.0
15000.0
15000.0
15000.0
15000.0
15000.0
15000.0
-15000.0
-15000.0
-15000.0
-15000.0
-15000.0
15000.0
15000.0
15000.0
15000.0
15000.0
15000.0
-15000.0
-15000.0
-15000.0
-15000.0
-15000.0
-15000.0
-15000.0
15000.0
15000.0
15000.0
15000.0
15000.0
15000.0
15000.0
15000.0
-15000.0
-15000.0
-15000.0
-14524.167292762333
-14380.185466066621
-11028.215490992909
3020.9213212348577
15000.0
15000.0
15000.0
15000.0
15000.0
15000.0
15000.0
-14360.269360269362
-14291.6143610344
-14187.400648848026
-11536.776911104342
-7228.643660025186
945.8550871830103
6963.728931663154
15000.0
9588.310325236718
12614.702685503667
7534.557876859339
15000.0
15000.0
-13046.83038263849
-13189.778245976071
-12478.894397763808
-11357.443403479356
-9151.545887964781
-3737.2583906970203
15000.0
15000.0
15000.0
13644.489554078078
15000.0
15000.0
-12867.146573536225
-13700.667485901613
-13939.782513955892
-12632.992402471493
-11384.388032076225
-10683.685267194298
-8713.092974686166
-7696.006328474552
3325.1760395630945
15000.0
15000.0
15000.0
15000.0
15000.0
15000.0
-12121.212121212122
-8391.692091058441
-7926.069516582854
-8121.784795694282
-8665.299618727906
-9672.704854261185
-9418.34428785408
-8108.083679572737
8754.90551197701
15000.0
15000.0
15000.0
15000.0
15000.0
15000.0
-14641.809803100128
-15000.0
-15000.0
15000.0
15000.0
15000.0
15000.0
-13070.48557565728
-13270.253293800528
-13861.277200004864
-13709.650415151871
-14490.346538476359
-15000.0
-15000.0
-15000.0
15000.0
15000.0
15000.0
15000.0
15000.0
15000.0
15000.0
15000.0
-15000.0
-15000.0
-15000.0
15000.0
15000.0
15000.0
-15000.0
-15000.0
-14609.76149376079
-13656.656925609775
-11779.600009946284
-12260.80616217622
-12908.304541169007
-11755.396085417451
15000.0
15000.0
15000.0
15000.0
15000.0
15000.0
15000.0
15000.0
-12840.64459563293
-11979.45626756239
-12019.382457081629
-10262.208386174123
-9784.238808749036
-10043.29179535744
-8144.53194384267
15000.0
15000.0
15000.0
15000.0
15000.0
15000.0
-11394.479585968944
-11036.445048325357
-10505.076342698903
-10126.031357710013
-10498.806636383717
-11588.495547889332
15000.0
15000.0
15000.0
15000.0
15000.0
15000.0
-15000.0
-15000.0
15000.0
15000.0
15000.0
-15000.0
-15000.0
-15000.0
-15000.0
-13902.157164869033
-13482.174311501047
-7848.191519357609
15000.0
15000.0
-6172.141831194396
15000.0
15000.0
15000.0
15000.0
15000.0
-15000.0
-15000.0
-14521.854952673704
-14316.173623865307
-15000.0
15000.0
15000.0
15000.0
15000.0
15000.0
15000.0
-15000.0
-15000.0
-14558.188461964342
-14357.674486169559
-13265.31626889971
15000.0
15000.0
15000.0
15000.0
15000.0
-15000.0
-15000.0
-15000.0
-15000.0
-15000.0
-15000.0
-15000.0
15000.0
15000.0
15000.0
15000.0
15000.0
15000.0
15000.0
15000.0
-15000.0
-13558.78634639697
-13350.304001135726
-13500.818277116923
-10911.290215855264
-11522.695679397908
15000.0
-15000.0
15000.0
15000.0
15000.0
15000.0
15000.0
-15000.0
-15000.0
-12929.285592257085
-12623.356685483683
-12130.716927177778
-11969.649598484346
-6330.041469645923
15000.0
15000.0
15000.0
14139.095683899239
15000.0
15000.0
9324.138405352063
14935.556173246265
-9545.454545454548
-4125.392787670211
-4833.841685152543
-4824.462594787338
-3341.2248821550565
-1034.4354401728851
-2880.2509658238378
-4585.897813306464
-4868.195273482921
-1294.0497875683795
2050.5651326403313
633.3590198732336
4068.4869779454866
15000.0
5106.443600557304
15000.0
15000.0
-10617.97752808989
-11295.936628608692
-11605.738449085839
-12916.53234811973
-14240.564500236873
-15000.0
15000.0
15000.0
15000.0
15000.0
15000.0
15000.0
-15000.0
-15000.0
-15000.0
-15000.0
-15000.0
-15000.0
-15000.0
15000.0
15000.0
15000.0
15000.0
15000.0
15000.0
15000.0
15000.0
-15000.0
-15000.0
-15000.0
-15000.0
-15000.0
-13589.981447124308
-13859.95346748847
-9822.759920432665
15000.0
15000.0
15000.0
15000.0
15000.0
15000.0
15000.0
15000.0
-15000.0
-15000.0
-15000.0
-15000.0
-15000.0
-15000.0