Demand
15000.0
15000.0
15000.0
15000.0
15000.0
15000.0
15000.0
15000.0
15000.0
15000.0
15000.0
15000.0
15000.0
15000.0
-15000.0
15000.0
15000.0
15000.0
15000.0
15000.0
-15000.0
-15000.0
15000.0
15000.0
-15000.0
-15000.0
-15000.0
-11957.295373665485
-8655.073188297014
-5621.897932129018
947.6665587705347
1733.966328380673
15000.0
15000.0
-15000.0
15000.0
15000.0
15000.0
15000.0
-11002.087422327091
-11776.990035635445
-10264.798445448
-10573.846154301813
-10318.84650449998
-9068.49104372241
-7345.245013077081
-4839.942407033947
15000.0
15000.0
15000.0
15000.0
15000.0
15000.0
15000.0
-14077.42109522525
-13651.300483121391
-14240.14276775553
-15000.0
-15000.0
-15000.0
-15000.0
15000.0
15000.0
15000.0
15000.0
15000.0
15000.0
-13918.924865714904
-13366.62084002405
-14516.84666587285
-15000.0
-15000.0
-15000.0
15000.0
15000.0
15000.0
15000.0
15000.0
15000.0
15000.0
-14648.692120373162
-14589.834234699221
-14481.616318657525
-15000.0
-15000.0
15000.0
15000.0
15000.0
15000.0
15000.0
15000.0
-11604.269657566994
15000.0
15000.0
-11545.454545454566
15000.0
-14281.989267629058
-15000.0
-15000.0
-10738.307329428553
15000.0
15000.0
13232.287204655218
9984.09836424312
15000.0
5796.380058317724
15000.0
-7783.588093322608
-7751.423457280082
-7646.972409118454
-7812.096009418302
-8695.900241391319
-7099.515337820347
-5123.1469954835775
623.7523292505648
5001.186811089461
15000.0
10160.66399144343
15000.0
1481.7733543434215
15000.0
-14377.185314685317
-15000.0
-15000.0
-12750.877547190397
-11216.961585973764
15000.0
5819.7671142551235
15000.0
15000.0
15000.0
15000.0
-15000.0
-15000.0
-15000.0
-15000.0
-15000.0
-15000.0
-11761.36363636365
15000.0
15000.0
15000.0
15000.0
15000.0
15000.0
15000.0
15000.0
-15000.0
-13556.847851887018
-13238.016051525385
-10660.625429790387
-124.49517214287152
15000.0
14741.351391097578
6565.5038378346535
15000.0
15000.0
-14313.666465984348
-15000.0
-15000.0
-15000.0
15000.0
15000.0
15000.0
15000.0
15000.0
-14506.493506493509
15000.0
15000.0
-15000.0
-15000.0
-13861.138861138865
-9029.696132596713
15000.0
15000.0
15000.0
15000.0
15000.0
-15000.0
15000.0
15000.0
-15000.0
15000.0
15000.0
-15000.0
-14544.789032343935
-14251.592032207056
-15000.0
15000.0
15000.0
15000.0
15000.0
-15000.0
-15000.0
-15000.0
-15000.0
-15000.0
-15000.0
15000.0
15000.0
15000.0
15000.0
15000.0
15000.0
15000.0
15000.0
-15000.0
15000.0
-14015.331461887283
-14645.925748429487
-15000.0
-15000.0
-15000.0
-15000.0
-15000.0
-15000.0
15000.0
15000.0
15000.0
15000.0
15000.0
15000.0
15000.0
15000.0
15000.0
-15000.0
-15000.0
-15000.0
-15000.0
-15000.0
15000.0
15000.0
15000.0
15000.0
15000.0
15000.0
-12287.006187529747
-12317.38845087897
-12253.179977170425
-10731.355147484082
-9843.726011570361
15000.0
15000.0
15000.0
15000.0
15000.0
-12424.242424242426
15000.0
15000.0
-10094.136632598169
15000.0
-8822.01939532231
-8703.867778905951
-9224.38381393738
-9679.897449598924
-7786.472657402446
-3161.264913902549
5794.7173156441895
15000.0
15000.0
12821.282802041096
6774.528534383443
15000.0
-5698.306928673422
-4798.061392040952
-5818.448155323184
-7155.164887409224
-5974.7598885873995
-3856.1543552435023
-4786.460103438244
-5161.14382532959
-3271.9172860566323
-1802.6587790471312
51.86847596822554
3147.4904882239425
15000.0
5228.377302835693
15000.0
15000.0
15000.0
-14066.339066339067
15000.0
15000.0
15000.0
-12725.847819891707
-12585.549681490324
12821.58683655974
15000.0
15000.0
-15000.0
-15000.0
-14169.580419580423
-11943.437086434184
-10229.71750043872
-8213.556729843654
7184.706561988877
15000.0
15000.0
15000.0
15000.0
15000.0
15000.0
-15000.0
-14287.994448299796
-15000.0
-14427.980402783043
-15000.0
15000.0
15000.0
15000.0
15000.0
15000.0
15000.0
-15000.0
-15000.0
-14446.780977030092
-9275.668535583289
15000.0
15000.0
15000.0
15000.0
15000.0
-15000.0
-15000.0
-15000.0
-15000.0
15000.0
15000.0
15000.0
15000.0
15000.0
-14366.138448707257
-15000.0
15000.0
15000.0
15000.0
-15000.0
-15000.0
-15000.0
-15000.0
-995.0859950859467
15000.0
15000.0
15000.0
15000.0
15000.0
-15000.0
-15000.0
-15000.0
-15000.0
-15000.0
-15000.0
15000.0
15000.0
15000.0
15000.0
15000.0
15000.0
-15000.0
-15000.0
-15000.0
-15000.0
15000.0
15000.0
15000.0
15000.0
15000.0
15000.0
-15000.0
-15000.0
-15000.0
15000.0
15000.0
15000.0
15000.0
-15000.0
-15000.0
15000.0
15000.0
15000.0
-15000.0
-15000.0
-15000.0
-15000.0
-15000.0
-15000.0
-15000.0
-15000.0
15000.0
15000.0
15000.0
15000.0
15000.0
15000.0
15000.0
15000.0
15000.0
-15000.0
-15000.0
-15000.0
-15000.0
-15000.0
-15000.0
-11559.7887589589
15000.0
15000.0
15000.0
15000.0
15000.0
15000.0
15000.0
15000.0
-15000.0
-15000.0
-15000.0
-15000.0
-15000.0
15000.0
15000.0
15000.0
15000.0
15000.0
-15000.0
-15000.0
15000.0
15000.0
-15000.0
-15000.0
-15000.0
15000.0
15000.0
15000.0
15000.0
-15000.0
-15000.0
-15000.0
-15000.0
-15000.0
-15000.0
-15000.0
15000.0
15000.0
15000.0
15000.0
15000.0
15000.0
15000.0
15000.0
-15000.0
-15000.0
-15000.0
-15000.0
-15000.0
-15000.0
-15000.0
15000.0
15000.0
15000.0
15000.0
15000.0
15000.0
15000.0
-12978.484454427242
-13087.176723134744
-12232.832307859771
-11301.199714159324
-10690.250588504921
15000.0
15000.0
15000.0
15000.0
15000.0
15000.0
-11223.776223776225
-9221.993344953258
-9081.803683032991
-7961.396735570877
-7328.78811093789
-7270.729375149105
-6271.287624523684
3230.021575753577
15000.0
15000.0
15000.0
15000.0
15000.0
-12467.135715608223
-12237.8278434709
-13067.0099906564
-13171.839027114442
-13221.446986410541
-13078.347760869787
15000.0
15000.0
10267.091779787748
15000.0
15000.0
15000.0
-13787.878787878788
-10708.908406524475
15000.0
15000.0
15000.0
-12571.022727272728
15000.0
15000.0
-12121.212121212124
-11217.106789808331
-9380.968621559154
-7163.531806842868
-6282.08454343523
-5007.095662402821
-4300.253201138178
-3422.268844587391
-1399.5733354750382
15000.0
14861.139400707896
520.5026189181044
15000.0
15000.0
15000.0
-14331.378299120235
-14198.943582157994
-14457.16850257829
-13906.524624245445
15000.0
15000.0
15000.0
15000.0
15000.0
-14338.842975206615
-12633.196721311477
-12428.457825207315
-12336.595965500437
15000.0
15000.0
15000.0
15000.0
15000.0
-15000.0
-15000.0
-15000.0
-15000.0
15000.0
15000.0
15000.0
15000.0
15000.0
-15000.0
-15000.0
-15000.0
-15000.0
-15000.0
-15000.0
-15000.0
15000.0
15000.0
15000.0
15000.0
15000.0
15000.0
15000.0
15000.0
-15000.0
15000.0
-15000.0
-15000.0
-12468.167012140955
-11941.419495502822
-10225.157926259199
-4803.518393650786
11347.166406990778
15000.0
15000.0
5624.542546498098
15000.0
15000.0
15000.0
-13000.584624378836
-11862.198211092142
-10476.328122691077
-4735.350705308596
7103.48877874866
15000.0
15000.0
15000.0
-13939.393939393942
-13597.210828547992
-14091.238738657736
15000.0
15000.0
15000.0
15000.0
-15000.0
-15000.0
-15000.0
-15000.0
-15000.0
15000.0
15000.0
15000.0
15000.0
15000.0
15000.0
-14347.378062743308
-13139.66493306627
-12333.10584370737
-12663.781688271858
-13982.904199305245
15000.0
15000.0
15000.0
15000.0
15000.0
15000.0
-15000.0
-14630.858900671901
-14538.049565980393
-15000.0
-15000.0
15000.0
15000.0
15000.0
15000.0
15000.0
-15000.0
-15000.0
-14518.455402201653
-14344.036336715108
-13780.511068357628
15000.0
15000.0
15000.0
15000.0
15000.0
15000.0
15000.0
-15000.0
-15000.0
-15000.0
-15000.0
15000.0
15000.0
15000.0
15000.0
15000.0
-15000.0
-15000.0
-15000.0
-15000.0
-15000.0
15000.0
15000.0
15000.0
15000.0
15000.0
15000.0
-15000.0
-15000.0
-15000.0
15000.0
15000.0
15000.0
-15000.0
-15000.0
-12717.260712855434
-11936.545259970702
-9544.432572380814
15000.0
15000.0
15000.0
15000.0
15000.0
-12727.272727272728
-7982.412060301511
-5119.061559112906
-4263.372529451994
-1725.5713825597823
-303.0300776494005
-516.9719476676
-1000.1255221240372
-205.45076890275595
3250.1636947857005
7990.581524176147
4041.437087048992
3091.9997829152626
12194.189563926197
10133.591573402515
-10606.060606060608
15000.0
-11969.69696969697
-7585.021371492287
-8062.796062878115
-8434.92164611015
-8598.951463807349
-5165.27471677346
-692.7032558488827
15000.0
15000.0
15000.0
-15000.0
15000.0
-15000.0
-14601.208227516126
-13619.959984059984
-13332.4750550598
-13524.710841507538
-15000.0
-15000.0
15000.0
15000.0
15000.0
15000.0
15000.0
15000.0
15000.0
15000.0
-14008.04540604621
-15000.0
-15000.0
-15000.0
-15000.0
-15000.0
15000.0
15000.0
15000.0
15000.0
15000.0
15000.0
15000.0
15000.0
-15000.0
-15000.0
-15000.0
-15000.0
-15000.0
-15000.0
-15000.0
15000.0
15000.0
15000.0
15000.0
15000.0
15000.0