Demand
-15000.0
-15000.0
-15000.0
-15000.0
-15000.0
15000.0
15000.0
15000.0
15000.0
15000.0
15000.0
15000.0
15000.0
-15000.0
15000.0
15000.0
-15000.0
-15000.0
-15000.0
-15000.0
-15000.0
-15000.0
-15000.0
-15000.0
15000.0
15000.0
15000.0
15000.0
15000.0
15000.0
15000.0
15000.0
-13667.056416252559
-14620.285520688623
-15000.0
-15000.0
-15000.0
15000.0
15000.0
15000.0
15000.0
15000.0
15000.0
-12184.92774830803
-11942.956322388352
-11976.200176390797
-12807.232732800414
-13889.230029883198
-15000.0
-15000.0
15000.0
15000.0
15000.0
15000.0
15000.0
15000.0
-14329.091080897502
-15000.0
-15000.0
-15000.0
-15000.0
-15000.0
-15000.0
15000.0
15000.0
15000.0
15000.0
15000.0
15000.0
15000.0
15000.0
15000.0
-15000.0
-15000.0
-15000.0
-15000.0
-13183.942225998304
-13255.616350637298
-11100.02971268936
15000.0
15000.0
15000.0
15000.0
15000.0
15000.0
15000.0
15000.0
-15000.0
-14283.619606200256
-14571.824316079437
-15000.0
-9621.842112469672
15000.0
15000.0
3597.4011370730414
15000.0
15000.0
15000.0
-15000.0
-13260.161774431504
-9941.406867934897
-7976.794392687345
-5861.25612076137
-4038.8007938140545
644.708625347389
7795.768276919346
12344.379651686344
10404.673212586804
10283.393590647727
11704.720266654826
7411.1013961534045
15000.0
-9959.933683337942
-9601.815070106299
-8380.199587358322
-8876.85906580817
-8331.189474552419
-7196.703125965421
-5263.279219397234
2237.3566739662056
15000.0
15000.0
15000.0
15000.0
15000.0
-13727.347151415921
-13628.31156903231
-13870.461289178795
-14574.103621002309
-15000.0
-15000.0
-15000.0
-15000.0
15000.0
15000.0
15000.0
15000.0
15000.0
15000.0
15000.0
15000.0
-15000.0
-15000.0
-15000.0
-15000.0
-15000.0
-15000.0
15000.0
15000.0
15000.0
15000.0
15000.0
15000.0
-12572.953176242772
-12327.230640723745
-12403.219342308235
-12421.002408169159
-13652.165668027134
-15000.0
-15000.0
15000.0
15000.0
15000.0
15000.0
15000.0
15000.0
15000.0
-15000.0
-15000.0
-15000.0
15000.0
15000.0
15000.0
15000.0
15000.0
-15000.0
-15000.0
-15000.0
-15000.0
-15000.0
15000.0
15000.0
15000.0
15000.0
15000.0
15000.0
-14680.397727272728
-15000.0
-14615.426097406897
-15000.0
-15000.0
-15000.0
-15000.0
-15000.0
15000.0
15000.0
15000.0
15000.0
15000.0
15000.0
15000.0
15000.0
-15000.0
-15000.0
-15000.0
-15000.0
15000.0
15000.0
15000.0
15000.0
15000.0
-15000.0
-15000.0
-15000.0
-15000.0
-15000.0
15000.0
15000.0
15000.0
15000.0
15000.0
15000.0
15000.0
-13784.32418021861
-14560.687518646537
-15000.0
15000.0
15000.0
-15000.0
-15000.0
-15000.0
-15000.0
-15000.0
-14304.765172007868
-9666.634709284106
956.2982249878532
15000.0
15000.0
15000.0
15000.0
8291.840507452165
15000.0
15000.0
15000.0
15000.0
-10933.78452533382
-9366.958267814494
-9361.61208886933
-9291.2277412709
-8278.941685646361
-6455.014092100181
-4538.009450390633
-3046.340178818322
-1999.0372842710376
1603.1106444443576
15000.0
15000.0
15000.0
9474.145566747204
15000.0
-11666.666666666666
-4162.210338680918
1802.3475535202642
15000.0
3404.291303547984
15000.0
-7912.875033786826
-6888.629919366718
-5030.091439102573
-5883.641883716944
-6237.899252535069
-4555.064830501306
-3121.0092593980617
-965.7653515527581
3821.1082449586684
15000.0
9271.665197520102
15000.0
15000.0
-14392.607392607395
-14350.899955250017
-14295.78596401509
-12658.752067865938
-11915.239659234074
-11386.55216173434
-11775.0770404082
-13127.677692634064
-15000.0
15000.0
15000.0
15000.0
15000.0
15000.0
15000.0
15000.0
15000.0
-14682.583878602254
-15000.0
-15000.0
-15000.0
15000.0
15000.0
15000.0
15000.0
15000.0
-14518.716577540115
15000.0
15000.0
15000.0
-14010.743801652894
-14639.627419582888
-15000.0
-15000.0
-15000.0
-15000.0
-12462.78112578463
15000.0
15000.0
15000.0
15000.0
15000.0
15000.0
15000.0
15000.0
-15000.0
15000.0
15000.0
15000.0
-14070.618500670316
-13334.275743620456
-13910.316886776873
-14184.504270828384
-15000.0
-15000.0
-15000.0
-15000.0
15000.0
15000.0
15000.0
15000.0
15000.0
15000.0
15000.0
15000.0
-15000.0
-15000.0
15000.0
15000.0
-15000.0
-15000.0
-15000.0
-15000.0
15000.0
15000.0
15000.0
15000.0
15000.0
-15000.0
-15000.0
-15000.0
-15000.0
-15000.0
-15000.0
15000.0
15000.0
15000.0
15000.0
15000.0
15000.0
15000.0
15000.0
-15000.0
-15000.0
-15000.0
-15000.0
-15000.0
15000.0
15000.0
15000.0
15000.0
15000.0
-15000.0
-15000.0
-15000.0
15000.0
15000.0
15000.0
15000.0
-14319.077768486444
-13429.438103705612
-12600.084908901732
-13017.97744530937
-15000.0
15000.0
15000.0
15000.0
15000.0
15000.0
15000.0
-15000.0
-15000.0
-15000.0
-15000.0
-13964.577656675752
-15000.0
-15000.0
-15000.0
15000.0
15000.0
15000.0
15000.0
15000.0
15000.0
15000.0
15000.0
-15000.0
-15000.0
-15000.0
-15000.0
-15000.0
15000.0
15000.0
15000.0
15000.0
15000.0
15000.0
-15000.0
-15000.0
-15000.0
-15000.0
-15000.0
-15000.0
-15000.0
-15000.0
15000.0
15000.0
15000.0
15000.0
15000.0
15000.0
15000.0
15000.0
-15000.0
15000.0
15000.0
15000.0
-15000.0
-15000.0
-15000.0
-15000.0
15000.0
15000.0
15000.0
15000.0
-15000.0
-15000.0
15000.0
15000.0
15000.0
-14669.772606575578
-13524.046957454284
-12450.709054566476
-11913.721400613074
-11544.509755569045
-7677.81066093962
15000.0
11778.386259449311
15000.0
15000.0
15000.0
15000.0
-14696.969696969698
-12583.948034790272
-10349.144899590283
-7435.065791307855
-6628.066668361105
-3700.0347665302143
-39.73400661140295
5912.043572146311
15000.0
6642.94659849878
15000.0
15000.0
15000.0
-13168.429508635698
-12551.21986618557
-11558.817789308308
-10065.234374084383
-7282.173627817574
15000.0
15000.0
15000.0
15000.0
-12736.995624696163
-12553.9688627937
-13458.636101509102
-13673.652153764051
-11769.35584191477
-9323.0601110366
-6270.921200339849
8753.744874735556
15000.0
12385.743187249434
15000.0
6340.139281560779
15000.0
15000.0
15000.0
-10237.299465240641
-8408.507432628983
-7689.727772322141
-6582.768179931107
-5771.4942294560105
-4202.498855456543
2711.4053771692897
15000.0
15000.0
15000.0
15000.0
-14346.555084260006
-14547.882961291081
-12443.253438218944
15000.0
15000.0
15000.0
-15000.0
15000.0
15000.0
-15000.0
-15000.0
-14214.741001545633
-12220.805755569567
-12115.461148634113
-12509.084692489134
-9139.012276206871
15000.0
15000.0
15000.0
15000.0
15000.0
15000.0
15000.0
-15000.0
-15000.0
-15000.0
-14581.592320722764
-15000.0
-15000.0
-15000.0
-15000.0
15000.0
15000.0
15000.0
15000.0
15000.0
15000.0
15000.0
15000.0
15000.0
-14376.154319720914
-14665.41743120725
-15000.0
-15000.0
-15000.0
-15000.0
-15000.0
-15000.0
15000.0
15000.0
15000.0
15000.0
15000.0
15000.0
15000.0
15000.0
15000.0
-13466.917697686931
-12921.169867969042
-12521.722151734451
-10593.287396158386
-6448.037672314354
15000.0
15000.0
15000.0
5243.588298585793
15000.0
-12086.527929901426
-12535.252848013337
15000.0
15000.0
15000.0
-15000.0
-15000.0
-15000.0
15000.0
15000.0
15000.0
-15000.0
-15000.0
-15000.0
15000.0
15000.0
15000.0
-14346.935178248801
-14280.488295809457
-12956.472685203396
-12110.358799524322
-12567.492720439746
-14084.112394348427
-15000.0
15000.0
15000.0
15000.0
15000.0
15000.0
15000.0
15000.0
-14626.461474633288
-15000.0
-15000.0
15000.0
15000.0
15000.0
15000.0
15000.0
-15000.0
-15000.0
-14470.471134704716
-14109.236495486108
71.01914973169914
15000.0
15000.0
15000.0
15000.0
15000.0
-15000.0
-15000.0
-15000.0
-15000.0
-15000.0
15000.0
15000.0
15000.0
15000.0
15000.0
-14489.476041200174
-15000.0
15000.0
15000.0
15000.0
-15000.0
-13554.741849044338
-13398.292815885656
-13626.88369150673
-11686.717206964851
-12864.577660441973
-12726.85256265794
-15000.0
15000.0
15000.0
15000.0
15000.0
15000.0
15000.0
15000.0
15000.0
-13352.166967360194
-13206.528224231657
-13401.977238028561
-11763.16690305519
-8855.018904519118
-5041.637977417729
-1413.5756133715813
7665.769877873179
15000.0
15000.0
15000.0
15000.0
8848.912394433992
5411.026153974903
15000.0
-3694.2148760330565
227.7053813243465
8374.524790098505
2839.2393815170153
15000.0
15000.0
15000.0
-5277.106071498597
-6779.437414008793
-7041.574850413861
-5111.654810998723
-4179.713551500789
-359.328116357985
15000.0
15000.0
-1094.1225685632216
15000.0
-13717.900656044989
-14646.53704052838
-15000.0
-15000.0
-15000.0
-13541.186534071367
15000.0
15000.0
15000.0
15000.0
15000.0
15000.0
15000.0
-15000.0
-15000.0
-15000.0
-15000.0
-15000.0
15000.0
15000.0
15000.0
15000.0
15000.0
-15000.0
-15000.0
-15000.0
-15000.0
15000.0
15000.0
15000.0
15000.0
15000.0
15000.0
-15000.0
15000.0
15000.0
-15000.0
-15000.0
-15000.0
15000.0
15000.0
15000.0
-15000.0
-15000.0
-15000.0
-15000.0