Demand
15000.0
15000.0
15000.0
15000.0
15000.0
15000.0
15000.0
15000.0
15000.0
15000.0
15000.0
15000.0
15000.0
15000.0
15000.0
15000.0
15000.0
15000.0
15000.0
15000.0
15000.0
15000.0
15000.0
-15000.0
-15000.0
15000.0
15000.0
15000.0
15000.0
15000.0
15000.0
15000.0
-13609.903583400297
-14605.65182818045
-15000.0
-15000.0
-15000.0
15000.0
15000.0
15000.0
15000.0
15000.0
15000.0
15000.0
-12238.117212736506
-12375.637176810375
-13214.605951589037
-14197.04551749292
-15000.0
-15000.0
-15000.0
-9044.901490473814
15000.0
15000.0
15000.0
15000.0
15000.0
15000.0
15000.0
15000.0
15000.0
-15000.0
-15000.0
-15000.0
-14484.111021721645
-10620.08213196011
-9739.50354198462
15000.0
15000.0
15000.0
15000.0
15000.0
15000.0
15000.0
-15000.0
-15000.0
-13855.00901364924
-14133.98986484221
-13967.321535678951
-14330.2530787311
-13938.473617149306
-11211.92955685082
15000.0
15000.0
15000.0
15000.0
15000.0
15000.0
15000.0
15000.0
-15000.0
-13267.547688826944
-13838.605899142498
-13640.666184368347
-14429.248632873674
-15000.0
-9803.75430013534
15000.0
15000.0
15000.0
15000.0
15000.0
15000.0
15000.0
-6481.942714819423
3983.25470475409
15000.0
15000.0
-7996.587030716721
-7762.576527378686
-7694.28017314952
-8188.099684707337
-5136.596150710491
2387.812044069953
15000.0
15000.0
451.55338861017935
15000.0
-11545.454545454551
139.4422310755299
15000.0
-14374.428388512897
-15000.0
-15000.0
-12365.911148665538
-8529.203297678287
15000.0
15000.0
15000.0
15000.0
15000.0
-15000.0
-15000.0
-15000.0
-15000.0
-15000.0
-15000.0
-15000.0
15000.0
15000.0
15000.0
15000.0
15000.0
15000.0
15000.0
15000.0
-15000.0
-15000.0
-12580.474000707469
-9807.344652795025
15000.0
15000.0
15000.0
15000.0
15000.0
-13138.26891671203
-13213.559925489262
-14103.477641276058
-15000.0
-15000.0
15000.0
15000.0
15000.0
15000.0
-15000.0
-15000.0
-14345.03241865733
-15000.0
15000.0
15000.0
15000.0
15000.0
15000.0
15000.0
-14690.452916259368
-15000.0
-15000.0
-15000.0
-15000.0
15000.0
15000.0
15000.0
15000.0
15000.0
15000.0
-14668.411867364746
-14624.718073201173
-15000.0
-14408.686205553575
-15000.0
-15000.0
15000.0
15000.0
15000.0
15000.0
15000.0
15000.0
-15000.0
-15000.0
-15000.0
-15000.0
15000.0
15000.0
15000.0
15000.0
15000.0
15000.0
-15000.0
-13896.70301309762
-14568.012857470963
-15000.0
-15000.0
-15000.0
15000.0
15000.0
15000.0
15000.0
15000.0
15000.0
-14640.290913268163
-14135.104964225855
-10367.93162457957
-9468.930181856063
2769.5333719830214
15000.0
15000.0
15000.0
15000.0
15000.0
-15000.0
-15000.0
-15000.0
-15000.0
15000.0
15000.0
15000.0
15000.0
15000.0
-13150.1976284585
-12664.955804977886
-13159.755500324842
-13311.679689831763
-13453.928545387957
-10715.721287906668
-3641.064166750035
15000.0
15000.0
15000.0
15000.0
7141.34343930762
15000.0
15000.0
-8697.7886977887
-9046.137093847043
-9167.896128838936
-5751.967462971129
9359.65428974133
15000.0
12818.389754011829
9250.30086147217
15000.0
-7241.12785610112
-6200.715716603194
-4332.719394797026
-3065.7169319062205
-4028.3858143064163
-5297.249481087554
-3143.765251240825
764.3780453369773
392.0404579833703
1841.3432144671278
10298.070127571802
10362.993766592183
10283.249917604728
15000.0
-12575.757575757576
-10298.103480022099
-11078.409759445447
-12688.339636129236
-14140.3845651759
-13993.085798769105
-13739.740323680573
-9611.089947906079
-3985.1225988660335
15000.0
7685.876409220855
15000.0
15000.0
15000.0
15000.0
15000.0
15000.0
15000.0
-12751.69045830203
-12888.407561527347
-13407.680200700848
-14523.075016443276
-15000.0
-15000.0
15000.0
15000.0
15000.0
15000.0
15000.0
15000.0
15000.0
-15000.0
-14329.04744657733
-12399.258961019768
-13743.845307512576
-14498.671575319499
-15000.0
-15000.0
-15000.0
15000.0
15000.0
15000.0
15000.0
15000.0
15000.0
15000.0
-15000.0
-15000.0
-15000.0
-15000.0
-15000.0
-15000.0
15000.0
15000.0
15000.0
15000.0
15000.0
15000.0
15000.0
15000.0
-15000.0
-15000.0
-15000.0
15000.0
15000.0
15000.0
-13656.452563347084
-13487.409760952214
-14553.958022527084
-15000.0
-15000.0
-15000.0
15000.0
15000.0
15000.0
15000.0
15000.0
15000.0
-15000.0
15000.0
15000.0
-15000.0
-15000.0
-15000.0
-15000.0
-15000.0
15000.0
15000.0
15000.0
15000.0
15000.0
15000.0
-15000.0
-15000.0
-15000.0
-15000.0
-15000.0
15000.0
15000.0
15000.0
15000.0
15000.0
15000.0
15000.0
-15000.0
-15000.0
15000.0
15000.0
15000.0
-15000.0
-15000.0
-15000.0
-15000.0
-13618.181818181827
-9699.928269705917
15000.0
15000.0
15000.0
15000.0
15000.0
15000.0
15000.0
-15000.0
-15000.0
15000.0
15000.0
15000.0
15000.0
-14347.103967011572
-15000.0
-15000.0
-15000.0
-15000.0
-15000.0
-15000.0
15000.0
15000.0
15000.0
15000.0
15000.0
15000.0
15000.0
15000.0
15000.0
-15000.0
-15000.0
-15000.0
-15000.0
-15000.0
-15000.0
-15000.0
-15000.0
15000.0
15000.0
15000.0
15000.0
15000.0
15000.0
15000.0
15000.0
15000.0
-15000.0
-15000.0
-15000.0
-15000.0
-15000.0
-15000.0
15000.0
15000.0
15000.0
15000.0
15000.0
15000.0
15000.0
-15000.0
-15000.0
-15000.0
-15000.0
15000.0
15000.0
15000.0
15000.0
15000.0
-14665.296535525544
-14620.328335358921
-13183.842995917865
-11476.192475463184
-9613.220929522915
-2405.3216090757624
15000.0
15000.0
15000.0
15000.0
15000.0
15000.0
-14290.855771794191
-14097.616601960344
-9925.065945901333
15000.0
15000.0
7644.818042152383
15000.0
15000.0
-10763.293310463123
-11439.343311658238
-11766.668160049572
-11581.068115951857
-11011.982867758044
-8761.584361525885
15000.0
15000.0
15000.0
15000.0
15000.0
15000.0
-13910.365335598985
-14015.652878436606
-8643.351055025636
15000.0
15000.0
15000.0
15000.0
-12967.914438502678
-11540.644746706657
-9409.412476758083
15000.0
15000.0
4783.192709830667
15000.0
-13383.208055594954
-13107.703576554853
-10614.159879732437
-6763.0577912696035
15000.0
15000.0
5112.604858958693
15000.0
15000.0
-10517.273663514661
-11547.762481803682
-11925.782828987674
-12313.32761558631
-12728.93098390994
-12371.686983918113
-8902.887570355742
15000.0
15000.0
15000.0
15000.0
15000.0
15000.0
-15000.0
-15000.0
-15000.0
15000.0
15000.0
15000.0
-13414.973262032086
-13964.251658462192
-13837.428152883866
-14546.302305451009
-15000.0
-15000.0
-15000.0
15000.0
15000.0
15000.0
15000.0
15000.0
15000.0
15000.0
-15000.0
-15000.0
-15000.0
-15000.0
-15000.0
-15000.0
-15000.0
15000.0
15000.0
15000.0
15000.0
15000.0
15000.0
15000.0
15000.0
-15000.0
-15000.0
-15000.0
15000.0
15000.0
15000.0
-12577.331759149944
-6194.674138743875
15000.0
15000.0
-10726.316415550904
15000.0
15000.0
-12836.61666365444
-12209.01300630506
15000.0
15000.0
-13070.73117812975
-12197.429177443031
-11498.15719912717
-9207.092357371392
-9215.82826374882
-7534.902826043515
-3727.0555079230035
7135.63639107627
15000.0
-2760.1145897209854
15000.0
15000.0
15000.0
15000.0
-15000.0
-15000.0
15000.0
15000.0
-15000.0
-15000.0
-15000.0
-15000.0
-15000.0
15000.0
15000.0
15000.0
15000.0
15000.0
15000.0
-13636.36363636364
15000.0
15000.0
-15000.0
-15000.0
-15000.0
-15000.0
-15000.0
-15000.0
-6564.482029598359
15000.0
15000.0
15000.0
15000.0
15000.0
15000.0
15000.0
-15000.0
-15000.0
-15000.0
-14466.432718493736
-14265.855302697972
-13625.589074931482
15000.0
15000.0
15000.0
15000.0
15000.0
15000.0
15000.0
15000.0
-15000.0
-15000.0
-15000.0
-15000.0
-15000.0
-15000.0
-15000.0
-11516.424751718892
15000.0
15000.0
15000.0
15000.0
15000.0
15000.0
15000.0
15000.0
-13084.522969439662
-13970.767083356397
-14244.9218304282
-15000.0
-15000.0
-15000.0
-15000.0
-15000.0
15000.0
15000.0
15000.0
15000.0
15000.0
15000.0
15000.0
15000.0
-11134.87484661652
-7545.494111953424
15000.0
7249.6621089299115
15000.0
-5988.14229249012
-5133.3637066171505
-2649.524818513796
-1108.468671984312
-1024.224520774509
-999.9084293193391
891.1429126370058
7260.058111966322
12690.329296217671
-692.0123449846487
15000.0
-7889.565689014977
-6246.832690378717
-5136.3196338431335
-6759.485679254245
-7215.809715073152
-5787.612137054828
-5778.040323658319
-5101.047083678408
-2151.0447088612054
15000.0
15000.0
2848.96525007172
15000.0
15000.0
-15000.0
-15000.0
-15000.0
-13946.784922394683
15000.0
15000.0
15000.0
15000.0
15000.0
-15000.0
-15000.0
15000.0
15000.0
15000.0
-15000.0
-15000.0
-11991.202346041056
15000.0
15000.0
15000.0
-15000.0
15000.0
-15000.0
-15000.0
-15000.0
-15000.0
-15000.0
15000.0
8553.71900826462
15000.0
15000.0
15000.0
15000.0
15000.0
-15000.0
15000.0
-15000.0
-15000.0
-15000.0
-15000.0
-15000.0
-15000.0
15000.0
15000.0