Demand
15000.0
15000.0
15000.0
15000.0
15000.0
15000.0
15000.0
15000.0
15000.0
15000.0
15000.0
15000.0
15000.0
15000.0
15000.0
15000.0
15000.0
15000.0
15000.0
15000.0
-15000.0
-15000.0
15000.0
15000.0
15000.0
15000.0
15000.0
15000.0
15000.0
15000.0
15000.0
15000.0
15000.0
15000.0
15000.0
15000.0
15000.0
-15000.0
-15000.0
-9971.447895856043
-10722.203369018032
-8136.5311447719805
-7738.324295930917
-5258.952501260136
6469.226704889968
15000.0
8637.029015862981
15000.0
15000.0
15000.0
15000.0
15000.0
-14673.726388093877
-13896.483342933268
-13703.704793980909
-12795.197841881862
-13333.10123097595
-15000.0
15000.0
15000.0
15000.0
15000.0
15000.0
15000.0
-14669.227766912409
-12821.105322553034
-13382.603495579518
-13591.738697019751
-12666.681844873874
-14185.984362033356
-15000.0
15000.0
15000.0
15000.0
15000.0
15000.0
15000.0
15000.0
15000.0
-14681.608713866779
-14623.582287330057
-14503.277284138934
-14105.297976249578
15000.0
15000.0
15000.0
15000.0
15000.0
-14322.63814616756
-14592.313887653418
-15000.0
-8842.005342164783
15000.0
15000.0
15000.0
15000.0
15000.0
-15000.0
-15000.0
-13177.555152936166
-9648.953557172932
-7488.606777908214
-5093.852559252285
-2932.455992341719
2526.9614425386326
10173.423691169448
12500.261228151856
10331.54079995941
10338.081953938376
11596.537351033781
7880.783309337032
15000.0
15000.0
15000.0
-9359.538207806487
-9957.035686597785
-9804.951173396057
-9467.135471712205
-9259.730119465683
-9057.098525951013
-7816.868968698213
15000.0
15000.0
15000.0
15000.0
15000.0
-13721.145963670886
-13951.743860470313
-14606.768834582013
-15000.0
-15000.0
-15000.0
-15000.0
15000.0
15000.0
15000.0
15000.0
15000.0
15000.0
15000.0
-14636.686122458745
-15000.0
-15000.0
-15000.0
15000.0
15000.0
15000.0
15000.0
15000.0
-13678.75568459634
-12493.760693646127
-10280.419313729351
-11071.597554071323
-11460.801798108641
-10607.144076219713
-9757.990026309722
-6760.450369299782
15000.0
-15000.0
15000.0
15000.0
15000.0
15000.0
15000.0
15000.0
-15000.0
-14594.17538646893
-15000.0
-15000.0
-15000.0
15000.0
15000.0
15000.0
15000.0
15000.0
-15000.0
-15000.0
-15000.0
-15000.0
-15000.0
-15000.0
-15000.0
15000.0
15000.0
15000.0
15000.0
15000.0
15000.0
15000.0
15000.0
15000.0
-15000.0
-15000.0
-15000.0
-15000.0
-15000.0
-15000.0
15000.0
15000.0
15000.0
15000.0
15000.0
15000.0
-15000.0
-15000.0
-15000.0
-15000.0
-15000.0
-12819.711844957292
-13821.883516341233
-15000.0
15000.0
15000.0
15000.0
15000.0
15000.0
15000.0
15000.0
15000.0
-14676.184567085249
-14279.38283713254
-11678.833543716035
-12035.992772579913
-12392.15345294234
-13878.993226142364
15000.0
15000.0
15000.0
15000.0
15000.0
15000.0
15000.0
-15000.0
-14634.615384615387
-12880.066704945631
-11390.105402302437
-9504.649967988407
-7166.501073058833
11114.269006995884
15000.0
15000.0
7914.063039830809
15000.0
15000.0
15000.0
-10777.777777777777
-8971.0560917843
-8718.285411950728
-8222.5042630172
-6108.7851924875395
-1419.827978455025
6887.338391889254
13173.164870800592
5894.08391716616
15000.0
15000.0
-12727.272727272728
-9739.900198236377
-8274.696013511762
-6656.569081332541
-2230.65375668701
3330.3717085978933
11135.947006230646
13762.24362318013
7402.721226283658
8620.828860409347
15000.0
-7180.354856411198
-5574.899179563024
-6569.387004234835
-7190.4395216218845
-6252.582665931801
-5926.8077943665485
-5836.596692169661
-5969.039015919454
-4278.312564241581
-1462.2860938501062
6291.543763739628
15000.0
-6008.875949617475
15000.0
15000.0
15000.0
-12647.92214344514
-11817.428464547658
-9824.164212160085
15000.0
15000.0
15000.0
-15000.0
-15000.0
-14237.967914438505
-12274.552647136188
-10945.806879943342
-9817.874187041194
-5925.760276480059
15000.0
15000.0
15000.0
15000.0
15000.0
15000.0
-15000.0
-14318.181818181823
-15000.0
-14531.656548135299
-15000.0
-12712.30699096045
15000.0
15000.0
15000.0
-15000.0
15000.0
15000.0
15000.0
-14623.80993831389
-12799.615407751848
-12290.362084277142
-11227.662568263037
-12103.499942244645
15000.0
15000.0
15000.0
15000.0
15000.0
15000.0
15000.0
-14348.745096545688
-13939.613202733952
-13044.611347079255
-13670.196013654608
-13940.484910468498
-15000.0
-15000.0
-15000.0
15000.0
15000.0
15000.0
15000.0
15000.0
15000.0
15000.0
15000.0
-14659.516846725106
-15000.0
-15000.0
-15000.0
-15000.0
-15000.0
-15000.0
-15000.0
15000.0
15000.0
15000.0
15000.0
15000.0
15000.0
15000.0
15000.0
15000.0
-15000.0
-15000.0
-15000.0
-15000.0
-15000.0
-11055.680750556206
15000.0
15000.0
15000.0
15000.0
15000.0
15000.0
15000.0
-15000.0
-15000.0
-15000.0
-15000.0
-15000.0
-15000.0
-15000.0
-15000.0
15000.0
15000.0
15000.0
15000.0
15000.0
15000.0
15000.0
15000.0
-13462.114966649184
-12667.244926714888
-13101.319513432041
-15000.0
15000.0
15000.0
15000.0
15000.0
15000.0
15000.0
-15000.0
-15000.0
15000.0
15000.0
-14244.755244755248
-15000.0
-15000.0
-15000.0
15000.0
15000.0
15000.0
15000.0
15000.0
15000.0
-15000.0
-15000.0
-15000.0
-15000.0
15000.0
15000.0
15000.0
15000.0
15000.0
-15000.0
-15000.0
-15000.0
-15000.0
-15000.0
-15000.0
15000.0
15000.0
15000.0
15000.0
15000.0
15000.0
15000.0
-15000.0
-15000.0
-15000.0
-15000.0
15000.0
15000.0
15000.0
15000.0
15000.0
-15000.0
-15000.0
-15000.0
-15000.0
-15000.0
-15000.0
-15000.0
-15000.0
15000.0
15000.0
15000.0
15000.0
15000.0
15000.0
15000.0
15000.0
-13529.980657640233
-12463.536562850615
-11934.083677774059
-11577.542083485423
-7808.770207768449
15000.0
9315.575938037953
15000.0
15000.0
15000.0
15000.0
15000.0
-12754.010695187171
-10781.95488721805
-8365.099564071665
-7969.35614166498
-6185.148555907551
-4598.593599541291
-2918.3728886399913
4888.291389955561
15000.0
15000.0
15000.0
2273.1790722287224
15000.0
-12597.832630945217
-11751.882860978287
-10772.915115006334
-10602.696191037336
15000.0
15000.0
15000.0
15000.0
-13939.393939393942
-12686.573345481658
-13566.322369929429
-13799.430387801829
-12209.289553929273
-10470.975536630885
-9029.966308568164
-4370.561341138411
4505.458111820534
15000.0
15000.0
15000.0
15000.0
15000.0
15000.0
-12727.272727272728
-8612.126931697541
-8252.34824505648
-7800.010363628593
-8035.071099997741
-8642.113848577712
-9742.548367863219
-9697.015968422733
-9106.03089234239
-5142.896374695367
15000.0
15000.0
15000.0
15000.0
15000.0
15000.0
15000.0
-15000.0
-15000.0
-15000.0
-15000.0
-15000.0
-13573.81150959133
-7422.824214522002
9968.027152274874
15000.0
15000.0
-1429.5799281880345
15000.0
15000.0
15000.0
15000.0
-15000.0
-15000.0
-15000.0
-15000.0
-15000.0
-11012.792463841783
15000.0
15000.0
15000.0
15000.0
15000.0
15000.0
-15000.0
-15000.0
-15000.0
-14555.531579217572
-13355.8443761269
-10503.058736826246
-9998.037712551617
591.5727701026144
15000.0
15000.0
15000.0
15000.0
15000.0
15000.0
15000.0
-12794.970986460354
-12062.113435978423
-8423.767825171493
15000.0
15000.0
15000.0
15000.0
-11790.024135156887
15000.0
-13463.135854069766
-13001.777535479348
-12790.545970305251
-11632.67250353918
-10474.487417426491
-6540.683686608593
-4808.326838383787
5642.059170306685
15000.0
15000.0
3443.5659369818513
15000.0
15000.0
15000.0
-15000.0
-15000.0
-15000.0
-15000.0
-15000.0
15000.0
15000.0
15000.0
15000.0
15000.0
15000.0
-15000.0
-15000.0
-14205.148833467421
-14086.945381515005
-12234.272078120885
-10681.814728821046
-10633.572558235159
-11929.384119446684
15000.0
15000.0
15000.0
15000.0
15000.0
15000.0
15000.0
15000.0
-14602.170566634104
-15000.0
15000.0
15000.0
15000.0
-15000.0
-15000.0
-15000.0
-15000.0
-15000.0
15000.0
15000.0
15000.0
15000.0
15000.0
-15000.0
-15000.0
-15000.0
-15000.0
-15000.0
-15000.0
-15000.0
15000.0
15000.0
15000.0
15000.0
15000.0
15000.0
15000.0
15000.0
-15000.0
-15000.0
-15000.0
-15000.0
15000.0
15000.0
15000.0
15000.0
15000.0
15000.0
-15000.0
15000.0
15000.0
-15000.0
-15000.0
15000.0
15000.0
15000.0
-13155.936590100297
-11775.100671140954
15000.0
15000.0
15000.0
15000.0
-12878.78787878788
-10157.137283800774
-9418.582225185964
-6476.486196912923
-2600.8660335690583
-1169.5685572673374
2575.1477254725723
4621.894996548584
4202.377829156988
3565.0578125681122
4991.645626426471
9899.57061365305
12277.936365857555
2875.3585027715453
13479.834818170842
-11515.151515151516
-4777.105321425937
-3053.0684355460644
-4577.626660495857
-4228.451335359957
194.92911855781676
4709.371849175402
15000.0
2276.7984117719616
15000.0
15000.0
-12400.968937019097
-13494.328045344882
-14513.287102594772
-15000.0
15000.0
15000.0
15000.0
15000.0
15000.0
-14375.395119484132
-15000.0
-15000.0
-15000.0
-15000.0
-15000.0
-15000.0
15000.0
15000.0
15000.0
15000.0
15000.0
15000.0
15000.0
-15000.0
-15000.0
-15000.0
-15000.0
-15000.0
-15000.0
15000.0
15000.0
15000.0
15000.0
15000.0
15000.0
-15000.0
-15000.0
-15000.0
-15000.0
-15000.0
-15000.0
-15000.0
-15000.0
15000.0
15000.0
15000.0
15000.0