Demand
15000.0
15000.0
15000.0
15000.0
15000.0
15000.0
15000.0
15000.0
15000.0
15000.0
15000.0
15000.0
15000.0
15000.0
15000.0
15000.0
15000.0
15000.0
15000.0
15000.0
15000.0
-15000.0
-15000.0
-15000.0
-15000.0
-15000.0
-15000.0
7053.82500380135
15000.0
15000.0
15000.0
15000.0
5566.441083530107
15000.0
15000.0
15000.0
15000.0
15000.0
-15000.0
-10994.729907773391
-11725.518146153172
-10072.713811470723
-10222.468404580188
-9582.081692435851
-7006.272104473527
790.5172907580754
15000.0
15000.0
15000.0
15000.0
15000.0
15000.0
-14689.711486118671
-13962.62477691002
-13802.520731918725
-13026.008406932964
-13606.283820899149
-15000.0
15000.0
15000.0
15000.0
15000.0
15000.0
15000.0
-14695.04917897856
-13005.369641444744
-13530.184617455176
-13731.988520642586
-12923.642450663505
-14285.385881694216
-15000.0
15000.0
15000.0
15000.0
15000.0
15000.0
15000.0
15000.0
-14300.935152537182
-14574.248442975811
-14396.085359305209
-13558.263510458328
15000.0
15000.0
15000.0
15000.0
15000.0
-15000.0
-14205.090211801627
-14489.161105308383
-15000.0
15000.0
4501.575937545407
15000.0
15000.0
15000.0
15000.0
-15000.0
-15000.0
-12854.319593450033
-7728.234519654761
-2223.752506161938
9162.904323332048
14501.465090884049
10741.361087800004
15000.0
1499.536910736073
15000.0
-7576.744186046515
-7014.566603819429
-6312.717564547605
-5394.971263563971
12275.29798300348
12576.705404670458
13695.55440678569
-12727.272727272728
-9454.482279360676
-8345.197528552708
-5499.7126598065415
15000.0
15000.0
1460.6238048125779
15000.0
-15000.0
-13526.060606060608
-13185.916712208193
-12400.879087129586
-10320.831707470334
15000.0
15000.0
15000.0
15000.0
15000.0
-15000.0
-15000.0
-15000.0
-15000.0
-15000.0
-13542.613636363643
-13682.368918643151
15000.0
15000.0
15000.0
15000.0
15000.0
15000.0
15000.0
15000.0
-13776.430181388863
-13634.315804824942
-12208.495101177155
-9031.96947385823
-8855.230421289227
-5112.466607424762
15000.0
15000.0
15000.0
15000.0
15000.0
-15000.0
-15000.0
-15000.0
-15000.0
-15000.0
15000.0
15000.0
15000.0
15000.0
15000.0
-15000.0
-15000.0
-14234.068944131486
-12819.30141796629
-13971.668175408478
-14334.225717511785
-15000.0
-15000.0
15000.0
15000.0
15000.0
15000.0
15000.0
15000.0
15000.0
15000.0
-14589.984000397744
-14296.375403847778
15000.0
15000.0
15000.0
15000.0
-15000.0
-15000.0
-15000.0
-15000.0
15000.0
15000.0
15000.0
15000.0
15000.0
-15000.0
15000.0
15000.0
-15000.0
-15000.0
-15000.0
15000.0
15000.0
15000.0
15000.0
15000.0
-15000.0
-15000.0
-15000.0
15000.0
15000.0
15000.0
15000.0
-15000.0
-14627.207325049054
-14130.019913023956
-10657.53055664976
-10610.734647746944
-9718.385450120822
15000.0
15000.0
15000.0
15000.0
15000.0
15000.0
15000.0
-15000.0
-15000.0
-14602.418042315741
-12676.376164006102
-11018.456482506532
-8927.668916609458
-6506.109159822194
7560.876351148039
15000.0
15000.0
15000.0
15000.0
15000.0
15000.0
-13030.303030303032
-9189.486308215073
-8907.631688617505
-8333.42348579261
-5957.7783245863975
-15.355738431950158
13119.29642396486
8590.927646505417
15000.0
-1348.4276251285646
15000.0
-9732.905042682396
-8790.46915541292
-5820.680212724318
386.6020023310548
15000.0
15000.0
2754.127587201553
15000.0
-5162.401869718946
-5982.181421187157
-7039.015852708126
-5243.932125959144
-1723.2916351748327
-1192.1508304854397
2934.8587600093006
15000.0
6449.743259586171
15000.0
-5102.145045965292
15000.0
15000.0
-11627.218934911245
-13001.162685741816
-14245.510619682838
-14081.683258478097
-13730.183145972856
-7347.868767516113
15000.0
15000.0
15000.0
15000.0
15000.0
15000.0
-15000.0
-15000.0
-14161.970105366338
-11813.45020262514
-9653.197030108979
-5376.008168649361
15000.0
15000.0
15000.0
15000.0
15000.0
15000.0
-15000.0
-15000.0
15000.0
15000.0
-14684.908789386402
-15000.0
-14173.547889907379
-11354.56202731264
-12804.18844161371
-13259.225034006333
15000.0
15000.0
15000.0
15000.0
15000.0
15000.0
-13433.549521820383
-13318.260400766878
-14265.40286017185
-15000.0
-15000.0
-15000.0
-15000.0
-15000.0
15000.0
15000.0
15000.0
15000.0
15000.0
15000.0
15000.0
15000.0
-15000.0
-15000.0
15000.0
15000.0
15000.0
-15000.0
-15000.0
-14203.354297693924
-13112.410800059362
-12601.010958320468
-14104.554333726457
-15000.0
15000.0
15000.0
15000.0
15000.0
15000.0
15000.0
15000.0
-15000.0
-15000.0
15000.0
15000.0
15000.0
-15000.0
15000.0
15000.0
-15000.0
-15000.0
-15000.0
-15000.0
-15000.0
-13509.165721551191
-13740.076502265481
-15000.0
15000.0
15000.0
15000.0
15000.0
15000.0
15000.0
15000.0
15000.0
-15000.0
15000.0
-15000.0
-15000.0
-15000.0
-15000.0
-15000.0
-15000.0
-15000.0
-15000.0
15000.0
15000.0
15000.0
15000.0
15000.0
15000.0
15000.0
15000.0
15000.0
15000.0
15000.0
-15000.0
-15000.0
-15000.0
-15000.0
-15000.0
15000.0
15000.0
15000.0
15000.0
15000.0
-15000.0
-15000.0
-15000.0
-15000.0
15000.0
15000.0
15000.0
15000.0
-15000.0
-15000.0
-15000.0
-15000.0
-15000.0
-15000.0
-15000.0
15000.0
15000.0
15000.0
15000.0
15000.0
15000.0
15000.0
15000.0
-15000.0
-15000.0
-15000.0
15000.0
15000.0
15000.0
15000.0
-15000.0
-15000.0
-15000.0
-15000.0
-15000.0
-15000.0
15000.0
15000.0
15000.0
15000.0
15000.0
15000.0
15000.0
-15000.0
-15000.0
15000.0
15000.0
-15000.0
-15000.0
-15000.0
-15000.0
-14301.641754471948
-13856.843395059139
5991.4317127713175
15000.0
15000.0
15000.0
15000.0
15000.0
15000.0
15000.0
15000.0
-14289.466654794767
-14095.01075637235
-13542.045315428408
15000.0
15000.0
15000.0
12601.731819987894
-12424.242424242426
-8434.125269978405
-7601.764472801082
-410.79398474757363
15000.0
15000.0
15000.0
-13455.493835523645
-12861.293363298435
-11890.858571506822
-9731.687161361297
-127.29434250034865
15000.0
15000.0
15000.0
15000.0
-13114.273898959269
-12652.247903973075
-12463.777116985191
-13404.815306358661
-13633.726666729355
-11708.168175928826
-9355.79512603171
-6832.618599352667
2944.466742534568
15000.0
15000.0
7056.2027589836325
15000.0
15000.0
15000.0
15000.0
15000.0
-8565.062388591807
-7975.105352857885
-7119.239590844872
-6748.285928646219
-6283.253726075666
-4907.772078924059
15000.0
15000.0
-1077.212870230007
15000.0
15000.0
-14696.526021562626
-14350.502739897132
-14295.286536153773
-14609.462984094513
-14551.794209165262
-15000.0
-15000.0
-15000.0
-15000.0
15000.0
15000.0
15000.0
15000.0
15000.0
15000.0
15000.0
15000.0
-15000.0
-15000.0
15000.0
15000.0
-15000.0
-15000.0
-15000.0
-15000.0
15000.0
15000.0
15000.0
15000.0
15000.0
15000.0
-15000.0
-15000.0
-15000.0
-15000.0
-14508.055235903335
-13156.549225491151
-9874.760271823146
-9225.515018400856
2685.2463917150817
15000.0
15000.0
15000.0
15000.0
15000.0
15000.0
15000.0
15000.0
-13161.974451196827
-12682.19644789218
-11716.540373958738
-11704.222820105788
-9619.143113958373
-8837.785141098022
-8667.640875756988
-3147.686445179649
15000.0
15000.0
15000.0
15000.0
15000.0
15000.0
-11516.220028208747
-11251.469595887218
-10889.732977094558
-10788.185391877709
-11513.430008550578
-13038.635619280209
-13846.384611912992
15000.0
15000.0
15000.0
15000.0
15000.0
15000.0
15000.0
-15000.0
-15000.0
-15000.0
-15000.0
-15000.0
-15000.0
-15000.0
15000.0
15000.0
15000.0
15000.0
15000.0
15000.0
15000.0
-15000.0
-15000.0
-15000.0
-15000.0
-15000.0
15000.0
15000.0
15000.0
15000.0
15000.0
15000.0
15000.0
-15000.0
-15000.0
-15000.0
-15000.0
15000.0
15000.0
15000.0
15000.0
-15000.0
-15000.0
-15000.0
-15000.0
15000.0
15000.0
15000.0
15000.0
15000.0
15000.0
-15000.0
-15000.0
-15000.0
-15000.0
-15000.0
-13845.27728538871
-15000.0
15000.0
15000.0
15000.0
15000.0
15000.0
15000.0
15000.0
-12928.420815147128
-13866.428123264912
-14144.50424938426
-15000.0
-15000.0
-15000.0
-15000.0
15000.0
15000.0
15000.0
15000.0
15000.0
15000.0
15000.0
15000.0
-12602.16463654545
-10643.827638604977
-8269.03604505083
-6102.063326525865
631.7186328599846
15000.0
15000.0
15000.0
5770.77889588051
15000.0
-3993.2225209193166
-4705.046929390462
-4688.39613891979
-3175.5823152560115
-826.3732254243387
-2696.846169939977
-4419.561155185282
-4688.399955984539
-1012.9856155131038
2417.9812204507643
924.3772054012788
4393.96061140964
15000.0
5093.02151762453
15000.0
15000.0
-10741.86875071831
-11380.689303320403
-11642.68666967929
-12879.024194407
-14151.113822069026
-15000.0
15000.0
15000.0
15000.0
15000.0
15000.0
-14311.890152921213
-15000.0
-15000.0
-15000.0
-15000.0
-15000.0
15000.0
15000.0
15000.0
15000.0
15000.0
15000.0
15000.0
15000.0
-15000.0
-15000.0
-15000.0
-15000.0
-15000.0
-15000.0
-15000.0
15000.0
15000.0
15000.0
15000.0
15000.0
15000.0
15000.0
15000.0
15000.0
-15000.0
-15000.0
-15000.0
-15000.0
-15000.0
15000.0
15000.0
15000.0