Demand
-15000.0
-15000.0
15000.0
15000.0
15000.0
15000.0
15000.0
15000.0
15000.0
15000.0
15000.0
15000.0
15000.0
15000.0
15000.0
15000.0
-15000.0
-15000.0
-15000.0
-15000.0
-15000.0
-15000.0
-15000.0
15000.0
15000.0
15000.0
15000.0
15000.0
15000.0
15000.0
15000.0
-12528.628032889912
-13353.538093519215
-14469.610049453084
-15000.0
-15000.0
15000.0
15000.0
15000.0
15000.0
15000.0
15000.0
15000.0
-12224.025974025975
-11841.71841577068
-11581.775619522145
-11949.13141707984
-11468.893498574576
15000.0
15000.0
15000.0
15000.0
-14690.286747619393
-13997.614150353475
-13902.044266305282
-13354.028451933416
-14040.316383347195
-15000.0
-15000.0
-15000.0
15000.0
15000.0
15000.0
15000.0
15000.0
15000.0
15000.0
15000.0
-13729.36259143156
-14659.462105322145
-15000.0
-15000.0
-15000.0
-15000.0
-15000.0
-15000.0
15000.0
15000.0
15000.0
15000.0
15000.0
15000.0
15000.0
15000.0
15000.0
-15000.0
-15000.0
-15000.0
-13464.646464646474
-11781.600542046257
15000.0
15000.0
15000.0
15000.0
15000.0
-15000.0
-14166.328934587655
-15000.0
-15000.0
15000.0
15000.0
15000.0
15000.0
15000.0
-8313.782991202344
15000.0
-7392.649903288205
-6930.936155551867
-6707.348661819524
-6311.901142049988
-6093.025193841276
-6549.16812590011
-2506.499441490013
5873.746553082532
15000.0
9660.37594889076
15000.0
4997.7723234445975
15000.0
-12370.747645589086
-13556.937800905576
-14173.833315101052
-15000.0
-15000.0
-8899.71113011051
15000.0
15000.0
15000.0
15000.0
15000.0
15000.0
15000.0
-15000.0
-15000.0
15000.0
15000.0
15000.0
-15000.0
-14321.159190154827
-14629.063681237785
-14583.65271206263
-15000.0
-15000.0
-15000.0
-15000.0
15000.0
15000.0
15000.0
15000.0
15000.0
15000.0
15000.0
15000.0
15000.0
-12427.466150870412
-12085.192035687087
-10384.825895235837
15000.0
15000.0
15000.0
15000.0
-15000.0
-15000.0
-15000.0
-15000.0
-15000.0
-14296.903910201065
-15000.0
-15000.0
15000.0
15000.0
15000.0
15000.0
15000.0
15000.0
15000.0
15000.0
-15000.0
15000.0
15000.0
15000.0
-15000.0
-15000.0
-14285.266457680256
15000.0
15000.0
15000.0
15000.0
-14673.757512162545
-15000.0
-15000.0
-15000.0
-15000.0
-15000.0
15000.0
15000.0
15000.0
15000.0
15000.0
15000.0
15000.0
-15000.0
15000.0
-15000.0
-15000.0
15000.0
15000.0
-15000.0
-13890.82925855703
-14583.411748432634
-15000.0
-15000.0
-15000.0
-15000.0
15000.0
15000.0
15000.0
15000.0
15000.0
15000.0
15000.0
15000.0
-12962.170456337702
-13505.805894559358
-14574.518501922685
-15000.0
-15000.0
-15000.0
15000.0
15000.0
15000.0
15000.0
15000.0
15000.0
15000.0
15000.0
-12513.970287583485
-12688.98825840154
-12864.935212798668
-12260.091064920038
-12795.379033672412
-12914.749188660957
-12994.563184334445
-8864.006285658794
5279.1244333396135
15000.0
15000.0
15000.0
15000.0
15000.0
10498.34171437713
15000.0
-12272.727272727274
-9625.007858175646
-10197.762331207086
-8862.861425958705
-6022.708895418389
-2272.284610614828
10983.712661157602
15000.0
12641.700540790142
10683.956792089342
13281.11466738581
-10454.545454545456
-4128.738621586475
-5060.568365966071
-6286.888599667212
-4514.623721621982
-1266.1219428066433
-1610.0363960681125
-427.012935879151
7145.891432438162
12201.17743984127
7091.824102162609
15000.0
-12575.757575757576
-10271.493212669688
-10927.237136218748
-12465.348066516552
-13951.666849140143
-13425.72050541365
-10453.337460111918
15000.0
15000.0
15000.0
15000.0
15000.0
15000.0
-15000.0
-15000.0
-15000.0
-14021.375225341235
-11157.168822156938
-8251.029977186594
-1802.1471089715196
15000.0
15000.0
15000.0
15000.0
15000.0
15000.0
15000.0
-15000.0
-14304.029304029307
-15000.0
-14515.181286452535
-15000.0
-12440.725364947444
15000.0
15000.0
15000.0
15000.0
15000.0
15000.0
15000.0
-14674.843126069594
-13168.589341465267
-12867.730026207155
-12328.59047952799
-13437.68812384635
-15000.0
15000.0
15000.0
15000.0
15000.0
15000.0
15000.0
-14356.604167606805
-13954.421272015734
-13076.87579201358
-13696.703134873827
-13967.571494650976
-15000.0
-15000.0
-15000.0
15000.0
15000.0
15000.0
15000.0
15000.0
15000.0
15000.0
15000.0
-14672.031616112534
-15000.0
-15000.0
-15000.0
-15000.0
-15000.0
-15000.0
15000.0
15000.0
15000.0
15000.0
15000.0
15000.0
15000.0
15000.0
15000.0
-15000.0
-15000.0
-15000.0
-15000.0
-15000.0
-15000.0
-10549.358616843307
15000.0
15000.0
15000.0
15000.0
15000.0
15000.0
15000.0
-15000.0
-15000.0
-15000.0
-15000.0
-15000.0
-15000.0
-15000.0
-15000.0
15000.0
15000.0
15000.0
15000.0
15000.0
15000.0
15000.0
15000.0
15000.0
-13284.166164960869
-13800.227910696645
-15000.0
-15000.0
-15000.0
15000.0
15000.0
15000.0
15000.0
15000.0
-15000.0
-15000.0
-15000.0
-14013.173341161895
-15000.0
-15000.0
-15000.0
15000.0
15000.0
15000.0
15000.0
15000.0
15000.0
15000.0
15000.0
15000.0
-15000.0
15000.0
-15000.0
-15000.0
-15000.0
-15000.0
-15000.0
15000.0
15000.0
15000.0
15000.0
15000.0
15000.0
-15000.0
-15000.0
-15000.0
-15000.0
-15000.0
-15000.0
-15000.0
15000.0
15000.0
15000.0
15000.0
15000.0
15000.0
15000.0
-15000.0
-15000.0
15000.0
15000.0
15000.0
15000.0
-15000.0
-15000.0
-15000.0
15000.0
15000.0
15000.0
15000.0
-15000.0
-15000.0
-14606.750517433531
-14547.92741031244
-12804.814655315724
-10691.761742633676
-8474.019601162126
-2139.6467652964393
15000.0
15000.0
15000.0
15000.0
15000.0
15000.0
15000.0
15000.0
-12846.40296090678
-10669.54357448077
-7258.033965123213
-4477.761351004534
13376.712315059734
7220.292128652269
15000.0
15000.0
-12511.067984717087
-12551.9805476713
-12502.111236148143
-12212.863385569275
-8719.783104763337
15000.0
15000.0
15000.0
15000.0
15000.0
-14054.029135165038
-14277.659507299704
-12326.396182194985
-10668.90940927005
-6358.380025582119
15000.0
15000.0
15000.0
15000.0
15000.0
-12094.307561597285
-12396.137740672399
-11716.45392959785
-10660.619691332227
771.7113506641217
15000.0
15000.0
15000.0
15000.0
-9003.986269516114
-8524.405609175239
-7840.817055324173
-7657.264125149411
-7514.633373946578
-7023.833911096743
7480.870530792368
15000.0
15000.0
15000.0
15000.0
-14404.388714733544
15000.0
15000.0
-14679.373458526246
-14647.22641043071
-15000.0
-15000.0
-15000.0
-15000.0
-15000.0
15000.0
15000.0
15000.0
15000.0
15000.0
15000.0
15000.0
15000.0
15000.0
-15000.0
-15000.0
-15000.0
-15000.0
-15000.0
15000.0
15000.0
15000.0
15000.0
15000.0
-15000.0
-15000.0
15000.0
15000.0
15000.0
-15000.0
-14551.635015170239
-13024.349019914942
-4815.194027327754
15000.0
15000.0
15000.0
15000.0
15000.0
-15000.0
-15000.0
-15000.0
15000.0
15000.0
15000.0
15000.0
-12185.73667711599
-12318.970422385519
-10973.264214749819
-10935.977027717487
-11722.978564414272
-12093.362345731904
-10798.878089785103
-4078.18023292255
15000.0
15000.0
15000.0
15000.0
15000.0
15000.0
15000.0
-11866.625438054012
-12674.547382621862
-13924.844034925485
-14602.454193216687
-15000.0
-15000.0
-15000.0
-15000.0
15000.0
15000.0
15000.0
15000.0
15000.0
15000.0
15000.0
15000.0
15000.0
-15000.0
-14229.878401852926
-13978.582067832016
-10347.180429059543
15000.0
15000.0
15000.0
15000.0
15000.0
-15000.0
-15000.0
15000.0
15000.0
-15000.0
15000.0
-14616.161616161618
-15000.0
15000.0
15000.0
15000.0
-15000.0
-15000.0
-15000.0
-15000.0
-15000.0
-11859.504132231417
15000.0
15000.0
15000.0
15000.0
15000.0
15000.0
-15000.0
-15000.0
-15000.0
-15000.0
-15000.0
-15000.0
-15000.0
-15000.0
15000.0
15000.0
15000.0
15000.0
15000.0
15000.0
15000.0
15000.0
15000.0
-13754.778809393778
-13621.119313501938
-13811.22154723608
-12068.509195125665
-12984.422342969985
-12184.603079844994
15000.0
15000.0
15000.0
15000.0
15000.0
15000.0
-15000.0
-15000.0
-12751.380731130015
-12123.745860083767
-10591.802332668107
-4608.393785455963
15000.0
15000.0
15000.0
15000.0
15000.0
15000.0
-5676.313306071091
-4910.575795149249
-2579.3870100223685
-1282.4587252740948
-1496.999085030031
-1969.5129892426676
-1273.6095651714022
1895.924374770172
6503.171715449437
3373.372089223748
2692.1078456319074
12042.770018522686
10704.038809664034
-10606.060606060608
-1563.033823027
11823.66957041109
11500.844280740406
-12272.727272727274
-9041.218637992832
-9161.52365276491
-5736.055094960669
1296.4838423104866
15000.0
15000.0
15000.0
15000.0
-15000.0
-15000.0
-14584.245076586434
-13496.192420865224
-13026.344425860298
-12870.755586362091
-15000.0
15000.0
15000.0
15000.0
15000.0
15000.0
15000.0
15000.0
-15000.0
-13955.41687240935
-13837.407436927737
-15000.0
-15000.0
-15000.0
-15000.0
15000.0
15000.0
15000.0
15000.0
15000.0
15000.0
15000.0
15000.0
-14682.097044060236
-15000.0
-15000.0
-15000.0
-15000.0
15000.0
15000.0
15000.0
15000.0
15000.0
15000.0
-15000.0
-15000.0
-15000.0