Demand
-15000.0
-15000.0
15000.0
15000.0
15000.0
15000.0
15000.0
15000.0
15000.0
15000.0
15000.0
15000.0
15000.0
15000.0
15000.0
-15000.0
15000.0
15000.0
-15000.0
-15000.0
-15000.0
15000.0
15000.0
15000.0
-15000.0
-15000.0
-15000.0
-12255.216693418944
-9459.669998467918
-7185.242257083468
-2672.6877734064983
-2434.590492076055
15000.0
15000.0
-15000.0
15000.0
15000.0
15000.0
15000.0
-10853.284037842554
-11659.607800126498
-10102.8108193984
-10442.874641382405
-10225.454310609104
-9073.237846654556
-7719.363173378453
-6821.688133166739
15000.0
-15000.0
15000.0
15000.0
15000.0
15000.0
15000.0
15000.0
-13508.441448547408
-14104.34245014812
-15000.0
-15000.0
15000.0
15000.0
15000.0
15000.0
15000.0
15000.0
-13060.858060858063
-13523.575249206759
-13636.256758994536
-12362.29434665777
-13376.155123868644
15000.0
15000.0
15000.0
15000.0
15000.0
-15000.0
-13935.971625910028
-14175.402176727544
-13961.728980150408
-14225.54842546691
-12700.297897839337
15000.0
15000.0
15000.0
15000.0
15000.0
15000.0
-15000.0
-14320.09389908117
-14628.384218430427
-15000.0
-12556.5132449858
-13215.506457430212
-12558.043365447553
-13553.626911708074
15000.0
15000.0
15000.0
15000.0
15000.0
15000.0
15000.0
15000.0
15000.0
-8536.193536193532
-4280.041658928192
15000.0
15000.0
-7619.18775750441
-7449.166166329214
-7523.832394293854
-8302.614026878164
-6243.749694364097
-3173.317503419429
6849.388365585235
10795.646518209913
14978.24193617803
3621.5826222440774
15000.0
15000.0
-13741.7681468673
-14323.062841474297
-15000.0
-15000.0
-12973.443085770527
-12428.900190398686
-11219.752735082136
-8608.251274394228
15000.0
15000.0
15000.0
15000.0
15000.0
15000.0
15000.0
15000.0
-15000.0
-15000.0
15000.0
15000.0
-14666.610962566843
-15000.0
-15000.0
-15000.0
-15000.0
-15000.0
-15000.0
15000.0
15000.0
15000.0
15000.0
15000.0
15000.0
15000.0
15000.0
-12829.86064534491
-10395.585673419602
15000.0
15000.0
-15000.0
-15000.0
-15000.0
15000.0
15000.0
15000.0
15000.0
-14651.773828187448
-15000.0
-15000.0
15000.0
15000.0
15000.0
-13315.603160768926
-14243.089554156657
-14549.768704035505
-15000.0
-15000.0
-15000.0
15000.0
15000.0
15000.0
15000.0
15000.0
15000.0
-15000.0
-14622.348676825146
-14574.528191208523
-15000.0
-14369.552343888514
-15000.0
-15000.0
15000.0
15000.0
15000.0
15000.0
15000.0
15000.0
15000.0
15000.0
15000.0
-15000.0
-15000.0
-15000.0
-15000.0
-15000.0
-15000.0
15000.0
15000.0
15000.0
15000.0
15000.0
15000.0
-15000.0
-15000.0
-15000.0
-15000.0
-15000.0
-15000.0
-15000.0
15000.0
15000.0
15000.0
15000.0
15000.0
15000.0
15000.0
15000.0
15000.0
-15000.0
-15000.0
-15000.0
15000.0
15000.0
15000.0
-13332.032774092862
-12410.79713724431
-11625.683803014672
-11470.757640391279
-11009.076068251736
-7228.751787183155
6201.892930138087
15000.0
15000.0
15000.0
15000.0
15000.0
15000.0
-9942.511737957044
-9996.072319773266
-9296.353384274618
-8059.728047693934
-6976.831717970235
-6515.299843398403
-6808.893904948993
-6783.167341348148
-1794.440639641084
13157.907805693081
11872.089665576696
15000.0
10679.317301974828
15000.0
5827.738610689031
15000.0
-5761.750405186387
-4728.270229819879
-5601.660823168335
-6741.799353803333
-4998.678026943999
-1715.5064577271214
-1731.1585666622232
331.7813647095563
12460.46479001449
7517.848182281719
15000.0
-12424.242424242426
-9690.34276981297
-10091.411897417147
-10867.108656633769
-12529.400541871288
-14059.37009209377
-13849.478026983852
-13434.426393862992
-6716.897857946494
15000.0
13135.385616037927
7533.28248310202
15000.0
15000.0
15000.0
15000.0
15000.0
15000.0
-13006.993006993009
-12266.03266394091
-11980.915582108086
-11660.178200393526
15000.0
-15000.0
15000.0
15000.0
15000.0
-15000.0
-15000.0
-13123.544008281453
-15000.0
15000.0
15000.0
15000.0
15000.0
15000.0
-14641.091316675534
-15000.0
-15000.0
-15000.0
-15000.0
15000.0
15000.0
15000.0
15000.0
15000.0
15000.0
-15000.0
-15000.0
-15000.0
-15000.0
15000.0
15000.0
15000.0
15000.0
-13379.238121517414
-13950.815772504673
-14227.61391343311
-15000.0
-15000.0
-15000.0
-15000.0
-15000.0
15000.0
15000.0
15000.0
15000.0
15000.0
15000.0
15000.0
15000.0
-15000.0
-15000.0
-15000.0
-15000.0
-15000.0
-15000.0
15000.0
15000.0
15000.0
15000.0
15000.0
15000.0
15000.0
15000.0
-15000.0
-15000.0
-15000.0
-15000.0
-15000.0
-15000.0
-12673.996826116541
-10152.447025950885
15000.0
15000.0
15000.0
15000.0
15000.0
15000.0
15000.0
15000.0
-15000.0
-15000.0
-15000.0
-15000.0
-15000.0
-15000.0
-15000.0
15000.0
15000.0
15000.0
15000.0
15000.0
15000.0
15000.0
15000.0
-13428.164353341304
-13966.09200563953
-15000.0
-15000.0
-15000.0
-15000.0
15000.0
15000.0
15000.0
15000.0
15000.0
15000.0
15000.0
-14371.207942636516
-15000.0
-15000.0
-15000.0
-15000.0
-15000.0
15000.0
15000.0
15000.0
15000.0
15000.0
15000.0
-15000.0
-15000.0
-15000.0
-15000.0
-15000.0
-15000.0
15000.0
15000.0
15000.0
15000.0
15000.0
15000.0
-15000.0
-15000.0
-15000.0
15000.0
15000.0
15000.0
15000.0
-15000.0
-15000.0
-15000.0
-15000.0
-15000.0
-15000.0
15000.0
15000.0
15000.0
15000.0
15000.0
15000.0
15000.0
15000.0
-15000.0
-15000.0
-15000.0
-15000.0
15000.0
15000.0
15000.0
15000.0
15000.0
-15000.0
-14668.590888325929
-14636.025314549788
-13355.986699757792
-12125.251111724621
-11468.712865488316
-10970.578033143367
-6199.648785450917
15000.0
15000.0
-2348.258739133201
15000.0
15000.0
15000.0
15000.0
15000.0
-11020.36363636364
-8532.020607823382
-7738.979738352643
-4657.740492974114
1435.5248373562672
15000.0
6982.382288648737
15000.0
15000.0
-13143.034439962768
-13335.195359376143
-12805.53887351272
-12115.311699693826
-11140.354100517365
-10192.439994980083
-10760.050818550542
-7566.761412524193
15000.0
15000.0
15000.0
15000.0
15000.0
15000.0
15000.0
-13057.921635434413
-12123.48874674263
-11703.945688276839
-10491.386347386386
-10270.876106824806
-6253.160617363999
15000.0
15000.0
15000.0
15000.0
15000.0
-12727.272727272728
-8545.118607700562
-8174.710436752955
-7708.329776189349
-7935.905687889743
-8538.245739475937
-9639.254911042888
-9559.25723335824
-8870.08460567255
-4143.2135884409545
15000.0
15000.0
15000.0
15000.0
15000.0
15000.0
15000.0
-15000.0
-15000.0
15000.0
15000.0
15000.0
-14300.935152537182
-12445.490657854869
-12116.356630553048
-11620.028437950332
15000.0
15000.0
15000.0
15000.0
15000.0
-15000.0
-15000.0
-15000.0
-15000.0
-15000.0
-15000.0
15000.0
15000.0
15000.0
15000.0
15000.0
15000.0
-15000.0
-15000.0
-15000.0
-15000.0
15000.0
15000.0
15000.0
15000.0
15000.0
-14641.809803100128
-15000.0
15000.0
15000.0
-15000.0
15000.0
15000.0
-12937.964761840958
-12604.953799872368
-11492.051292585827
-8366.114498604416
-1664.3584476199858
15000.0
15000.0
15000.0
15000.0
15000.0
-13086.71328671329
-12778.793465618903
-11249.211107335948
-8592.008631324032
13380.569704432792
7358.256703466079
15000.0
15000.0
15000.0
-12313.131313131318
-11679.396724707116
15000.0
15000.0
-15000.0
-15000.0
-15000.0
-15000.0
-15000.0
15000.0
15000.0
15000.0
15000.0
15000.0
-15000.0
-15000.0
-15000.0
-13533.841490681654
-11979.781866294496
15000.0
15000.0
15000.0
15000.0
15000.0
15000.0
15000.0
-15000.0
-15000.0
15000.0
15000.0
15000.0
-14668.893406912575
15000.0
15000.0
-15000.0
-15000.0
-15000.0
-15000.0
-15000.0
-15000.0
15000.0
15000.0
15000.0
15000.0
15000.0
15000.0
-15000.0
-15000.0
15000.0
15000.0
15000.0
-15000.0
-15000.0
-15000.0
-15000.0
-15000.0
15000.0
15000.0
15000.0
15000.0
15000.0
15000.0
15000.0
-15000.0
-15000.0
-13274.325119838533
-12814.364702860774
-12535.758418255511
-389.75800856559545
15000.0
15000.0
15000.0
15000.0
15000.0
15000.0
15000.0
15000.0
-15000.0
-15000.0
-12539.16368570372
-11325.416691571707
-4463.0333760872645
15000.0
15000.0
15000.0
15000.0
15000.0
-9694.384114179338
-6445.918683776828
-1524.0756048670055
1418.7239103854035
8273.723452559247
9749.531130633546
6192.93880953875
9389.046177416978
-10454.545454545456
-2947.7157685653874
-404.7021852516136
-2227.5691671317536
-3802.139368692141
-3610.6982487682035
1828.1329934507557
7636.4891827803485
4688.987105760493
15000.0
1989.2692397369656
15000.0
-9702.133309728248
-9994.726707348
-7685.11364420788
-4731.119742360439
15000.0
15000.0
15000.0
15000.0
-15000.0
-15000.0
-14606.444188722668
-13532.559149386165
-12916.220208215054
-11951.430086926277
15000.0
15000.0
15000.0
15000.0
15000.0
15000.0
-15000.0
-15000.0
-15000.0
-13798.508269376285
-13621.955624072762
-15000.0
-15000.0
-15000.0
-15000.0
15000.0
15000.0
15000.0
15000.0
15000.0
15000.0
15000.0
15000.0
-14170.496381292
15000.0
15000.0
15000.0
-15000.0
15000.0
15000.0
-15000.0
-15000.0
15000.0
15000.0
15000.0
-15000.0
-15000.0