Demand
15000.0
15000.0
15000.0
15000.0
15000.0
15000.0
15000.0
15000.0
15000.0
15000.0
15000.0
-15000.0
-15000.0
15000.0
15000.0
15000.0
-15000.0
-15000.0
-15000.0
-15000.0
-15000.0
15000.0
15000.0
15000.0
15000.0
15000.0
15000.0
-13120.764393430614
-11452.095233442225
-10397.230541495053
-8537.771834443469
-9130.8236838683
9443.27133541262
15000.0
15000.0
15000.0
15000.0
-15000.0
-15000.0
15000.0
15000.0
15000.0
-11750.079189103584
-11698.453987523706
-11046.266255218074
-10296.020720799028
-9610.909872763648
15000.0
15000.0
15000.0
15000.0
15000.0
-14687.842278203723
-13965.866705879784
-13825.293281658018
-13124.680098231733
-13770.110154007376
-15000.0
-15000.0
15000.0
15000.0
15000.0
15000.0
15000.0
15000.0
-11358.507968706115
15000.0
15000.0
15000.0
-14695.187165775402
-15000.0
-15000.0
-15000.0
-15000.0
-15000.0
-15000.0
-10753.573179163734
8104.666640030811
15000.0
15000.0
15000.0
15000.0
15000.0
15000.0
15000.0
15000.0
-15000.0
-15000.0
15000.0
15000.0
15000.0
-13407.228017883761
-13808.15200718011
-13079.294444574512
15000.0
-15000.0
15000.0
15000.0
-15000.0
-12808.123901059316
-7498.816778710843
-1632.6537416018728
10550.064995147135
13307.336504081617
12635.451854695562
11651.747025783035
10155.636412252283
15000.0
-8146.29258517034
-7940.372419191204
-7906.820780928538
-8435.882743739268
-5648.757206174619
951.0063942725874
15000.0
15000.0
192.49824395737141
15000.0
-11604.255319148939
-12366.951357286038
-13566.188833302705
-14190.957856123157
-15000.0
-15000.0
-10773.14436900544
-267.4046918166823
15000.0
15000.0
15000.0
15000.0
15000.0
15000.0
15000.0
-15000.0
-15000.0
-15000.0
-15000.0
-15000.0
-13620.021789129652
-13901.980757024881
-10647.77886980963
15000.0
15000.0
15000.0
15000.0
15000.0
15000.0
15000.0
15000.0
-13623.143084297433
-12178.758343866932
-8943.80256422883
-8722.72061430473
-4655.542340171636
15000.0
15000.0
15000.0
15000.0
15000.0
-15000.0
-15000.0
-15000.0
-15000.0
-15000.0
-15000.0
-15000.0
15000.0
15000.0
15000.0
15000.0
15000.0
15000.0
15000.0
15000.0
-14669.947886508395
-15000.0
-15000.0
-15000.0
-15000.0
-15000.0
15000.0
15000.0
15000.0
15000.0
15000.0
15000.0
15000.0
15000.0
-14670.786646644337
-15000.0
-15000.0
-15000.0
-15000.0
15000.0
15000.0
15000.0
15000.0
15000.0
15000.0
-15000.0
15000.0
15000.0
-15000.0
15000.0
15000.0
-15000.0
-15000.0
-15000.0
-13738.938053097343
-14496.116435358217
-15000.0
-15000.0
-15000.0
15000.0
15000.0
15000.0
15000.0
15000.0
15000.0
15000.0
-14289.805327680475
-11782.425490834568
-12203.79580492606
-12673.340241933205
-14147.547803089128
-15000.0
15000.0
15000.0
15000.0
15000.0
15000.0
15000.0
15000.0
-14617.868781217116
-11955.201659715247
15000.0
10061.276853365518
15000.0
15000.0
-12565.588773642467
-12241.290451112192
15000.0
15000.0
15000.0
-12231.71565276829
-10745.246814120408
-9045.010279016333
-8966.406585191682
-8785.128902977594
-7494.07554632783
-5102.517291922395
-2275.270850996796
470.21185233453707
3188.6841306346714
10535.805466030451
15000.0
15000.0
6937.535375515055
15000.0
15000.0
8265.30612244884
15000.0
-6652.58533288273
-3899.285979312408
-568.8413719109194
2352.8939863184405
15000.0
-11212.121212121212
-5457.391536036237
-6430.13638506121
-7011.029111358718
-5962.435755997179
-5497.945624112788
-5200.912583641915
-4986.4104016249985
-2177.500850281711
3879.1713785232214
15000.0
-727.9636776568059
15000.0
15000.0
15000.0
-11727.272727272724
15000.0
-12717.870012011215
-13209.04005631786
-14183.800033126241
-15000.0
-15000.0
-15000.0
15000.0
15000.0
15000.0
15000.0
15000.0
15000.0
15000.0
-15000.0
-15000.0
-15000.0
-15000.0
15000.0
15000.0
15000.0
15000.0
-14641.396665618122
-15000.0
-14016.814953150548
-10486.5729861845
-12126.19773908368
-12063.193915235828
15000.0
15000.0
15000.0
15000.0
15000.0
15000.0
15000.0
-13346.491061690049
-14274.356953512757
-15000.0
-15000.0
-15000.0
-15000.0
-15000.0
15000.0
15000.0
15000.0
15000.0
15000.0
15000.0
15000.0
-15000.0
-15000.0
-15000.0
-15000.0
-15000.0
-15000.0
15000.0
15000.0
15000.0
15000.0
15000.0
15000.0
15000.0
-15000.0
-15000.0
-15000.0
-15000.0
-15000.0
-15000.0
-15000.0
15000.0
15000.0
15000.0
15000.0
15000.0
15000.0
15000.0
15000.0
-15000.0
-15000.0
-15000.0
-15000.0
-15000.0
-10025.454545454562
15000.0
15000.0
15000.0
15000.0
15000.0
15000.0
-15000.0
15000.0
-15000.0
-15000.0
-15000.0
-15000.0
-15000.0
-15000.0
15000.0
15000.0
15000.0
15000.0
15000.0
15000.0
15000.0
-15000.0
-14323.74314103515
-13484.757183808211
-12804.282875712124
-13378.832244990575
-15000.0
-15000.0
15000.0
15000.0
15000.0
15000.0
15000.0
15000.0
15000.0
-15000.0
-15000.0
-13540.332906530097
15000.0
15000.0
15000.0
15000.0
-15000.0
-15000.0
-15000.0
-15000.0
-15000.0
-15000.0
-15000.0
15000.0
15000.0
15000.0
15000.0
15000.0
15000.0
15000.0
-15000.0
-15000.0
-15000.0
-15000.0
-15000.0
15000.0
15000.0
15000.0
15000.0
15000.0
-15000.0
-15000.0
-15000.0
-15000.0
-15000.0
15000.0
15000.0
15000.0
15000.0
15000.0
15000.0
-15000.0
-15000.0
-15000.0
15000.0
15000.0
15000.0
15000.0
15000.0
-15000.0
-15000.0
-15000.0
-15000.0
-15000.0
-15000.0
-15000.0
15000.0
15000.0
15000.0
15000.0
15000.0
15000.0
15000.0
15000.0
-13577.075098814232
-13136.39432815666
15000.0
15000.0
-14276.330348495449
-14070.131537042871
-9623.343827409564
15000.0
15000.0
14290.980151939357
3152.6551126013737
15000.0
-11024.842157388688
-11738.117284535223
-12152.673394744743
-12192.430327639933
-12150.435054477362
-11917.662792932591
-9047.01131728146
8796.88103738063
15000.0
15000.0
15000.0
4987.457692258089
15000.0
15000.0
-12929.244875010812
-12029.28746296342
-10727.319496164899
-8679.808188826773
15000.0
15000.0
15000.0
15000.0
-12268.734194063625
-12752.745767206794
-12587.281413614139
-12742.329097359627
-12890.708251296994
-12534.694833341578
-9462.212686302046
-5892.6086583656
4126.804811318474
15000.0
14367.707101265103
10382.674816635306
9936.752148803007
11038.691262362434
11972.485377972362
15000.0
-14090.909090909092
-13401.542371396026
-13475.051729074348
-13401.374294505775
-11025.895894138677
15000.0
15000.0
15000.0
15000.0
15000.0
-15000.0
-15000.0
-15000.0
-15000.0
15000.0
15000.0
15000.0
15000.0
15000.0
-14692.169216921691
-15000.0
-15000.0
-15000.0
-15000.0
-15000.0
-15000.0
-15000.0
15000.0
15000.0
15000.0
15000.0
15000.0
15000.0
15000.0
15000.0
-15000.0
-15000.0
-15000.0
-15000.0
15000.0
15000.0
15000.0
15000.0
-14215.884435231132
-13366.59853801618
15000.0
15000.0
15000.0
15000.0
-15000.0
-15000.0
-8567.398119122267
15000.0
15000.0
15000.0
-12340.763299423314
-10821.555872311506
-10448.55420873998
-10705.98092926616
-8940.467245478325
15000.0
15000.0
15000.0
15000.0
15000.0
-10787.37919272314
-11109.278429725997
-10605.536898148737
-9791.398850530448
-8881.666265248095
-8211.635099460938
-1117.502114441133
15000.0
15000.0
15000.0
15000.0
15000.0
-15000.0
-15000.0
-15000.0
-15000.0
15000.0
15000.0
15000.0
15000.0
15000.0
-15000.0
-14277.795375356352
-14153.015610397884
-12304.255966953537
-10244.17090495873
-7677.457531779921
15000.0
15000.0
15000.0
15000.0
15000.0
15000.0
-15000.0
-15000.0
-14625.738673670388
-14562.814115144909
-15000.0
-15000.0
-15000.0
15000.0
15000.0
15000.0
15000.0
15000.0
15000.0
15000.0
-14656.137537291226
-14592.85262908712
-15000.0
-15000.0
15000.0
15000.0
15000.0
15000.0
15000.0
15000.0
-15000.0
-15000.0
15000.0
15000.0
-15000.0
-15000.0
-15000.0
-14568.481483818065
-15000.0
-15000.0
-15000.0
-15000.0
15000.0
15000.0
15000.0
15000.0
15000.0
15000.0
15000.0
15000.0
15000.0
15000.0
-15000.0
15000.0
-15000.0
-15000.0
-15000.0
-9111.57024793389
15000.0
15000.0
15000.0
15000.0
15000.0
-10612.97416162727
-10249.189262873566
-9354.731797935012
-5946.223065953024
-947.4260571537234
1667.9614417178627
7648.123792861374
9453.499242111615
6848.570722817751
6563.843607188629
14434.020479112569
-10000.000000000002
6173.020527859252
3592.3551171393156
12879.252053445116
-11515.151515151516
-5359.156400083531
-3234.811447957788
-3932.777969945898
-533.8888023970685
15000.0
9651.821931621565
15000.0
-11358.904595729582
-10641.687086586022
-11158.336538892065
-11149.662398020024
-12020.934003649047
-9797.817784758645
15000.0
15000.0
15000.0
15000.0
-13969.095040943954
-13788.941843262903
-13961.718028040214
-15000.0
-15000.0
15000.0
15000.0
15000.0
15000.0
15000.0
-15000.0
15000.0
15000.0
-13884.537414370301
-15000.0
-15000.0
15000.0
15000.0
15000.0
15000.0
15000.0
-15000.0
-15000.0
-14202.797202797206
-14535.485679897149
-14418.024059909327
-14159.732564314967
-15000.0
15000.0
15000.0
15000.0
15000.0
15000.0
15000.0
15000.0
15000.0
-15000.0
-15000.0
-15000.0
15000.0