Demand
-15000.0
-15000.0
-15000.0
-15000.0
-15000.0
-15000.0
15000.0
15000.0
15000.0
15000.0
15000.0
15000.0
-15000.0
-15000.0
-15000.0
-15000.0
15000.0
15000.0
15000.0
15000.0
15000.0
-15000.0
-15000.0
15000.0
15000.0
-15000.0
-15000.0
-12512.727272727276
-10117.732873863464
-8380.754095534325
-5216.680736982139
-5866.6450805547565
15000.0
-8542.462044670669
15000.0
15000.0
15000.0
15000.0
15000.0
-11066.279721367286
-11730.032980214328
-9918.022616954506
-9779.360797371246
-8213.403641059274
789.9633082470573
15000.0
15000.0
15000.0
15000.0
15000.0
-15000.0
-14656.264133876077
-14612.487051077103
-13628.345759632764
-13266.248381697704
-11579.219525043078
-11008.168483119473
15000.0
15000.0
15000.0
15000.0
15000.0
15000.0
15000.0
-14696.696819614426
-13018.064800284184
-13541.315060516139
-13743.985082674459
-12950.048363929793
-14299.00682380583
-15000.0
15000.0
15000.0
15000.0
15000.0
15000.0
15000.0
15000.0
-14337.29821580289
-14633.913382309616
-14581.106641930226
-14493.717626078145
-14321.431004079433
-15000.0
-15000.0
15000.0
15000.0
15000.0
15000.0
15000.0
15000.0
15000.0
-13680.376277031373
-12627.142549667016
15000.0
15000.0
15000.0
15000.0
-15000.0
-13192.914321946584
-9288.456747663953
-5934.147418072175
40.927235360982195
11739.182897038532
15000.0
7275.12134762005
15000.0
-11515.151515151516
-6629.459319142626
-6109.184727676272
-5667.900648272731
-5726.378201799904
548.6448337357624
15000.0
12469.106537162515
6290.967461891212
15000.0
15000.0
-11477.13226205192
-12269.08351688271
-13514.823544795516
-14164.909888005244
-15000.0
-15000.0
-11053.98727604654
-5563.96825705563
15000.0
15000.0
15000.0
15000.0
15000.0
15000.0
15000.0
15000.0
-15000.0
-15000.0
-15000.0
-15000.0
-14003.496503496506
-14378.651878108743
-14110.331198366228
-15000.0
15000.0
15000.0
15000.0
15000.0
15000.0
15000.0
15000.0
15000.0
15000.0
-10935.828877005348
15000.0
-12749.365422581559
-12533.47006047532
-12615.317598316982
-12642.153682058608
-13769.603629454436
-15000.0
-15000.0
15000.0
15000.0
15000.0
15000.0
15000.0
15000.0
-14661.090922940813
-15000.0
-15000.0
-15000.0
-15000.0
15000.0
15000.0
15000.0
15000.0
15000.0
15000.0
15000.0
-15000.0
-15000.0
-15000.0
-15000.0
-15000.0
-14072.605247101896
-15000.0
15000.0
15000.0
15000.0
15000.0
15000.0
15000.0
15000.0
-15000.0
-15000.0
-15000.0
-15000.0
-15000.0
-15000.0
-15000.0
15000.0
15000.0
15000.0
15000.0
15000.0
15000.0
15000.0
15000.0
-15000.0
-13913.595933926303
-14583.584006930152
-15000.0
-15000.0
-15000.0
15000.0
15000.0
15000.0
15000.0
15000.0
15000.0
15000.0
-14334.022379005084
-12054.02783636607
-12522.05556671272
-13056.37745462665
-14375.33508783265
-15000.0
-15000.0
15000.0
15000.0
15000.0
15000.0
15000.0
15000.0
15000.0
-13384.638839776238
-12507.991895483923
-11780.297701232383
-11676.400452882666
-11332.110325084264
-8281.670598352324
-1184.743238135492
15000.0
15000.0
15000.0
15000.0
15000.0
15000.0
-9850.367024280073
-8535.40176265243
2945.256446510717
15000.0
15000.0
-9309.484193011649
-9906.041998945431
-10493.864348039831
-9335.101901740927
-6926.150268088106
-3999.162702484471
6242.6731290855205
15000.0
15000.0
8135.119695240992
15000.0
-10454.545454545456
-3737.844095703629
-4724.484582484775
-6027.81417667284
-4290.130729805415
-1161.5068201903778
-1751.7577685859324
-1140.150339741258
4253.049467566234
9385.170610717338
10279.24962841957
10469.632099620358
15000.0
-12878.78787878788
-10767.96160191991
-12291.812440366994
-13805.443644524647
-12770.60845298036
15000.0
15000.0
15000.0
15000.0
15000.0
15000.0
-15000.0
-15000.0
15000.0
15000.0
-14303.78642470773
-12690.306243324289
-11965.191118519655
-11965.029054317394
-12470.626869572741
-14078.874646159682
-15000.0
15000.0
15000.0
15000.0
15000.0
15000.0
15000.0
15000.0
15000.0
-15000.0
-14260.268639283633
-11941.685664905544
-13364.277138551108
-14169.855920896181
-15000.0
15000.0
15000.0
15000.0
15000.0
15000.0
15000.0
-13135.04478446026
-14082.480203908704
-15000.0
-15000.0
15000.0
15000.0
15000.0
15000.0
15000.0
-14000.706229267424
15000.0
15000.0
15000.0
-14378.958120531155
-15000.0
-15000.0
-15000.0
-15000.0
-15000.0
-15000.0
-15000.0
15000.0
15000.0
15000.0
15000.0
15000.0
15000.0
15000.0
15000.0
15000.0
-15000.0
-15000.0
-15000.0
-15000.0
15000.0
15000.0
15000.0
15000.0
15000.0
-15000.0
-15000.0
-15000.0
-15000.0
-15000.0
15000.0
15000.0
15000.0
15000.0
15000.0
-15000.0
-15000.0
15000.0
15000.0
15000.0
15000.0
-15000.0
15000.0
-15000.0
-15000.0
15000.0
15000.0
15000.0
15000.0
-15000.0
-15000.0
15000.0
15000.0
-15000.0
-15000.0
-15000.0
-13976.660682226218
-12355.088657304917
-10057.802166308255
-8319.49779568873
15000.0
15000.0
15000.0
15000.0
15000.0
15000.0
15000.0
15000.0
-15000.0
-15000.0
-15000.0
-14127.105666156203
-15000.0
-15000.0
-15000.0
15000.0
15000.0
15000.0
15000.0
15000.0
15000.0
15000.0
15000.0
-15000.0
-15000.0
-15000.0
15000.0
15000.0
15000.0
-15000.0
-15000.0
-15000.0
-15000.0
-15000.0
15000.0
15000.0
15000.0
15000.0
15000.0
15000.0
15000.0
-15000.0
-15000.0
-15000.0
-15000.0
15000.0
15000.0
15000.0
15000.0
15000.0
-15000.0
-15000.0
15000.0
15000.0
15000.0
-15000.0
-15000.0
-15000.0
-15000.0
-15000.0
-15000.0
15000.0
15000.0
15000.0
15000.0
15000.0
15000.0
15000.0
-13705.085002461099
-12901.047850371138
-12697.874918101836
-12840.810595003099
-11953.362583886206
-11186.47814509209
-11390.059204381261
-11159.984357422563
15000.0
15000.0
15000.0
15000.0
15000.0
15000.0
15000.0
15000.0
-9742.26804123712
-9688.508881004804
-10261.603191018497
-10819.03596975097
-10837.717086985725
-9594.49536794257
-2283.115594048075
15000.0
15000.0
15000.0
15000.0
15000.0
-13472.479901051334
-13677.273682517665
-13899.254640941283
-14153.326255347845
-11861.946203484986
-10043.585395086378
-6535.526406982654
7833.543147357555
15000.0
15000.0
15000.0
15000.0
15000.0
15000.0
-12682.823319186959
-12830.129826548662
-12967.410579713625
-12608.370680229255
-9538.985267548145
-5671.870699291102
6489.883633992188
15000.0
15000.0
10217.380940267687
10998.943794151724
10892.70214491239
15000.0
-13787.878787878788
-12233.009708737867
-11701.604323139982
15000.0
15000.0
15000.0
15000.0
-14375.21408508598
-14664.841892847715
-14633.783297682741
-15000.0
-15000.0
-15000.0
-15000.0
-15000.0
15000.0
15000.0
15000.0
15000.0
15000.0
15000.0
15000.0
15000.0
15000.0
-15000.0
-15000.0
-15000.0
-15000.0
-15000.0
15000.0
15000.0
15000.0
15000.0
15000.0
-15000.0
-15000.0
15000.0
15000.0
15000.0
-15000.0
-14616.729424421734
-13620.728239325985
-11385.266540934437
-11253.794076320391
-7934.501853899259
15000.0
15000.0
15000.0
15000.0
15000.0
15000.0
-15000.0
-12911.109933360523
-12564.762733995274
-11409.298171026941
-8109.003026752501
-466.8642910586477
15000.0
15000.0
15000.0
15000.0
15000.0
-13153.577806387311
-13002.777943465917
-12055.81847498094
-11240.158822455669
-8558.810344143472
-8221.074377931884
-5219.454781074946
4272.9333322007515
15000.0
11302.514092746973
15000.0
-7034.732438150255
15000.0
15000.0
-15000.0
-15000.0
-15000.0
-15000.0
15000.0
15000.0
15000.0
15000.0
15000.0
-15000.0
-15000.0
-15000.0
-13833.674364220991
-12879.89626915802
15000.0
15000.0
15000.0
15000.0
15000.0
15000.0
-15000.0
-15000.0
-15000.0
15000.0
15000.0
15000.0
15000.0
-15000.0
-15000.0
15000.0
15000.0
-15000.0
-15000.0
-15000.0
-15000.0
15000.0
15000.0
15000.0
15000.0
15000.0
-15000.0
15000.0
-15000.0
-15000.0
-15000.0
-15000.0
-15000.0
15000.0
15000.0
15000.0
15000.0
15000.0
15000.0
-15000.0
-14672.313352751804
-15000.0
-15000.0
-15000.0
-15000.0
-15000.0
-9237.722433410578
15000.0
7945.033924208204
15000.0
15000.0
15000.0
15000.0
15000.0
15000.0
15000.0
-15000.0
-15000.0
-15000.0
-15000.0
-12117.653668951574
-10853.374017561546
-6158.612346425204
15000.0
15000.0
15000.0
15000.0
15000.0
15000.0
15000.0
-5855.614973262032
-5079.496001129702
-2742.506944952417
-1406.4216405432917
-1551.544556244652
-1915.1234629653663
-1006.0528287217057
2663.357550876166
7935.3955967416005
3923.348024872549
4725.103242996727
15000.0
-10909.09090909091
15000.0
15000.0
-7323.232323232325
-3566.1218424962753
10256.16211296483
15000.0
-13181.818181818184
15000.0
15000.0
-12460.930249823676
-13641.436158244273
-14627.708594298314
-15000.0
-15000.0
-15000.0
-13953.58413231654
-4242.484919092057
15000.0
15000.0
15000.0
15000.0
15000.0
15000.0
15000.0
15000.0
-15000.0
-15000.0
-15000.0
-12248.592115848754
12401.514506934265
15000.0
15000.0
15000.0
15000.0
15000.0
-15000.0
-15000.0
-15000.0
-15000.0
-12781.484570475408
15000.0
10176.27036226646
15000.0
15000.0
15000.0
15000.0
15000.0
-15000.0
-15000.0
-15000.0
-15000.0
-15000.0
-15000.0
-15000.0
15000.0
15000.0