Demand
15000.0
15000.0
15000.0
15000.0
15000.0
15000.0
15000.0
15000.0
15000.0
-15000.0
15000.0
15000.0
15000.0
15000.0
15000.0
15000.0
15000.0
15000.0
15000.0
15000.0
15000.0
15000.0
15000.0
15000.0
15000.0
-15000.0
-15000.0
-12101.080737444376
-8393.519612065975
-2887.8695518618333
15000.0
3497.093226064306
15000.0
15000.0
15000.0
15000.0
-15000.0
-15000.0
-15000.0
3506.493506493497
15000.0
15000.0
13029.504741833529
15000.0
-13636.363636363638
-11956.81189817905
-12594.468387369805
-13437.615402399904
-15000.0
15000.0
15000.0
15000.0
15000.0
-13766.811265218552
-13400.979844941186
-11514.073704828621
-5491.864727449996
15000.0
15000.0
15000.0
15000.0
15000.0
-15000.0
-15000.0
-14618.701431016361
-12313.352982817061
-12794.621949152366
-12649.113556584496
-8213.94739319597
15000.0
15000.0
15000.0
15000.0
15000.0
15000.0
15000.0
-14031.667900858127
-14291.794559459868
-14198.375671690748
-14524.276960375617
-14380.391168089714
-14007.642051704079
-10833.149713664607
15000.0
15000.0
15000.0
15000.0
15000.0
15000.0
15000.0
-15000.0
-12565.517763846448
-12603.272936821038
15000.0
1145.1021785177236
15000.0
15000.0
15000.0
-15000.0
-13322.131187754505
-10157.266953337716
-8331.71670022708
-6410.940615345713
-4823.894668952645
-699.0217478084232
5834.137924810314
11624.89626923743
10721.726242753655
10042.471588357232
12186.81770223218
5519.106377864296
15000.0
-8719.008264462806
15000.0
15000.0
-9326.476443264768
-6959.589323187377
15000.0
13025.182969779344
15000.0
-13700.031675641432
-14251.601181293485
-15000.0
-15000.0
-3529.632042490838
15000.0
15000.0
15000.0
15000.0
15000.0
-15000.0
-15000.0
-15000.0
-15000.0
-15000.0
-15000.0
15000.0
15000.0
15000.0
15000.0
15000.0
15000.0
15000.0
-15000.0
-15000.0
-15000.0
-15000.0
-15000.0
-11134.774316592506
-3929.7303589878284
15000.0
15000.0
15000.0
15000.0
15000.0
15000.0
15000.0
-14318.181818181823
-15000.0
-15000.0
15000.0
15000.0
15000.0
15000.0
-15000.0
-15000.0
-14633.608815427
-15000.0
-15000.0
-15000.0
-15000.0
-11598.081711147432
15000.0
15000.0
15000.0
15000.0
15000.0
15000.0
15000.0
15000.0
15000.0
-15000.0
-15000.0
-14577.951460304404
-15000.0
-14148.150302072925
-11675.566941881
15000.0
15000.0
15000.0
15000.0
15000.0
15000.0
-15000.0
-15000.0
-15000.0
-15000.0
-15000.0
15000.0
15000.0
15000.0
15000.0
15000.0
-15000.0
-15000.0
15000.0
15000.0
15000.0
-13960.379369217895
-14617.962450170904
-15000.0
-15000.0
-15000.0
-15000.0
-15000.0
15000.0
15000.0
15000.0
15000.0
15000.0
15000.0
15000.0
15000.0
-12924.69852353178
15000.0
15000.0
15000.0
-15000.0
-15000.0
-15000.0
15000.0
15000.0
15000.0
-14674.392035253797
-13217.621552106473
-12224.080934929247
-11374.266420166754
-11209.785517207656
-10748.85461386024
-7042.867337903819
994.29559293895
15000.0
15000.0
15000.0
15000.0
15000.0
15000.0
15000.0
-9084.682440846824
-6328.286035265973
5088.580942323853
15000.0
15000.0
-12727.272727272728
-2915.19434628982
15000.0
15000.0
1537.717601547316
15000.0
-9077.922077922078
-5380.063124671226
5192.349016361265
15000.0
-10454.545454545456
-4381.879762912788
-5307.012784785585
-6523.105764489741
-4839.586148730698
-1748.9395302575713
-2107.600387800084
-1024.8069350920523
6170.682093305836
12463.58369522873
6678.210218092771
15000.0
-12575.757575757576
-9894.978142659136
-9989.747553909587
-10620.235201600382
15000.0
15000.0
15000.0
15000.0
-12769.204964776924
-12506.897807918918
-12918.640138202387
-13929.344698003166
-15000.0
-15000.0
15000.0
15000.0
15000.0
15000.0
15000.0
-13025.78188777798
-13570.753927405356
-14601.292507626284
-15000.0
-15000.0
-15000.0
-15000.0
15000.0
15000.0
15000.0
15000.0
15000.0
15000.0
15000.0
15000.0
-14058.564448420617
-14663.624944650033
-15000.0
-15000.0
-15000.0
-15000.0
-14142.887747578607
-6437.782647871815
15000.0
15000.0
7249.590916360612
15000.0
15000.0
15000.0
15000.0
15000.0
15000.0
-15000.0
-14325.942350332596
-13868.062606833279
-12807.265867857033
-13381.778449083602
-13467.578606197938
-15000.0
15000.0
15000.0
15000.0
15000.0
15000.0
15000.0
15000.0
-14341.83061686726
-13547.580624937487
-13356.236334478948
-14512.895276898034
-15000.0
-15000.0
-15000.0
15000.0
15000.0
15000.0
15000.0
15000.0
15000.0
15000.0
-15000.0
-15000.0
-15000.0
-15000.0
-15000.0
-15000.0
-15000.0
15000.0
15000.0
15000.0
15000.0
15000.0
15000.0
15000.0
15000.0
-15000.0
15000.0
15000.0
-15000.0
-15000.0
-15000.0
-15000.0
-15000.0
-15000.0
15000.0
15000.0
15000.0
15000.0
15000.0
15000.0
15000.0
-15000.0
-15000.0
-15000.0
-14091.573145627204
-12802.104721396001
-11403.57346791817
-11664.15570332827
-15000.0
15000.0
15000.0
15000.0
15000.0
15000.0
15000.0
15000.0
15000.0
-15000.0
-15000.0
15000.0
15000.0
15000.0
-15000.0
-15000.0
-15000.0
-15000.0
-15000.0
-15000.0
-15000.0
15000.0
15000.0
15000.0
15000.0
15000.0
15000.0
15000.0
15000.0
15000.0
-15000.0
-15000.0
-15000.0
-15000.0
-15000.0
-15000.0
15000.0
15000.0
15000.0
15000.0
15000.0
15000.0
15000.0
-15000.0
-15000.0
-15000.0
-15000.0
-15000.0
-15000.0
15000.0
15000.0
15000.0
15000.0
15000.0
15000.0
-15000.0
-15000.0
-15000.0
-15000.0
-15000.0
15000.0
15000.0
15000.0
15000.0
15000.0
15000.0
-14621.419676214202
-14521.035656179669
-12044.421886197433
-1178.083156865201
15000.0
15000.0
15000.0
15000.0
15000.0
-13720.53872053873
15000.0
15000.0
-14390.886191893751
-14341.812577777124
-12458.18312749144
-10112.274577170876
-7086.29720777593
-6337.16888817084
-3598.7953783743606
-708.5055046219604
2804.3254253182013
14447.977290964704
5298.585977025283
15000.0
15000.0
15000.0
15000.0
-12783.049108860112
-12252.047180397727
-11959.188918991891
-12826.90193209537
-12868.145668266785
-12768.628162174347
-11987.055318425391
15000.0
15000.0
15000.0
15000.0
15000.0
15000.0
15000.0
-12445.58258642766
-11905.38294578102
-12365.813407449692
-12023.340413253485
-11988.373280373904
-11782.346242443382
-10057.597206794733
9413.323643009082
15000.0
15000.0
15000.0
15000.0
13117.129780563653
3138.0182602379036
15000.0
-11826.53304700549
-12278.480921141105
-12764.855774386666
-13314.461568140352
-13490.584005317753
-13677.181418822369
-13903.858556437419
-98.12844539682192
15000.0
15000.0
15000.0
15000.0
15000.0
15000.0
15000.0
-15000.0
-14275.730622617539
-12493.187513493187
-12484.104658007545
-12972.934209069459
-11306.541608402269
15000.0
15000.0
15000.0
15000.0
15000.0
15000.0
15000.0
-15000.0
15000.0
15000.0
-14657.965796579658
-15000.0
-15000.0
-15000.0
15000.0
15000.0
15000.0
15000.0
15000.0
-15000.0
-14671.591423515372
-13919.729666617208
-12578.996497081356
-13141.291790695108
-13855.918395520133
-14191.590271776058
-15000.0
15000.0
15000.0
15000.0
15000.0
15000.0
15000.0
15000.0
15000.0
-12259.908129473348
-11930.64030614818
-7668.110823512662
15000.0
15000.0
15000.0
-13379.902925357474
-12874.693962557452
-12621.196550124663
-11307.983932977237
-9899.443989697309
-5002.637700437222
-2171.2927800073194
14669.865743422284
10559.40605592828
15000.0
2873.572220696663
15000.0
15000.0
15000.0
-15000.0
-15000.0
-15000.0
15000.0
15000.0
15000.0
-15000.0
15000.0
15000.0
-15000.0
-15000.0
-15000.0
-15000.0
-5578.512396694234
15000.0
15000.0
15000.0
15000.0
15000.0
-15000.0
15000.0
-15000.0
-15000.0
15000.0
15000.0
15000.0
-14558.637195551175
15000.0
-15000.0
15000.0
-15000.0
-15000.0
-15000.0
-15000.0
-15000.0
-15000.0
-15000.0
15000.0
15000.0
15000.0
15000.0
15000.0
15000.0
15000.0
15000.0
-15000.0
-15000.0
-15000.0
-15000.0
-15000.0
15000.0
15000.0
15000.0
15000.0
15000.0
-14451.536593241522
15000.0
15000.0
15000.0
-15000.0
-15000.0
-13558.295636947325
-13388.482809615398
-13598.138570677402
-11521.444574193374
-12634.446973430611
-12000.511694911223
15000.0
15000.0
15000.0
15000.0
15000.0
15000.0
15000.0
15000.0
-12785.547785547791
15000.0
-12510.694049405396
15000.0
15000.0
15000.0
-10285.854939284545
-9708.2902698348
-8324.58460997303
-3110.9078100512315
6168.661638575415
9835.914585262926
13857.933152787236
6929.143551124923
7550.702817506059
15000.0
-4861.660079051381
-2672.602934891006
1005.310221869403
-42.10728752904288
1726.9655148654283
15000.0
-10909.09090909091
15000.0
15000.0
-8505.330837470497
-7804.6381620289285
-8439.453717386798
-9057.78163526598
-9660.661867667946
-8137.5683480840635
-8310.525065056798
-6801.802223947931
-3202.7539197135884
15000.0
15000.0
15000.0
15000.0
15000.0
15000.0
-14065.777972027972
-14300.095913438166
-15000.0
-15000.0
-15000.0
15000.0
15000.0
15000.0
15000.0
15000.0
15000.0
-14011.417834947246
-13826.46692997578
-15000.0
-15000.0
15000.0
15000.0
15000.0
15000.0
15000.0
-15000.0
-15000.0
-14270.561598661221
-14589.102112783141
-14515.306053903343
-14382.768106444251
-15000.0
-15000.0
15000.0
15000.0
15000.0
15000.0
15000.0
15000.0
15000.0
15000.0
-15000.0
-15000.0
-15000.0