Demand
15000.0
15000.0
15000.0
15000.0
15000.0
15000.0
15000.0
15000.0
15000.0
15000.0
15000.0
15000.0
15000.0
-15000.0
-15000.0
15000.0
15000.0
15000.0
15000.0
-15000.0
-15000.0
-15000.0
-15000.0
-15000.0
-15000.0
-15000.0
15000.0
15000.0
15000.0
15000.0
15000.0
15000.0
15000.0
15000.0
-15000.0
-15000.0
15000.0
15000.0
15000.0
-11269.66480681294
-12003.327304593498
-10614.507207395753
-10912.369106558592
-10683.068404073572
-9509.287447798746
-7747.061855287909
-3957.0089959153593
15000.0
15000.0
15000.0
15000.0
15000.0
15000.0
-14027.005733794373
-13931.640256288785
-13390.13910574841
-14051.490925764298
-15000.0
-15000.0
-15000.0
15000.0
15000.0
15000.0
15000.0
15000.0
15000.0
15000.0
-13902.22859240802
-12375.756980426671
15000.0
15000.0
15000.0
-15000.0
-15000.0
-15000.0
-15000.0
-13021.087823068021
-12860.7395827078
-4628.535784734329
15000.0
15000.0
15000.0
15000.0
15000.0
15000.0
15000.0
-15000.0
15000.0
15000.0
-14615.68715586021
-15000.0
-6989.841605123694
15000.0
15000.0
15000.0
15000.0
-14367.018323153807
-15000.0
-15000.0
-12350.185503405588
-4976.158136851638
5497.050402280613
15000.0
12767.581253815762
13546.69241022116
9690.083152986917
15000.0
-11515.151515151516
-7195.020746887967
-7018.4251619218085
-7115.398464881902
-7980.527957989423
-5970.9727647911795
-3288.053829832159
4496.296430353036
8229.171682519784
15000.0
7425.178075683034
15000.0
15000.0
-14393.939393939396
-14305.754926269088
-15000.0
-15000.0
-12872.784061516799
-12251.293679842638
-10792.925827457177
-6674.102382581594
15000.0
15000.0
15000.0
15000.0
15000.0
15000.0
15000.0
15000.0
-15000.0
-15000.0
-14176.763219128625
-14482.067371702033
-14218.747345024374
-15000.0
15000.0
15000.0
15000.0
15000.0
15000.0
15000.0
-13696.512486689255
-13581.112747805404
-12233.255543902102
-9583.343370299044
-10253.399980187718
-10300.328546046017
-7856.341116044321
-57.23645304438469
15000.0
15000.0
15000.0
15000.0
15000.0
15000.0
15000.0
-15000.0
-15000.0
-15000.0
-11363.636363636379
15000.0
15000.0
15000.0
15000.0
-14310.951151162153
-13037.65049492989
-14067.907004149409
-14380.63420957901
-15000.0
15000.0
15000.0
15000.0
15000.0
15000.0
15000.0
15000.0
-14674.684060334286
-15000.0
-14598.751545205876
-14529.8126938961
-15000.0
-14126.075554035968
-15000.0
15000.0
15000.0
15000.0
15000.0
15000.0
15000.0
15000.0
15000.0
-15000.0
-15000.0
-15000.0
-15000.0
15000.0
15000.0
15000.0
15000.0
15000.0
15000.0
-14067.103109656302
-14654.92159565396
-15000.0
-15000.0
-15000.0
-15000.0
15000.0
15000.0
15000.0
15000.0
15000.0
15000.0
-14314.832121839663
-11833.865457424683
-12149.171901406382
-12422.774166293202
-13758.120055901083
15000.0
15000.0
15000.0
15000.0
15000.0
15000.0
-15000.0
15000.0
15000.0
15000.0
-12543.607633901094
-8573.08182383623
15000.0
15000.0
-11672.2268557131
7591.905748882083
15000.0
15000.0
-13046.83038263849
-11741.600842756925
-9617.663965836542
-6667.6301623343825
-5307.23343269253
-2301.4388376221577
9382.062583690837
15000.0
12870.756886453983
7832.1959453329955
15000.0
15000.0
-10551.924231307945
-9197.87717529351
-8163.418215582129
-5060.99862829468
386.77017204356616
15000.0
12332.048225563678
10399.048302947893
13982.386922885638
-10151.515151515152
-5631.839335876906
-6984.957452904386
-5760.179826786516
-3566.687220630989
-4502.967001248049
-4859.466995656466
-2860.008580314923
-1283.4539677052562
696.6232724434058
3896.390818136397
15000.0
5433.785274018405
15000.0
15000.0
15000.0
-14374.657158529899
-14303.57939388265
-12575.375482456799
-11544.256648234921
-10272.629686238968
-8756.753259037596
15000.0
15000.0
15000.0
15000.0
15000.0
15000.0
-12994.134897360706
-12302.809219381441
-12153.647129441146
-12267.113226849662
-13203.479416816273
15000.0
15000.0
15000.0
15000.0
15000.0
-15000.0
-10362.871006394282
15000.0
15000.0
-15000.0
-14122.56119370605
-9388.600673261139
15000.0
15000.0
15000.0
15000.0
-15000.0
-15000.0
-14564.553093964867
-12175.98273864726
-10724.148011988113
-3124.4115471675104
15000.0
15000.0
15000.0
15000.0
15000.0
15000.0
-15000.0
-15000.0
-14004.8634493079
-12658.491230541666
600.7893002127421
15000.0
15000.0
15000.0
15000.0
15000.0
-15000.0
15000.0
15000.0
-15000.0
-15000.0
-14228.80782640371
-13240.707652036432
-12911.796335265135
-14330.214207371253
-15000.0
-15000.0
15000.0
15000.0
15000.0
15000.0
15000.0
15000.0
15000.0
15000.0
-15000.0
-15000.0
-15000.0
-15000.0
-15000.0
-15000.0
-15000.0
15000.0
15000.0
15000.0
15000.0
15000.0
15000.0
15000.0
15000.0
-15000.0
-15000.0
15000.0
15000.0
15000.0
-15000.0
15000.0
15000.0
-15000.0
15000.0
-15000.0
15000.0
-15000.0
-15000.0
-15000.0
-15000.0
15000.0
15000.0
15000.0
15000.0
15000.0
-13401.495676559945
-13945.240689596816
-15000.0
-15000.0
-15000.0
-15000.0
15000.0
15000.0
15000.0
15000.0
15000.0
15000.0
15000.0
-14378.746594005454
-15000.0
-15000.0
-15000.0
-15000.0
-15000.0
15000.0
15000.0
15000.0
15000.0
15000.0
15000.0
-15000.0
-15000.0
-15000.0
-15000.0
-15000.0
-15000.0
15000.0
15000.0
15000.0
15000.0
15000.0
15000.0
15000.0
-15000.0
-15000.0
15000.0
15000.0
-15000.0
-15000.0
-15000.0
-15000.0
15000.0
15000.0
15000.0
15000.0
15000.0
15000.0
-15000.0
-15000.0
-15000.0
-15000.0
15000.0
15000.0
15000.0
15000.0
15000.0
-15000.0
-15000.0
15000.0
15000.0
-15000.0
-15000.0
-15000.0
-14596.141268803141
-14532.679755428067
-12706.079204761543
-10414.875665269032
-7794.738225466688
1131.1099328587325
15000.0
15000.0
15000.0
15000.0
15000.0
15000.0
15000.0
15000.0
-12788.248337028828
-10770.6283581852
-8154.191248170089
-7418.215489921025
-4634.39963680178
-509.011892632383
9659.860904537472
15000.0
2133.2017108824803
15000.0
15000.0
-13428.019856591287
-12911.849050818895
-12211.519292946028
-11146.067392522418
-9840.744405949128
-9433.430159795946
15000.0
15000.0
15000.0
15000.0
15000.0
-13939.393939393942
-13655.29037077813
-13903.82741187996
-12559.166151499852
-11292.473736606848
-10623.835122916302
-8780.960379259734
-8181.727085240301
-1473.0920691813471
15000.0
15000.0
15000.0
15000.0
15000.0
15000.0
15000.0
-12121.212121212122
-8903.31433396665
-9283.078896062721
-10007.914923398155
-11149.335875626242
-11572.35357180516
-12021.880840143582
-12533.425877531543
-12342.381296518852
-11139.133150786609
15000.0
15000.0
15000.0
15000.0
15000.0
15000.0
15000.0
15000.0
-15000.0
-15000.0
-14195.23099850969
-11989.409466360492
-11502.114739016954
-10689.222155823481
15000.0
15000.0
15000.0
15000.0
15000.0
15000.0
-15000.0
-15000.0
-15000.0
15000.0
15000.0
15000.0
-15000.0
-15000.0
-15000.0
-15000.0
15000.0
15000.0
15000.0
15000.0
-15000.0
-14617.577993961753
-13624.782334443109
-11400.666830847003
-11280.383042829653
-8127.039761490978
15000.0
15000.0
15000.0
15000.0
15000.0
15000.0
-15000.0
-12878.067344485378
-12684.737888777629
-11985.791519520466
-10547.029469427474
-10277.228408966166
-6585.154961469314
-4187.113706679411
-1348.911714955353
15000.0
15000.0
15000.0
15000.0
15000.0
15000.0
10718.309273668308
15000.0
-11576.576576576575
-10289.606908874335
-1131.0593876933144
15000.0
15000.0
-14683.157309616454
-15000.0
-15000.0
-15000.0
-15000.0
-15000.0
15000.0
15000.0
15000.0
15000.0
15000.0
15000.0
-15000.0
-15000.0
-15000.0
-13999.659539099841
-13718.982344064701
-10158.380767189574
-2232.5737095247277
15000.0
15000.0
15000.0
15000.0
15000.0
15000.0
15000.0
15000.0
-15000.0
-14453.106260494129
-11404.394019251537
15000.0
15000.0
15000.0
-15000.0
-15000.0
-15000.0
-15000.0
-15000.0
-15000.0
-13362.933050450392
15000.0
15000.0
15000.0
15000.0
15000.0
15000.0
15000.0
15000.0
-15000.0
-15000.0
-15000.0
-15000.0
15000.0
15000.0
15000.0
15000.0
15000.0
-14696.208314298769
-15000.0
-15000.0
-15000.0
-15000.0
-15000.0
-10115.282908415596
12298.897236868579
15000.0
15000.0
12813.842453037203
15000.0
15000.0
15000.0
15000.0
-15000.0
15000.0
-15000.0
15000.0
15000.0
-13410.485220301172
-13214.698997469553
-12894.58168640178
-12823.009396957808
-8769.220641988013
15000.0
15000.0
12786.943731366271
14278.894090825339
9249.82686359488
15000.0
-4914.582062233073
-2347.506823025269
-747.6444784043015
-650.7854441944801
-613.024252725807
1351.5186357426937
7831.566258164137
12545.747425253367
-579.811048903357
15000.0
-7928.509190490022
-6299.253503622604
-5200.399780894237
-6817.352025315552
-7277.476432725933
-5873.234839212243
-5879.667948292389
-5240.474197255186
-2418.3640510380183
15000.0
15000.0
2079.143874761823
15000.0
15000.0
-15000.0
-15000.0
-15000.0
-14449.47482796089
-12392.17723476889
-6117.32018574941
15000.0
15000.0
15000.0
15000.0
15000.0
15000.0
-15000.0
-15000.0
-15000.0
-15000.0
-13438.35616438356
-12983.212338998692
-15000.0
-15000.0
15000.0
15000.0
15000.0
15000.0
15000.0
15000.0
15000.0
15000.0
-14064.604109728149
15000.0
15000.0
-15000.0
15000.0
15000.0
-15000.0
-15000.0
-15000.0
15000.0
15000.0
15000.0
-15000.0
-15000.0
-15000.0
-15000.0