Demand
-15000.0
-15000.0
-15000.0
15000.0
15000.0
15000.0
15000.0
15000.0
15000.0
15000.0
-15000.0
-15000.0
-15000.0
-15000.0
-15000.0
-15000.0
-15000.0
-15000.0
15000.0
15000.0
15000.0
15000.0
15000.0
15000.0
15000.0
15000.0
15000.0
-12922.656408179795
-10970.129071838921
-9553.809928163493
-6758.700097819976
-6138.279920067868
15000.0
15000.0
15000.0
15000.0
15000.0
-15000.0
15000.0
3842.975206611428
15000.0
-11098.117512835142
-11439.791008702374
-11363.062402907628
-10628.84285067947
-9830.7368779623
-9413.931494580134
15000.0
15000.0
15000.0
15000.0
15000.0
15000.0
-14064.153238066283
-13931.279655649188
-13259.992207504063
-13784.771198738352
-15000.0
15000.0
15000.0
15000.0
15000.0
15000.0
-15000.0
-14642.984967788121
-12248.876039012368
-12179.447017199294
-4202.125029587317
15000.0
15000.0
15000.0
15000.0
-15000.0
-15000.0
-15000.0
-15000.0
-13161.509974913395
-13115.525965307195
-8926.292098059814
15000.0
15000.0
15000.0
15000.0
15000.0
15000.0
15000.0
-15000.0
-15000.0
-14214.876033057855
-14544.346447329302
-15000.0
-10924.426959559805
-10503.949366712543
15000.0
15000.0
15000.0
15000.0
15000.0
15000.0
15000.0
15000.0
-9866.310160427809
-8526.093088857546
-7440.682782434041
-4304.875067675347
2244.819180557747
15000.0
5027.4976568518505
15000.0
-11818.18181818182
-7607.508532423213
-8086.270541815342
-4922.6521655151455
2999.7081927432773
15000.0
15000.0
291.3716278991924
15000.0
-11174.496644295305
-11519.996803953269
-12173.06647153979
15000.0
15000.0
15000.0
15000.0
-13729.80501392758
-13587.560336101691
-13774.428060197126
-14490.45093351898
-15000.0
-15000.0
15000.0
15000.0
15000.0
15000.0
15000.0
15000.0
-15000.0
-13366.751694360202
15000.0
15000.0
15000.0
-15000.0
-15000.0
-15000.0
15000.0
15000.0
15000.0
15000.0
-13717.900656044989
-12426.589942436887
-9658.921063412865
-9758.399491523847
-7791.455235223548
15000.0
15000.0
15000.0
15000.0
15000.0
-15000.0
-15000.0
-15000.0
-15000.0
-15000.0
15000.0
15000.0
15000.0
15000.0
15000.0
-15000.0
-15000.0
-14133.957964041536
-12217.34093080987
-13330.734997051779
-12214.695543114329
15000.0
15000.0
15000.0
15000.0
15000.0
15000.0
-15000.0
-15000.0
-14592.092982799484
-15000.0
-14350.493281326435
-13918.854791302841
-15000.0
15000.0
15000.0
15000.0
15000.0
15000.0
15000.0
15000.0
-15000.0
-15000.0
-15000.0
-15000.0
15000.0
15000.0
15000.0
15000.0
15000.0
15000.0
-15000.0
-15000.0
15000.0
15000.0
-14642.633228840125
-15000.0
-15000.0
15000.0
15000.0
15000.0
-15000.0
-15000.0
-15000.0
-15000.0
-14328.844345483161
-12869.148572609607
12632.480829544087
8394.931385049767
15000.0
-386.337015356703
15000.0
15000.0
15000.0
15000.0
15000.0
-15000.0
-15000.0
-15000.0
-14291.548295454551
-6270.342976450928
15000.0
15000.0
15000.0
15000.0
15000.0
15000.0
-13679.791546033583
-13854.899928503222
-12125.411898953636
-8752.312736521835
4018.6966486258234
15000.0
15000.0
14946.014190262114
1162.8260391961066
15000.0
-3138.006571741502
15000.0
-10414.320193081254
-11078.603925215026
-10344.537906369162
-8959.29637877359
-7973.146475877263
-5102.511783264495
-790.7822656268381
11655.501631838406
13310.749144076595
10833.77699292275
13534.280689739368
2974.744270265902
15000.0
-7280.970325011778
-5961.923580607848
-3561.880597783241
-4197.157990983171
-3978.01672720417
-258.11577773112003
4801.459192311711
12267.299214504605
6260.048326398701
15000.0
15000.0
-7597.402597402594
15000.0
15000.0
-14306.522473808724
-14179.853318480338
-11791.232467882906
-9162.666904658112
3624.155768510758
15000.0
15000.0
15000.0
15000.0
15000.0
-15000.0
-14323.006878804379
-12724.123465849327
-11943.29931811116
-11818.473154725118
-12110.066348935416
-13629.78946668674
15000.0
15000.0
15000.0
15000.0
15000.0
15000.0
15000.0
-15000.0
-3484.848484848234
15000.0
15000.0
-12623.181005871851
-13761.92418778002
-14391.065691300802
-15000.0
15000.0
15000.0
15000.0
15000.0
-13227.566220080775
-12860.344610584878
-12067.018198267517
-12660.137011567705
15000.0
15000.0
15000.0
15000.0
15000.0
-15000.0
-15000.0
15000.0
15000.0
-10887.445887445894
15000.0
15000.0
-15000.0
-15000.0
-15000.0
-15000.0
15000.0
15000.0
15000.0
15000.0
15000.0
-13688.147295742234
-13546.80355751924
-14583.294866179782
-15000.0
-15000.0
-15000.0
15000.0
15000.0
15000.0
15000.0
15000.0
15000.0
15000.0
-15000.0
15000.0
15000.0
15000.0
-15000.0
-15000.0
-15000.0
-15000.0
-15000.0
15000.0
15000.0
15000.0
15000.0
15000.0
15000.0
-15000.0
-15000.0
-15000.0
-15000.0
-15000.0
-15000.0
15000.0
15000.0
15000.0
15000.0
15000.0
15000.0
-15000.0
-15000.0
-15000.0
-15000.0
-15000.0
-15000.0
15000.0
15000.0
15000.0
15000.0
15000.0
15000.0
-15000.0
-15000.0
15000.0
15000.0
15000.0
-15000.0
-15000.0
-15000.0
-15000.0
15000.0
15000.0
15000.0
15000.0
-15000.0
-15000.0
-15000.0
-15000.0
-15000.0
15000.0
15000.0
15000.0
15000.0
15000.0
15000.0
15000.0
-15000.0
-15000.0
-15000.0
-15000.0
15000.0
15000.0
15000.0
15000.0
-15000.0
-15000.0
-15000.0
-15000.0
-15000.0
15000.0
15000.0
15000.0
15000.0
15000.0
15000.0
-15000.0
-15000.0
-15000.0
-15000.0
-15000.0
15000.0
15000.0
15000.0
15000.0
15000.0
-15000.0
15000.0
15000.0
15000.0
-15000.0
-15000.0
15000.0
15000.0
15000.0
15000.0
-15000.0
-14648.213293834477
-14589.110681869457
-12921.282139588191
-10460.157586172896
-5137.493680443062
15000.0
15000.0
15000.0
15000.0
15000.0
15000.0
-14346.005277852146
-14289.625128864209
-14211.454320762365
-11835.630342397882
-8605.187939469673
-3995.760311619775
-2222.175368267309
3180.2497392742443
7949.407646007544
8429.263588170346
11544.802281256869
13483.322813745195
11589.163122482376
15000.0
15000.0
-14090.909090909092
-12519.648328226991
-11891.45842775211
-11514.171704042285
-12466.251046072273
-12446.437400480914
-12195.147196362926
-10608.306158187122
15000.0
15000.0
15000.0
15000.0
15000.0
15000.0
15000.0
15000.0
-11738.715829624925
-11721.42734011378
-9162.608754889156
15000.0
15000.0
15000.0
15000.0
-11293.888166449939
-9350.529875159842
-6801.036965948067
-5322.135824461791
-2704.694950100009
808.6627118419883
9836.955599304081
11813.607361703129
15000.0
-640.0423517629952
15000.0
-13961.328204089896
-14184.64044576685
-14469.80235608398
-13214.090970685604
4524.873632075396
15000.0
15000.0
15000.0
15000.0
15000.0
-15000.0
-15000.0
-14189.637469394209
-11960.209225873346
-11450.057430182216
-10544.887259155199
15000.0
15000.0
15000.0
15000.0
15000.0
15000.0
15000.0
15000.0
-15000.0
-15000.0
-15000.0
-14545.454545454544
-15000.0
-15000.0
-15000.0
15000.0
15000.0
15000.0
15000.0
15000.0
15000.0
15000.0
15000.0
-13009.936887337182
-13546.887874422482
-14177.63881501626
-14508.19240441503
-15000.0
-15000.0
-15000.0
15000.0
15000.0
15000.0
15000.0
15000.0
15000.0
15000.0
-12115.054279844655
-10366.428631175768
-9780.48811865554
-9723.292189707736
-5080.876925586464
15000.0
15000.0
15000.0
15000.0
15000.0
-10960.874568469506
-11215.912183616081
-10596.923779780453
-9433.409827257943
-7285.260441552119
2740.1248918805586
15000.0
15000.0
15000.0
15000.0
-15000.0
-15000.0
-15000.0
-15000.0
15000.0
15000.0
15000.0
15000.0
-15000.0
-15000.0
-15000.0
-15000.0
-13488.286429939595
-12162.916603853319
15000.0
15000.0
15000.0
15000.0
15000.0
15000.0
15000.0
15000.0
-15000.0
-15000.0
-15000.0
15000.0
15000.0
15000.0
-15000.0
-15000.0
-15000.0
-15000.0
-15000.0
-15000.0
15000.0
15000.0
15000.0
15000.0
15000.0
15000.0
15000.0
15000.0
-15000.0
-15000.0
-15000.0
-15000.0
-15000.0
15000.0
15000.0
15000.0
15000.0
15000.0
15000.0
-15000.0
-14634.146341463416
-15000.0
-15000.0
-15000.0
-15000.0
15000.0
15000.0
15000.0
15000.0
15000.0
15000.0
15000.0
-15000.0
-15000.0
-15000.0
-15000.0
-15000.0
15000.0
15000.0
15000.0
15000.0
15000.0
-13320.707070707078
-13533.296495301092
-12120.953843633291
-9786.666942075492
-7115.631326014546
-5225.901354948084
-784.5438785250244
14583.915357002876
15000.0
14729.08984872065
13228.78408468016
9389.638183793973
6291.049341574533
9259.285269588152
-10454.545454545456
-4167.242570836211
-2173.9060471708262
-3965.4247927551287
-5694.148153256872
-6268.207628628786
-3886.8640205069496
-2041.0124824345185
-3774.628427229166
-3581.701623878049
416.5270726759518
3128.045879203284
10500.955353018016
11411.101018893689
15000.0
2436.6265656542746
15000.0
-13786.301531909863
-14657.070604443445
-15000.0
-15000.0
-15000.0
15000.0
15000.0
15000.0
15000.0
15000.0
-15000.0
15000.0
15000.0
15000.0
-15000.0
-15000.0
15000.0
15000.0
15000.0
-14069.134458356017
-15000.0
15000.0
15000.0
-15000.0
-15000.0
-15000.0
-15000.0
-15000.0
-15000.0
-12241.9887581851
15000.0
15000.0
15000.0
15000.0
15000.0
15000.0
15000.0
15000.0
-15000.0
-15000.0
-15000.0
-15000.0
15000.0
15000.0
15000.0
15000.0