Demand
15000.0
15000.0
15000.0
15000.0
15000.0
15000.0
15000.0
15000.0
15000.0
15000.0
15000.0
15000.0
15000.0
15000.0
15000.0
15000.0
15000.0
-15000.0
-15000.0
15000.0
15000.0
15000.0
15000.0
-15000.0
-15000.0
15000.0
15000.0
15000.0
-11841.90351823916
-11297.342340721058
-10643.228631483726
-12215.29925968151
-13180.122792409125
-14443.759291078484
-15000.0
-15000.0
15000.0
15000.0
15000.0
15000.0
15000.0
15000.0
15000.0
15000.0
-11798.41897233202
-11354.02906208719
-11133.867243012799
15000.0
15000.0
15000.0
15000.0
-14669.104841518638
-14620.154590128492
-13602.816592467228
-13070.703375531735
-9903.637514846756
15000.0
15000.0
15000.0
15000.0
15000.0
15000.0
-15000.0
-15000.0
-14034.443817052517
15000.0
15000.0
15000.0
-13429.752066115703
15000.0
15000.0
-15000.0
-15000.0
-15000.0
-15000.0
15000.0
15000.0
15000.0
15000.0
-14646.013471552094
-14602.68108735884
-14535.666091181974
-14418.334178601424
-15000.0
-15000.0
15000.0
15000.0
15000.0
15000.0
15000.0
15000.0
15000.0
15000.0
-13888.021849395242
-14439.31329493679
-15000.0
15000.0
15000.0
15000.0
-13271.832830386229
-9982.290685971635
-8044.372297223541
-5966.472757334199
-4189.65209902198
386.56505880998793
7434.133282271399
12255.056415655323
10445.905189543184
10252.408323664782
11766.221149618392
7151.9942820703545
15000.0
-9797.490017113523
-9361.109624833363
-7961.091716722625
-8319.784543538324
-7363.5212390088855
-5143.008755174262
796.8660240427871
15000.0
15000.0
-3795.950975033961
15000.0
15000.0
-13624.525267540816
-13389.96839289875
-12945.64667735653
-12594.081727722332
-11456.044459357105
15000.0
15000.0
15000.0
15000.0
15000.0
-15000.0
-15000.0
-15000.0
-15000.0
15000.0
15000.0
15000.0
15000.0
15000.0
-15000.0
15000.0
-15000.0
-15000.0
-15000.0
-12962.101976989667
-12471.557695065429
-8837.092828159075
2664.043213300647
6175.193947593441
15000.0
13791.82011079248
10147.783528600856
15000.0
15000.0
-15000.0
15000.0
15000.0
-15000.0
-15000.0
-15000.0
-15000.0
-15000.0
-13957.849260228882
-15000.0
15000.0
15000.0
15000.0
15000.0
15000.0
15000.0
15000.0
15000.0
-15000.0
15000.0
15000.0
-15000.0
-15000.0
-15000.0
-15000.0
-14380.165289256202
-15000.0
-12393.879565646603
15000.0
15000.0
15000.0
15000.0
15000.0
15000.0
15000.0
15000.0
-15000.0
-15000.0
-15000.0
-15000.0
15000.0
15000.0
15000.0
15000.0
15000.0
-15000.0
-15000.0
-15000.0
-15000.0
-15000.0
-13074.324324324327
-14087.632093806482
-15000.0
15000.0
15000.0
15000.0
15000.0
15000.0
15000.0
15000.0
15000.0
15000.0
-14371.900826446283
-12116.607530103603
-12412.267057801837
-12646.995187594966
-13785.637060472269
15000.0
15000.0
15000.0
15000.0
15000.0
-15000.0
-15000.0
-15000.0
-14580.550209441863
-12549.546276220659
-10820.750633266434
-8722.435651420503
-6627.75148841678
2348.844188076805
15000.0
15000.0
15000.0
15000.0
15000.0
15000.0
15000.0
15000.0
-9598.75629256737
-8009.596264469856
8267.90033462974
15000.0
15000.0
-9292.752701843612
-9975.519231434897
-10677.670195889743
-9831.252819768815
-8244.278839348277
-7100.48729336472
-3877.5797564215427
604.7065657201329
11897.482796553042
13402.577680027267
11848.855219989213
13299.360511741404
7807.104145395161
7881.311072729477
15000.0
-6883.116883116883
-4956.019791094011
-5738.764123602916
-5958.6538312276425
-3890.6402513765397
-1692.5027713884483
2415.282478791438
12944.766602119651
8308.710592187583
15000.0
15000.0
-12232.263285675748
-7193.76403295781
15000.0
15000.0
-13050.16838904142
-12439.112978134119
-11983.448741989578
-12228.35666104325
-13192.130961349318
-15000.0
15000.0
15000.0
15000.0
15000.0
15000.0
-12398.780339590692
-12290.432869725177
-12472.815836565635
-13551.864756695613
15000.0
15000.0
15000.0
15000.0
15000.0
-15000.0
-14214.876033057855
-15000.0
-14292.860940596456
-15000.0
15000.0
15000.0
15000.0
15000.0
15000.0
15000.0
-15000.0
-15000.0
-14546.449174457925
-11857.711147169892
-9263.512681695724
15000.0
15000.0
15000.0
15000.0
15000.0
15000.0
-15000.0
-15000.0
-15000.0
-14145.267104029994
-13476.945707555748
-11753.681117010361
-12162.748141105363
-10480.795501770725
15000.0
15000.0
15000.0
15000.0
15000.0
15000.0
15000.0
15000.0
-14393.393639228849
-13681.132333583588
-13537.477527006875
-14579.95128906388
-15000.0
-15000.0
-15000.0
15000.0
15000.0
15000.0
15000.0
15000.0
15000.0
15000.0
-15000.0
-15000.0
-15000.0
-15000.0
-15000.0
-15000.0
15000.0
15000.0
15000.0
15000.0
15000.0
15000.0
15000.0
-15000.0
-15000.0
-15000.0
-15000.0
-15000.0
15000.0
15000.0
15000.0
15000.0
15000.0
15000.0
-15000.0
-15000.0
-15000.0
-15000.0
-15000.0
-15000.0
15000.0
15000.0
15000.0
15000.0
15000.0
15000.0
15000.0
-14025.023756731072
-15000.0
-15000.0
-15000.0
-15000.0
15000.0
15000.0
15000.0
15000.0
15000.0
-15000.0
15000.0
-14337.821488034755
-15000.0
-15000.0
-15000.0
-15000.0
-15000.0
-15000.0
15000.0
15000.0
15000.0
15000.0
15000.0
15000.0
15000.0
15000.0
-15000.0
15000.0
-15000.0
15000.0
15000.0
-15000.0
-15000.0
-15000.0
-15000.0
-15000.0
-15000.0
15000.0
15000.0
15000.0
15000.0
15000.0
15000.0
15000.0
15000.0
-15000.0
-15000.0
-15000.0
-15000.0
-15000.0
-15000.0
-15000.0
15000.0
15000.0
15000.0
15000.0
15000.0
15000.0
15000.0
-15000.0
-15000.0
15000.0
15000.0
15000.0
15000.0
-15000.0
-14636.479591836738
-14578.763329900008
-12910.899356158923
-10672.516933376046
-7285.005272494401
15000.0
15000.0
15000.0
7171.190039528879
15000.0
15000.0
15000.0
-14376.623376623378
-14331.408923037743
-12449.083593169296
-10182.027902180842
-7399.041865994423
-6967.480156442619
-5045.723419821315
-3632.8003539880738
-2862.9610997943782
89.58845608262891
15000.0
10760.493152515846
15000.0
15000.0
13170.459956935792
15000.0
-13787.878787878788
-12208.106287883427
-13014.875427893821
-13061.232339835176
-12967.451911723827
-12128.513007046498
15000.0
15000.0
15000.0
15000.0
15000.0
15000.0
-12160.647571606478
-11619.379923687375
-9957.392218586105
-8292.601589870159
15000.0
15000.0
15000.0
15000.0
-13636.363636363638
-11283.004240959468
-9493.67319696142
-7344.619807220479
-6512.266011265077
-5313.012021623934
-4684.218189797383
-3930.500244965351
-2202.5805269390003
15000.0
11552.270874303907
15000.0
15000.0
-1242.6735860247009
15000.0
-14369.70221976807
-14319.31802353837
-14625.197843411155
-14573.975926380066
-15000.0
-15000.0
-15000.0
-15000.0
15000.0
15000.0
15000.0
15000.0
15000.0
15000.0
15000.0
15000.0
-15000.0
-15000.0
-15000.0
-15000.0
-15000.0
-15000.0
-15000.0
15000.0
15000.0
15000.0
15000.0
15000.0
15000.0
15000.0
15000.0
15000.0
-15000.0
-15000.0
-14629.428973886665
-13724.094368050533
-11930.111062735294
-12356.839172327811
-12895.166658326823
-10220.587921902716
15000.0
15000.0
15000.0
15000.0
15000.0
15000.0
15000.0
-12989.524271884347
-12426.399022599959
-11278.93474623128
-11158.263952892135
-8430.264956777253
-6930.963397427382
-5372.582290642508
15000.0
15000.0
15000.0
14621.705168348572
15000.0
2161.239061740209
15000.0
-11658.291457286432
-11444.500705269631
-11162.968746025083
-11159.987907644248
-11941.968939834958
-13408.329752279962
-14253.27718496853
-15000.0
15000.0
15000.0
15000.0
15000.0
15000.0
15000.0
15000.0
-15000.0
-15000.0
-15000.0
15000.0
15000.0
15000.0
-14319.971367215465
-14216.03240269445
-12580.53864934465
-10986.578730758698
-9945.069399012918
15000.0
15000.0
15000.0
15000.0
15000.0
15000.0
-15000.0
-15000.0
-14496.91085613416
-14080.374429052092
15000.0
15000.0
15000.0
15000.0
15000.0
-15000.0
-15000.0
-15000.0
-15000.0
-14451.395572666028
-14263.165582393813
-13738.37796212047
-15000.0
15000.0
15000.0
15000.0
15000.0
15000.0
15000.0
15000.0
15000.0
-15000.0
-15000.0
-15000.0
-15000.0
-15000.0
-15000.0
-12759.655701205913
15000.0
15000.0
15000.0
15000.0
15000.0
15000.0
15000.0
15000.0
-13120.584079133303
-13987.228913614937
-14253.058212715994
-15000.0
-15000.0
-15000.0
-15000.0
15000.0
15000.0
15000.0
15000.0
15000.0
15000.0
15000.0
15000.0
-12799.227799227803
-11190.065731237435
-9547.832427277164
-8675.729199220044
-6600.598819324053
1260.6674325805589
14622.694103490947
9983.31415384372
13818.215212063526
6954.998570556098
7523.490730934063
15000.0
-5194.521635569669
-3791.677589873325
-1601.1556696988155
-3382.421410966963
-5042.694467936105
-5361.920689638617
-2064.8220198184326
1026.4421644880122
-223.96838091023528
3044.0214176349755
15000.0
4963.553334531221
15000.0
15000.0
-10966.249319542734
-11605.758297312615
-11902.560631306787
-13100.879279708286
-14299.185911404777
-15000.0
15000.0
15000.0
15000.0
15000.0
15000.0
15000.0
15000.0
-15000.0
-15000.0
-15000.0
-15000.0
15000.0
15000.0
15000.0
15000.0
15000.0
15000.0
15000.0
-15000.0
-15000.0
-15000.0
-15000.0
-15000.0
-15000.0
15000.0
15000.0
15000.0
15000.0
15000.0
15000.0
15000.0
-15000.0
-15000.0
-15000.0
-15000.0
15000.0
15000.0
15000.0
15000.0
15000.0
15000.0
-15000.0
-15000.0