Demand
-15000.0
-15000.0
-15000.0
-15000.0
-15000.0
15000.0
15000.0
15000.0
15000.0
15000.0
15000.0
15000.0
15000.0
15000.0
15000.0
-15000.0
-15000.0
-15000.0
15000.0
15000.0
15000.0
15000.0
-15000.0
-15000.0
-15000.0
-15000.0
-15000.0
-9381.161007667033
3838.2857996117345
15000.0
15000.0
4541.132120437091
15000.0
15000.0
15000.0
15000.0
15000.0
-15000.0
-15000.0
-6871.65775401071
9691.392978482301
15000.0
15000.0
15000.0
-12106.925332731786
-12136.635956867201
-12913.97095718719
-13925.895607284718
-15000.0
-15000.0
15000.0
15000.0
15000.0
15000.0
15000.0
-2302.9361073789987
15000.0
15000.0
-15000.0
-15000.0
-15000.0
-15000.0
15000.0
15000.0
15000.0
15000.0
15000.0
-14073.40252594723
-13655.210748026653
-14625.712576443337
-15000.0
-15000.0
-15000.0
-15000.0
15000.0
15000.0
15000.0
15000.0
15000.0
15000.0
15000.0
-14671.71835703159
-14633.653277345788
-15000.0
-15000.0
-15000.0
-15000.0
15000.0
15000.0
15000.0
15000.0
15000.0
15000.0
15000.0
-14662.122110254892
-15000.0
-14073.620104399728
-15000.0
-15000.0
15000.0
15000.0
15000.0
15000.0
15000.0
15000.0
15000.0
-7937.373737373741
-7668.783869361072
-7679.200656796715
-7638.033700829306
-7897.664645373628
-8903.482304780948
-7662.524373181524
-6438.818976052132
-3102.6828295267087
-2070.524119977643
4241.942901115582
15000.0
7014.408769292736
15000.0
15000.0
-6730.7840471043355
15000.0
-15000.0
-13636.877276043022
-13504.975042232705
-13316.435344003781
-13518.938585034968
-14375.279221500645
-15000.0
-15000.0
15000.0
15000.0
15000.0
15000.0
15000.0
15000.0
15000.0
15000.0
-14679.004228064157
-14646.742916850497
-15000.0
-15000.0
-15000.0
-15000.0
-15000.0
15000.0
15000.0
15000.0
15000.0
15000.0
15000.0
15000.0
-12549.483648822697
-12296.787994506412
-12367.250693350463
-12375.060190452612
-13618.099791182889
-15000.0
-15000.0
15000.0
15000.0
15000.0
15000.0
15000.0
15000.0
15000.0
-15000.0
-15000.0
-15000.0
-15000.0
-11201.79265288178
15000.0
15000.0
15000.0
15000.0
15000.0
15000.0
-15000.0
-15000.0
-15000.0
-15000.0
-15000.0
15000.0
15000.0
15000.0
15000.0
15000.0
-14237.967914438508
15000.0
15000.0
-15000.0
-15000.0
-15000.0
-15000.0
-15000.0
15000.0
15000.0
15000.0
15000.0
15000.0
15000.0
-15000.0
-15000.0
15000.0
15000.0
-15000.0
-15000.0
15000.0
15000.0
15000.0
-15000.0
15000.0
15000.0
-15000.0
-15000.0
-15000.0
-15000.0
-15000.0
15000.0
15000.0
15000.0
15000.0
15000.0
15000.0
15000.0
-15000.0
-15000.0
-15000.0
-15000.0
15000.0
15000.0
15000.0
15000.0
-13073.673538357558
-11641.236969608653
-9500.226387779367
-4513.3667775080685
15000.0
15000.0
15000.0
15000.0
15000.0
-13046.23528963705
-11841.68894527922
-10027.886342028123
-7837.9422112139555
-7497.576632202086
-6896.105832850983
-4483.275743644197
309.1233147678631
6541.381431227942
10039.025491784396
8278.532980936863
12536.676178422364
15000.0
9975.055564598802
15000.0
-12424.242424242426
-8657.157996997266
-5996.114529583257
-3049.2280082142324
2132.420967087546
12782.10993644912
8259.541550057027
7070.56411603267
15000.0
-6800.920598388955
-4966.430366059889
-5876.131006015195
-6318.800346254041
-4844.225640936907
-3801.66300070976
-2520.37827768255
-246.1109739870717
11588.580017566292
10354.111796233461
15000.0
-5542.850426474171
15000.0
-14309.4423596657
-14184.414712290138
-11817.516915580862
-9244.516344946413
2824.450785953759
15000.0
15000.0
15000.0
15000.0
15000.0
-15000.0
-14306.569343065697
-12626.476233607751
-11718.928709461557
-11397.175776676795
-11274.36768559249
-11542.069526143685
15000.0
15000.0
15000.0
15000.0
15000.0
15000.0
-14363.091688221517
-15000.0
-14603.779542722415
-15000.0
-13771.288343116888
-8269.074851437988
-8438.75238826088
15000.0
15000.0
15000.0
15000.0
15000.0
15000.0
15000.0
-13422.397274856296
-13283.204182363563
-14234.157203230807
-15000.0
-15000.0
-15000.0
-15000.0
15000.0
15000.0
15000.0
15000.0
15000.0
15000.0
15000.0
-14343.48040875965
-15000.0
-15000.0
-15000.0
-15000.0
-15000.0
15000.0
15000.0
15000.0
15000.0
15000.0
15000.0
15000.0
-15000.0
15000.0
-15000.0
-15000.0
-15000.0
-15000.0
-15000.0
-15000.0
15000.0
15000.0
15000.0
15000.0
15000.0
15000.0
-15000.0
-15000.0
-15000.0
15000.0
15000.0
15000.0
15000.0
15000.0
-14693.080857937719
-15000.0
-15000.0
-15000.0
-15000.0
-15000.0
15000.0
15000.0
15000.0
15000.0
15000.0
15000.0
15000.0
-15000.0
-15000.0
15000.0
15000.0
-15000.0
-15000.0
15000.0
15000.0
15000.0
-14393.229721098578
-13641.247577765815
-13019.1958249989
-13503.164248928726
-15000.0
-15000.0
15000.0
15000.0
15000.0
15000.0
15000.0
-15000.0
-15000.0
-15000.0
-15000.0
-9080.85650459415
15000.0
15000.0
15000.0
15000.0
15000.0
15000.0
-15000.0
-15000.0
-15000.0
-15000.0
15000.0
15000.0
15000.0
15000.0
15000.0
-15000.0
-15000.0
-15000.0
-15000.0
-15000.0
15000.0
15000.0
15000.0
15000.0
15000.0
-15000.0
-15000.0
-15000.0
-15000.0
-15000.0
-15000.0
-15000.0
15000.0
15000.0
15000.0
15000.0
15000.0
15000.0
15000.0
15000.0
-15000.0
-15000.0
-15000.0
-15000.0
-15000.0
-15000.0
-15000.0
-15000.0
15000.0
15000.0
15000.0
15000.0
15000.0
15000.0
15000.0
15000.0
-13743.293892849273
-12972.010607475473
-12788.268860357432
-12941.897962151863
-12131.165207666862
-11478.253133475107
-11789.09259694217
-11991.453972132509
15000.0
15000.0
15000.0
15000.0
15000.0
15000.0
15000.0
15000.0
-9519.437426944689
-9554.355955628322
-10270.324151718334
-11022.850621327321
-11400.425970822584
-11244.482769829265
-10802.714282437631
-9435.83553527631
8166.326023095975
15000.0
15000.0
15000.0
15000.0
10842.462380388144
15000.0
15000.0
-12981.109799291618
-12002.329992506558
-10117.887492949962
15000.0
13668.773429310255
15000.0
15000.0
-12441.077441077443
-11462.502681663555
-10941.503798358477
2617.8003325530417
15000.0
15000.0
15000.0
-12118.247355116564
-11160.092846004572
-9176.104837758998
-6632.910874517341
-5304.870170553625
-3136.5491160280862
-874.2635150181068
3774.1828313462147
15000.0
4065.1001094673957
15000.0
15000.0
15000.0
-14384.338433843386
-14648.695812953862
-14138.438982580323
-13780.37848450015
-13574.456721949715
15000.0
15000.0
15000.0
15000.0
15000.0
-15000.0
-14307.411907654925
-12630.07732017355
-12660.96032041161
-13175.35636952523
-11980.44839420469
-9111.737622186934
15000.0
15000.0
15000.0
15000.0
15000.0
15000.0
-15000.0
-15000.0
-15000.0
-14548.073503094744
-15000.0
-15000.0
-15000.0
-15000.0
15000.0
15000.0
15000.0
15000.0
15000.0
15000.0
15000.0
15000.0
-13592.585421969885
-14229.520226992554
-14565.369998784929
-15000.0
-15000.0
-15000.0
-15000.0
15000.0
15000.0
15000.0
15000.0
15000.0
15000.0
15000.0
15000.0
15000.0
-12794.361525704811
-13263.63366595628
-13006.888845326219
-12076.068246032472
-10984.518142779783
-4879.658219146444
15000.0
15000.0
15000.0
15000.0
14778.178512180542
-13484.848484848486
-12064.557660474526
-12489.115178938675
15000.0
15000.0
15000.0
-15000.0
-15000.0
-15000.0
15000.0
15000.0
15000.0
-15000.0
-15000.0
-15000.0
15000.0
15000.0
15000.0
15000.0
-14318.181818181823
-13063.266623628151
-12250.893817200624
-12655.257039656033
-14074.489674847959
-15000.0
15000.0
15000.0
15000.0
15000.0
15000.0
15000.0
-14660.696199446582
-14599.990973105447
-15000.0
-15000.0
-15000.0
15000.0
15000.0
15000.0
15000.0
15000.0
-15000.0
-14620.480813347112
-14554.913366767716
-14436.282905190787
-15000.0
-15000.0
15000.0
15000.0
15000.0
15000.0
15000.0
15000.0
15000.0
-15000.0
15000.0
-15000.0
-15000.0
-15000.0
-15000.0
-13886.407902693016
15000.0
15000.0
15000.0
15000.0
15000.0
15000.0
15000.0
-14060.886757221837
-12977.080747420481
-13897.345432908362
-14172.74968563886
-15000.0
-15000.0
-15000.0
-15000.0
15000.0
15000.0
15000.0
15000.0
15000.0
15000.0
15000.0
15000.0
-12766.138675631613
-11075.683781796004
-9253.662152867375
-8076.5871546145145
-5085.943367858697
7536.483267247329
15000.0
13835.270488721897
9629.668995938675
7793.104769435278
15000.0
-5004.848484848487
-4601.061867397927
-2304.9834238597514
1539.4836862127786
412.23862130874113
2221.345263166684
15000.0
-10909.09090909091
-4634.19732441472
-6351.138896869692
-6855.071041949127
-5428.945410009797
-5559.031377079169
-5214.065302337923
-3539.7600482887065
14493.923883050815
4115.826038774528
15000.0
15000.0
15000.0
15000.0
-15000.0
-15000.0
-14547.658936601714
-13208.42126148835
-12079.33916108574
-5265.26321407305
15000.0
15000.0
15000.0
15000.0
15000.0
15000.0
-15000.0
-15000.0
15000.0
15000.0
15000.0
15000.0
-15000.0
-15000.0
-15000.0
-15000.0
15000.0
15000.0
15000.0
15000.0
-14359.965450226733
-14648.749111181467
-14602.038860760014
-14526.704318849923
-15000.0
-15000.0
-15000.0
15000.0
15000.0
15000.0
15000.0
15000.0
15000.0
15000.0
-15000.0
-15000.0
15000.0