Demand
-15000.0
-15000.0
-15000.0
-15000.0
-15000.0
15000.0
15000.0
15000.0
15000.0
15000.0
15000.0
15000.0
-15000.0
-15000.0
-15000.0
-15000.0
-15000.0
-15000.0
15000.0
15000.0
15000.0
15000.0
15000.0
15000.0
15000.0
-15000.0
-15000.0
-12631.93022198508
-10477.993520291966
-9124.034029708862
-6948.133312557285
-8476.576404407766
-6811.914113596674
15000.0
15000.0
15000.0
15000.0
15000.0
15000.0
15000.0
-12203.21657353142
-11044.21787778927
-11480.049246392027
-11553.519282537836
-11157.390255569295
-11062.864032795394
-11991.113439942434
-13314.511694924731
-15000.0
15000.0
15000.0
15000.0
15000.0
15000.0
15000.0
15000.0
15000.0
-15000.0
-15000.0
15000.0
15000.0
-15000.0
15000.0
15000.0
-14687.528551850162
-12929.233272118905
-13445.262825224345
-13613.241422609266
-12571.148321134628
-14015.373896487235
-15000.0
15000.0
15000.0
15000.0
15000.0
15000.0
15000.0
-14241.448089560352
-14074.946961213707
-14357.787395351013
-13648.98457134399
15000.0
15000.0
15000.0
15000.0
15000.0
15000.0
-15000.0
-14318.871219781235
-14621.7109917071
-15000.0
-12312.550640735197
-12856.50331208538
-11289.31578257924
-4768.481136281684
15000.0
15000.0
15000.0
15000.0
15000.0
15000.0
15000.0
-9319.223944531353
-8899.166134532683
-7576.201264898762
-5871.171706707515
-4038.6149936834336
-1856.4288759781039
1197.872576663569
7372.870738850284
12448.99448672089
4797.307433708808
15000.0
15000.0
-9324.17481099023
-10025.919339820288
-10042.648844502783
-10000.604410843349
-10292.495356144198
-11027.665330938016
-12502.290201817235
-13086.74227743789
-15000.0
15000.0
15000.0
15000.0
15000.0
15000.0
15000.0
15000.0
-15000.0
-15000.0
-15000.0
-15000.0
-15000.0
-15000.0
15000.0
15000.0
15000.0
15000.0
15000.0
15000.0
-15000.0
-15000.0
-15000.0
-15000.0
15000.0
15000.0
15000.0
15000.0
15000.0
-11173.680603147353
-11933.014986728693
-12393.162367334804
-12060.6709706404
-12036.028139959457
-11852.086022706717
-13092.449904265733
-15000.0
15000.0
15000.0
15000.0
15000.0
15000.0
15000.0
15000.0
-14656.3648707008
-15000.0
15000.0
15000.0
-15000.0
-14241.66833865739
-12785.443680100052
-13906.777805376008
-14208.359503089563
-15000.0
15000.0
15000.0
15000.0
15000.0
15000.0
15000.0
15000.0
-14689.711486118671
-15000.0
-14635.731377242959
-14592.646515700653
-15000.0
-14414.984873696005
-15000.0
-15000.0
15000.0
15000.0
15000.0
15000.0
15000.0
15000.0
15000.0
15000.0
15000.0
-15000.0
-15000.0
-15000.0
15000.0
15000.0
15000.0
15000.0
-15000.0
-13608.907870652838
-13713.746989958963
15000.0
15000.0
15000.0
-15000.0
-15000.0
-15000.0
-15000.0
15000.0
15000.0
15000.0
15000.0
15000.0
-13105.468511049417
-13637.13569179579
-14623.29027717789
-15000.0
-15000.0
-15000.0
-15000.0
15000.0
15000.0
15000.0
15000.0
15000.0
15000.0
15000.0
15000.0
-12751.69045830203
-12888.407561527347
-12213.440351226483
-12648.119483783368
-12548.087892643154
-11995.90561003171
15000.0
15000.0
15000.0
15000.0
15000.0
-732.7680317056765
15000.0
-8644.107170512623
-7380.160888207018
-6381.2375807051585
-5417.697804081986
-607.3500095925192
15000.0
15000.0
15000.0
15000.0
-9296.408850016676
-7665.511754436939
-6569.1566580936305
-5329.1077455594705
-3124.9496209859644
-1555.6764219485121
-2499.7631775563386
-3718.3494096220684
-645.893718623076
4886.767323629564
4158.187747027146
6258.9821009585785
15000.0
4851.98674081734
15000.0
15000.0
-9660.86811073012
-9598.696664843941
-9575.984347419526
-9929.619072689075
15000.0
15000.0
15000.0
15000.0
-12853.684776761704
-12667.305079628655
-13142.798329945257
-14131.727070719968
-15000.0
-15000.0
-15000.0
15000.0
15000.0
15000.0
15000.0
15000.0
15000.0
-14671.778003035339
-15000.0
-15000.0
-15000.0
-15000.0
-15000.0
-15000.0
15000.0
15000.0
15000.0
15000.0
15000.0
15000.0
15000.0
15000.0
15000.0
-15000.0
-15000.0
-15000.0
-14551.033803741382
-12280.841072887852
-11485.075769433904
-9641.79891938817
-9625.724127188987
15000.0
15000.0
15000.0
15000.0
15000.0
15000.0
15000.0
15000.0
-13961.906207315224
-12910.158162765652
-13303.07849307283
-12717.294615153827
15000.0
15000.0
15000.0
15000.0
15000.0
-15000.0
-15000.0
-15000.0
-14119.861030689062
-12890.90733792373
-12283.725470434107
-13968.31966558977
-15000.0
15000.0
15000.0
15000.0
15000.0
15000.0
15000.0
15000.0
15000.0
-15000.0
-15000.0
-15000.0
-15000.0
-15000.0
-15000.0
-15000.0
-15000.0
15000.0
15000.0
15000.0
15000.0
15000.0
15000.0
15000.0
15000.0
15000.0
-15000.0
-15000.0
15000.0
15000.0
15000.0
-15000.0
-15000.0
-15000.0
15000.0
15000.0
15000.0
-15000.0
-15000.0
-15000.0
-15000.0
-15000.0
-15000.0
-15000.0
15000.0
15000.0
15000.0
15000.0
15000.0
15000.0
15000.0
15000.0
15000.0
-15000.0
-15000.0
-15000.0
-15000.0
15000.0
15000.0
15000.0
15000.0
-15000.0
-15000.0
-15000.0
-15000.0
-15000.0
15000.0
15000.0
15000.0
15000.0
15000.0
-15000.0
-15000.0
-15000.0
-15000.0
-15000.0
-15000.0
-15000.0
15000.0
15000.0
15000.0
15000.0
15000.0
15000.0
15000.0
15000.0
-15000.0
-15000.0
-15000.0
-15000.0
-15000.0
15000.0
15000.0
15000.0
15000.0
15000.0
-15000.0
-15000.0
-15000.0
-15000.0
-15000.0
15000.0
15000.0
15000.0
15000.0
15000.0
15000.0
15000.0
-15000.0
-15000.0
-15000.0
-15000.0
-15000.0
-15000.0
-14068.018312622633
-12923.808636457612
15000.0
15000.0
15000.0
15000.0
15000.0
15000.0
15000.0
15000.0
15000.0
-14357.625845229155
-14181.80491676286
-13621.17152879975
15000.0
15000.0
15000.0
15000.0
-9763.686245167733
-9776.54099280589
-10432.245807149753
-11110.662402894839
-11394.04537161093
-11045.276884170318
-10017.984165606802
-4748.3771520115915
15000.0
15000.0
15000.0
15000.0
15000.0
15000.0
-12747.035573122528
15000.0
-12370.256867443033
2004.35555443863
15000.0
15000.0
-12272.727272727276
15000.0
-12310.580741556249
-12099.270010557098
-11416.443680758883
-11870.052805275638
-11320.384917358791
-11035.84053953447
-10216.700604222537
-4637.461727565681
15000.0
15000.0
15000.0
15000.0
15000.0
15000.0
15000.0
15000.0
-11667.641040631403
-11912.922901438007
-12053.839481887619
-11808.90890883209
15000.0
1238.6505419096557
15000.0
15000.0
15000.0
-14693.83644420572
-14671.966271013607
-15000.0
-15000.0
-15000.0
-15000.0
-15000.0
-12096.38666675633
15000.0
15000.0
15000.0
15000.0
1809.0209503235428
15000.0
15000.0
15000.0
15000.0
-15000.0
-15000.0
15000.0
15000.0
15000.0
-14515.717926932884
15000.0
15000.0
15000.0
-15000.0
-15000.0
-15000.0
-15000.0
-15000.0
15000.0
15000.0
15000.0
15000.0
15000.0
15000.0
-14693.218514531756
-15000.0
-15000.0
-15000.0
-15000.0
-15000.0
15000.0
15000.0
15000.0
15000.0
15000.0
15000.0
-11461.449019686464
-11102.939654586877
-11049.40330919512
-3943.5015763322735
15000.0
15000.0
15000.0
-12208.448117539028
-11281.092107327793
-8009.88640264417
-5978.344316456445
14705.520096131928
8298.16435264584
15000.0
15000.0
15000.0
-14691.032987455474
-15000.0
-15000.0
-15000.0
-15000.0
-15000.0
-15000.0
15000.0
15000.0
15000.0
15000.0
15000.0
15000.0
15000.0
15000.0
-14374.176548089592
-14293.995159268448
-12900.36132779381
-11747.41781950559
-11585.275546809185
-10761.364583677034
15000.0
15000.0
15000.0
15000.0
15000.0
-15000.0
-15000.0
-14595.72237985025
-14537.67273137073
-15000.0
-15000.0
-15000.0
-15000.0
15000.0
15000.0
15000.0
15000.0
15000.0
15000.0
15000.0
15000.0
15000.0
-15000.0
-15000.0
15000.0
15000.0
15000.0
15000.0
-15000.0
-15000.0
-15000.0
-15000.0
-15000.0
15000.0
15000.0
15000.0
15000.0
15000.0
15000.0
-15000.0
-15000.0
-15000.0
-13100.0
-12643.717717382544
-12521.634487633062
-5081.655358753982
15000.0
13466.166596605144
-15000.0
15000.0
15000.0
15000.0
15000.0
15000.0
-15000.0
-15000.0
-12582.426157647868
-11659.470044683152
-8495.647383517935
15000.0
15000.0
15000.0
15000.0
15000.0
15000.0
-8259.05068382945
-5544.728561676977
-4757.838710131072
-2377.861887932336
-1050.4853591709416
-1263.392640818729
-1736.7595851033439
-1015.1123059061556
2228.0509045004146
6881.697593284302
3558.715063869483
2808.4365805565503
12093.845074985755
10509.035305612808
-10606.060606060608
-7608.318514984607
-8235.062681785977
-7392.6407297457445
-7924.236918722516
-8380.931868465279
-8705.66725896284
-5933.156033048927
-3952.8683756776927
15000.0
-2318.124759549002
15000.0
15000.0
15000.0
15000.0
-14693.68562472011
-13989.058170953092
-13857.805763244098
-14096.227549565661
-15000.0
-15000.0
-15000.0
15000.0
15000.0
15000.0
15000.0
15000.0
15000.0
-13992.73814827903
-13909.76597489573
-15000.0
-15000.0
-15000.0
-15000.0
-15000.0
-15000.0
15000.0
15000.0
15000.0
15000.0
15000.0
15000.0
15000.0
15000.0
15000.0
-15000.0
-15000.0
-15000.0
-15000.0
15000.0
15000.0
15000.0
15000.0
15000.0
15000.0
-15000.0