Demand
-15000.0
-15000.0
-15000.0
-15000.0
-15000.0
-15000.0
-15000.0
15000.0
15000.0
15000.0
15000.0
15000.0
15000.0
15000.0
15000.0
15000.0
-15000.0
-15000.0
-15000.0
-15000.0
-15000.0
-15000.0
-15000.0
-15000.0
15000.0
15000.0
15000.0
15000.0
15000.0
15000.0
15000.0
15000.0
-13258.212375859439
15000.0
15000.0
-15000.0
15000.0
-15000.0
-15000.0
-9726.291441788748
-10405.828780379052
-7286.131998568613
-6206.674116869155
-786.2914180244516
15000.0
15000.0
5847.3041723590495
15000.0
15000.0
15000.0
15000.0
-14670.879579136461
-14615.717546758879
-13531.731656182208
-12757.171920235676
-4577.9262343297305
15000.0
15000.0
15000.0
15000.0
15000.0
-15000.0
-15000.0
-15000.0
-14494.182606980874
-10753.814021648788
-10034.072644508615
15000.0
15000.0
15000.0
-15000.0
15000.0
15000.0
15000.0
-15000.0
-15000.0
-12136.980029499242
15000.0
10242.010900262452
15000.0
15000.0
15000.0
15000.0
-15000.0
-15000.0
15000.0
15000.0
15000.0
-14344.35029331698
-14643.769377565754
-15000.0
-12708.065099407071
-13356.817539497017
-12833.07135112293
-13834.378701763508
-15000.0
15000.0
15000.0
15000.0
15000.0
15000.0
15000.0
15000.0
15000.0
-7622.897585317733
-5571.834899968596
-2862.540229716782
1591.4017150970785
10432.063681524085
11411.718605624941
8726.827363627322
15000.0
-9540.32327033268
-8648.762249508072
-5920.496483601161
-3700.409728919465
15000.0
6742.095311247491
15000.0
15000.0
-13646.884272997031
-14237.084682488181
-15000.0
-15000.0
-10746.665755100425
11120.907360733614
15000.0
15000.0
15000.0
-15000.0
15000.0
15000.0
-15000.0
15000.0
15000.0
-15000.0
-15000.0
-15000.0
-13902.609499249615
-14241.561031346453
-13527.607935227094
15000.0
15000.0
15000.0
15000.0
15000.0
15000.0
15000.0
15000.0
-13759.906759906764
-12656.494364965616
-10602.554810398306
-11348.71261409928
-11716.237047446917
-10919.539935421584
-10070.419428060155
-6709.391813734055
15000.0
15000.0
15000.0
15000.0
15000.0
15000.0
15000.0
-15000.0
-15000.0
-14604.441360166547
-15000.0
-15000.0
-15000.0
15000.0
15000.0
15000.0
15000.0
15000.0
15000.0
15000.0
-15000.0
-15000.0
-15000.0
15000.0
15000.0
15000.0
15000.0
15000.0
-14667.120887677636
-14609.947803648527
-15000.0
-14188.738280406425
-15000.0
15000.0
15000.0
15000.0
15000.0
15000.0
-15000.0
-15000.0
-15000.0
-15000.0
-15000.0
-15000.0
-15000.0
15000.0
15000.0
15000.0
15000.0
15000.0
15000.0
15000.0
15000.0
-15000.0
-15000.0
-15000.0
-15000.0
-15000.0
15000.0
15000.0
15000.0
15000.0
15000.0
15000.0
-12362.086254662998
-12778.44855598317
-13241.379316212795
-14415.837888741215
-15000.0
15000.0
15000.0
15000.0
15000.0
15000.0
15000.0
-15000.0
-14655.380894800484
-13031.117359171996
-11723.573962215265
-10205.66295994178
-8721.037087733526
-1074.623333968506
15000.0
15000.0
15000.0
15000.0
15000.0
15000.0
-10531.433740388966
-8260.375019278912
-7344.183977688848
-5162.342091060786
5074.964004143511
15000.0
15000.0
2918.602433612048
15000.0
-10922.503725782419
-9899.362982575032
-7720.2423775490315
-4816.14150157378
7628.616498094434
15000.0
15000.0
2349.3121047667255
15000.0
-5233.222275107094
-4138.598348891362
-5070.164425816837
-6296.089041964511
-4527.300475953034
-1284.9576411982853
-1629.319130396303
-449.9776193744801
7109.374947700417
12214.326223949287
7070.852838115423
15000.0
-12575.757575757576
-9361.420243773191
-7782.25720356535
15000.0
15000.0
15000.0
-14380.041693102514
-12953.404066890249
-12317.896949994505
-11863.953104561617
-12178.90979361115
-13292.590366062315
-15000.0
15000.0
15000.0
15000.0
15000.0
15000.0
15000.0
-12991.273570122925
-13517.79620390942
-14572.86152259116
-15000.0
-15000.0
-15000.0
15000.0
15000.0
15000.0
15000.0
15000.0
15000.0
15000.0
-14354.156437662881
-12549.568894227981
-13850.644413115358
-14564.979640842383
-15000.0
-15000.0
-15000.0
-15000.0
15000.0
15000.0
15000.0
15000.0
15000.0
15000.0
15000.0
15000.0
-15000.0
-15000.0
15000.0
15000.0
15000.0
15000.0
-13343.98605461941
-13887.925246036586
-14127.114453151891
-15000.0
-15000.0
-15000.0
15000.0
15000.0
15000.0
15000.0
15000.0
15000.0
-13650.370216114472
-13510.519597867315
-14576.168146819688
-15000.0
-15000.0
-15000.0
15000.0
15000.0
15000.0
15000.0
15000.0
15000.0
15000.0
15000.0
-15000.0
15000.0
-15000.0
-15000.0
-15000.0
-15000.0
-15000.0
15000.0
15000.0
15000.0
15000.0
15000.0
15000.0
-15000.0
-15000.0
-15000.0
15000.0
15000.0
15000.0
15000.0
15000.0
-15000.0
15000.0
15000.0
-15000.0
-15000.0
-15000.0
-15000.0
-15000.0
-15000.0
-15000.0
15000.0
15000.0
15000.0
15000.0
15000.0
15000.0
15000.0
-15000.0
-15000.0
-15000.0
-15000.0
-15000.0
-15000.0
15000.0
15000.0
15000.0
15000.0
15000.0
15000.0
15000.0
-15000.0
-15000.0
-15000.0
-15000.0
-15000.0
-15000.0
15000.0
15000.0
15000.0
15000.0
15000.0
15000.0
15000.0
15000.0
-15000.0
-15000.0
-15000.0
-15000.0
15000.0
15000.0
15000.0
15000.0
15000.0
15000.0
-15000.0
-15000.0
-15000.0
-15000.0
-15000.0
-15000.0
15000.0
15000.0
15000.0
15000.0
15000.0
15000.0
15000.0
-15000.0
-15000.0
-15000.0
-15000.0
-15000.0
-15000.0
-15000.0
15000.0
15000.0
15000.0
15000.0
15000.0
15000.0
15000.0
15000.0
-14690.175295556463
-14637.102892017949
-13120.455530234129
-10442.49652965257
9360.487044222034
15000.0
15000.0
15000.0
15000.0
-14285.266457680256
-14543.551316190355
-13495.195019555013
6251.925216010198
15000.0
15000.0
15000.0
15000.0
-10018.337885290675
-9399.51639436978
-9368.342821212878
-10022.962055042604
-10694.64664810574
-10903.056065007
-10284.370428654696
-8346.89423758653
10498.832752656861
15000.0
15000.0
15000.0
15000.0
11843.094007701267
15000.0
-13998.144712430425
-14255.593407605196
-12404.564871289498
-11313.311560964205
-10044.062765294395
-10163.979375801493
15000.0
15000.0
15000.0
15000.0
15000.0
12579.809381954045
15000.0
-11921.692169216924
15000.0
-13211.767483179996
-11101.935487529441
-8665.687140313028
-612.8631643515237
15000.0
15000.0
6370.404493139636
15000.0
15000.0
-11773.965334276625
-12254.395297854408
-12772.489023747425
-13354.446226209762
-13580.571836755775
-13846.633763251859
-14214.35165219204
-12143.393794206455
15000.0
6235.486437576435
15000.0
15000.0
15000.0
15000.0
15000.0
15000.0
15000.0
-13097.251585623679
-13297.607601380016
-13882.30150445287
-13738.569364434294
-14504.873382481514
-15000.0
-15000.0
-15000.0
15000.0
15000.0
15000.0
15000.0
15000.0
15000.0
15000.0
15000.0
-15000.0
-15000.0
-15000.0
-15000.0
-15000.0
-15000.0
-15000.0
15000.0
15000.0
15000.0
15000.0
15000.0
15000.0
15000.0
-15000.0
-15000.0
-15000.0
15000.0
15000.0
15000.0
15000.0
-12985.000018245977
-12419.590901816187
-11267.062320298399
-11143.075331419455
-8395.78980899497
-6872.696953395123
-5261.102614213382
15000.0
15000.0
15000.0
15000.0
12878.070043239679
15000.0
-13030.303030303032
-11110.421836228292
-10607.10846977359
-9793.77586751123
-8885.509339940822
-8218.590092383867
-1179.0961512412523
15000.0
15000.0
15000.0
15000.0
15000.0
-15000.0
-15000.0
-15000.0
-15000.0
-15000.0
15000.0
15000.0
15000.0
15000.0
15000.0
15000.0
-14366.314619232908
-13230.5241088092
-12550.602659778891
-12998.136609795562
-14287.569273595924
-15000.0
15000.0
15000.0
15000.0
15000.0
15000.0
15000.0
-14630.749298207731
-14486.144289878262
-15000.0
15000.0
15000.0
15000.0
15000.0
-15000.0
-15000.0
-15000.0
-15000.0
-14140.59398694937
-11540.251146399765
15000.0
15000.0
15000.0
15000.0
15000.0
15000.0
-15000.0
-15000.0
-15000.0
-15000.0
15000.0
15000.0
15000.0
15000.0
15000.0
-15000.0
-14642.984967788121
-15000.0
-15000.0
15000.0
15000.0
15000.0
15000.0
15000.0
-14037.007240547064
-12904.68427545204
-13841.954556397697
-14110.810509441075
-15000.0
-15000.0
-15000.0
15000.0
15000.0
15000.0
15000.0
15000.0
15000.0
15000.0
15000.0
15000.0
15000.0
-11225.16556291391
15000.0
-12878.78787878788
-9701.143093237846
-6617.996790356006
-2178.6336026093295
120.33332772816902
5645.710009971388
8315.26052613862
6676.440314349238
6569.81994303312
14419.064032530734
-10000.000000000002
-2199.8424111100176
-3944.93057880367
-5604.462397930522
-6054.346640362613
-3329.2281664576803
-976.152845109651
-2409.436366322151
-975.7646457263327
8231.082291801282
10391.649545020504
11957.900262642519
12052.35058679555
15000.0
-11967.480215468513
-12437.461124571724
-13627.192448898753
-14623.126511975646
-15000.0
-15000.0
-15000.0
-13899.384984501754
-1808.7042802952828
15000.0
15000.0
15000.0
15000.0
15000.0
15000.0
15000.0
15000.0
-15000.0
-15000.0
-15000.0
-13785.511363636364
-13603.539851239057
-15000.0
-15000.0
-15000.0
15000.0
15000.0
15000.0
15000.0
15000.0
15000.0
15000.0
15000.0
15000.0
-14687.842278203723
-15000.0
-15000.0
-15000.0
-15000.0
-15000.0
15000.0
15000.0
15000.0
15000.0
15000.0
15000.0
15000.0
-15000.0