Demand
15000.0
15000.0
15000.0
15000.0
15000.0
15000.0
15000.0
15000.0
15000.0
15000.0
15000.0
15000.0
15000.0
15000.0
15000.0
15000.0
15000.0
15000.0
15000.0
15000.0
15000.0
15000.0
15000.0
15000.0
15000.0
15000.0
15000.0
15000.0
15000.0
-9656.816171978699
-8251.65648082882
-10253.712341426795
-11250.253849009314
-13160.386847719015
15000.0
15000.0
15000.0
15000.0
15000.0
15000.0
15000.0
15000.0
15000.0
-12009.014665650091
-11744.591562624551
-11775.582422458163
-12663.6739341457
-13824.690440236027
-15000.0
-15000.0
15000.0
15000.0
15000.0
15000.0
15000.0
15000.0
15000.0
-15000.0
-15000.0
-15000.0
-15000.0
-15000.0
15000.0
15000.0
15000.0
15000.0
15000.0
15000.0
15000.0
-14509.60711213078
15000.0
15000.0
15000.0
-15000.0
-15000.0
-15000.0
-13716.216216216217
-13968.417886137111
-13616.942539754964
-13809.331795960694
3379.2976957123765
15000.0
15000.0
15000.0
15000.0
15000.0
15000.0
15000.0
-14368.42105263158
-14647.543315071543
-15000.0
-12377.01842220335
-12724.040352125627
-9244.766699853975
15000.0
15000.0
15000.0
15000.0
15000.0
15000.0
-10637.070183702312
-9038.831002109742
-7367.946783686035
-5965.698483196004
-2144.3139792390984
4774.776324635456
12768.616109247483
9449.113041170516
12482.941036931104
5052.706808026864
15000.0
-10119.16654773798
-9123.74190870938
-8019.463724808836
-4641.1737489007855
-1261.172209852335
15000.0
15000.0
-1071.1345899113785
15000.0
-13629.601803155525
-14178.999501403621
-15000.0
-15000.0
15000.0
15000.0
15000.0
15000.0
15000.0
-15000.0
-15000.0
-15000.0
-15000.0
-15000.0
-15000.0
15000.0
15000.0
15000.0
15000.0
15000.0
15000.0
15000.0
-15000.0
-15000.0
-15000.0
-15000.0
-15000.0
-15000.0
-4232.5855962219675
15000.0
15000.0
15000.0
15000.0
15000.0
15000.0
15000.0
15000.0
-14003.496503496506
15000.0
15000.0
-15000.0
-15000.0
-15000.0
-15000.0
-15000.0
-15000.0
15000.0
15000.0
15000.0
15000.0
15000.0
15000.0
-13267.477203647417
-14216.508757508564
-14528.774523071865
-15000.0
-15000.0
15000.0
15000.0
15000.0
15000.0
15000.0
15000.0
15000.0
15000.0
15000.0
-14674.099485420236
15000.0
-14674.03462625299
-15000.0
-15000.0
-15000.0
-15000.0
15000.0
15000.0
15000.0
15000.0
15000.0
-15000.0
-15000.0
-15000.0
-15000.0
-15000.0
-15000.0
15000.0
15000.0
15000.0
15000.0
15000.0
15000.0
15000.0
15000.0
-15000.0
-15000.0
-15000.0
-15000.0
-15000.0
-15000.0
15000.0
15000.0
15000.0
15000.0
15000.0
15000.0
15000.0
-15000.0
-15000.0
-15000.0
-15000.0
-15000.0
-15000.0
15000.0
15000.0
15000.0
15000.0
15000.0
15000.0
15000.0
-13071.881606765332
-12382.328016864838
-12636.82967394375
-11976.435028507807
2649.8493070830164
15000.0
15000.0
15000.0
15000.0
-10045.273451647958
-9590.882648580911
-7430.9480008330975
337.96483671495207
15000.0
15000.0
-12727.272727272728
-5574.184657785965
15000.0
15000.0
15000.0
-9672.897196261685
-8934.384473898383
-6888.5392891568845
-5201.296081539936
-2986.9120889219266
1081.4473657201952
4677.919720932655
4112.356882972973
4914.559976309229
15000.0
8274.388081991918
15000.0
-7540.154669839382
-6630.738533945342
-6286.267643642513
-6130.71002009082
-6113.447195061624
-4023.6300592875195
347.9749098352622
15000.0
-1541.2185667060767
15000.0
15000.0
15000.0
-13139.860139860142
-12664.698157275732
-12445.32477324035
-12951.042619256987
-14033.521863367409
-15000.0
-15000.0
-15000.0
15000.0
15000.0
15000.0
15000.0
15000.0
15000.0
15000.0
-15000.0
-15000.0
-15000.0
-15000.0
-15000.0
-15000.0
-11288.794410569742
15000.0
15000.0
15000.0
15000.0
15000.0
15000.0
15000.0
15000.0
15000.0
-15000.0
-15000.0
-14594.818734697103
-12452.45980795888
-11377.516374405925
-7225.614370955456
15000.0
15000.0
15000.0
15000.0
15000.0
15000.0
-15000.0
-15000.0
-14240.506329113927
-13668.663982773149
-12226.784196123284
-12655.507426601587
-11628.573594844605
15000.0
15000.0
15000.0
15000.0
15000.0
15000.0
15000.0
-15000.0
-14328.852475101805
-13498.667648317307
-13263.707625364885
-14464.90931845985
-15000.0
-15000.0
15000.0
15000.0
15000.0
15000.0
15000.0
15000.0
15000.0
-15000.0
-15000.0
15000.0
15000.0
-15000.0
-15000.0
-15000.0
15000.0
15000.0
15000.0
15000.0
-15000.0
-14237.967914438505
-14519.367376077498
-15000.0
-15000.0
15000.0
15000.0
15000.0
15000.0
15000.0
-15000.0
15000.0
-15000.0
-15000.0
-15000.0
15000.0
15000.0
15000.0
15000.0
-15000.0
-15000.0
-15000.0
-15000.0
-15000.0
-12665.626700118119
15000.0
15000.0
4540.152054476228
15000.0
15000.0
15000.0
15000.0
15000.0
-15000.0
-15000.0
-15000.0
-15000.0
-15000.0
15000.0
15000.0
15000.0
15000.0
15000.0
15000.0
-15000.0
-15000.0
-15000.0
-15000.0
15000.0
15000.0
15000.0
15000.0
15000.0
-15000.0
-15000.0
-15000.0
-15000.0
-15000.0
-15000.0
15000.0
15000.0
15000.0
15000.0
15000.0
15000.0
-15000.0
-15000.0
-15000.0
-15000.0
15000.0
15000.0
15000.0
15000.0
15000.0
15000.0
-15000.0
-15000.0
-15000.0
-15000.0
-15000.0
-15000.0
15000.0
15000.0
15000.0
15000.0
15000.0
15000.0
-15000.0
-15000.0
-15000.0
-15000.0
15000.0
15000.0
15000.0
15000.0
15000.0
-13734.427038361911
-12830.414345119181
-12375.221290289981
-11993.626562527319
-7574.629435157513
15000.0
15000.0
15000.0
15000.0
15000.0
-14386.767079074772
15000.0
-12836.61666365444
-10485.320323223204
-6149.531343328272
839.9528258577484
15000.0
15000.0
15000.0
-11699.478865083966
15000.0
-12760.942760942766
-12898.650116369281
-13021.422379686748
-12173.65771147559
-10734.230825368268
-7499.562000242593
4075.422240174841
15000.0
15000.0
15000.0
15000.0
15000.0
-13939.393939393942
-11762.23965377334
-1628.1599672572584
15000.0
15000.0
-12276.311073945766
-11919.277548161812
-10873.665466143455
-10832.161633876101
-8084.847043199963
15000.0
5101.471904743623
15000.0
15000.0
15000.0
15000.0
-8596.452328159652
-7828.496356347048
-6570.138214023386
-5316.615887356928
-2001.7355934369343
15000.0
13174.685638215153
15000.0
-14393.939393939396
-13698.877686893666
-12937.473779535994
15000.0
15000.0
15000.0
-14674.35549525102
-14647.92844130973
-15000.0
-15000.0
-15000.0
-15000.0
-15000.0
-9160.452975276206
15000.0
15000.0
15000.0
15000.0
15000.0
15000.0
15000.0
15000.0
15000.0
-15000.0
-15000.0
-15000.0
-15000.0
-15000.0
15000.0
15000.0
15000.0
15000.0
15000.0
15000.0
-15000.0
15000.0
15000.0
-15000.0
-14652.014652014652
-13804.165478721894
-12120.025602899808
-12496.824302030247
-12921.139837916333
-4861.5928926499155
15000.0
15000.0
15000.0
15000.0
15000.0
15000.0
-13113.278596006032
-12952.02245452597
-12345.485770421077
-11085.456000813621
-10826.663562113685
-7394.462810054749
-4463.758802234348
2783.7350943646516
15000.0
15000.0
15000.0
15000.0
15000.0
15000.0
-10946.832950443059
-11368.114951006643
-11093.028304960168
-10722.725214937873
-10635.227555169546
-11421.637793307775
-13036.258183632035
-13944.769892758351
-15000.0
15000.0
15000.0
15000.0
15000.0
15000.0
15000.0
15000.0
-15000.0
15000.0
15000.0
-15000.0
-15000.0
-15000.0
-14009.747487362616
-13767.789894766902
-10661.67456021838
-5815.726491174445
9612.430900441295
15000.0
-15000.0
15000.0
15000.0
15000.0
15000.0
15000.0
15000.0
-14580.727454033113
-14261.673462041115
15000.0
15000.0
15000.0
15000.0
-15000.0
-15000.0
15000.0
15000.0
-15000.0
-14647.277227722774
-14594.543593474493
-14504.20774293178
-15000.0
-15000.0
15000.0
15000.0
15000.0
15000.0
15000.0
15000.0
15000.0
-15000.0
-15000.0
-15000.0
-15000.0
15000.0
15000.0
15000.0
15000.0
-15000.0
-15000.0
-15000.0
-15000.0
-7508.214676889412
15000.0
15000.0
15000.0
15000.0
15000.0
15000.0
-15000.0
15000.0
-15000.0
-15000.0
-15000.0
-15000.0
-15000.0
15000.0
15000.0
15000.0
15000.0
15000.0
15000.0
-12878.78787878788
-7890.235210263723
-2525.371027307253
15000.0
15000.0
15000.0
-9848.484848484848
-3040.215649133035
-3367.827407041027
-3972.3995079065526
-3720.5584333372963
-1679.336375124003
1471.2221890566034
-424.78473237666003
-1707.0155102172166
71.95736327606392
13724.607655825093
7840.980515926127
8851.220098992584
15000.0
-8068.905616676321
15000.0
-10238.75817903383
-10987.023885179595
-10349.710162439456
-11126.388119521496
-11548.327497250822
-12997.44873314734
-14367.590256497959
-15000.0
-15000.0
15000.0
15000.0
15000.0
15000.0
15000.0
15000.0
15000.0
15000.0
15000.0
15000.0
-15000.0
15000.0
-15000.0
15000.0
-13895.52720813822
-13633.951636312337
-15000.0
-15000.0
15000.0
15000.0
15000.0
15000.0
15000.0
-15000.0
-15000.0
-14147.54340037279
-14455.89279743491
-14148.696927166195
-11685.037436490911
15000.0
15000.0
15000.0
15000.0
15000.0
15000.0
-15000.0
-15000.0
-15000.0
-15000.0
-15000.0
15000.0
15000.0