720000.000000 
960000.000000 
1350000.000000 
1740000.000000 
2100000.000000 
2610000.000000 
2910000.000000 
2970000.000000 
3000000.000000 
2610000.000000 
2340000.000000 
2070000.000000 
1830000.000000 
1620000.000000 
1200000.000000 
930000.000000 
300000.000000 
690000.000000 
960000.000000 
1110000.000000 
1290000.000000 
1200000.000000 
1080000.000000 
1110000.000000 
1170000.000000 
810000.000000 
600000.000000 
496686.880981 
524216.597716 
468100.389716 
527410.396078 
13621.674427 
298202.481050 
463174.474753 
840000.000000 
1230000.000000 
1050000.000000 
960000.000000 
600000.000000 
489296.682357 
23830.354095 
61387.293106 
-36135.139218 
28292.495303 
66332.303369 
62251.445766 
-149642.523449 
25510.784760 
90000.000000 
600000.000000 
240000.000000 
52939.750800 
14073.740437 
26815.727772 
760.224059 
9491.952453 
117441.633652 
240000.000000 
660000.000000 
810000.000000 
1170000.000000 
810000.000000 
420000.000000 
330000.000000 
53700.814304 
-79916.561436 
-40103.201624 
-129677.626462 
-56169.013681 
-86252.405820 
180000.000000 
390000.000000 
180000.000000 
480000.000000 
270000.000000 
120000.000000 
62690.623895 
-3488.502600 
-1309.561913 
-41580.467931 
420077.671804 
343189.930162 
642511.872432 
510000.000000 
960000.000000 
750000.000000 
660000.000000 
330000.000000 
238302.756736 
44060.221036 
-150000.000000 
42306.059653 
-21540.888025 
69884.282097 
12830.820461 
180000.000000 
314914.689237 
330000.000000 
270000.000000 
542497.931094 
701742.911848 
722380.367334 
728630.407269 
679881.630726 
746564.470941 
752698.811050 
810180.777008 
658015.045270 
568515.216914 
566852.870534 
155018.818789 
351104.848332 
248435.893801 
65235.619376 
-87669.758146 
-135825.073295 
-23434.726832 
-57175.407986 
-21952.022943 
-43872.809572 
-31449.769328 
121102.143071 
-60000.000000 
60000.000000 
35872.654385 
22317.743377 
16967.399926 
-29577.185155 
3049.171865 
120000.000000 
390000.000000 
720000.000000 
870000.000000 
630000.000000 
690000.000000 
630000.000000 
-30000.000000 
-90000.000000 
-119317.853157 
-145617.339996 
-69812.706364 
-60000.000000 
-120000.000000 
90000.000000 
600000.000000 
270000.000000 
390000.000000 
510000.000000 
287413.293418 
141850.083348 
251208.430206 
490842.016437 
463271.385189 
455377.052913 
737892.013224 
678104.428450 
502454.642581 
189082.653055 
240000.000000 
150000.000000 
270000.000000 
270000.000000 
330000.000000 
90000.000000 
270000.000000 
60000.000000 
-92188.473136 
90000.000000 
360000.000000 
60000.000000 
30000.000000 
-6295.815201 
-2232.998786 
-17469.427007 
12133.335971 
30000.000000 
540000.000000 
1140000.000000 
900000.000000 
1140000.000000 
600000.000000 
390000.000000 
120000.000000 
-68605.223277 
0.000000 
-161458.927554 
-101866.824453 
60000.000000 
-108819.565658 
210000.000000 
240000.000000 
330000.000000 
360000.000000 
390000.000000 
240000.000000 
0.000000 
30000.000000 
210000.000000 
150000.000000 
150000.000000 
330000.000000 
480000.000000 
810000.000000 
570000.000000 
660000.000000 
330000.000000 
420000.000000 
30000.000000 
-74379.079551 
-83455.440491 
150000.000000 
330000.000000 
330000.000000 
210000.000000 
300000.000000 
390000.000000 
390000.000000 
420000.000000 
210000.000000 
18391.318278 
-13475.747464 
3566.546264 
6839.372579 
12514.086916 
-38108.407586 
270000.000000 
660000.000000 
780000.000000 
810000.000000 
630000.000000 
750000.000000 
630000.000000 
-90000.000000 
-80741.627584 
164902.974483 
208754.542733 
202010.539193 
233120.010655 
258335.078794 
526433.714209 
468995.129872 
552267.378288 
501596.565434 
534805.323869 
501704.191572 
506552.216779 
502705.492814 
270045.484842 
300387.191273 
560277.092062 
770218.093976 
753409.005975 
604358.559612 
476430.792729 
181747.849356 
439190.964754 
455337.354571 
397650.556866 
203871.940912 
394118.662864 
644507.798527 
420498.364084 
676027.485107 
704146.425816 
461246.027613 
229405.544569 
82046.299369 
108671.108503 
106955.274851 
30537.378063 
-35203.047199 
683.211012 
165954.688272 
314980.452867 
310013.288031 
343041.343509 
318767.661593 
330562.731158 
303568.853509 
92519.834974 
-82932.569674 
-85016.134041 
-145833.453700 
-116858.348951 
-109657.143573 
-178289.448040 
-18863.022311 
0.000000 
630000.000000 
270000.000000 
270000.000000 
4577.300530 
4768.227203 
50024.577723 
-16643.188757 
56903.958865 
-14390.148550 
120000.000000 
870000.000000 
960000.000000 
1020000.000000 
720000.000000 
330000.000000 
257426.191469 
90000.000000 
26563.813167 
-30000.000000 
37846.023729 
51314.105574 
-68981.667690 
9245.763141 
120000.000000 
510000.000000 
390000.000000 
90000.000000 
30341.818314 
30493.058399 
155954.407906 
161924.421704 
-8182.761018 
210000.000000 
600000.000000 
810000.000000 
930000.000000 
750000.000000 
480000.000000 
330000.000000 
86798.770306 
-116381.640717 
-122409.178170 
-104016.825398 
-133806.328544 
-240000.000000 
90000.000000 
450000.000000 
690000.000000 
450000.000000 
420000.000000 
480000.000000 
210000.000000 
-62921.196181 
-18512.161092 
-9664.113739 
-29628.659670 
150000.000000 
300000.000000 
510000.000000 
810000.000000 
750000.000000 
660000.000000 
390000.000000 
510000.000000 
90000.000000 
-30000.000000 
210000.000000 
60000.000000 
-30000.000000 
270000.000000 
270000.000000 
150000.000000 
240000.000000 
510000.000000 
240000.000000 
0.000000 
0.000000 
-74276.000664 
-85878.121248 
-30000.000000 
240000.000000 
180000.000000 
330000.000000 
600000.000000 
870000.000000 
690000.000000 
600000.000000 
210000.000000 
360000.000000 
480000.000000 
450000.000000 
-30000.000000 
180000.000000 
-30000.000000 
0.000000 
150000.000000 
90000.000000 
270000.000000 
240000.000000 
90000.000000 
-915.656460 
38119.569569 
-44589.083432 
23152.655015 
-30000.000000 
360000.000000 
750000.000000 
930000.000000 
1080000.000000 
690000.000000 
510000.000000 
150000.000000 
270000.000000 
-60000.000000 
-30000.000000 
-184682.489996 
-90000.000000 
-90000.000000 
150000.000000 
450000.000000 
90000.000000 
300000.000000 
270000.000000 
180000.000000 
90000.000000 
-60000.000000 
180000.000000 
0.000000 
300000.000000 
510000.000000 
390000.000000 
690000.000000 
780000.000000 
690000.000000 
360000.000000 
90000.000000 
150000.000000 
300000.000000 
-150000.000000 
-150000.000000 
120000.000000 
300000.000000 
30000.000000 
360000.000000 
270000.000000 
120000.000000 
300000.000000 
330000.000000 
120000.000000 
-30000.000000 
-30000.000000 
0.000000 
30000.000000 
390000.000000 
570000.000000 
480000.000000 
600000.000000 
600000.000000 
690000.000000 
630000.000000 
150000.000000 
-30000.000000 
-90000.000000 
0.000000 
240000.000000 
180000.000000 
0.000000 
360000.000000 
360000.000000 
360000.000000 
92399.071774 
157670.724193 
134079.002212 
269591.764278 
204848.170053 
252878.165819 
519224.067791 
791040.485382 
761190.673006 
667740.367753 
788877.619515 
692214.124854 
653792.643653 
505897.790174 
420373.347372 
600538.003996 
623313.057538 
412990.137518 
441552.478090 
140172.934029 
17927.049085 
14528.960389 
34515.608299 
110831.167972 
11790.858975 
-30811.945425 
85628.600272 
157369.546218 
135291.379180 
262710.697840 
317481.729223 
554535.968522 
551143.093208 
575752.310272 
809186.395558 
795130.333045 
490883.092270 
294774.539636 
47348.972670 
172835.553593 
121618.657162 
136857.924019 
191441.525210 
189978.638797 
426241.113368 
556109.053531 
453173.121471 
534531.379610 
540604.998184 
520102.855849 
502688.786162 
497999.431854 
491846.106462 
309303.445177 
117760.193412 
79163.229734 
101034.641225 
307044.542325 
234883.737678 
145614.009216 
241928.204152 
28251.163213 
-83140.579070 
82626.335319 
10356.549491 
82579.191303 
111685.923323 
60000.000000 
390000.000000 
270000.000000 
30000.000000 
0.000000 
21818.272271 
101939.324489 
72534.492436 
25289.922270 
89929.203007 
57389.356173 
360000.000000 
450000.000000 
780000.000000 
1020000.000000 
540000.000000 
480000.000000 
180000.000000 
210000.000000 
210000.000000 
-83207.270800 
-60000.000000 
60000.000000 
330000.000000 
240000.000000 
270000.000000 
270000.000000 
570000.000000 
180000.000000 
0.000000 
68091.824099 
23871.699350 
92115.857890 
125303.058335 
66561.057331 
198466.813171 
270000.000000 
840000.000000 
750000.000000 
930000.000000 
840000.000000 
600000.000000 
462593.746281 
188088.612009 
190122.582742 
394233.989400 
186049.420602 
426328.113400 
426361.372221 
164533.290991 
246911.829282 
293979.865774 
292276.839049 
286427.196550 
315981.793768 
288808.025386 
513208.420159 
261125.674013 
453899.039686 
486305.628883 
259960.806182 
74643.795949 
130577.705053 
214822.882294 
270000.000000 
480000.000000 
210000.000000 
-30000.000000 
-30000.000000 
90000.000000 
210000.000000 
60000.000000 
90000.000000 
330000.000000 
360000.000000 
390000.000000 
210000.000000 
120000.000000 
3845.673645 
-8285.199303 
30131.950968 
19919.289676 
29795.888597 
45044.433736 
150000.000000 
810000.000000 
960000.000000 
1020000.000000 
1020000.000000 
750000.000000 
0.000000 
-120441.672206 
-174493.772997 
30000.000000 
30000.000000 
120000.000000 
330000.000000 
330000.000000 
90000.000000 
90000.000000 
210000.000000 
120000.000000 
64726.682293 
51751.732222 
14143.620640 
-120000.000000 
0.000000 
180000.000000 
270000.000000 
780000.000000 
750000.000000 
690000.000000 
540000.000000 
480000.000000 
180000.000000 
330000.000000 
180000.000000 
360000.000000 
330000.000000 
30000.000000 
-130028.262571 
60000.000000 
30000.000000 
390000.000000 
150000.000000 
30000.000000 
124980.932433 
143310.313308 
135063.240425 
296416.206933 
215437.322631 
245490.256101 
210000.000000 
480000.000000 
690000.000000 
450000.000000 
660000.000000 
600000.000000 
540000.000000 
300000.000000 
374377.760137 
417728.283298 
436057.556251 
593423.135726 
653919.786691 
671731.015785 
717026.874149 
721922.478757 
761757.275177 
735376.502471 
745476.402010 
516553.858376 
732788.007559 
539835.572522 
292855.246131 
289056.614688 
249464.233295 
569592.354326 
813764.970316 
295406.553918 
543643.338405 
76378.898222 
102272.357081 
82977.367825 
-148929.600214 
-116593.038075 
-196230.472477 
-191326.818209 
-88827.916572 
-61614.946564 
-87421.416199 
-32192.904802 
-16708.156946 
-104973.541302 
-59044.950606 
150000.000000 
60000.000000 
-30000.000000 
-29380.901551 
-48467.568989 
67052.546055 
222645.536065 
240000.000000 
540000.000000 
870000.000000 
1020000.000000 
780000.000000 
360000.000000 
-60000.000000 
-90000.000000 
-210000.000000 
-125856.715419 
-130732.184031 
-120000.000000 
210000.000000 
420000.000000 
420000.000000 
360000.000000 
360000.000000 
240000.000000 
-30000.000000 
-30000.000000 
-26207.749013 
75236.221462 
354647.608971 
323331.569753 
330000.000000 
480000.000000 
630000.000000 
660000.000000 
630000.000000 
360000.000000 
240000.000000 
90000.000000 
-60000.000000 
30000.000000 
30000.000000 
390000.000000 
270000.000000 
