Demand
-3750.0
-3750.0
-3750.0
-3750.0
3750.0
3750.0
3750.0
3750.0
3750.0
3750.0
3750.0
3750.0
3750.0
-3750.0
-3750.0
-3750.0
3750.0
3750.0
3750.0
3750.0
3750.0
3750.0
-3750.0
-3750.0
-3750.0
-3750.0
3750.0
3750.0
3750.0
3750.0
-3750.0
-3750.0
-3750.0
3750.0
3750.0
3750.0
3750.0
3750.0
3750.0
3750.0
3750.0
-3750.0
-3750.0
-3750.0
-3750.0
-3750.0
-3750.0
3750.0
3750.0
3750.0
3750.0
3750.0
3750.0
3750.0
3750.0
3750.0
-3750.0
-3750.0
-3750.0
-3750.0
-3750.0
-3750.0
-3750.0
3750.0
3750.0
3750.0
3750.0
3750.0
3750.0
3750.0
3750.0
1537.5695732838644
3750.0
3750.0
3750.0
3750.0
3750.0
-1396.213140829561
-1021.8147060669471
41.42220241531004
1084.9078012373918
2099.2082064047245
1483.890905984382
2581.190184567535
3750.0
0.0
0.0
-1212.1212121212122
-947.802197802197
-1218.518179320449
-1544.3029832637278
3750.0
3750.0
-3422.0368239355594
-3750.0
3750.0
3750.0
3750.0
3750.0
3750.0
-3750.0
-3750.0
-3750.0
3750.0
3750.0
3750.0
3750.0
3750.0
3750.0
3750.0
-3750.0
-3750.0
-3750.0
3750.0
3750.0
3750.0
3750.0
-3750.0
-3750.0
3750.0
3750.0
3750.0
-3750.0
-3750.0
-3750.0
-3750.0
-3750.0
-3750.0
-3750.0
3750.0
3750.0
3750.0
3750.0
3750.0
3750.0
3750.0
3750.0
3750.0
3750.0
3750.0
3750.0
3750.0
3750.0
-3750.0
-3750.0
3750.0
3750.0
3750.0
3750.0
3750.0
3750.0
-3432.097044060234
-3663.835045651025
-3750.0
-3750.0
-3750.0
-3750.0
-3750.0
3750.0
3750.0
3750.0
3750.0
3750.0
3750.0
3750.0
3750.0
3750.0
3750.0
-3750.0
-3750.0
-3750.0
-3750.0
-3750.0
-3750.0
-3750.0
-3750.0
3750.0
3750.0
3750.0
3750.0
3750.0
3750.0
3750.0
3750.0
-3750.0
-3750.0
-3750.0
-3750.0
-3750.0
-3750.0
3750.0
3750.0
3750.0
3750.0
3750.0
3750.0
3750.0
-3750.0
-3750.0
-3750.0
-3750.0
-3750.0
3750.0
3750.0
3750.0
3750.0
3750.0
3750.0
-3750.0
-2009.3375616631447
-1370.7019492576455
-242.82192558287852
1321.2959307230767
3213.899342239869
3750.0
2958.2909321481266
408.75605122838624
482.9857783108357
3750.0
3750.0
1348.2492726952141
3750.0
-3750.0
-3750.0
-3750.0
-3750.0
3750.0
3750.0
3750.0
3750.0
3750.0
3750.0
3750.0
3750.0
3750.0
-3750.0
-3750.0
-3750.0
3750.0
3750.0
3750.0
-3017.491670633033
-2467.3764593458136
3750.0
3750.0
3750.0
3750.0
3750.0
0.0
0.0
0.0
3750.0
3750.0
3750.0
0.0
0.0
0.0
0.0
0.0
0.0
0.0
0.0
0.0
3750.0
3750.0
3750.0
3750.0
0.0
0.0
0.0
0.0
0.0
-606.0606060606061
1195.054945054946
0.0
0.0
3750.0
3750.0
3750.0
-984.848484848485
-1939.6551724137935
-1921.4152265296598
-2013.2633490192939
-818.6438333237529
305.971694513765
3750.0
3750.0
-3257.575757575758
367.6155821917803
2790.4616364566323
-568.3493197922071
239.99400378412656
1528.7740545488211
3290.4423690427093
2266.7599558077536
2937.1509974697265
3750.0
-489.52191423706336
3750.0
3750.0
3750.0
-1121.5415019762843
3750.0
3750.0
3750.0
3750.0
3750.0
3750.0
3750.0
840.1932712956332
-62.83493443311227
-25.74021917070968
823.1820083783377
1478.3568904288065
850.1538307200517
389.3774816301259
-280.56298026800414
-80.94655536017899
1691.7027713208402
3750.0
114.09544260297253
3750.0
-3117.8262094218735
-3750.0
-3750.0
-3750.0
3750.0
3750.0
3750.0
3750.0
3750.0
3750.0
-3750.0
-3750.0
-3750.0
-3750.0
-3750.0
-3750.0
3750.0
3750.0
3750.0
3750.0
3750.0
3750.0
3750.0
3750.0
3750.0
3750.0
-3750.0
-3750.0
-3750.0
-3750.0
-3750.0
-3750.0
-3750.0
-3750.0
3750.0
3750.0
3750.0
3750.0
3750.0
3750.0
3750.0
3750.0
-3750.0
-3750.0
-3750.0
-3750.0
-3750.0
3750.0
3750.0
3750.0
3750.0
3750.0
3750.0
3750.0
-3750.0
3750.0
3750.0
3750.0
3750.0
3750.0
-3750.0
-3750.0
-3750.0
-3750.0
3750.0
3750.0
3750.0
3750.0
3750.0
-3750.0
-3750.0
-3750.0
3750.0
3750.0
3750.0
3750.0
-3750.0
-3750.0
-3750.0
-3750.0
-3750.0
3750.0
3750.0
3750.0
3750.0
3750.0
3750.0
3750.0
-3750.0
-3750.0
-3750.0
-3750.0
-3750.0
3750.0
3750.0
3750.0
3750.0
3750.0
3750.0
3750.0
3750.0
-3750.0
-3750.0
-3750.0
-3750.0
-3750.0
3750.0
3750.0
3750.0
3750.0
3750.0
3750.0
3750.0
3750.0
3750.0
-3750.0
-3750.0
-3750.0
-3750.0
-3750.0
3750.0
3750.0
3750.0
3750.0
3750.0
3750.0
3750.0
3750.0
3750.0
-3750.0
-3750.0
-3750.0
-3750.0
-3750.0
-3750.0
3750.0
3750.0
3750.0
3750.0
3750.0
3750.0
3750.0
3750.0
3750.0
3750.0
-3750.0
-3750.0
-3750.0
-3750.0
3750.0
3750.0
3750.0
3750.0
3750.0
-3750.0
-3750.0
-3750.0
-3750.0
-3750.0
-3750.0
-3750.0
3750.0
3750.0
3750.0
3750.0
3750.0
3750.0
3750.0
3750.0
3750.0
-3750.0
3750.0
3750.0
3750.0
3750.0
-3750.0
-3750.0
-3750.0
-3750.0
3750.0
3750.0
3750.0
3750.0
3750.0
3750.0
-3750.0
-3750.0
-3750.0
-3750.0
-3750.0
-3750.0
-3750.0
3750.0
3750.0
3750.0
3750.0
3750.0
3750.0
3750.0
-3750.0
3750.0
3750.0
3750.0
3750.0
3750.0
3750.0
-3750.0
-3750.0
-3750.0
-3750.0
-3750.0
3750.0
3750.0
3750.0
3750.0
3750.0
3750.0
3750.0
3750.0
-3750.0
-3750.0
3750.0
3750.0
3750.0
3750.0
3750.0
3750.0
3750.0
-3750.0
-3750.0
-3750.0
-3750.0
-3750.0
-3750.0
3750.0
3750.0
3750.0
3750.0
3750.0
3750.0
3750.0
3750.0
3750.0
3750.0
3750.0
-3750.0
3750.0
3750.0
3750.0
3750.0
3750.0
3750.0
3750.0
3750.0
3750.0
3750.0
3750.0
-3750.0
-3750.0
-3750.0
3750.0
3750.0
3750.0
3750.0
3750.0
3750.0
3750.0
-3750.0
-3750.0
-3750.0
-3750.0
-3750.0
3750.0
3750.0
3750.0
3750.0
3750.0
3750.0
3750.0
-3750.0
-3750.0
-3750.0
-3750.0
-3750.0
3750.0
3750.0
3750.0
3750.0
3750.0
3750.0
3750.0
3750.0
3750.0
3750.0
3750.0
-3750.0
3750.0
-3750.0
-3750.0
-3750.0
-3750.0
-3750.0
-3750.0
3750.0
3750.0
3750.0
3750.0
3750.0
3750.0
3750.0
3750.0
3750.0
3750.0
-3750.0
-3750.0
-3750.0
3750.0
3750.0
3750.0
3750.0
3750.0
3750.0
3750.0
-3750.0
-3750.0
-3750.0
3750.0
3750.0
3750.0
3750.0
3750.0
-3282.085561497327
-3437.6177911797968
-3629.4534954281107
-3600.484500683089
-3750.0
-3750.0
3750.0
3750.0
3750.0
3750.0
3750.0
3750.0
3750.0
3750.0
3750.0
-3750.0
-3750.0
-3750.0
3750.0
3750.0
3750.0
-3527.5175644028113
-3613.5135544347604
-3750.0
-3368.0979739772965
3750.0
3750.0
3750.0
3750.0
3750.0
3750.0
3750.0
3750.0
-3750.0
-3750.0
-3750.0
-3750.0
-3750.0
3750.0
3750.0
3750.0
3750.0
3750.0
3750.0
3750.0
3750.0
-3348.7871568574374
-3635.298395997691
-3610.091895404
-3750.0
-2381.9856237934628
-2058.9982433930245
3750.0
3750.0
3750.0
3750.0
3750.0
3750.0
3750.0
3750.0
-3750.0
-3750.0
-3750.0
-3750.0
-3750.0
-3750.0
3750.0
3750.0
3750.0
3750.0
3750.0
3750.0
3750.0
3750.0
3750.0
3750.0
3750.0
3750.0
3750.0
-3750.0
-3750.0
-3750.0
-3750.0
-3750.0
-3750.0
3750.0
3750.0
3750.0
3750.0
3750.0
3750.0