Demand
3750.0
3750.0
3750.0
3750.0
3750.0
3750.0
3750.0
3750.0
3750.0
3750.0
3750.0
3750.0
3750.0
3750.0
3750.0
3750.0
3750.0
3750.0
3750.0
3750.0
3750.0
3750.0
3750.0
-3750.0
-3750.0
-3750.0
-3750.0
3750.0
3750.0
3750.0
3750.0
3750.0
3750.0
3750.0
3750.0
-3750.0
-3750.0
-3750.0
-3750.0
-3750.0
-3750.0
3750.0
3750.0
3750.0
3750.0
3750.0
3750.0
3750.0
3750.0
3750.0
3750.0
-3750.0
-3184.7534969916987
-2808.203075235214
3750.0
3750.0
3750.0
3750.0
3750.0
3750.0
-3750.0
-3750.0
-3750.0
3750.0
3750.0
3750.0
-2364.369501466277
-1995.9134183581846
3750.0
2704.2661116881136
3750.0
3750.0
3750.0
-3106.0606060606065
-218.79507014553474
-109.28298275666793
2449.945006016682
3750.0
3262.039632428641
3750.0
3750.0
2451.0277018275046
-1590.909090909091
3750.0
3750.0
3750.0
0.0
-1212.1212121212122
-996.2203023758095
-1351.4198458635803
-1976.7957763917912
-277.4355848052055
3750.0
3750.0
-3750.0
3750.0
-3750.0
-3750.0
-3750.0
3750.0
3750.0
3750.0
3750.0
3750.0
3750.0
3750.0
3750.0
-3750.0
-3750.0
-3750.0
3750.0
3750.0
3750.0
3750.0
3750.0
3750.0
-3750.0
-3750.0
-3750.0
-3750.0
3750.0
3750.0
3750.0
3750.0
3750.0
3750.0
-3750.0
-3750.0
-3750.0
-3750.0
3750.0
3750.0
3750.0
3750.0
3750.0
3750.0
3750.0
3750.0
-3750.0
-3750.0
-3750.0
-3750.0
3750.0
3750.0
3750.0
3750.0
3750.0
3750.0
3750.0
-2476.103699628661
-2926.564408149826
-3341.2918883790035
-3629.073624184749
-3750.0
-3750.0
-3750.0
3750.0
3750.0
3750.0
3750.0
3750.0
3750.0
3750.0
-3750.0
-3750.0
-3750.0
-3750.0
-3750.0
3750.0
3750.0
3750.0
3750.0
3750.0
3750.0
3750.0
3750.0
-3750.0
-3750.0
-3750.0
-3750.0
-3750.0
-3750.0
-3750.0
3750.0
3750.0
3750.0
3750.0
3750.0
3750.0
3750.0
3750.0
3750.0
-3750.0
-3750.0
-3750.0
-3750.0
-3750.0
-3750.0
3750.0
3750.0
3750.0
3750.0
3750.0
3750.0
3750.0
3750.0
3750.0
3750.0
-3750.0
3750.0
3750.0
3750.0
3750.0
-1479.445506692161
-537.0122479597512
-668.4364281810049
-1529.7809688602701
-2048.4335490982567
-1935.6473920698236
-1452.2354538949694
3750.0
3750.0
3750.0
3750.0
3750.0
-3750.0
3750.0
3750.0
-3750.0
-3750.0
-3750.0
3750.0
3750.0
3750.0
3750.0
-3750.0
-3750.0
-3750.0
-3750.0
-3750.0
3750.0
3750.0
3750.0
3750.0
3750.0
3750.0
3750.0
3750.0
3750.0
3750.0
3750.0
0.0
0.0
0.0
3750.0
3750.0
3750.0
0.0
0.0
0.0
0.0
0.0
0.0
0.0
0.0
0.0
0.0
0.0
0.0
3750.0
3750.0
3750.0
-606.0606060606061
889.1752577319587
0.0
0.0
0.0
0.0
0.0
-984.848484848485
-1386.9863013698678
3750.0
-2257.2710840898835
-1785.8422178982282
-2052.56327768185
-2547.499768241202
-2871.045598438288
-1728.164453691309
1648.2161837786189
3750.0
-28.237973580155995
1184.7800252551942
2791.240971789887
3301.246546193894
2056.540528236421
3750.0
824.3585042109619
3750.0
-2086.974085822012
-2012.847537521372
-2310.676040792171
-2479.379383291175
-2121.7172420148645
-3109.7607273226868
3750.0
3750.0
3750.0
3750.0
3750.0
3750.0
3750.0
3750.0
-476.89075630252114
-7.4490459492531045
-385.80841667483674
-722.454124685275
-1280.973479005366
-1415.160952314204
-1105.903660744536
-113.68310554670097
1171.8077792156928
2693.059911024109
3750.0
-3750.0
-3750.0
-3750.0
3750.0
3750.0
3750.0
3750.0
3750.0
3750.0
3750.0
3750.0
3750.0
-3750.0
-3750.0
-3750.0
-3750.0
-3750.0
3750.0
3750.0
3750.0
3750.0
3750.0
3750.0
3750.0
3750.0
3750.0
-3750.0
-3750.0
-3750.0
-3750.0
-3750.0
-3750.0
3750.0
3750.0
3750.0
3750.0
3750.0
3750.0
3750.0
-3750.0
-3750.0
-3750.0
-3750.0
-3750.0
3750.0
3750.0
3750.0
3750.0
3750.0
3750.0
3750.0
-3750.0
-3750.0
-3750.0
-3750.0
-3750.0
3750.0
3750.0
3750.0
3750.0
3750.0
-3750.0
-3750.0
-3750.0
-3750.0
-3750.0
-3750.0
3750.0
3750.0
3750.0
3750.0
3750.0
3750.0
-3750.0
-3750.0
-3750.0
-3750.0
-3750.0
3750.0
3750.0
3750.0
3750.0
3750.0
3750.0
3750.0
3750.0
3750.0
3750.0
-3750.0
-3750.0
-3750.0
-3750.0
3750.0
3750.0
3750.0
3750.0
3750.0
3750.0
-3750.0
-3750.0
-3750.0
-3750.0
-3750.0
-3750.0
3750.0
3750.0
3750.0
3750.0
3750.0
3750.0
3750.0
3750.0
3750.0
3750.0
-3750.0
-3750.0
-3750.0
-3750.0
-3750.0
-3750.0
-3750.0
3750.0
3750.0
3750.0
3750.0
3750.0
3750.0
3750.0
-3750.0
-3750.0
-3750.0
-3750.0
-3750.0
-3750.0
3750.0
3750.0
3750.0
3750.0
3750.0
3750.0
3750.0
3750.0
3750.0
3750.0
-3750.0
-3750.0
-3750.0
-3750.0
-3750.0
3750.0
3750.0
3750.0
3750.0
3750.0
3750.0
3750.0
3750.0
3750.0
-3750.0
-3750.0
-3750.0
-3750.0
3750.0
3750.0
3750.0
3750.0
3750.0
-3750.0
-3750.0
-3750.0
-3750.0
-3750.0
3750.0
3750.0
3750.0
3750.0
3750.0
3750.0
3750.0
3750.0
3750.0
-3750.0
-3750.0
-3750.0
3750.0
3750.0
3750.0
3750.0
3750.0
3750.0
3750.0
3750.0
3750.0
3750.0
-3750.0
-3750.0
-3750.0
-3750.0
3750.0
3750.0
3750.0
3750.0
-3750.0
-3750.0
-3750.0
3750.0
3750.0
3750.0
3750.0
3750.0
3750.0
-3750.0
-3750.0
-3750.0
-3750.0
3750.0
3750.0
3750.0
3750.0
3750.0
3750.0
-3750.0
-3750.0
-3750.0
-3750.0
3750.0
3750.0
3750.0
3750.0
3750.0
3750.0
3750.0
3750.0
3750.0
-3750.0
-3750.0
-3750.0
-3750.0
-3750.0
-3750.0
3750.0
3750.0
3750.0
3750.0
3750.0
3750.0
3750.0
3750.0
-3750.0
-3750.0
-3750.0
-3750.0
-3750.0
-3750.0
3750.0
3750.0
3750.0
3750.0
3750.0
3750.0
3750.0
3750.0
3750.0
-3750.0
-3750.0
-3750.0
-3750.0
-3750.0
-3750.0
-3750.0
-3750.0
3750.0
3750.0
3750.0
3750.0
3750.0
3750.0
3750.0
3750.0
3750.0
-3750.0
-3750.0
-3750.0
-3750.0
-3750.0
-3750.0
3750.0
3750.0
3750.0
3750.0
3750.0
3750.0
3750.0
3750.0
3750.0
-3750.0
-3750.0
3750.0
3750.0
3750.0
3750.0
-3750.0
-3750.0
-3750.0
-3750.0
-3750.0
3750.0
3750.0
3750.0
3750.0
3750.0
3750.0
3750.0
-3750.0
-3750.0
-3750.0
-3750.0
-3750.0
-3750.0
3750.0
3750.0
3750.0
3750.0
3750.0
3750.0
3750.0
3750.0
-3573.5630268108016
-3355.2062168601133
-3180.477543435595
-3057.2571515346535
-3190.0118925102224
-3413.6743179801806
3750.0
3750.0
3750.0
3750.0
3750.0
3750.0
3750.0
3750.0
-3750.0
3750.0
3750.0
3750.0
3750.0
-3750.0
-3750.0
3750.0
3750.0
3750.0
3750.0
3750.0
3750.0
-3644.449656807071
-3750.0
-3750.0
-3750.0
-3451.766231822786
-3750.0
3750.0
3750.0
3750.0
3750.0
3750.0
3750.0
3750.0
3750.0
3750.0
3750.0
3750.0
3750.0
3750.0
3750.0
-3267.8873504166413
-3108.5635787904284
-3306.694851708012
-3593.4333782362028
-3349.148877739274
3750.0
3750.0
3750.0
3750.0
3750.0
-3750.0
-3750.0
-3750.0
3750.0
3750.0
3750.0
3750.0
3750.0
-3750.0
-3750.0
-3750.0
-3750.0
3750.0
3750.0
3750.0
3750.0
3750.0
3750.0
3750.0
-3750.0
-3750.0
-3750.0
-3750.0
-3750.0
3750.0
3750.0
3750.0
3750.0
3750.0
3750.0
3750.0
-3750.0
-3750.0
-3750.0
3750.0
3750.0
3750.0