Demand
-3750.0
-3750.0
-3750.0
-3750.0
3750.0
3750.0
3750.0
3750.0
3750.0
3750.0
-3750.0
-3750.0
3750.0
3750.0
3750.0
3750.0
3750.0
-3750.0
-3750.0
-3750.0
-3750.0
-3750.0
-3750.0
3750.0
3750.0
3750.0
3750.0
3750.0
3750.0
3750.0
3750.0
3750.0
3750.0
3750.0
-3750.0
3750.0
3750.0
3750.0
3750.0
3750.0
-3750.0
-3750.0
-3750.0
-3750.0
-3750.0
3750.0
3750.0
3750.0
3750.0
3750.0
3750.0
3750.0
3750.0
3750.0
-3750.0
-3750.0
-3750.0
-3750.0
3750.0
3750.0
3750.0
3750.0
3750.0
3750.0
-2814.551422319476
-1885.6177246935285
-2833.1685938877035
-2909.9039275300256
-2663.645722896843
-2300.350885942713
940.3745682216909
3750.0
3750.0
3750.0
3750.0
3750.0
3750.0
56.474661976476
970.9349799426102
3070.1063230719546
3750.0
3750.0
2147.2859329834364
2700.5775338335643
-265.1515151515152
3750.0
0.0
3750.0
3750.0
2632.7140013271446
3.03882081069969
62.60955416073557
-881.1451778316816
3750.0
3750.0
3750.0
3750.0
3750.0
3750.0
3750.0
-3750.0
-3750.0
-3750.0
-3750.0
3750.0
3750.0
3750.0
3750.0
3750.0
3750.0
-3750.0
-3750.0
-3750.0
-3750.0
-3750.0
-3750.0
3750.0
3750.0
3750.0
3750.0
3750.0
3750.0
3750.0
-3750.0
-3750.0
-3750.0
-3750.0
3750.0
3750.0
3750.0
3750.0
3750.0
3750.0
-3750.0
-3750.0
-3750.0
-3750.0
3750.0
3750.0
3750.0
3750.0
3750.0
3750.0
3750.0
-3750.0
-3433.668076109937
-3145.266808367658
-2596.3490659554645
-1039.5246181760222
-342.1331086385421
-1014.5758118605108
-1257.8247028154808
3750.0
3750.0
3750.0
3750.0
3750.0
3750.0
3750.0
3750.0
-3750.0
-3750.0
3750.0
3750.0
3750.0
-3750.0
3750.0
3750.0
3750.0
-3750.0
-3750.0
-3750.0
-3750.0
-3750.0
-3750.0
3750.0
3750.0
3750.0
3750.0
3750.0
3750.0
3750.0
3750.0
3750.0
3750.0
-3750.0
-3750.0
3750.0
3750.0
3750.0
3750.0
3750.0
3750.0
-3750.0
-3750.0
-3750.0
-3750.0
3750.0
3750.0
3750.0
3750.0
3750.0
3750.0
-3750.0
-3750.0
-3750.0
-3750.0
3750.0
3750.0
3750.0
3750.0
3750.0
3750.0
3750.0
2223.053892215565
1655.5946968119522
107.0533978288845
218.4492398626935
3750.0
3750.0
2199.7555468019536
3750.0
-3750.0
-3750.0
-3750.0
-3750.0
-3750.0
-3750.0
3750.0
3750.0
3750.0
3750.0
3750.0
3750.0
3750.0
3750.0
-3750.0
-3750.0
-3750.0
3750.0
3750.0
3750.0
3750.0
3750.0
3750.0
3750.0
3750.0
3750.0
3750.0
3750.0
0.0
0.0
0.0
0.0
0.0
0.0
0.0
3750.0
0.0
0.0
0.0
0.0
0.0
0.0
0.0
0.0
3750.0
3750.0
3750.0
0.0
0.0
0.0
-606.0606060606061
921.2802768166093
0.0
0.0
0.0
0.0
0.0
-984.848484848485
-634.774907111381
-557.5222032481261
-727.3090298634636
1069.688914747456
930.9248640209771
508.2892506686319
3750.0
3750.0
3750.0
3750.0
1141.936944427939
3750.0
-1694.9775361916911
-1402.6035300072474
-1284.0694338025435
-1232.3727096386563
-414.068133129211
-289.4768973525379
436.35949436967303
2510.5070963686885
1772.1597180344077
3750.0
3750.0
-2794.173816411011
3750.0
3750.0
1565.45438478136
5.855658070044228
3750.0
757.0122835543896
3750.0
-943.3033202025883
-351.7828809713376
147.81964116964627
-243.23697621957263
-579.2856189911893
-1134.736625470003
-1199.196446825538
-644.2870244247699
1336.5644042741624
3670.9615111738685
-1520.1088020928285
3750.0
-3750.0
-3750.0
3750.0
3750.0
-3750.0
3750.0
3750.0
3750.0
3750.0
-3750.0
-3750.0
-3750.0
-3750.0
-3750.0
3750.0
3750.0
3750.0
3750.0
3750.0
3750.0
3750.0
3750.0
3750.0
-3750.0
-3750.0
-3750.0
-3750.0
-3750.0
-3750.0
-3750.0
3750.0
3750.0
3750.0
3750.0
3750.0
3750.0
3750.0
3750.0
3750.0
-3750.0
-3750.0
-3750.0
-3750.0
-3750.0
3750.0
3750.0
3750.0
3750.0
3750.0
3750.0
3750.0
3750.0
3750.0
3750.0
-3750.0
-3750.0
-3750.0
3750.0
3750.0
3750.0
3750.0
3750.0
3750.0
3750.0
3750.0
-3750.0
-3750.0
-3750.0
-3750.0
3750.0
3750.0
3750.0
3750.0
3750.0
3750.0
3750.0
3750.0
-3750.0
-3750.0
-3750.0
3750.0
3750.0
3750.0
3750.0
3750.0
3750.0
-3750.0
-3750.0
-3750.0
-3750.0
-3750.0
3750.0
3750.0
3750.0
3750.0
3750.0
3750.0
3750.0
-3750.0
-3750.0
-3750.0
3750.0
3750.0
3750.0
3750.0
3750.0
3750.0
3750.0
-3750.0
3750.0
3750.0
-3750.0
-3750.0
-3750.0
-3750.0
-3750.0
-3750.0
3750.0
3750.0
3750.0
3750.0
3750.0
3750.0
3750.0
-3750.0
-3750.0
-3750.0
3750.0
3750.0
3750.0
3750.0
-3750.0
-3750.0
-3750.0
-3750.0
-3750.0
-3750.0
-3750.0
3750.0
3750.0
3750.0
3750.0
3750.0
3750.0
3750.0
3750.0
3750.0
-3750.0
-3750.0
-3750.0
-3750.0
-3750.0
-3750.0
3750.0
3750.0
3750.0
3750.0
3750.0
3750.0
3750.0
3750.0
3750.0
-3750.0
-3750.0
-3750.0
-3750.0
-3750.0
-3750.0
-3750.0
-3750.0
3750.0
3750.0
3750.0
3750.0
3750.0
3750.0
3750.0
3750.0
-3750.0
-3750.0
-3750.0
-3750.0
-3750.0
3750.0
3750.0
3750.0
3750.0
3750.0
3750.0
3750.0
3750.0
-3750.0
-3750.0
-3750.0
-3750.0
-3750.0
3750.0
3750.0
3750.0
3750.0
3750.0
3750.0
-3750.0
-3750.0
-3750.0
-3750.0
-3750.0
-3750.0
3750.0
3750.0
3750.0
3750.0
3750.0
3750.0
3750.0
3750.0
3750.0
3750.0
3750.0
-3750.0
-3750.0
-3750.0
-3750.0
-3750.0
3750.0
3750.0
3750.0
3750.0
3750.0
3750.0
-3750.0
-3750.0
-3750.0
3750.0
3750.0
3750.0
3750.0
3750.0
3750.0
3750.0
-3750.0
-3750.0
-3750.0
-3750.0
-3750.0
3750.0
3750.0
3750.0
3750.0
3750.0
3750.0
3750.0
3750.0
3750.0
3750.0
-3750.0
-3750.0
-3750.0
-3750.0
3750.0
3750.0
3750.0
3750.0
3750.0
3750.0
3750.0
3750.0
-3750.0
-3750.0
-3750.0
-3750.0
-3750.0
-3750.0
3750.0
3750.0
3750.0
3750.0
3750.0
3750.0
3750.0
3750.0
3750.0
3750.0
-3750.0
-3750.0
-3750.0
-3750.0
-3750.0
-3750.0
3750.0
3750.0
3750.0
3750.0
3750.0
3750.0
3750.0
3750.0
-3750.0
-3750.0
3750.0
3750.0
3750.0
3750.0
3750.0
-3750.0
-3750.0
-3118.070953436808
-3337.0051837888805
-1428.3348838352385
266.57170432255
-387.3303673040939
3750.0
3750.0
3750.0
3750.0
3750.0
3750.0
3750.0
3750.0
3750.0
3750.0
3750.0
-3750.0
-3750.0
-3750.0
3750.0
3750.0
3750.0
3750.0
3750.0
3750.0
-3500.518739463105
-3653.2680121476033
-3626.419481230807
-3750.0
-3750.0
3750.0
3750.0
3750.0
3750.0
3750.0
-3750.0
-3750.0
-3750.0
-3750.0
-3750.0
-3750.0
3750.0
3750.0
3750.0
3750.0
3750.0
3750.0
3750.0
3750.0
3750.0
3750.0
-3750.0
3750.0
3750.0
3750.0
3750.0
-3750.0
-3750.0
-3750.0
-3750.0
-3750.0
-3750.0
3750.0
3750.0
3750.0
3750.0
3750.0
3750.0
3750.0
-3038.5840623811346
-3297.2814652193774
-3618.541781037762
-3585.511591032695
-3750.0
-1820.659019639768
3750.0
-3750.0
3750.0
3750.0
3750.0
3750.0
3750.0
3750.0
3750.0
3750.0
3750.0
3750.0
3750.0
3750.0
3750.0
3750.0
3750.0
3750.0
3750.0
-3750.0
-3750.0
-3750.0
-3750.0
-3750.0
3750.0
3750.0
3750.0
3750.0
3750.0
3750.0
-3750.0
3750.0
3750.0
3750.0
-3750.0
-3750.0
-3750.0
-3750.0
-3750.0
-3750.0