Demand
-7500.0
7500.0
7500.0
7500.0
7500.0
7500.0
7500.0
7500.0
7500.0
7500.0
7500.0
7500.0
7500.0
7500.0
7500.0
7500.0
-7500.0
7500.0
7500.0
7500.0
-7500.0
-7500.0
-7500.0
7500.0
7500.0
7500.0
-7500.0
-7500.0
-7500.0
-7500.0
-7500.0
7500.0
7500.0
7500.0
7500.0
7500.0
7500.0
-7500.0
-7500.0
-7500.0
-7500.0
7500.0
7500.0
7500.0
7500.0
7500.0
-7500.0
7500.0
7500.0
7500.0
-7500.0
-7500.0
-7019.088799831261
-7158.426236958272
-7500.0
7500.0
7500.0
7500.0
7500.0
7500.0
7500.0
-7500.0
-7500.0
-7500.0
7500.0
7500.0
7500.0
7500.0
-7324.066834026093
-7112.266075202895
-6623.925404244825
-6221.408068817909
-3396.910031698895
-3937.4074890574248
-985.8063862457789
1814.27087117281
7500.0
7500.0
7500.0
7500.0
7500.0
6436.607328808217
1992.7176337411274
7500.0
-4538.961038961039
-3752.9479912284332
-2729.390075755046
-3591.18331502175
-4850.478769447971
-4987.59312670026
-5333.944342651979
-6012.706830293513
-7064.391767761623
-7500.0
7500.0
7500.0
7500.0
7500.0
7500.0
7500.0
7500.0
-6936.250531184694
-7277.839364430618
-7500.0
-7500.0
-7500.0
7500.0
7500.0
7500.0
7500.0
7500.0
7500.0
-7500.0
-7500.0
-7500.0
-7500.0
-7500.0
-7500.0
-7500.0
7500.0
7500.0
7500.0
7500.0
7500.0
7500.0
7500.0
7500.0
7500.0
-7500.0
-7500.0
-7500.0
7500.0
7500.0
7500.0
7500.0
-7500.0
-7500.0
7500.0
7500.0
7500.0
7500.0
-7500.0
-7500.0
-7500.0
-7500.0
-4318.181818181825
7500.0
7500.0
7500.0
7500.0
7500.0
4166.666666666745
7500.0
-7333.382052031571
-7500.0
-7500.0
-7500.0
-7500.0
-7500.0
-7500.0
-7500.0
7500.0
7500.0
7500.0
7500.0
7500.0
7500.0
7500.0
7500.0
7500.0
-7500.0
-7500.0
-7110.584535085451
-7500.0
-7500.0
-7500.0
-7500.0
7500.0
7500.0
7500.0
7500.0
7500.0
7500.0
7500.0
7500.0
-7500.0
-7500.0
-7500.0
-7500.0
7500.0
7500.0
7500.0
7500.0
7500.0
-7342.529836452042
-7329.67274533186
-7500.0
-7500.0
-7500.0
-7500.0
-7500.0
-7500.0
7500.0
7500.0
7500.0
7500.0
7500.0
7500.0
7500.0
7500.0
-6758.25310497914
-5721.570775235428
-5487.830955873424
-2392.6447497098084
7500.0
3882.466672472563
7500.0
-3629.966556763422
7500.0
7500.0
-7500.0
-6876.942329356807
-7012.49620534114
-7190.946498932359
-7500.0
-7500.0
7500.0
7500.0
7500.0
7500.0
7500.0
7500.0
7500.0
7500.0
-7500.0
-7500.0
-7500.0
-7500.0
-7500.0
7500.0
7500.0
7500.0
7500.0
7500.0
-3180.1359832729013
-3632.6138422449676
-2347.059651794818
-1244.812867898876
443.0395199636491
1803.8440470519627
4359.7275968815175
7500.0
6760.052409257618
4405.164103130627
-2196.969696969697
7500.0
5423.774562729441
-1287.878787878788
5304.878048780482
-2348.4848484848485
3448.3793517406975
4350.162960946756
-1363.6363636363637
2334.5153664302584
-2424.2424242424245
2490.5392620624407
-2803.030303030303
1668.6182669789227
2074.97212091986
-2954.545454545455
2229.729729729725
1306.58092533823
-3484.8484848484854
2001.9920318725067
4101.429049905102
-1060.6060606060607
7500.0
4228.395061728392
1939.1440643314677
252.39851228077168
-2016.0899659928095
-1988.7370494619572
-2184.826252258163
-152.432889481659
1669.6140358811626
3275.316195493227
7500.0
-5454.545454545455
-1930.4172274562611
-467.239645031309
-1363.4928631441549
-2365.1662584902956
-2048.3324140565
-534.9149299381961
316.415684493099
438.2414059403827
7500.0
2546.285285510618
7500.0
-5757.575757575758
-3811.764705882353
-4516.994133536486
-4322.823923568243
-5081.590458612545
-6377.106913554107
-4030.9407313379056
-1063.8177665931362
-235.20182202989236
4931.875050001901
5560.391932856244
4251.452239077917
4109.52682314386
7500.0
5501.9447535827385
2570.1954719733762
7500.0
-5833.333333333333
-2900.358646499299
-3483.3972792690092
-2955.5528632217247
-2907.6902567587567
-2388.9298077883154
7500.0
7500.0
7500.0
7500.0
7500.0
-7500.0
-7500.0
-7500.0
7500.0
7500.0
7500.0
7500.0
-7500.0
7500.0
7500.0
7500.0
-7500.0
-7500.0
-6936.758893280634
-7500.0
7500.0
7500.0
7500.0
7500.0
7500.0
-7500.0
7500.0
7500.0
-7500.0
-7500.0
-7500.0
-7500.0
-7500.0
-7500.0
-7500.0
7500.0
7500.0
7500.0
7500.0
7500.0
7500.0
7500.0
7500.0
-7335.8105772554445
-7500.0
-7500.0
-7500.0
-7500.0
7500.0
7500.0
7500.0
7500.0
7500.0
7500.0
-7500.0
-7500.0
-7500.0
-7500.0
-7500.0
-7500.0
7500.0
7500.0
7500.0
7500.0
7500.0
7500.0
-7500.0
-7500.0
-7500.0
-7500.0
-7500.0
-7500.0
-7500.0
7500.0
7500.0
7500.0
7500.0
7500.0
7500.0
7500.0
7500.0
7500.0
-7500.0
-7500.0
-7500.0
-7500.0
-7500.0
7500.0
7500.0
7500.0
7500.0
7500.0
7500.0
7500.0
7500.0
-7500.0
-7500.0
-7500.0
-7500.0
-7500.0
-7500.0
-7500.0
-7500.0
7500.0
7500.0
7500.0
7500.0
7500.0
7500.0
7500.0
7500.0
7500.0
-7500.0
-7500.0
-7500.0
-7500.0
-7500.0
-7500.0
-7500.0
7500.0
7500.0
7500.0
7500.0
7500.0
7500.0
7500.0
7500.0
-7500.0
-7500.0
-7500.0
-7500.0
-7500.0
-7500.0
-7500.0
7500.0
7500.0
7500.0
7500.0
7500.0
7500.0
7500.0
7500.0
-7500.0
-7500.0
-7500.0
7500.0
7500.0
7500.0
7500.0
-7500.0
-7500.0
-7500.0
-7500.0
-7500.0
7500.0
7500.0
7500.0
7500.0
7500.0
7500.0
7500.0
-7500.0
-7500.0
-7500.0
-7500.0
-7500.0
-6636.3636363636415
7500.0
7500.0
7500.0
7500.0
7500.0
7500.0
7500.0
7500.0
7500.0
-7500.0
-7500.0
-7500.0
-7500.0
-7500.0
-7500.0
-7500.0
7500.0
7500.0
7500.0
7500.0
7500.0
7500.0
7500.0
7500.0
7500.0
-7500.0
-7500.0
-7500.0
-7500.0
-7500.0
7500.0
7500.0
7500.0
7500.0
7500.0
7500.0
7500.0
-7500.0
-7500.0
-7500.0
-7500.0
-7500.0
-7500.0
-6677.48917748918
7500.0
7500.0
7500.0
7500.0
7500.0
7500.0
7500.0
7500.0
-7500.0
-7500.0
-7500.0
-7500.0
-7500.0
-7500.0
7500.0
7500.0
7500.0
7500.0
7500.0
7500.0
7500.0
-7500.0
-7500.0
-7297.585227272726
-7500.0
-7500.0
-7500.0
7500.0
7500.0
7500.0
7500.0
7500.0
7500.0
7500.0
-7500.0
-7500.0
-7500.0
7500.0
7500.0
7500.0
7500.0
-7500.0
7500.0
7500.0
7500.0
-7500.0
-7500.0
-7500.0
-7500.0
-7500.0
-7500.0
-7500.0
7500.0
7500.0
7500.0
7500.0
7500.0
7500.0
7500.0
-7500.0
-7500.0
-7500.0
-7500.0
-7500.0
7500.0
7500.0
7500.0
7500.0
7500.0
7500.0
7500.0
-7500.0
-7500.0
-7500.0
-7500.0
-7500.0
7500.0
7500.0
7500.0
7500.0
7500.0
7500.0
7500.0
-7500.0
-7500.0
-7500.0
-7500.0
7500.0
7500.0
7500.0
7500.0
7500.0
7500.0
7500.0
-7500.0
-7145.6011013900625
-7106.768949682955
-7274.711060876356
-6680.392732346549
-7140.086328962116
-7500.0
-7500.0
7500.0
7500.0
7500.0
7500.0
7500.0
7500.0
7500.0
7500.0
-6574.841914917359
-6454.954463807759
7500.0
7500.0
7500.0
7500.0
-7314.832945366983
-7290.099044009543
-6752.624874049328
-5602.000010195754
-6155.543433326857
-6508.131503152847
7500.0
7500.0
7500.0
7500.0
7500.0
7500.0
7500.0
7500.0
-7500.0
-7500.0
-7500.0
-7500.0
-7500.0
7500.0
7500.0
7500.0
7500.0
7500.0
7500.0
7500.0
-6385.516368105473
-6817.029699537043
-6563.343817544179
-6868.643157198461
-7252.1162847428295
-7181.46560153501
-7500.0
-7500.0
7500.0
7500.0
7500.0
7500.0
7500.0
7500.0
7500.0
7500.0
-7500.0
-7500.0
7500.0
7500.0
7500.0
-7500.0
-6766.449817402188
-6471.434211476231
-6305.355251636944
-5434.4987336293
-3901.2347101028354
-3010.889994399273
5523.054528790881
7500.0
-767.524875258991
7500.0
7500.0
7500.0
7500.0
7500.0
-7500.0
-7500.0
-7500.0
-7500.0
7500.0
7500.0
7500.0
7500.0
7500.0
-7500.0
-7500.0
-7500.0
-7500.0
-7500.0
-7500.0
-7500.0
7500.0
7500.0
7500.0
7500.0
7500.0
7500.0
7500.0
-7500.0
-7500.0
-7500.0
-7500.0
-7500.0
7500.0
7500.0
7500.0
7500.0
7500.0