Demand
7500.0
7500.0
7500.0
7500.0
7500.0
7500.0
7500.0
7500.0
7500.0
7500.0
7500.0
7500.0
7500.0
7500.0
7500.0
7500.0
-7500.0
-7500.0
-7500.0
-7500.0
-7500.0
-7500.0
7500.0
7500.0
7500.0
7500.0
7500.0
7500.0
7500.0
7500.0
-7500.0
-7500.0
-7500.0
-7500.0
7500.0
7500.0
7500.0
7500.0
7500.0
7500.0
-7500.0
-7500.0
-7500.0
-7500.0
-7500.0
7500.0
7500.0
7500.0
7500.0
7500.0
7500.0
-7500.0
-7080.759046778467
-7241.929528431272
-7500.0
-7500.0
7500.0
7500.0
7500.0
7500.0
7500.0
7500.0
7500.0
7500.0
7500.0
-7000.253282936525
-7500.0
-7500.0
-7264.175930857147
-6919.416552418965
-5912.939605623747
-4141.90203940454
7500.0
7500.0
7500.0
6760.502110957586
7500.0
7500.0
2081.5613550938074
7500.0
7500.0
-4078.044596912523
-4228.090431673434
-3935.0581316486205
-3068.380004364597
-1425.1326397646662
898.0986073514978
-226.4068089976863
-1867.1301145992406
364.721110533128
7500.0
-545.3193389286089
7500.0
7500.0
7500.0
7500.0
-7500.0
-7500.0
-7500.0
-6359.885988598864
-5533.862210598698
-5398.002702587684
7500.0
-7500.0
7500.0
7500.0
7500.0
7500.0
7500.0
7500.0
-7500.0
-7500.0
-7500.0
7500.0
7500.0
7500.0
7500.0
7500.0
-7500.0
-7500.0
-7500.0
-7500.0
7500.0
7500.0
7500.0
7500.0
-7326.7477203647395
-7500.0
-7500.0
-7500.0
-7500.0
7500.0
7500.0
7500.0
7500.0
7500.0
7500.0
7500.0
-7500.0
-7500.0
7500.0
7500.0
-7500.0
7500.0
7500.0
7500.0
-6264.705882352942
-5309.654698505412
-4727.064590639202
-4094.305011748109
-3607.8873113791124
-2384.3808801491723
7500.0
7500.0
7500.0
7500.0
7500.0
7500.0
-7500.0
-7500.0
-7500.0
-7500.0
-7500.0
-7500.0
-7500.0
7500.0
7500.0
7500.0
7500.0
7500.0
7500.0
7500.0
7500.0
-7500.0
-7500.0
-7500.0
-7500.0
-7500.0
-7500.0
-7500.0
7500.0
7500.0
7500.0
7500.0
7500.0
7500.0
7500.0
7500.0
-7500.0
-7500.0
7500.0
7500.0
7500.0
-7500.0
-7285.067873303167
-7238.001020791451
-7500.0
-7500.0
7500.0
7500.0
7500.0
7500.0
7500.0
7500.0
7500.0
7500.0
-7500.0
-7500.0
7500.0
7500.0
7500.0
7500.0
7500.0
7500.0
-4896.071265417999
-5111.985636003827
-5755.605354391364
-6694.3402558433245
7500.0
7500.0
7500.0
7500.0
7500.0
-7295.1850521020515
-7500.0
-7500.0
7500.0
7500.0
7500.0
7500.0
7500.0
7500.0
-7500.0
7500.0
-7500.0
-7500.0
-7500.0
-7500.0
7500.0
7500.0
7500.0
7500.0
7500.0
7500.0
7500.0
-3717.6509621765094
-2319.646859437171
-942.3286420177669
1363.252370579171
3449.559301620394
6293.1829628423275
6711.367680800937
2253.5682320783603
-2575.757575757576
5959.061637534496
4137.379146175802
4410.299742789981
5573.86026078438
-2196.969696969697
3331.858407079646
-2196.969696969697
5252.043596730246
-1363.6363636363637
3166.6666666666583
-2424.2424242424245
7500.0
3517.5832398054604
2392.142022170851
2774.6304223319603
2020.3732923617786
1661.7400510232965
-3181.818181818182
1483.0508474576245
1186.1111111111045
3324.4951065388072
-1060.6060606060607
7500.0
2550.377833753147
-3257.575757575758
-111.35371179039521
-2287.129793216817
-2419.92056513388
-2853.1187752732935
-1756.9185852503124
-1306.42448516667
-1563.0311115781064
-1544.901633041165
2014.018212960856
7500.0
4762.40340427557
762.6119862286259
7500.0
-3053.555355535555
-2085.4853864244155
-1718.1793790092956
-2009.3229376504546
1087.5203053248215
4182.567598212725
4457.947390900124
7500.0
-5833.333333333333
-3509.471841861426
-2621.424572054788
-2850.4930435429487
-3579.70986791148
7500.0
7500.0
7500.0
7500.0
7500.0
-2702.020202020202
-2481.071079161173
-18.395615122602976
2420.326762464926
2727.8136756926015
5340.194656396887
6915.730838773032
-5757.575757575758
-4114.357996626826
-3885.7170973402995
-4203.980113894317
-4726.964982542922
-3683.104151732494
7500.0
7500.0
7500.0
7500.0
7500.0
-7500.0
-7500.0
-7500.0
-7500.0
-7500.0
-7500.0
-7500.0
7500.0
7500.0
7500.0
7500.0
7500.0
7500.0
7500.0
7500.0
-7279.809425701775
-7500.0
7500.0
7500.0
-7500.0
-7500.0
-7500.0
-7500.0
-7500.0
-7500.0
-7500.0
7500.0
7500.0
7500.0
7500.0
7500.0
7500.0
7500.0
7500.0
-7500.0
-7500.0
-6873.550038784242
-6881.406925451696
7500.0
7500.0
7500.0
7500.0
7500.0
7500.0
-7500.0
-7500.0
-7500.0
-7500.0
-7500.0
-7500.0
-7500.0
7500.0
7500.0
7500.0
7500.0
7500.0
7500.0
7500.0
7500.0
7500.0
-7500.0
-7500.0
-7500.0
-7500.0
-7500.0
7500.0
7500.0
7500.0
7500.0
7500.0
7500.0
-7500.0
7500.0
7500.0
7500.0
7500.0
-7500.0
-7500.0
-7500.0
-7500.0
-7500.0
-7500.0
-7500.0
7500.0
7500.0
7500.0
7500.0
7500.0
7500.0
7500.0
7500.0
7500.0
-7500.0
-7500.0
-7500.0
7500.0
7500.0
7500.0
7500.0
7500.0
7500.0
-7500.0
-7500.0
-7500.0
-7500.0
-7500.0
-7500.0
-7500.0
-7500.0
7500.0
7500.0
7500.0
7500.0
7500.0
7500.0
7500.0
7500.0
7500.0
-7500.0
-7500.0
-7500.0
-7500.0
-7500.0
-7500.0
-7500.0
7500.0
7500.0
7500.0
7500.0
7500.0
7500.0
7500.0
-6936.758893280632
-7265.93465452598
-7500.0
-7500.0
7500.0
7500.0
7500.0
7500.0
7500.0
-7500.0
-7500.0
-7500.0
7500.0
7500.0
7500.0
7500.0
7500.0
7500.0
-7500.0
-7500.0
-7500.0
-7500.0
-7500.0
7500.0
7500.0
7500.0
7500.0
7500.0
7500.0
-7500.0
-7500.0
-7500.0
7500.0
7500.0
7500.0
7500.0
7500.0
-7500.0
-7500.0
-7500.0
7500.0
7500.0
7500.0
7500.0
7500.0
-7500.0
-7500.0
-7500.0
-7500.0
7500.0
7500.0
7500.0
7500.0
7500.0
7500.0
-7500.0
-7500.0
-7500.0
-7500.0
-7500.0
-7500.0
7500.0
7500.0
7500.0
7500.0
7500.0
7500.0
7500.0
7500.0
-7500.0
-7500.0
-7500.0
-6612.702366127029
7500.0
7500.0
7500.0
7500.0
7500.0
-7500.0
7500.0
-7500.0
-7500.0
-7500.0
-7500.0
-7500.0
-7500.0
7500.0
7500.0
7500.0
7500.0
7500.0
7500.0
7500.0
7500.0
-7500.0
-7500.0
-6876.261667299586
7500.0
7500.0
7500.0
7500.0
7500.0
7500.0
-7500.0
-7500.0
-7500.0
-7500.0
-7500.0
7500.0
7500.0
7500.0
7500.0
7500.0
7500.0
-7500.0
-7500.0
-7500.0
-7500.0
-7500.0
-7500.0
7500.0
7500.0
7500.0
7500.0
7500.0
7500.0
7500.0
7500.0
-7500.0
-7500.0
7500.0
7500.0
7500.0
7500.0
-7500.0
-7500.0
-7500.0
-7500.0
7500.0
7500.0
7500.0
7500.0
7500.0
7500.0
-7500.0
-7500.0
-7500.0
-7500.0
-7500.0
-7500.0
7500.0
7500.0
7500.0
7500.0
7500.0
7500.0
7500.0
7500.0
-7500.0
-7500.0
-7500.0
-7500.0
-7500.0
-7500.0
-7500.0
7500.0
7500.0
7500.0
7500.0
7500.0
7500.0
7500.0
7500.0
7500.0
-7500.0
-7500.0
7500.0
7500.0
-7500.0
-7500.0
-7500.0
-7500.0
-7500.0
-5228.748524203071
4154.6619311583945
7500.0
7500.0
7500.0
7500.0
7500.0
7500.0
7500.0
7500.0
-6985.24984948826
-7309.577890651648
-7500.0
-7228.153489228547
-7500.0
-7500.0
7500.0
7500.0
7500.0
7500.0
7500.0
7500.0
7500.0
7500.0
-7500.0
7500.0
7500.0
-7500.0
-7500.0
-7500.0
-7500.0
-5915.346121768143
-2811.3141099356053
-164.99900098703984
7500.0
7500.0
7500.0
7500.0
7500.0
7500.0
7500.0
7500.0
-7500.0
-7500.0
7500.0
7500.0
7500.0
-7500.0
-7500.0
-7500.0
-7500.0
-7500.0
7500.0
7500.0
7500.0
7500.0
7500.0
7500.0
-5909.400967381869
-6093.190519690503
-6037.484974528945
-5825.934670405655
-6192.862621152224
7500.0
7500.0
7500.0
7500.0
7500.0
7500.0
-7500.0
-7500.0
-7500.0
-7500.0
-7500.0
-7500.0
-7500.0
-7500.0
7500.0
7500.0
7500.0
7500.0
7500.0
7500.0
7500.0
7500.0
7500.0
7500.0
-7500.0
-7500.0
-7500.0
-7500.0
-7500.0
-7500.0
7500.0
7500.0
7500.0
7500.0
7500.0
7500.0
7500.0
-7500.0