Demand
7500.0
7500.0
7500.0
7500.0
7500.0
7500.0
7500.0
7500.0
7500.0
7500.0
7500.0
7500.0
-7500.0
7500.0
7500.0
7500.0
7500.0
7500.0
7500.0
7500.0
7500.0
7500.0
7500.0
7500.0
7500.0
7500.0
-7500.0
-7500.0
-7500.0
-7500.0
-7500.0
-7500.0
-7500.0
7500.0
7500.0
7500.0
7500.0
7500.0
7500.0
7500.0
-7500.0
-7500.0
-7500.0
-7500.0
-7500.0
-7500.0
-7500.0
7500.0
7500.0
7500.0
7500.0
7500.0
7500.0
7500.0
7500.0
-7500.0
-7500.0
-7500.0
7500.0
7500.0
7500.0
7500.0
-7500.0
7500.0
7500.0
7500.0
7500.0
7500.0
-7328.416616496088
-7123.51445869073
-6654.517644612206
-6276.693011074933
-3627.1683969274
-4182.881200276097
-1624.9931781299638
662.2933582600081
7500.0
7500.0
7500.0
7500.0
7500.0
6052.704438686187
3609.308009217573
7500.0
-3577.5081492213
-1948.786960658524
620.752693722186
16.74190252169683
-542.3829685812443
7500.0
7500.0
-2352.979098221423
7500.0
-7500.0
-7500.0
-7500.0
-7500.0
-7500.0
-7500.0
7500.0
7500.0
7500.0
7500.0
7500.0
7500.0
-7500.0
-7500.0
-7500.0
-7500.0
-7500.0
7500.0
7500.0
7500.0
7500.0
7500.0
7500.0
7500.0
-7500.0
-7500.0
-7500.0
-7500.0
-7500.0
-7500.0
-7500.0
7500.0
7500.0
7500.0
7500.0
7500.0
7500.0
7500.0
7500.0
7500.0
-7500.0
-7500.0
-7500.0
-7500.0
7500.0
7500.0
7500.0
7500.0
-7500.0
-7500.0
-7500.0
-7500.0
-6221.590909090914
-5291.059048529767
-2839.417782576223
-53.5286089690826
4719.323808975718
5440.404727115456
4176.495493533613
7500.0
-1550.1485502619403
7500.0
7500.0
7500.0
7500.0
-7500.0
7500.0
7500.0
7500.0
7500.0
-7500.0
-7500.0
-7500.0
-7500.0
-7500.0
-7500.0
-7500.0
-7500.0
7500.0
7500.0
7500.0
7500.0
7500.0
7500.0
7500.0
7500.0
7500.0
-7500.0
-7500.0
-7500.0
7500.0
7500.0
7500.0
7500.0
7500.0
7500.0
-7500.0
-7500.0
-7500.0
-7500.0
-7500.0
7500.0
7500.0
7500.0
7500.0
7500.0
7500.0
-7500.0
-7500.0
-7500.0
-7500.0
-7500.0
-7500.0
-7500.0
7500.0
7500.0
7500.0
7500.0
7500.0
7500.0
7500.0
7500.0
-5574.866310160429
-6298.850872198354
-7122.747066383741
-7500.0
-7500.0
-7500.0
-5347.490799819789
7500.0
7500.0
7500.0
7500.0
7500.0
7500.0
7500.0
7500.0
-7500.0
-7500.0
7500.0
7500.0
-7500.0
-7500.0
-7500.0
-7500.0
7500.0
7500.0
7500.0
7500.0
7500.0
7500.0
-2693.2536893886177
-3147.702757485163
-1595.5803103691542
-221.84074466497987
1819.0078477501975
3224.3961886577654
5555.20086171551
7500.0
7088.592247579713
4374.13240181095
-2196.969696969697
7500.0
7500.0
-1287.878787878788
7500.0
7500.0
7500.0
6141.623564477954
5016.3568502095695
-2651.515151515152
3635.7340720221546
-2651.515151515152
3911.042944785263
-3106.0606060606065
7500.0
1621.3899260839735
-2954.545454545455
1429.503916449085
681.5417084985206
621.6444396483303
2989.0202051796496
-1060.6060606060607
1932.9896907216466
-2500.0000000000005
1590.90909090909
-156.2499999999991
-2251.4910536779335
-1469.568422706459
3806.6857828221036
7500.0
-1125.5411255411273
-1464.512669473212
-1609.1135142023572
1260.5474167658713
5807.420623136348
6735.199999128907
1266.5199588066116
4387.353515603933
7500.0
-2942.5982428408647
-2955.580192868232
-3619.8424064305036
-2683.8222424293876
-2406.665144033243
-2660.6693628793996
-2408.03048572007
-1988.4912289185395
-2454.0580592596893
-619.143665240872
313.6294152939399
7261.413645656752
7500.0
7500.0
7500.0
-5530.303030303031
-2500.649688149688
-2653.0228486334727
-2774.617013780229
-1304.5823110696415
-401.02727407131897
-923.165319295093
-1335.6758544936984
-270.56415551777536
1696.4168728349468
1209.9125626381524
4882.749403373835
3900.489230439034
7500.0
-324.5369768298542
7500.0
7500.0
-7500.0
-7500.0
-7500.0
-7500.0
-7500.0
-7500.0
-7500.0
-7500.0
7500.0
7500.0
7500.0
7500.0
7500.0
7500.0
7500.0
7500.0
7500.0
-7500.0
-7282.505008108366
-7500.0
-7500.0
7500.0
7500.0
7500.0
7500.0
7500.0
7500.0
-7500.0
-7500.0
-7500.0
-7500.0
7500.0
7500.0
7500.0
7500.0
7500.0
-7500.0
-7500.0
-7500.0
-4588.866189989802
7500.0
7500.0
7500.0
7500.0
7500.0
-7500.0
-7500.0
7500.0
7500.0
7500.0
-7500.0
-7500.0
-7500.0
-7500.0
-7500.0
-7500.0
-7500.0
7500.0
7500.0
7500.0
7500.0
7500.0
7500.0
7500.0
7500.0
7500.0
-7500.0
-7500.0
-7500.0
7500.0
7500.0
7500.0
7500.0
-7500.0
7500.0
7500.0
7500.0
-7500.0
-7500.0
7500.0
7500.0
7500.0
-7500.0
-7500.0
-7500.0
-7500.0
-7500.0
-7500.0
-7500.0
-7500.0
7500.0
7500.0
7500.0
7500.0
7500.0
7500.0
7500.0
7500.0
7500.0
-7500.0
-7500.0
7500.0
7500.0
-7500.0
-7500.0
7500.0
7500.0
7500.0
-7500.0
-7500.0
-7500.0
-7500.0
-7500.0
7500.0
7500.0
7500.0
7500.0
7500.0
7500.0
7500.0
-7500.0
-7500.0
7500.0
7500.0
7500.0
-7500.0
-7500.0
-7500.0
-7500.0
-7500.0
7500.0
7500.0
7500.0
7500.0
7500.0
7500.0
-7346.084608460846
-7500.0
-7500.0
-7500.0
-7500.0
-7500.0
7500.0
7500.0
7500.0
7500.0
7500.0
7500.0
7500.0
-7500.0
-7500.0
-7500.0
-7500.0
-7500.0
7500.0
7500.0
7500.0
7500.0
7500.0
7500.0
-7500.0
-7500.0
-7500.0
-6904.3887147335445
7500.0
7500.0
7500.0
7500.0
7500.0
7500.0
-7500.0
-7500.0
-7500.0
7500.0
7500.0
7500.0
-7500.0
-7500.0
-7500.0
-7500.0
-7500.0
-7500.0
7500.0
7500.0
7500.0
7500.0
7500.0
7500.0
-7500.0
-7500.0
-7500.0
-7500.0
-7500.0
-7500.0
-7500.0
7500.0
7500.0
7500.0
7500.0
7500.0
7500.0
7500.0
7500.0
7500.0
7500.0
-7500.0
-7500.0
-7184.584980237156
-7500.0
7500.0
7500.0
7500.0
7500.0
7500.0
7500.0
7500.0
7500.0
-7500.0
-7500.0
-7500.0
7500.0
7500.0
7500.0
7500.0
-7500.0
-7500.0
-7500.0
-7500.0
-7500.0
7500.0
7500.0
7500.0
7500.0
7500.0
7500.0
7500.0
-7500.0
-7500.0
-7500.0
-7500.0
7500.0
7500.0
7500.0
7500.0
7500.0
7500.0
-7500.0
-7500.0
-7500.0
-7500.0
-7500.0
7500.0
7500.0
7500.0
7500.0
7500.0
7500.0
7500.0
-7500.0
-7500.0
-7500.0
7500.0
7500.0
7500.0
7500.0
-7500.0
-7500.0
-7500.0
-7500.0
-7500.0
-7500.0
7500.0
7500.0
7500.0
7500.0
7500.0
7500.0
7500.0
-7500.0
-7500.0
-7500.0
-7500.0
-7500.0
-7500.0
7500.0
7500.0
7500.0
7500.0
7500.0
7500.0
7500.0
-7500.0
-7500.0
-7500.0
-7500.0
-7500.0
-7500.0
-7500.0
7500.0
7500.0
7500.0
7500.0
7500.0
7500.0
7500.0
7500.0
-6954.306115122263
-7300.642235364741
-7500.0
-7500.0
-7500.0
-7500.0
-7500.0
7500.0
7500.0
7500.0
7500.0
7500.0
7500.0
7500.0
7500.0
7500.0
7500.0
-7500.0
-7248.803827751193
-7096.983266556683
-155.60576754492376
7500.0
7500.0
7500.0
7500.0
7500.0
-7500.0
-7500.0
-7500.0
-7500.0
7500.0
7500.0
7500.0
7500.0
7500.0
7500.0
-7500.0
-7500.0
-7500.0
-7500.0
-7500.0
7500.0
7500.0
7500.0
7500.0
7500.0
-6597.969518430153
-6896.514225396286
-7265.880254182097
-7205.800399355407
-7500.0
-7500.0
7500.0
7500.0
7500.0
7500.0
7500.0
7500.0
7500.0
7500.0
7500.0
7500.0
-7500.0
-7500.0
-7500.0
7500.0
7500.0
7500.0
-6482.869379014992
-5824.106307853293
-4803.913424133212
-4585.777302613415
-2605.2475308068133
7500.0
7500.0
7500.0
7500.0
7500.0
7500.0
7500.0
-7500.0
-7500.0
7500.0
7500.0
7500.0
-7500.0
-7500.0
-7500.0
-7500.0
-7500.0
-7500.0
7500.0
7500.0
7500.0
7500.0
7500.0
7500.0
7500.0
7500.0
-7500.0
-7500.0
-7500.0
7500.0
7500.0
7500.0
7500.0
7500.0
-7500.0
-7500.0
-7500.0
7500.0
7500.0
7500.0