Demand
-7500.0
-7500.0
-7500.0
-7500.0
-7500.0
-7500.0
-7500.0
7500.0
7500.0
7500.0
7500.0
7500.0
7500.0
7500.0
7500.0
-7500.0
-7500.0
-7500.0
-7500.0
-7500.0
7500.0
7500.0
7500.0
7500.0
7500.0
7500.0
-7500.0
-7500.0
-7500.0
-7500.0
7500.0
7500.0
7500.0
7500.0
7500.0
-7500.0
-7500.0
-7500.0
7500.0
7500.0
7500.0
7500.0
7500.0
-7500.0
-7500.0
-7500.0
-7500.0
-7500.0
-7500.0
7500.0
7500.0
7500.0
7500.0
7500.0
7500.0
7500.0
-7500.0
-7500.0
-7500.0
-7500.0
-7500.0
-7500.0
7500.0
7500.0
7500.0
7500.0
7500.0
7500.0
7500.0
-7185.696430540751
-6821.423589870481
-6570.404119439019
-4788.885023349418
-5381.296206202878
-4391.877641436091
-4250.418903571694
-369.83666456706396
4379.1746574882345
7151.601532586366
7500.0
7258.392404213491
5469.48034027989
5536.430320179572
7500.0
-6060.606060606061
-3567.357512953369
-2371.2367873923304
-3186.967070981722
-4431.745528121395
-4269.591489295655
-4048.564234153244
-2940.3909567169308
7500.0
7500.0
7500.0
7500.0
7500.0
-7500.0
-7500.0
-6571.358748778104
-6033.766789352179
-6222.124594760828
-6456.112601702856
7500.0
7500.0
7500.0
7500.0
7500.0
7500.0
7500.0
-7500.0
7500.0
-7500.0
-7500.0
-7500.0
-7500.0
7500.0
7500.0
7500.0
7500.0
7500.0
-7500.0
-7500.0
-7500.0
-7500.0
-7180.8510638297885
-7035.909420051348
-7500.0
7500.0
7500.0
7500.0
7500.0
7500.0
7500.0
7500.0
7500.0
7500.0
-7500.0
-7500.0
-7500.0
-7500.0
-7500.0
-7500.0
7500.0
7500.0
7500.0
7500.0
7500.0
7500.0
7500.0
7500.0
-6156.565656565661
-6359.98099968333
-5867.853700392203
7500.0
7500.0
7500.0
-7500.0
-7500.0
-7500.0
7500.0
7500.0
7500.0
7500.0
-7500.0
-7500.0
-7500.0
7500.0
7500.0
7500.0
7500.0
7500.0
-7164.824179701283
-7500.0
-7500.0
-7500.0
-7500.0
-7500.0
-7500.0
7500.0
7500.0
7500.0
7500.0
7500.0
7500.0
7500.0
7500.0
7500.0
-7500.0
-7500.0
-7500.0
-7500.0
7500.0
7500.0
7500.0
7500.0
7500.0
7500.0
7500.0
-7500.0
-7500.0
-7500.0
-7500.0
-7500.0
-7500.0
7500.0
7500.0
7500.0
7500.0
7500.0
7500.0
7500.0
7500.0
-4678.21782178218
-661.9227860680767
7500.0
1294.4983186756872
7500.0
7500.0
-7500.0
-7500.0
-6739.033693579149
-6703.512064578945
-5552.239680405724
7500.0
7500.0
7500.0
7500.0
7500.0
-7500.0
-7500.0
-7500.0
-7500.0
-7500.0
-7500.0
-7500.0
7500.0
7500.0
7500.0
7500.0
7500.0
7500.0
7500.0
7500.0
-3663.1706729816033
-4155.893409493361
-3232.797987220644
-2572.9300663071594
-1603.5926828590777
-942.0383440491551
561.0898482243874
3898.1371945720584
5987.854815794886
6547.5130675616565
5057.416959272298
-2575.757575757576
5304.878048780482
-1287.878787878788
7500.0
7500.0
-2196.969696969697
7500.0
7500.0
-2651.515151515152
3952.0668019929835
3030.074180688108
2383.9971750296695
1492.4792273343533
1923.8094351213472
-2954.545454545455
2133.027522935777
1296.9605437039831
-3484.8484848484854
1585.714285714283
3918.3197444733914
-1060.6060606060607
3264.705882352921
-2500.0000000000005
2144.1520075198064
408.04743041641905
-1907.5358797283966
-1868.2361586393963
-2052.6967591973753
71.81064625272393
1951.4832171869584
3393.6182603755133
7500.0
-5454.545454545455
-1592.7489706190277
69.38275623208892
-840.1667911540608
-1795.2290664103152
-1069.921432812058
1651.186797762909
3656.8662455823383
3592.2538069907787
7500.0
-5454.545454545455
-2831.0580204778184
-2550.0146035799758
-2063.6468779953025
-2377.4105929578313
75.97134297928869
2742.1015307667953
7500.0
7500.0
7500.0
-6060.606060606061
-1869.7762769100937
-1016.6287218360048
-722.6671324048061
-74.82479533406513
4245.38599221492
5751.594719255165
2876.59422263076
5259.836098789641
7395.30036760527
-5757.575757575758
-4046.885517527056
-3958.5579336352275
-4490.748469278784
-5335.98165933605
-5747.1584170297265
-7500.0
-7500.0
7500.0
7500.0
7500.0
7500.0
7500.0
7500.0
7500.0
-7500.0
-7500.0
-7500.0
-7500.0
7500.0
7500.0
7500.0
7500.0
7500.0
-7500.0
-7500.0
-7242.658584546825
-7500.0
-7500.0
7500.0
7500.0
7500.0
7500.0
7500.0
7500.0
7500.0
-7500.0
-7500.0
-7500.0
-7500.0
-7500.0
-7500.0
-7500.0
-7500.0
7500.0
7500.0
7500.0
7500.0
7500.0
7500.0
7500.0
7500.0
7500.0
-7500.0
7500.0
7500.0
7500.0
-7500.0
-7500.0
-7500.0
-7500.0
-7500.0
7500.0
7500.0
7500.0
7500.0
7500.0
7500.0
-7500.0
-7500.0
-7500.0
-7500.0
-7500.0
-7500.0
-7500.0
7500.0
7500.0
7500.0
7500.0
7500.0
7500.0
7500.0
7500.0
-7500.0
-7500.0
-7500.0
-7500.0
7500.0
7500.0
7500.0
7500.0
7500.0
7500.0
-7500.0
-7500.0
-7500.0
-7500.0
7500.0
7500.0
7500.0
7500.0
7500.0
-7500.0
7500.0
7500.0
-7500.0
-7500.0
-7500.0
-7500.0
-7500.0
-7500.0
7500.0
7500.0
7500.0
7500.0
7500.0
7500.0
7500.0
7500.0
-7500.0
-7500.0
-7500.0
-7500.0
-7500.0
7500.0
7500.0
7500.0
7500.0
7500.0
7500.0
-7500.0
-7500.0
-7500.0
-7500.0
-7500.0
-7500.0
-7500.0
-7500.0
7500.0
7500.0
7500.0
7500.0
7500.0
7500.0
7500.0
7500.0
7500.0
-7500.0
-7500.0
-7500.0
7500.0
7500.0
7500.0
7500.0
-7500.0
-7500.0
-7500.0
-7500.0
-7500.0
-7500.0
7500.0
7500.0
7500.0
7500.0
7500.0
7500.0
7500.0
7500.0
7500.0
-7500.0
-7500.0
-7250.27382256298
-7500.0
-7500.0
7500.0
7500.0
7500.0
7500.0
7500.0
7500.0
-7500.0
-7500.0
-7500.0
-7500.0
-7500.0
-7500.0
7500.0
7500.0
7500.0
7500.0
7500.0
7500.0
7500.0
-7500.0
-7500.0
-7500.0
-7500.0
-7500.0
-7500.0
7500.0
7500.0
7500.0
7500.0
7500.0
7500.0
-7500.0
-7500.0
-7500.0
-7500.0
-7500.0
7500.0
7500.0
7500.0
7500.0
7500.0
7500.0
7500.0
7500.0
7500.0
-7500.0
-7500.0
7500.0
7500.0
7500.0
7500.0
-7500.0
-7500.0
-7500.0
-7500.0
-7500.0
-7500.0
7500.0
7500.0
7500.0
7500.0
7500.0
7500.0
7500.0
7500.0
7500.0
-7500.0
-7500.0
-7500.0
-7500.0
-7500.0
7500.0
7500.0
7500.0
7500.0
7500.0
7500.0
7500.0
-7500.0
-7500.0
-7500.0
-7500.0
-7500.0
-7500.0
7500.0
7500.0
7500.0
7500.0
7500.0
7500.0
7500.0
7500.0
7500.0
-7500.0
-7500.0
-7500.0
-7500.0
-7500.0
-7500.0
-7500.0
-7500.0
7500.0
7500.0
7500.0
7500.0
7500.0
7500.0
7500.0
7500.0
7500.0
-7500.0
-7500.0
-7500.0
-7500.0
-7500.0
-7500.0
7500.0
7500.0
7500.0
7500.0
7500.0
7500.0
7500.0
7500.0
-7500.0
-7500.0
-7500.0
-7500.0
-7500.0
-7500.0
-7500.0
-7500.0
7500.0
7500.0
7500.0
7500.0
7500.0
7500.0
7500.0
7500.0
-6855.495251017639
-7124.090123876036
7500.0
7500.0
7500.0
7500.0
-7500.0
-7500.0
-7500.0
7500.0
7500.0
7500.0
7500.0
7500.0
-7500.0
-7500.0
-7500.0
-7500.0
7500.0
7500.0
7500.0
7500.0
7500.0
7500.0
-7500.0
-6976.584022038569
7500.0
7500.0
-7500.0
-7500.0
7500.0
7500.0
7500.0
7500.0
7500.0
-7500.0
-7500.0
-7500.0
-7500.0
-7500.0
-7500.0
-7500.0
7500.0
7500.0
7500.0
7500.0
7500.0
7500.0
7500.0
7500.0
7500.0
-7500.0
-7500.0
-7500.0
-7500.0
7500.0
7500.0
7500.0
7500.0
7500.0
-7500.0
-7500.0
-7500.0
-7500.0
-7500.0
7500.0
7500.0
7500.0
7500.0
7500.0
7500.0
7500.0
7500.0
-6587.708066581308
-7054.826756594943
-7500.0
-7500.0
7500.0
7500.0
7500.0
7500.0
7500.0
-7500.0
-7500.0
-7500.0
-7500.0
7500.0
7500.0
7500.0
7500.0
7500.0
7500.0
7500.0
-7500.0
-7500.0
-7500.0
-7500.0
-7500.0
7500.0
7500.0
7500.0
7500.0
7500.0
7500.0
-7500.0
-7500.0
-7500.0
-7500.0
-7500.0
-7500.0
-7500.0
7500.0
7500.0