Demand
15000.0
15000.0
15000.0
15000.0
15000.0
15000.0
15000.0
15000.0
15000.0
15000.0
15000.0
15000.0
15000.0
15000.0
15000.0
15000.0
-15000.0
-15000.0
15000.0
15000.0
15000.0
15000.0
15000.0
-15000.0
-15000.0
-15000.0
15000.0
15000.0
15000.0
15000.0
-14354.003076175832
-15000.0
-15000.0
-15000.0
-15000.0
-15000.0
-15000.0
15000.0
15000.0
15000.0
15000.0
15000.0
15000.0
15000.0
15000.0
-14679.852362994465
-15000.0
-15000.0
-15000.0
-15000.0
-15000.0
-15000.0
15000.0
15000.0
15000.0
15000.0
15000.0
15000.0
15000.0
15000.0
-15000.0
15000.0
15000.0
-15000.0
-12446.331902184062
-6964.411498879093
15000.0
15000.0
15000.0
-12236.36363636364
-12906.347074133155
-12414.022575995383
-9930.388053130864
-3359.838389842266
15000.0
15000.0
15000.0
15000.0
-11580.0
-10633.43995361193
-10204.639153948185
-9991.772090045255
-11016.512542568711
-8908.74205273273
-7917.245027035955
15000.0
15000.0
15000.0
15000.0
-15000.0
15000.0
-15000.0
-14636.093176619008
-14178.180407360906
-15000.0
-15000.0
-15000.0
-15000.0
15000.0
15000.0
15000.0
15000.0
15000.0
15000.0
15000.0
15000.0
-15000.0
-15000.0
-15000.0
-15000.0
-15000.0
-15000.0
-15000.0
15000.0
15000.0
15000.0
15000.0
15000.0
15000.0
15000.0
15000.0
-15000.0
-14639.83887528631
-14107.798133278447
-13707.98259257973
-13317.656352085378
15000.0
15000.0
15000.0
15000.0
15000.0
-15000.0
-15000.0
-15000.0
-15000.0
-15000.0
15000.0
15000.0
15000.0
15000.0
15000.0
-15000.0
-15000.0
-15000.0
-15000.0
-15000.0
15000.0
15000.0
15000.0
15000.0
15000.0
-13334.585524668175
-13910.55275323554
-14592.358744642679
-15000.0
-15000.0
-15000.0
-15000.0
15000.0
15000.0
15000.0
15000.0
15000.0
15000.0
15000.0
15000.0
-15000.0
15000.0
-15000.0
-15000.0
-15000.0
-13697.690969432319
-8238.133170538124
15000.0
15000.0
15000.0
15000.0
15000.0
15000.0
-15000.0
-15000.0
-15000.0
15000.0
15000.0
15000.0
15000.0
-15000.0
-15000.0
15000.0
15000.0
-15000.0
-15000.0
-15000.0
-15000.0
-15000.0
15000.0
15000.0
15000.0
15000.0
15000.0
15000.0
-15000.0
-15000.0
-15000.0
-15000.0
-15000.0
-13702.924109682564
-14011.49466313183
-12061.120734205328
15000.0
15000.0
15000.0
15000.0
15000.0
15000.0
15000.0
15000.0
-15000.0
-13908.452577264747
-13347.159729572868
-12547.151962079446
-13743.375987094303
-14000.068857516253
-10680.440864973796
15000.0
15000.0
15000.0
15000.0
15000.0
15000.0
15000.0
-15000.0
-15000.0
-15000.0
-15000.0
15000.0
15000.0
15000.0
15000.0
15000.0
-15000.0
-15000.0
-14601.908974508206
-10810.665733334044
-7758.907980102984
-6657.740872805531
645.1858309776253
8689.26996285301
13060.439785321061
11493.719875954976
12904.00846905281
10812.228209034987
15000.0
1121.4161116646364
15000.0
-9484.98286635759
-7953.890576083738
-6288.635837003999
-5188.943850287429
-4712.007535892393
-3348.6060156393114
-588.4629736752722
-328.410659182111
-1273.4668943802699
-903.5633019066627
2298.6452504754443
6678.746772296046
6451.560070898121
5770.250216269301
15000.0
3723.950696707142
15000.0
-5552.219873150112
-4275.230997694179
-1231.1537120769735
-260.4169799146857
-164.4646420817353
9429.298576531895
15000.0
-11363.636363636366
-7440.31830238727
-6798.533532095277
-409.90766512083974
15000.0
15000.0
-12878.78787878788
2014.9253731344033
15000.0
15000.0
-13076.850984067481
-13621.414207184498
-12348.842296844421
-11608.718373452095
-8141.522783333348
-5208.9687769180055
-3851.7761258006394
-2228.4113601744975
464.2864791614393
15000.0
1841.0883238830938
15000.0
15000.0
15000.0
15000.0
15000.0
-13703.53258938091
-11515.6903779022
-12366.772331647917
-10832.798183805393
-10296.474521792268
-11139.877469386964
-10069.304543920738
-6706.534121962894
3432.72777743412
15000.0
15000.0
15000.0
15000.0
11445.38964890282
15000.0
-2916.067151441236
15000.0
-15000.0
-15000.0
-15000.0
-15000.0
15000.0
15000.0
15000.0
15000.0
15000.0
-15000.0
-15000.0
15000.0
15000.0
15000.0
-15000.0
-15000.0
-15000.0
-15000.0
-13132.054861026823
-9192.612106546316
-5485.76694671641
15000.0
15000.0
15000.0
15000.0
15000.0
15000.0
15000.0
-15000.0
-15000.0
-15000.0
-15000.0
-11620.5533596838
15000.0
15000.0
15000.0
15000.0
15000.0
15000.0
-15000.0
-15000.0
-15000.0
-15000.0
-13272.727272727272
-11770.84316872817
-10436.252047309707
15000.0
15000.0
15000.0
15000.0
15000.0
15000.0
15000.0
15000.0
15000.0
15000.0
-15000.0
15000.0
15000.0
15000.0
-15000.0
15000.0
15000.0
-15000.0
-15000.0
-15000.0
-13702.579666160851
-13431.005030324104
-14300.465529328027
-15000.0
15000.0
15000.0
15000.0
15000.0
15000.0
15000.0
15000.0
15000.0
-15000.0
-15000.0
-11794.751640112463
15000.0
15000.0
15000.0
15000.0
-15000.0
-15000.0
-15000.0
-15000.0
-15000.0
15000.0
15000.0
15000.0
15000.0
15000.0
15000.0
-15000.0
-15000.0
-15000.0
15000.0
15000.0
15000.0
15000.0
-15000.0
-15000.0
-15000.0
-15000.0
-15000.0
-15000.0
-15000.0
15000.0
15000.0
15000.0
15000.0
15000.0
15000.0
15000.0
-14634.439634439637
-15000.0
-15000.0
-15000.0
15000.0
15000.0
15000.0
15000.0
15000.0
-14323.927751956231
-15000.0
15000.0
15000.0
15000.0
-15000.0
-15000.0
-15000.0
-15000.0
-15000.0
-15000.0
-15000.0
15000.0
15000.0
15000.0
15000.0
15000.0
15000.0
15000.0
15000.0
-15000.0
-15000.0
-15000.0
-15000.0
-15000.0
-15000.0
15000.0
15000.0
15000.0
15000.0
15000.0
15000.0
15000.0
-15000.0
-15000.0
-15000.0
-15000.0
-15000.0
15000.0
15000.0
15000.0
15000.0
15000.0
15000.0
-15000.0
-15000.0
-15000.0
-15000.0
-15000.0
-15000.0
15000.0
15000.0
15000.0
15000.0
15000.0
15000.0
-15000.0
-15000.0
-15000.0
-14323.270013568526
-11917.338624916982
15000.0
15000.0
15000.0
15000.0
15000.0
15000.0
-15000.0
-15000.0
-15000.0
-15000.0
-15000.0
-15000.0
15000.0
15000.0
15000.0
15000.0
15000.0
15000.0
15000.0
-15000.0
-15000.0
-15000.0
-15000.0
-14516.53944020357
-15000.0
-15000.0
-15000.0
15000.0
15000.0
15000.0
15000.0
15000.0
15000.0
15000.0
15000.0
-15000.0
-15000.0
-15000.0
-14570.798694413766
-15000.0
-15000.0
-15000.0
-15000.0
15000.0
15000.0
15000.0
15000.0
15000.0
15000.0
15000.0
15000.0
15000.0
-15000.0
-15000.0
-15000.0
-15000.0
-15000.0
-15000.0
-15000.0
-15000.0
15000.0
15000.0
15000.0
15000.0
15000.0
15000.0
15000.0
15000.0
15000.0
-15000.0
-14632.731958762892
-15000.0
-15000.0
-15000.0
-15000.0
15000.0
15000.0
15000.0
15000.0
15000.0
15000.0
15000.0
-15000.0
15000.0
15000.0
-14651.642475171888
-15000.0
-15000.0
-15000.0
15000.0
15000.0
15000.0
15000.0
15000.0
-13398.534777877612
-12917.90648760177
-12701.175474990705
-13255.774517529186
-13947.912511532402
-15000.0
-15000.0
15000.0
15000.0
15000.0
15000.0
15000.0
15000.0
15000.0
15000.0
-15000.0
-15000.0
-15000.0
15000.0
15000.0
15000.0
-15000.0
-15000.0
-15000.0
-11941.075453472153
-8089.267661831989
-3012.5984961286304
10432.962015071505
15000.0
15000.0
-4230.477903671551
15000.0
15000.0
15000.0
15000.0
-15000.0
-15000.0
-15000.0
-14438.80494031859
-15000.0
-15000.0
15000.0
15000.0
15000.0
15000.0
15000.0
15000.0
15000.0
-13122.340402424863
-12583.1421809893
-12641.399728778066
-13096.804504635504
-13024.929176669724
-12313.66078889654
15000.0
15000.0
15000.0
15000.0
15000.0
15000.0
-15000.0
-15000.0
-15000.0
-15000.0
15000.0
15000.0
15000.0
15000.0
-15000.0
-15000.0
-15000.0
-15000.0
15000.0
15000.0
15000.0
15000.0
15000.0
-15000.0
-15000.0
-15000.0
-15000.0
-15000.0
15000.0
15000.0
15000.0
15000.0
15000.0
15000.0
15000.0
-15000.0
-15000.0
-15000.0
15000.0
15000.0
15000.0
-14319.077768486444
-14255.471571880527
-13748.856883546126
-13068.15744718711
-13232.62422048124
-10987.343568216984
-10996.06001372308
-7189.213282850403
15000.0
15000.0
15000.0
15000.0
15000.0
15000.0
15000.0
15000.0
-14191.076686634533
15000.0
-14653.004846145217
-14560.4244677723
-15000.0
-15000.0
15000.0
15000.0
15000.0
15000.0
-13568.31549720086
-12981.052011188345
-12628.767285212147
-12601.239367505648
-12314.077473726167
-12607.966437316038
15000.0
15000.0
15000.0
15000.0
15000.0
15000.0
15000.0
-14683.590247235152
-15000.0
-14606.5185574891
-15000.0
-15000.0
-15000.0
-15000.0