Demand
-15000.0
-15000.0
-15000.0
15000.0
15000.0
15000.0
15000.0
15000.0
15000.0
15000.0
15000.0
15000.0
15000.0
15000.0
-15000.0
-15000.0
-15000.0
-15000.0
-15000.0
-15000.0
15000.0
15000.0
15000.0
15000.0
15000.0
15000.0
15000.0
-15000.0
-15000.0
-13761.318362911992
-12024.012580395567
15000.0
15000.0
15000.0
15000.0
15000.0
-15000.0
15000.0
15000.0
-15000.0
-15000.0
-15000.0
-15000.0
-14322.63814616756
-13693.919205144997
15000.0
15000.0
15000.0
15000.0
15000.0
15000.0
15000.0
-12459.17448887746
-11560.674346453245
-11591.755542456325
-11982.37178992205
-12914.36186640379
-13561.118028828303
-15000.0
15000.0
15000.0
15000.0
15000.0
15000.0
15000.0
15000.0
-12517.691888949375
-12337.798052834427
-11369.257463654329
-11366.95298745589
-12202.682983476137
-11508.139182249863
-8355.994432569998
-4097.603059599202
15000.0
15000.0
15000.0
15000.0
15000.0
15000.0
-13030.303030303032
-9422.397390595273
-205.1655950941149
15000.0
15000.0
-13592.71669164977
-12795.105562318058
-13665.09509775533
-11624.043558694193
15000.0
15000.0
15000.0
15000.0
-14349.447562432732
-15000.0
-15000.0
-15000.0
-15000.0
-14326.479130762447
-13987.880830823491
-2153.5955670821104
15000.0
15000.0
15000.0
15000.0
15000.0
15000.0
15000.0
15000.0
15000.0
15000.0
15000.0
-15000.0
-15000.0
-15000.0
-15000.0
15000.0
15000.0
15000.0
15000.0
15000.0
-15000.0
-14605.731225296444
-13932.491196546955
-12949.128977812405
15000.0
15000.0
15000.0
15000.0
15000.0
-15000.0
-15000.0
-15000.0
-15000.0
-15000.0
15000.0
15000.0
15000.0
15000.0
15000.0
15000.0
-15000.0
-15000.0
-15000.0
-15000.0
-15000.0
15000.0
15000.0
15000.0
15000.0
15000.0
15000.0
-14046.291132180704
-14656.81249906007
-15000.0
-15000.0
-15000.0
-15000.0
-15000.0
-15000.0
15000.0
15000.0
15000.0
15000.0
15000.0
15000.0
15000.0
15000.0
-15000.0
-15000.0
-15000.0
-13979.21230198786
-11705.445150148185
-10161.99741399413
-10751.144306672708
15000.0
15000.0
15000.0
15000.0
15000.0
15000.0
15000.0
15000.0
-15000.0
-15000.0
15000.0
15000.0
-15000.0
-15000.0
-15000.0
-15000.0
-15000.0
15000.0
15000.0
15000.0
15000.0
15000.0
15000.0
-15000.0
-15000.0
-15000.0
-15000.0
-15000.0
-15000.0
15000.0
15000.0
15000.0
15000.0
15000.0
15000.0
15000.0
-13704.545454545456
-13477.164625564747
-13020.092459480693
-13321.403499677333
15000.0
15000.0
15000.0
15000.0
15000.0
-13416.959822255143
-14319.156581839994
-14625.09279717744
-14573.829236364705
-15000.0
-15000.0
-15000.0
-15000.0
15000.0
15000.0
15000.0
15000.0
15000.0
15000.0
15000.0
15000.0
-14358.522264426792
-14654.584357250336
-15000.0
-15000.0
-15000.0
-15000.0
-14047.794471331814
4701.224274152065
15000.0
15000.0
15000.0
15000.0
15000.0
12631.958105044563
10665.806064451664
15000.0
-12424.242424242426
-9375.652981465002
-8696.210293268112
-8268.663905193262
-6094.22327310879
-3561.350397355961
-1615.3296386626944
-403.2202141872276
2296.83188908549
7110.5636708955535
6829.854697438637
4873.950415101748
6053.274715057062
11853.18353446186
9818.950462911765
5402.422633306017
15000.0
-5200.50339149354
-3549.7590004256126
-4539.718046763119
-5106.274759528609
-4069.154886138186
-1586.8456523820178
-1465.4700716401176
-2913.6178782653114
-2602.81661956316
6753.099063709092
10873.89130630468
6333.51517967203
15000.0
15000.0
-10101.222307104661
-8774.15477990001
-7650.2886678974755
-206.44608459586925
15000.0
15000.0
15000.0
-13707.776014509182
-12443.044344635746
-11559.362776325888
-7318.632934941383
-2003.1349945113025
4477.246620297072
15000.0
3411.5724194710665
15000.0
15000.0
15000.0
-15000.0
-15000.0
-15000.0
-15000.0
15000.0
15000.0
15000.0
15000.0
15000.0
-12498.432601880882
15000.0
15000.0
-12244.79931254252
-11418.970229770628
-10106.502972022743
-10074.01383587945
-9532.07205083645
-9218.385113361674
-9166.224503541958
-9461.385927544772
-12039.748405729155
15000.0
15000.0
15000.0
15000.0
15000.0
15000.0
15000.0
-13848.484848484852
-14401.166150128702
-15000.0
15000.0
15000.0
15000.0
-15000.0
-15000.0
-15000.0
-15000.0
-15000.0
-10341.382922686545
15000.0
15000.0
15000.0
15000.0
15000.0
15000.0
15000.0
15000.0
-15000.0
-15000.0
-15000.0
-15000.0
15000.0
15000.0
15000.0
15000.0
-15000.0
15000.0
15000.0
15000.0
-15000.0
-15000.0
-15000.0
-15000.0
-13146.899458157739
-11180.407726053985
-6979.1238994581145
15000.0
15000.0
15000.0
15000.0
15000.0
15000.0
15000.0
-15000.0
15000.0
-15000.0
-15000.0
15000.0
15000.0
15000.0
-15000.0
-15000.0
-15000.0
-15000.0
-15000.0
-15000.0
15000.0
15000.0
15000.0
15000.0
15000.0
15000.0
15000.0
15000.0
-15000.0
15000.0
15000.0
-15000.0
-15000.0
-15000.0
-13097.584233947873
-12529.404187120897
15000.0
15000.0
15000.0
15000.0
15000.0
15000.0
-15000.0
-15000.0
-15000.0
-15000.0
-14401.637623346636
-15000.0
-15000.0
15000.0
15000.0
15000.0
15000.0
15000.0
15000.0
15000.0
15000.0
-15000.0
-15000.0
15000.0
15000.0
15000.0
-15000.0
-15000.0
-15000.0
-15000.0
-15000.0
15000.0
15000.0
15000.0
15000.0
15000.0
-15000.0
-15000.0
-15000.0
-15000.0
-15000.0
-15000.0
-15000.0
15000.0
15000.0
15000.0
15000.0
15000.0
15000.0
15000.0
15000.0
-15000.0
-15000.0
15000.0
15000.0
15000.0
-15000.0
-14621.010638297874
-14111.424642480782
-15000.0
-15000.0
-15000.0
15000.0
15000.0
15000.0
15000.0
15000.0
15000.0
15000.0
-15000.0
-15000.0
-15000.0
-15000.0
-14472.789811820712
-14324.212521345617
-13982.289793272237
-15000.0
15000.0
15000.0
15000.0
15000.0
15000.0
15000.0
15000.0
15000.0
15000.0
-15000.0
-15000.0
15000.0
15000.0
15000.0
-15000.0
-15000.0
-15000.0
-14517.221908526266
-14341.472537585742
-15000.0
15000.0
15000.0
15000.0
15000.0
15000.0
15000.0
15000.0
-14384.52593546244
-14329.22040995536
-14249.833824206518
-14563.163729255393
-15000.0
-15000.0
-15000.0
15000.0
15000.0
15000.0
15000.0
15000.0
15000.0
15000.0
-15000.0
-14651.000897882055
-14218.906607765864
-15000.0
-15000.0
-15000.0
-15000.0
15000.0
15000.0
15000.0
15000.0
15000.0
15000.0
15000.0
15000.0
15000.0
15000.0
-15000.0
-15000.0
-15000.0
-15000.0
-15000.0
-15000.0
15000.0
15000.0
15000.0
15000.0
15000.0
15000.0
15000.0
15000.0
-15000.0
-15000.0
-15000.0
-12943.722943722954
15000.0
15000.0
15000.0
15000.0
15000.0
-15000.0
-15000.0
-15000.0
-15000.0
-15000.0
15000.0
15000.0
15000.0
15000.0
15000.0
-14636.181271085989
-15000.0
-15000.0
15000.0
15000.0
15000.0
15000.0
15000.0
-15000.0
-15000.0
-15000.0
-15000.0
-15000.0
15000.0
15000.0
15000.0
15000.0
15000.0
15000.0
-15000.0
15000.0
-14264.99032882012
-14566.729201707854
-15000.0
-15000.0
-15000.0
15000.0
15000.0
15000.0
15000.0
15000.0
15000.0
-12663.036988310032
-12094.151505836995
-12174.108932864576
-11023.212365767016
15000.0
15000.0
15000.0
15000.0
15000.0
-15000.0
-15000.0
-15000.0
-12301.136363636368
15000.0
15000.0
15000.0
15000.0
15000.0
-15000.0
-15000.0
-15000.0
-15000.0
-15000.0
-8957.06334481846
15000.0
15000.0
3535.7593868627882
15000.0
15000.0
15000.0
15000.0
15000.0
-15000.0
-15000.0
-15000.0
15000.0
15000.0
15000.0
15000.0
-15000.0
-15000.0
15000.0
15000.0
-15000.0
-15000.0
15000.0
15000.0
15000.0
-12550.794917439081
-12602.08106033416
-13054.364584742525
-12956.226026784836
-12090.725087021747
15000.0
15000.0
15000.0
15000.0
15000.0
15000.0
-15000.0
-15000.0
15000.0
15000.0
15000.0
-15000.0
-15000.0
-15000.0
15000.0
15000.0
15000.0
-15000.0
-15000.0
-15000.0
-15000.0
-15000.0
15000.0
15000.0
15000.0
15000.0
15000.0
15000.0
15000.0
-15000.0
-15000.0
15000.0
15000.0
15000.0
-15000.0
-15000.0
-15000.0
-15000.0
-13902.157164869033
-14241.087155750523
-13525.62557908327
15000.0
15000.0
15000.0
15000.0
15000.0
15000.0
15000.0
15000.0
-15000.0
15000.0
15000.0
-15000.0
-15000.0
-15000.0
-15000.0
-13580.323785803237
-13846.369053019996
-13428.169999304006
-13608.926806863758
15000.0
-15000.0
15000.0
15000.0
15000.0
15000.0
15000.0
15000.0
15000.0
-13139.179341674455
-13221.45736031923
-13217.852809844553
-13923.884728689845
15000.0
15000.0
15000.0
15000.0
15000.0
15000.0
-15000.0
-14639.037433155081
-15000.0
-14407.41970287991
-15000.0
15000.0
15000.0
15000.0