Demand
15000.0
15000.0
15000.0
15000.0
15000.0
15000.0
15000.0
15000.0
15000.0
15000.0
15000.0
15000.0
15000.0
15000.0
15000.0
15000.0
15000.0
15000.0
15000.0
15000.0
15000.0
15000.0
15000.0
-15000.0
15000.0
15000.0
15000.0
15000.0
15000.0
15000.0
-14367.299367299369
-15000.0
-15000.0
-15000.0
-15000.0
-15000.0
-15000.0
-15000.0
15000.0
15000.0
15000.0
15000.0
15000.0
15000.0
15000.0
15000.0
-15000.0
-15000.0
-15000.0
-15000.0
-15000.0
15000.0
15000.0
15000.0
15000.0
15000.0
15000.0
15000.0
-15000.0
-15000.0
15000.0
15000.0
-15000.0
-15000.0
-11687.422166874228
-7067.822458511175
5483.4760862817675
15000.0
15000.0
15000.0
15000.0
15000.0
-12444.717444717448
-12576.608187134512
-13076.607557237381
-13661.8167753489
-12207.198849728982
-8680.429964663708
658.1188638642061
15000.0
15000.0
12236.162435160288
5791.487676977573
15000.0
15000.0
15000.0
-13306.5953654189
-13925.323475046218
15000.0
15000.0
15000.0
-15000.0
-13243.451463790458
15000.0
15000.0
-15000.0
-15000.0
-15000.0
-14552.70561995478
-14468.133163570103
-11579.399716861175
-10113.169795571794
-5439.128359888775
15000.0
-15000.0
15000.0
15000.0
15000.0
15000.0
15000.0
15000.0
15000.0
-15000.0
15000.0
15000.0
15000.0
-14609.21431509667
-15000.0
15000.0
15000.0
15000.0
15000.0
-14673.414820473648
-14271.901895628347
-14158.811719607293
-14481.595230806855
-15000.0
-15000.0
15000.0
15000.0
15000.0
15000.0
15000.0
15000.0
15000.0
-15000.0
-14262.811876919764
-14578.839708371655
-14490.081498799245
-14314.189521717835
-15000.0
-15000.0
15000.0
15000.0
15000.0
15000.0
15000.0
15000.0
15000.0
-12138.978778150795
-11772.589287465518
-12618.75820739027
-13128.155246424842
-13944.73135543261
-15000.0
15000.0
15000.0
15000.0
15000.0
15000.0
15000.0
-15000.0
-15000.0
-15000.0
-15000.0
15000.0
15000.0
15000.0
15000.0
15000.0
-15000.0
-14201.546397601625
-12633.57523166719
-12009.874115543586
-13243.179394919327
-15000.0
15000.0
15000.0
15000.0
15000.0
15000.0
15000.0
15000.0
-15000.0
-15000.0
-15000.0
-15000.0
-15000.0
-15000.0
-15000.0
15000.0
15000.0
15000.0
15000.0
15000.0
15000.0
15000.0
15000.0
-15000.0
-15000.0
-15000.0
-15000.0
15000.0
15000.0
15000.0
15000.0
15000.0
-14675.84694126249
-14601.753625210848
-14415.455227069928
-9237.04355961884
15000.0
15000.0
15000.0
15000.0
-15000.0
-15000.0
-15000.0
-13686.635944700462
-12874.06558530873
-11451.932762926517
-12668.840167983257
-5983.929075944791
15000.0
15000.0
15000.0
15000.0
15000.0
15000.0
15000.0
-15000.0
-15000.0
-15000.0
-15000.0
15000.0
15000.0
15000.0
15000.0
-15000.0
15000.0
15000.0
15000.0
-14669.346150658825
-11733.038546332722
-9788.156301287243
-9607.497703772646
-6607.562207859858
-4309.011863219392
-1485.3263343446633
3488.698734634342
11127.865708470197
12850.512658729835
11365.569424231111
13658.986845223939
9250.203654976784
15000.0
-11666.666666666666
-5962.566844919788
-4752.421959095805
-4171.211828432868
-2616.117403372409
479.50339309769333
855.4534983386538
-46.122615977647
652.611059281342
4797.777565623168
9755.636223079691
7257.541567345956
6818.021518815625
15000.0
-9696.969696969698
-3435.863874345552
-3360.8022996155296
-479.933209696037
6599.880633979831
7666.349423772671
7283.044542660345
15000.0
-7242.787152966794
-5997.541086965666
-3159.9210715182016
15000.0
15000.0
-10377.30748435931
-9396.132962268017
-9049.581364867434
-6966.593746484894
5118.029860191295
15000.0
15000.0
15000.0
-12811.300054854637
-12247.284903899781
-9537.843719585748
-7303.115728616052
-6224.497556813953
-4621.188865887437
-437.2182837105829
15000.0
15000.0
-4489.255310234996
15000.0
15000.0
-15000.0
-15000.0
-11912.627631382144
15000.0
15000.0
15000.0
15000.0
-12074.780058651028
15000.0
15000.0
-12225.527312060574
-11295.403218011023
-9729.764805426628
-9368.425153250024
-8056.747540342966
-6037.826169794279
-317.6242023783543
15000.0
15000.0
-15000.0
15000.0
15000.0
-15000.0
-15000.0
-15000.0
15000.0
15000.0
15000.0
15000.0
-15000.0
-15000.0
-15000.0
-15000.0
-15000.0
-15000.0
-15000.0
15000.0
15000.0
15000.0
15000.0
15000.0
15000.0
15000.0
15000.0
-15000.0
-15000.0
-15000.0
15000.0
15000.0
15000.0
-15000.0
15000.0
15000.0
-15000.0
15000.0
15000.0
15000.0
-15000.0
-15000.0
-15000.0
-15000.0
-15000.0
-12114.532798987559
-3096.992391430368
15000.0
15000.0
15000.0
15000.0
15000.0
15000.0
15000.0
-15000.0
-15000.0
15000.0
15000.0
-15000.0
-15000.0
-15000.0
15000.0
15000.0
15000.0
15000.0
15000.0
-15000.0
-15000.0
-13838.157358336732
-13613.72520982131
-14393.095173996753
-15000.0
-15000.0
15000.0
15000.0
15000.0
15000.0
15000.0
15000.0
-15000.0
15000.0
15000.0
15000.0
-14339.895773016797
-15000.0
-15000.0
-15000.0
-15000.0
15000.0
15000.0
15000.0
15000.0
15000.0
-15000.0
-14620.803317303598
-15000.0
-15000.0
-15000.0
-15000.0
15000.0
15000.0
15000.0
15000.0
15000.0
15000.0
-15000.0
-15000.0
-15000.0
15000.0
15000.0
15000.0
15000.0
15000.0
-15000.0
-15000.0
-15000.0
-15000.0
-13144.617530806798
-6136.049529200857
15000.0
15000.0
15000.0
15000.0
15000.0
15000.0
-15000.0
-15000.0
-15000.0
-13370.49742710121
15000.0
15000.0
15000.0
15000.0
15000.0
-15000.0
-15000.0
-15000.0
-15000.0
-15000.0
-15000.0
15000.0
15000.0
15000.0
15000.0
15000.0
15000.0
-15000.0
-15000.0
15000.0
15000.0
15000.0
-15000.0
-15000.0
-15000.0
-15000.0
15000.0
15000.0
15000.0
15000.0
15000.0
15000.0
-15000.0
-15000.0
-15000.0
-15000.0
-15000.0
15000.0
15000.0
15000.0
15000.0
15000.0
15000.0
-15000.0
-15000.0
-15000.0
15000.0
15000.0
15000.0
15000.0
-14695.783668386412
-15000.0
-15000.0
-15000.0
-15000.0
15000.0
15000.0
15000.0
15000.0
15000.0
-14391.827462644924
-14326.774843312014
-14613.000643606512
-15000.0
-15000.0
-15000.0
15000.0
15000.0
15000.0
15000.0
15000.0
15000.0
-15000.0
-15000.0
-14628.09917355372
-14145.58079322114
-15000.0
-15000.0
-15000.0
15000.0
15000.0
15000.0
15000.0
15000.0
15000.0
15000.0
15000.0
-15000.0
-15000.0
-15000.0
-15000.0
-15000.0
-15000.0
-15000.0
15000.0
15000.0
15000.0
15000.0
15000.0
15000.0
15000.0
15000.0
-15000.0
-15000.0
-15000.0
-15000.0
-15000.0
-12987.64342453664
-7194.450247858581
15000.0
15000.0
15000.0
15000.0
15000.0
15000.0
15000.0
-15000.0
-15000.0
-15000.0
-15000.0
15000.0
15000.0
15000.0
15000.0
-15000.0
-15000.0
-15000.0
-15000.0
-13328.445747800593
15000.0
15000.0
15000.0
15000.0
15000.0
15000.0
-15000.0
15000.0
-15000.0
-15000.0
-15000.0
15000.0
15000.0
15000.0
15000.0
-14230.04187491558
-14389.975164717125
-15000.0
15000.0
15000.0
15000.0
-15000.0
-15000.0
-15000.0
-13021.992283090494
-9135.96110316175
15000.0
15000.0
9291.335667218127
15000.0
15000.0
15000.0
15000.0
-15000.0
-15000.0
-15000.0
-15000.0
-15000.0
-12936.444086886564
-15000.0
-15000.0
15000.0
15000.0
15000.0
15000.0
15000.0
15000.0
15000.0
-15000.0
-13046.892494066018
-11458.868880296512
-10866.415822164887
-11794.546956545822
-10362.554832828599
-7240.273553745832
15000.0
15000.0
15000.0
15000.0
15000.0
15000.0
15000.0
15000.0
-14687.967592423636
-15000.0
-15000.0
-15000.0
-15000.0
-15000.0
-15000.0
-15000.0
15000.0
15000.0
15000.0
15000.0
15000.0
15000.0
15000.0
15000.0
-15000.0
-15000.0
-15000.0
-15000.0
-15000.0
-15000.0
15000.0
15000.0
15000.0
15000.0
15000.0
15000.0
15000.0
15000.0
15000.0
-15000.0
-15000.0
-15000.0
-15000.0
-15000.0
-15000.0
15000.0
15000.0
15000.0
15000.0
15000.0
15000.0
15000.0
-15000.0
-15000.0
-15000.0
15000.0
15000.0
15000.0
-15000.0
-15000.0
-15000.0
-15000.0
15000.0
15000.0
15000.0
15000.0
15000.0
-14545.454545454546
-13600.75008523696
-13765.171994485507
-12329.786744470577
-12463.007203925314
-10252.350166380369
15000.0
15000.0
15000.0
15000.0
15000.0
-15000.0
-15000.0
-13582.044128949998
-13745.437071652294
-12822.519607178096
4449.256438825324
15000.0
15000.0
15000.0
15000.0
15000.0
15000.0
-15000.0
-13546.183275642197
-12688.660897415757
-11370.490674699227
-273.48233481331226
15000.0
15000.0
15000.0
15000.0
-15000.0
-15000.0
-15000.0
15000.0
15000.0
15000.0
15000.0
-14344.073647871122
15000.0
15000.0
-15000.0
-15000.0