Demand
-15000.0
15000.0
15000.0
15000.0
15000.0
15000.0
15000.0
15000.0
15000.0
15000.0
15000.0
15000.0
15000.0
15000.0
-15000.0
-15000.0
-15000.0
-15000.0
-15000.0
-15000.0
-15000.0
15000.0
15000.0
15000.0
15000.0
15000.0
15000.0
15000.0
15000.0
-14348.943460879498
-14268.322855921215
-15000.0
-15000.0
-15000.0
-15000.0
15000.0
15000.0
15000.0
15000.0
15000.0
15000.0
-15000.0
-15000.0
-14471.083263934117
-14189.966295225651
-12297.081963448374
15000.0
15000.0
15000.0
15000.0
15000.0
15000.0
-12491.202371910513
-11585.682975522159
-11586.827184899834
-11929.723646683276
-12807.436213630375
-13348.50163284241
-15000.0
15000.0
15000.0
15000.0
15000.0
15000.0
15000.0
15000.0
15000.0
-12342.657342657341
-10849.855501041744
-9340.339059476435
2893.880768869406
15000.0
15000.0
15000.0
-13422.101649872668
-13938.46464052425
-12902.288021661294
-10668.950458600448
-5937.454739294113
9285.608868583651
15000.0
10364.32761565284
15000.0
7529.951735315826
15000.0
-13749.862923566183
-13247.084801662979
-14177.680722351794
-14463.110843426002
-15000.0
15000.0
15000.0
15000.0
15000.0
15000.0
15000.0
-15000.0
-15000.0
-14581.804842259717
-14494.834983394274
-11618.231731596476
-9631.331543529566
2226.578965545342
15000.0
15000.0
15000.0
15000.0
15000.0
15000.0
15000.0
-15000.0
-15000.0
-15000.0
-15000.0
15000.0
15000.0
15000.0
15000.0
15000.0
15000.0
-15000.0
-15000.0
-14584.790209790212
-13975.85036266208
-13571.539481232561
-13575.826336722348
15000.0
15000.0
15000.0
15000.0
15000.0
15000.0
15000.0
-15000.0
15000.0
15000.0
-14389.861610214852
-14635.918894321145
-14497.989060849617
-13847.390041625207
15000.0
15000.0
15000.0
15000.0
-15000.0
-15000.0
-15000.0
-12695.831836148049
-11427.70534844566
-7653.470041440512
3189.514470781851
15000.0
15000.0
15000.0
-15000.0
15000.0
15000.0
-15000.0
-15000.0
15000.0
15000.0
15000.0
15000.0
-15000.0
-15000.0
-15000.0
-15000.0
15000.0
15000.0
15000.0
15000.0
15000.0
-13431.864033747024
-13217.586452992524
-14137.591812859679
-15000.0
-15000.0
15000.0
15000.0
15000.0
15000.0
15000.0
-15000.0
-15000.0
-15000.0
-15000.0
15000.0
15000.0
15000.0
15000.0
15000.0
-15000.0
-15000.0
-15000.0
-15000.0
-14373.798407031038
-13891.212581184649
15000.0
15000.0
15000.0
15000.0
15000.0
15000.0
15000.0
-15000.0
-15000.0
-14278.375614744124
-14594.438150839844
-14523.351560256342
-14396.960737223217
-12330.785868986812
-7199.999683990081
15000.0
15000.0
15000.0
15000.0
15000.0
15000.0
15000.0
15000.0
-13388.920293951389
-14282.975097619117
-14580.434827654277
-14464.63527314355
-15000.0
-15000.0
15000.0
15000.0
15000.0
15000.0
15000.0
15000.0
-15000.0
-15000.0
-15000.0
-13461.495902107508
-13640.270949197755
-13846.77567804484
-15000.0
15000.0
15000.0
15000.0
15000.0
15000.0
15000.0
15000.0
-9305.132306233008
-8456.711830950477
-7812.256204548219
-6903.91855362655
-5543.267871293306
-3335.6233587215575
605.3410334689715
7876.267412637139
15000.0
9900.155722406154
15000.0
14385.463378155746
2131.8328046403212
15000.0
-5233.222275107094
-3120.341944099928
-3037.378966340886
-3958.6997235928748
-3956.1205226849997
-1966.5446830659812
993.8721336395647
1669.5467217340874
1965.9441257094659
11585.091839852626
10483.073540976746
2681.97743597489
15000.0
-5712.439599955054
-4072.8749206593493
-4418.14860651425
-6127.43143657425
-7079.2881229645245
-4714.728497117205
-4183.429904184464
-4840.629359654475
-4546.795253055243
-600.8950845060008
5539.072705776103
15000.0
11748.649531716079
15000.0
-2132.631132219354
15000.0
-13147.775628626692
-13672.05901126182
-12442.96235079053
-11718.017491781473
-8312.665651039664
-5320.322398792906
-3708.3804270431147
-1426.5870486887534
3302.0785117979467
15000.0
8242.187009415278
15000.0
15000.0
15000.0
15000.0
-15000.0
-12870.485678704863
15000.0
15000.0
15000.0
-11729.776247848538
-12478.049240588422
-12098.261234082162
-10936.379713500148
-8727.28598563938
-1316.9800148077502
15000.0
15000.0
15000.0
4452.714584392659
15000.0
15000.0
-14338.599544785113
-15000.0
-15000.0
-15000.0
-15000.0
-15000.0
15000.0
15000.0
15000.0
15000.0
15000.0
15000.0
15000.0
15000.0
-15000.0
-15000.0
-15000.0
-15000.0
15000.0
15000.0
15000.0
15000.0
15000.0
-15000.0
15000.0
-15000.0
-15000.0
-15000.0
-15000.0
-15000.0
-15000.0
15000.0
15000.0
15000.0
15000.0
15000.0
15000.0
15000.0
-15000.0
-15000.0
-15000.0
-15000.0
-15000.0
-15000.0
-10641.46134239593
15000.0
15000.0
6675.699689026711
15000.0
15000.0
15000.0
15000.0
15000.0
15000.0
-15000.0
-15000.0
-15000.0
15000.0
15000.0
15000.0
-15000.0
-15000.0
-15000.0
-15000.0
-15000.0
-15000.0
-15000.0
15000.0
15000.0
15000.0
15000.0
15000.0
15000.0
15000.0
15000.0
-15000.0
-15000.0
-15000.0
-15000.0
15000.0
15000.0
15000.0
15000.0
15000.0
-15000.0
-15000.0
-15000.0
-15000.0
15000.0
15000.0
15000.0
15000.0
15000.0
-14659.090909090908
-15000.0
-15000.0
-15000.0
15000.0
15000.0
15000.0
15000.0
15000.0
-15000.0
15000.0
-15000.0
15000.0
15000.0
-15000.0
-15000.0
-15000.0
-15000.0
-15000.0
-15000.0
15000.0
15000.0
15000.0
15000.0
15000.0
15000.0
15000.0
-15000.0
-15000.0
15000.0
15000.0
15000.0
-15000.0
-15000.0
15000.0
15000.0
-15000.0
-15000.0
-15000.0
-15000.0
15000.0
15000.0
15000.0
15000.0
15000.0
15000.0
-15000.0
-14633.204633204634
-14147.854440862819
-15000.0
-15000.0
-15000.0
15000.0
15000.0
15000.0
15000.0
15000.0
15000.0
15000.0
-15000.0
15000.0
-15000.0
-15000.0
-14554.571502995572
-14461.795956515321
-14283.500816871125
-15000.0
-15000.0
15000.0
15000.0
15000.0
15000.0
15000.0
15000.0
15000.0
15000.0
-15000.0
-15000.0
-15000.0
-15000.0
-15000.0
15000.0
15000.0
15000.0
15000.0
15000.0
15000.0
-15000.0
-15000.0
-15000.0
-15000.0
-15000.0
-15000.0
15000.0
15000.0
15000.0
15000.0
15000.0
15000.0
15000.0
-15000.0
15000.0
15000.0
-15000.0
-15000.0
-15000.0
-15000.0
15000.0
15000.0
15000.0
15000.0
15000.0
-15000.0
-15000.0
15000.0
15000.0
-15000.0
-15000.0
-14536.746778126097
-15000.0
-15000.0
15000.0
15000.0
15000.0
15000.0
15000.0
-15000.0
-15000.0
-15000.0
-15000.0
15000.0
15000.0
15000.0
15000.0
15000.0
-15000.0
-15000.0
-15000.0
-15000.0
-15000.0
-15000.0
15000.0
15000.0
15000.0
15000.0
15000.0
15000.0
-15000.0
-15000.0
-15000.0
-15000.0
15000.0
15000.0
15000.0
15000.0
15000.0
-15000.0
-15000.0
15000.0
15000.0
15000.0
-15000.0
-15000.0
-14635.083226632523
-15000.0
-14494.042149401968
-15000.0
-15000.0
-15000.0
15000.0
15000.0
15000.0
15000.0
15000.0
15000.0
15000.0
-15000.0
-15000.0
-15000.0
-13580.123643569801
-13320.450379845424
15000.0
15000.0
15000.0
15000.0
15000.0
15000.0
-15000.0
-13870.541611624838
-12813.349690431052
-11775.558787813534
-10578.671261045602
-9645.408594509932
15000.0
15000.0
15000.0
15000.0
15000.0
15000.0
15000.0
-15000.0
-15000.0
-12763.243950294309
15000.0
15000.0
15000.0
15000.0
-15000.0
-15000.0
-15000.0
-15000.0
-15000.0
-15000.0
15000.0
15000.0
15000.0
15000.0
15000.0
15000.0
-14668.257478756837
-15000.0
-15000.0
-15000.0
-15000.0
-15000.0
-15000.0
15000.0
15000.0
15000.0
15000.0
15000.0
15000.0
15000.0
15000.0
15000.0
-14369.549495894844
-14309.929396915257
-12670.385327564287
-11852.996368186628
-11694.360892337118
-11941.592683126335
-10370.178237980504
15000.0
15000.0
15000.0
15000.0
15000.0
15000.0
15000.0
-15000.0
-15000.0
-15000.0
-15000.0
-15000.0
-15000.0
-15000.0
-15000.0
15000.0
15000.0
15000.0
15000.0
15000.0
15000.0
15000.0
15000.0
15000.0
-15000.0
-15000.0
-15000.0
-15000.0
-15000.0
-15000.0
15000.0
15000.0
15000.0
15000.0
15000.0
15000.0
-15000.0
-15000.0
-15000.0
15000.0
15000.0
15000.0
15000.0
15000.0
-14067.272727272728
-13633.61213892874
-13841.801539357843
-12699.045385233876
-13217.377481266063
-14035.21296111336
-15000.0
15000.0
15000.0
15000.0
15000.0
15000.0
15000.0
-13976.130262963292
-14235.738908929106
-14105.310003807932
-14435.77004890356
-14155.6794141325
-15000.0
15000.0
15000.0
15000.0
15000.0
15000.0
15000.0
15000.0
-13374.185020941339
-13531.300809679622
-13683.820872769189
-14412.956526169473
-15000.0
15000.0
15000.0
15000.0
15000.0
15000.0
15000.0
-14674.09948542024
-15000.0
-14242.743269664617
15000.0
15000.0
15000.0
15000.0