Demand
15000.0
15000.0
15000.0
15000.0
15000.0
15000.0
15000.0
15000.0
15000.0
15000.0
15000.0
15000.0
15000.0
15000.0
15000.0
15000.0
15000.0
15000.0
15000.0
15000.0
15000.0
15000.0
15000.0
15000.0
15000.0
15000.0
15000.0
-15000.0
-15000.0
-11991.586258452731
10356.656248635303
15000.0
15000.0
15000.0
15000.0
15000.0
15000.0
15000.0
15000.0
15000.0
-15000.0
-15000.0
-15000.0
-14183.965640658556
-9636.109011692515
15000.0
15000.0
15000.0
15000.0
15000.0
-15000.0
-15000.0
-10626.176567252962
-6626.759314060338
3689.280616453375
15000.0
15000.0
15000.0
15000.0
15000.0
-15000.0
-15000.0
-15000.0
-15000.0
-11515.340201517043
-7548.987599778888
-3091.033277533764
15000.0
15000.0
15000.0
9919.986397933397
15000.0
15000.0
15000.0
-13402.317107353083
-13945.884798501971
-12995.010105108031
-11165.905389586733
-8242.402765422346
-3494.1955842298403
5310.7624784401605
15000.0
3727.7288700690888
15000.0
15000.0
15000.0
15000.0
-14353.619353619357
-14291.950152175068
15000.0
15000.0
-15000.0
-14557.526038216372
-12635.397385585882
15000.0
15000.0
15000.0
-15000.0
-14650.962195983717
-14612.946138433254
-12783.705017708191
-12375.928340866958
-11652.627613962344
-13016.203462771635
-15000.0
15000.0
15000.0
15000.0
15000.0
15000.0
15000.0
15000.0
15000.0
-15000.0
-15000.0
-15000.0
15000.0
15000.0
15000.0
15000.0
-15000.0
-15000.0
-14415.584415584413
-12365.119196988726
15000.0
15000.0
15000.0
15000.0
15000.0
-15000.0
-15000.0
-15000.0
-15000.0
15000.0
15000.0
15000.0
15000.0
15000.0
-14682.097044060236
-14638.932380838054
-15000.0
-15000.0
-15000.0
15000.0
15000.0
15000.0
15000.0
15000.0
15000.0
-12474.850023073373
-12247.684343916571
-13075.337917749006
-13636.502186817106
-14407.494373009231
-15000.0
-15000.0
15000.0
15000.0
15000.0
15000.0
15000.0
15000.0
-15000.0
-15000.0
-15000.0
-15000.0
-15000.0
-15000.0
15000.0
15000.0
15000.0
15000.0
15000.0
15000.0
15000.0
15000.0
15000.0
-15000.0
-15000.0
-15000.0
-15000.0
15000.0
15000.0
15000.0
15000.0
15000.0
-15000.0
-15000.0
-15000.0
-15000.0
15000.0
15000.0
15000.0
15000.0
-15000.0
-14655.883684660665
-14611.960580155046
-14083.955651684784
-15000.0
-15000.0
-15000.0
15000.0
15000.0
15000.0
15000.0
15000.0
15000.0
15000.0
-14602.60527664657
15000.0
15000.0
-13602.655771195099
-13162.24683347124
-11586.419085352005
15000.0
15000.0
15000.0
15000.0
-14015.41807945749
-13479.045166461827
-12630.977356885182
-13619.92983691079
-12915.64665431816
15000.0
15000.0
15000.0
15000.0
15000.0
-15000.0
-15000.0
-15000.0
-15000.0
-15000.0
-15000.0
-15000.0
11997.773230331748
15000.0
11261.387523828753
15000.0
15000.0
15000.0
15000.0
15000.0
15000.0
-10620.049651259018
-10508.289233456311
-8055.731573375821
-6092.951879550371
-3302.4261031144015
3111.2208466571537
15000.0
9546.47164470751
15000.0
4364.051614256231
15000.0
-7731.995277449823
3116.049433674132
15000.0
15000.0
-5595.167943429584
-4368.558223618253
-1851.4987250727254
-1567.7508801076483
-2353.106434464572
-1861.8461640788928
1524.2304341984955
6593.6462271358705
6813.005900506455
6930.067435718083
15000.0
-9696.969696969698
-4018.0236171535134
-4444.566472803422
-3018.9996272212993
255.0442069714445
921.2391368185799
64.56123556053171
3793.0717764767724
15000.0
12064.361875428545
-11969.69696969697
-9066.43874062357
-8570.808910447333
-8723.982579187315
-7291.728569684325
-6870.538805705121
-4850.017026719819
-647.5828096182304
15000.0
5760.162462098106
15000.0
15000.0
15000.0
15000.0
-9631.578947368424
-9560.484784864788
-9752.422481243524
-10260.037153584006
-10156.952481760083
-10183.178791122511
-9828.056976444983
15000.0
15000.0
15000.0
15000.0
15000.0
-11890.307856312913
-12694.140764435764
-11450.615625918745
-11133.751314619018
-11986.53617820661
-11490.086272516288
-10034.153284117521
-7360.3128814826305
484.0718164784894
15000.0
15000.0
11106.982103283419
14388.508250564624
5016.503066177215
15000.0
15000.0
15000.0
-15000.0
15000.0
15000.0
-15000.0
-15000.0
-15000.0
15000.0
15000.0
15000.0
-15000.0
-15000.0
-15000.0
-15000.0
-15000.0
15000.0
15000.0
15000.0
15000.0
15000.0
15000.0
-14335.66433566434
15000.0
15000.0
-15000.0
-15000.0
-15000.0
-15000.0
-15000.0
-15000.0
-15000.0
-15000.0
15000.0
15000.0
15000.0
15000.0
15000.0
15000.0
15000.0
15000.0
-15000.0
-15000.0
-15000.0
-13572.35621521336
-12465.620013707481
-11810.413692554906
2502.025738394067
15000.0
15000.0
15000.0
15000.0
15000.0
15000.0
-15000.0
-15000.0
-15000.0
-15000.0
-15000.0
-15000.0
15000.0
15000.0
15000.0
15000.0
15000.0
15000.0
15000.0
-13979.957050823195
-13827.867363038898
-14520.751603670971
-15000.0
-15000.0
15000.0
15000.0
15000.0
15000.0
15000.0
15000.0
-15000.0
15000.0
-15000.0
-13805.344511396386
-13981.988311317338
-15000.0
-15000.0
15000.0
15000.0
15000.0
15000.0
15000.0
-15000.0
-15000.0
-15000.0
-14215.20957763947
-15000.0
15000.0
15000.0
15000.0
15000.0
15000.0
15000.0
15000.0
-15000.0
-15000.0
15000.0
15000.0
-15000.0
-15000.0
-15000.0
-15000.0
-15000.0
-15000.0
-15000.0
-15000.0
15000.0
15000.0
15000.0
15000.0
15000.0
15000.0
15000.0
15000.0
-15000.0
-15000.0
-15000.0
15000.0
15000.0
15000.0
15000.0
15000.0
-15000.0
-15000.0
-15000.0
-15000.0
-15000.0
-15000.0
-15000.0
-15000.0
15000.0
15000.0
15000.0
15000.0
15000.0
15000.0
15000.0
15000.0
15000.0
-15000.0
-15000.0
-15000.0
-15000.0
-15000.0
15000.0
15000.0
15000.0
15000.0
15000.0
-14660.826446280993
-14600.19402386351
-15000.0
-15000.0
-15000.0
15000.0
15000.0
15000.0
15000.0
15000.0
-15000.0
-15000.0
-15000.0
-15000.0
-15000.0
-15000.0
15000.0
15000.0
15000.0
15000.0
15000.0
15000.0
15000.0
15000.0
-15000.0
-15000.0
-15000.0
-15000.0
-15000.0
-14264.99032882012
-12488.476742550909
-707.9104494685816
15000.0
15000.0
15000.0
15000.0
15000.0
15000.0
15000.0
15000.0
-15000.0
-15000.0
-15000.0
-15000.0
-15000.0
15000.0
15000.0
15000.0
15000.0
15000.0
15000.0
-15000.0
-15000.0
-15000.0
-13789.294817332207
15000.0
15000.0
15000.0
15000.0
15000.0
-15000.0
15000.0
15000.0
15000.0
-15000.0
15000.0
-15000.0
15000.0
15000.0
15000.0
-15000.0
-15000.0
-15000.0
-15000.0
-15000.0
-15000.0
-15000.0
-15000.0
15000.0
15000.0
15000.0
15000.0
15000.0
15000.0
15000.0
15000.0
-15000.0
-15000.0
15000.0
15000.0
15000.0
15000.0
-15000.0
-15000.0
-14561.605906783578
-15000.0
-15000.0
-15000.0
15000.0
15000.0
15000.0
15000.0
15000.0
15000.0
15000.0
15000.0
15000.0
-15000.0
-15000.0
15000.0
15000.0
15000.0
15000.0
-15000.0
-15000.0
-14246.070102253656
-14572.220414202584
-15000.0
-15000.0
-15000.0
-15000.0
15000.0
15000.0
15000.0
15000.0
15000.0
15000.0
15000.0
15000.0
-14334.091051245858
-15000.0
-15000.0
-15000.0
-15000.0
-15000.0
-15000.0
15000.0
15000.0
15000.0
15000.0
15000.0
15000.0
15000.0
15000.0
15000.0
-15000.0
-15000.0
-15000.0
-15000.0
-11924.736984084171
-7094.387822595108
6594.28747147309
15000.0
15000.0
15000.0
-9646.01212526171
15000.0
15000.0
-15000.0
-15000.0
-15000.0
-15000.0
15000.0
15000.0
15000.0
15000.0
15000.0
15000.0
15000.0
-15000.0
-15000.0
-14210.088691796012
-14047.270153584832
-11160.82290446181
-7737.834003014814
5630.670662358495
15000.0
15000.0
15000.0
15000.0
15000.0
15000.0
-15000.0
-15000.0
15000.0
15000.0
15000.0
-15000.0
-15000.0
15000.0
15000.0
-15000.0
-15000.0
-15000.0
-15000.0
-15000.0
-15000.0
15000.0
15000.0
15000.0
15000.0
15000.0
15000.0
15000.0
-15000.0
15000.0
-15000.0
-15000.0
-15000.0
-15000.0
-15000.0
-15000.0
-15000.0
-15000.0
15000.0
15000.0
15000.0
15000.0
15000.0
15000.0
15000.0
15000.0
15000.0
-13708.312875325755
-13953.533091007092
-13074.945116085513
-13695.121861738553
-14482.982032709271
-15000.0
-15000.0
-15000.0
15000.0
15000.0
15000.0
15000.0
15000.0
15000.0
15000.0
15000.0
-14684.595793223049
-15000.0
-15000.0
-15000.0
-15000.0
-15000.0
-15000.0
7418.2216799749085
15000.0
15000.0
15000.0
15000.0
15000.0
15000.0
15000.0
15000.0
-15000.0
-15000.0
-15000.0
-15000.0
-14287.722586691663
-15000.0
15000.0
15000.0
15000.0
15000.0
15000.0