Demand
-15000.0
-15000.0
15000.0
15000.0
15000.0
15000.0
15000.0
15000.0
15000.0
15000.0
15000.0
15000.0
15000.0
15000.0
15000.0
-15000.0
-15000.0
-15000.0
-15000.0
-15000.0
-15000.0
-15000.0
15000.0
15000.0
15000.0
15000.0
15000.0
15000.0
15000.0
15000.0
-14326.72821303628
-15000.0
-15000.0
-15000.0
-15000.0
-15000.0
15000.0
15000.0
15000.0
15000.0
15000.0
15000.0
15000.0
15000.0
-14676.713660670881
-14646.512304224878
-15000.0
-15000.0
-15000.0
-15000.0
-15000.0
15000.0
15000.0
15000.0
15000.0
15000.0
15000.0
15000.0
15000.0
-15000.0
-15000.0
15000.0
15000.0
-15000.0
15000.0
-11996.369881728406
-12128.67725178755
-11852.119569201313
-10576.95610296444
-10396.142631692408
-11230.340196625792
-9677.642967836047
-1431.4770779320488
15000.0
12226.333957597266
15000.0
15000.0
15000.0
15000.0
11440.613995404114
15000.0
-11113.636363636368
-11366.871605561239
7355.654019859576
15000.0
15000.0
-13423.381891941735
-14322.313364826095
-14627.14523226174
-15000.0
-15000.0
-15000.0
-13947.14067477511
-7659.808299877299
15000.0
15000.0
15000.0
15000.0
15000.0
15000.0
15000.0
15000.0
-13380.681818181823
-14296.999380368048
-15000.0
-15000.0
-15000.0
-15000.0
-15000.0
15000.0
15000.0
15000.0
15000.0
15000.0
15000.0
15000.0
15000.0
-15000.0
-15000.0
-15000.0
-15000.0
-15000.0
-13864.259028642595
5180.975410347385
15000.0
15000.0
15000.0
15000.0
15000.0
15000.0
15000.0
-15000.0
-15000.0
-15000.0
15000.0
15000.0
15000.0
15000.0
-14695.875230863945
-14668.62290975227
-15000.0
-15000.0
-15000.0
-15000.0
-15000.0
15000.0
15000.0
15000.0
15000.0
15000.0
15000.0
15000.0
-14081.117442447252
-14635.39133907577
-15000.0
-15000.0
15000.0
15000.0
15000.0
15000.0
-15000.0
-15000.0
-15000.0
-15000.0
-15000.0
15000.0
15000.0
15000.0
15000.0
15000.0
-15000.0
-14135.463077068918
-12106.772255391566
-10109.008599110144
1400.3286393113049
15000.0
15000.0
15000.0
15000.0
15000.0
-15000.0
-15000.0
-15000.0
-15000.0
-15000.0
-15000.0
-15000.0
-15000.0
15000.0
15000.0
15000.0
15000.0
15000.0
15000.0
15000.0
15000.0
15000.0
-14342.587634386458
-15000.0
-15000.0
-15000.0
-15000.0
-15000.0
-15000.0
15000.0
15000.0
15000.0
15000.0
15000.0
15000.0
15000.0
15000.0
-13715.689082326073
-13526.238302983576
-14093.109866397699
-15000.0
-15000.0
15000.0
15000.0
15000.0
15000.0
15000.0
-14688.91133903787
-14653.116638982847
-15000.0
-15000.0
-15000.0
-15000.0
15000.0
15000.0
15000.0
15000.0
15000.0
15000.0
-15000.0
-13305.76839343549
-11953.891891838088
15000.0
15000.0
15000.0
15000.0
-15000.0
-14606.714951405655
-10601.895250407091
-6525.637519682589
-3005.258981235912
15000.0
15000.0
9981.953384400382
15000.0
3133.2673342452017
15000.0
-9828.322362568942
-9497.310660171308
-8704.967516851953
-8070.669479428136
-5384.265842856712
-1829.532899680311
1606.8639860670346
4526.322152103582
9662.940542492703
13444.132161389127
5303.623655858912
9672.005078801543
-10757.575757575758
-5046.565774155999
-3611.595841019349
-3884.419688553535
-4820.189963585407
-2411.250705815236
273.6953698632642
-621.8874457216043
-586.2893278345127
2625.7819003430623
8981.436556306002
7247.880605039936
5204.410518304707
15000.0
-11212.121212121212
-1776.2203963267393
1811.994046883632
15000.0
10467.427443133423
15000.0
-10137.296720874434
-10286.785115668656
-9878.364106759087
-9362.599011233891
-7721.478242415669
15000.0
15000.0
15000.0
15000.0
-10490.06943323107
-9161.445363772818
-9098.901646329745
-9345.41941905317
-9972.248004925292
-10056.354709745243
-10585.099674404199
-12330.053473114298
15000.0
15000.0
15000.0
15000.0
15000.0
15000.0
15000.0
-11925.750584287176
-11574.136002569336
-12200.873894748947
-11354.568958506086
-8010.983734873153
15000.0
15000.0
15000.0
4671.644005360519
15000.0
-11239.002932551324
-11616.960451141564
-12374.285216811655
-14127.782931170881
-15000.0
-15000.0
-15000.0
15000.0
15000.0
15000.0
15000.0
15000.0
15000.0
-15000.0
-15000.0
15000.0
15000.0
15000.0
15000.0
-15000.0
-15000.0
-15000.0
-13651.738547662226
-11613.888201656871
-11829.309642296776
-11658.70418916037
15000.0
15000.0
15000.0
15000.0
15000.0
15000.0
15000.0
-15000.0
15000.0
-15000.0
-13927.22710163112
-14590.120486297608
-15000.0
-15000.0
-15000.0
15000.0
15000.0
15000.0
15000.0
15000.0
15000.0
15000.0
-13777.392485611126
-14017.415428367782
-14284.939916020972
-15000.0
-15000.0
-15000.0
-15000.0
-15000.0
15000.0
15000.0
15000.0
15000.0
15000.0
15000.0
15000.0
15000.0
-15000.0
-15000.0
-15000.0
-15000.0
-15000.0
-15000.0
15000.0
15000.0
15000.0
15000.0
15000.0
15000.0
-15000.0
-15000.0
-15000.0
-15000.0
15000.0
15000.0
15000.0
15000.0
15000.0
-14348.654139156937
-15000.0
-15000.0
-15000.0
-15000.0
15000.0
15000.0
15000.0
15000.0
15000.0
-15000.0
-14579.410234462845
-15000.0
-15000.0
15000.0
15000.0
15000.0
15000.0
15000.0
-15000.0
-15000.0
-15000.0
-15000.0
15000.0
15000.0
15000.0
15000.0
15000.0
15000.0
-15000.0
-15000.0
-15000.0
-15000.0
-15000.0
-13276.318276318285
-10427.326346738297
15000.0
15000.0
15000.0
15000.0
15000.0
15000.0
15000.0
-15000.0
-15000.0
-14238.398684413387
-15000.0
-15000.0
-15000.0
-15000.0
-15000.0
15000.0
15000.0
15000.0
15000.0
15000.0
15000.0
15000.0
15000.0
-14318.086785499403
-15000.0
-15000.0
-15000.0
-15000.0
-15000.0
-15000.0
15000.0
15000.0
15000.0
15000.0
15000.0
15000.0
15000.0
15000.0
15000.0
-14660.43131180746
-14607.395412667174
-15000.0
-15000.0
-15000.0
15000.0
15000.0
15000.0
15000.0
15000.0
15000.0
-15000.0
-15000.0
-15000.0
-15000.0
-15000.0
-15000.0
-15000.0
15000.0
15000.0
15000.0
15000.0
15000.0
15000.0
15000.0
15000.0
-15000.0
-15000.0
-15000.0
-14550.579515887403
-13857.124694458733
-13298.08639529701
-10591.388830750235
15000.0
15000.0
15000.0
15000.0
15000.0
15000.0
15000.0
-15000.0
-15000.0
15000.0
15000.0
-15000.0
-14651.056014692378
-14226.140274536177
-15000.0
-15000.0
-15000.0
-15000.0
-15000.0
15000.0
15000.0
15000.0
15000.0
15000.0
15000.0
15000.0
15000.0
-15000.0
-15000.0
-15000.0
-15000.0
-15000.0
-15000.0
-15000.0
15000.0
15000.0
15000.0
15000.0
15000.0
15000.0
15000.0
15000.0
15000.0
-15000.0
-15000.0
-14137.16255991927
-13892.827635016485
-13270.495849085033
-11800.506081592714
15000.0
15000.0
15000.0
15000.0
15000.0
15000.0
-15000.0
-15000.0
-15000.0
-15000.0
-15000.0
-15000.0
-13921.911514141593
-15000.0
15000.0
15000.0
15000.0
15000.0
15000.0
15000.0
15000.0
15000.0
15000.0
-15000.0
-15000.0
15000.0
15000.0
15000.0
-15000.0
15000.0
-15000.0
15000.0
15000.0
15000.0
15000.0
-15000.0
-15000.0
-15000.0
15000.0
15000.0
15000.0
15000.0
-14088.243135163957
-13337.605035352342
-12765.406732505551
-12396.603510777291
-12825.330797341176
-13370.82546861314
-15000.0
15000.0
15000.0
15000.0
15000.0
15000.0
15000.0
-15000.0
-13908.959058373028
-15000.0
-15000.0
-15000.0
15000.0
15000.0
15000.0
15000.0
15000.0
-15000.0
-15000.0
-12668.88138544525
-10157.708552652824
-7710.409366318854
-3830.547773317772
15000.0
15000.0
15000.0
15000.0
15000.0
15000.0
-15000.0
-15000.0
-15000.0
15000.0
15000.0
15000.0
15000.0
15000.0
-15000.0
-15000.0
-15000.0
-15000.0
15000.0
15000.0
15000.0
15000.0
15000.0
-13743.801652892562
-13965.091921804946
-14216.13414562156
-15000.0
-15000.0
-15000.0
15000.0
15000.0
15000.0
15000.0
15000.0
15000.0
15000.0
-15000.0
15000.0
15000.0
-15000.0
-15000.0
-15000.0
-15000.0
15000.0
15000.0
15000.0
15000.0
15000.0
-15000.0
-15000.0
-15000.0
-15000.0
-15000.0
-15000.0
15000.0
15000.0
15000.0
15000.0
15000.0
15000.0
-15000.0
-15000.0
15000.0
15000.0
-13301.043219076008
15000.0
15000.0
-14351.020225323093
-14295.937163531184
-13829.674817372463
-13221.006114216398
-13411.39342016996
-11557.046490018754
-11889.35249160506
-12105.861067048132
15000.0
15000.0
15000.0
15000.0
15000.0
15000.0
15000.0
15000.0
-14088.24313516396
7064.30740414936
15000.0
15000.0
-15000.0
-15000.0
15000.0
15000.0
-15000.0
-15000.0
-13383.596008071116
-12685.70164486513
-12227.113978979658
-12110.86302147212
-11573.854071673977
-11067.495770490114
15000.0
15000.0
15000.0
15000.0
15000.0
15000.0
15000.0
15000.0
-15000.0
-14581.123745180113
-15000.0
-15000.0
15000.0
15000.0