Demand
-15000.0
-15000.0
15000.0
15000.0
15000.0
15000.0
15000.0
15000.0
15000.0
15000.0
15000.0
15000.0
15000.0
15000.0
-15000.0
-15000.0
-15000.0
-15000.0
-15000.0
-15000.0
15000.0
15000.0
15000.0
15000.0
15000.0
15000.0
15000.0
15000.0
-15000.0
-14206.864564007428
-14016.548213631402
-15000.0
-15000.0
15000.0
15000.0
15000.0
15000.0
15000.0
15000.0
-15000.0
-15000.0
-15000.0
-15000.0
-13667.074099078538
15000.0
15000.0
15000.0
15000.0
15000.0
15000.0
-15000.0
-15000.0
-11125.743415463035
-8108.773066326703
-2578.6421659947664
15000.0
15000.0
15000.0
15000.0
15000.0
-15000.0
-15000.0
15000.0
15000.0
15000.0
-12214.076246334313
-11852.108559498956
-9363.644842575606
15000.0
15000.0
15000.0
-13026.868870023904
-12143.329488080388
-12239.973118414211
-12749.746630651098
-13363.941072857662
-11279.971280918173
-4865.539658929986
15000.0
15000.0
15000.0
9682.87140609969
15000.0
8228.800493212118
15000.0
15000.0
-13337.384540593102
-14263.067851131524
-14572.934643740267
-15000.0
-15000.0
-15000.0
15000.0
15000.0
15000.0
15000.0
15000.0
15000.0
15000.0
-14693.383539537386
-13296.009942683813
-13053.445637372854
-12639.562907054242
-13711.495594151082
-15000.0
15000.0
15000.0
15000.0
15000.0
15000.0
15000.0
-15000.0
-15000.0
-15000.0
15000.0
15000.0
15000.0
-15000.0
-15000.0
-15000.0
-15000.0
-15000.0
-10620.998719590294
15000.0
15000.0
15000.0
15000.0
15000.0
15000.0
-15000.0
-15000.0
-15000.0
-15000.0
-15000.0
-15000.0
-15000.0
-11176.103138024802
15000.0
15000.0
15000.0
15000.0
15000.0
15000.0
15000.0
15000.0
15000.0
-15000.0
-13016.528925619841
-12000.649210127682
-9046.797733677784
-573.066518621581
15000.0
15000.0
15000.0
15000.0
15000.0
-15000.0
-15000.0
-15000.0
15000.0
15000.0
15000.0
-15000.0
-15000.0
15000.0
15000.0
15000.0
15000.0
-15000.0
-15000.0
-15000.0
-13560.606060606067
-6286.624203821678
15000.0
15000.0
15000.0
15000.0
15000.0
15000.0
-15000.0
-15000.0
-15000.0
-15000.0
15000.0
15000.0
15000.0
15000.0
-15000.0
-15000.0
-15000.0
-15000.0
-15000.0
-15000.0
15000.0
15000.0
15000.0
15000.0
15000.0
15000.0
15000.0
15000.0
-15000.0
-15000.0
-15000.0
-15000.0
-15000.0
-13570.532915360509
-13832.03507113619
-9129.143202879164
15000.0
15000.0
15000.0
15000.0
15000.0
15000.0
15000.0
15000.0
-15000.0
-13894.570669759323
-13321.233929754337
-12497.379167669213
-13707.790690152931
-13949.292588400112
-9377.842222554169
15000.0
15000.0
15000.0
15000.0
15000.0
15000.0
15000.0
-15000.0
-15000.0
-15000.0
15000.0
15000.0
15000.0
15000.0
-15000.0
-15000.0
-15000.0
-15000.0
-14224.295381968335
5811.585945688453
15000.0
15000.0
15000.0
15000.0
14655.08734394093
-12424.242424242426
-9227.179453233606
-8576.885642301408
-7556.272601344284
-5747.6568828567215
-1067.57219766044
9616.360173077774
15000.0
14876.758618107766
1342.0606681888348
15000.0
-3484.848484848494
3671.034160037433
12053.901955468875
-10454.545454545456
-5123.762376237624
-3898.7952162169786
-2160.067963850649
-2344.853377023872
-3249.570412038488
-118.68106414575414
3367.0842539668447
2254.433378942743
2553.068323055638
7148.019690229568
13204.70310201811
4903.1321914552345
12971.19337385878
-11818.18181818182
-6825.8835988174615
-6761.53175391426
-7708.089034168012
-8247.17205724457
-7372.980326624268
-7073.036208235415
-4107.322376406787
-1180.8597134932988
10806.58882815631
12565.707172901979
7627.810474654911
15000.0
15000.0
15000.0
-12365.68457538995
-9887.677257688287
-8016.735411037516
-7401.685722104959
-6776.778749574992
-5738.8952504880035
2550.5471581080665
15000.0
15000.0
15000.0
15000.0
15000.0
-15000.0
-13317.591499409686
-7930.1756180458615
15000.0
15000.0
1307.6129184763013
15000.0
-12732.009549433482
-12213.61491333046
-11579.79280426367
-10345.70473235708
-8241.121274467994
-7643.645986143554
-5780.283947383239
-3175.2037526862905
1990.339524367615
15000.0
-7050.008576547756
15000.0
15000.0
15000.0
15000.0
15000.0
-15000.0
-15000.0
-13016.200256311964
-12138.12076113067
15000.0
15000.0
15000.0
15000.0
-15000.0
-15000.0
-15000.0
-15000.0
-15000.0
-11971.997752060826
1091.5576092724505
15000.0
15000.0
15000.0
15000.0
15000.0
15000.0
15000.0
15000.0
-15000.0
-15000.0
-15000.0
-15000.0
-12617.55485893417
-13249.046667877254
15000.0
15000.0
15000.0
15000.0
15000.0
15000.0
15000.0
-15000.0
-15000.0
-13825.735566002855
-13213.66228223838
-13402.989848856661
-13612.552072942573
-15000.0
-15000.0
15000.0
15000.0
15000.0
15000.0
15000.0
15000.0
15000.0
15000.0
-15000.0
-15000.0
-15000.0
-15000.0
15000.0
15000.0
15000.0
15000.0
15000.0
-14018.229217759927
-13928.44874911931
-14600.420543026095
-15000.0
-15000.0
-15000.0
-15000.0
15000.0
15000.0
15000.0
15000.0
15000.0
15000.0
15000.0
15000.0
-14225.438238891158
-15000.0
15000.0
15000.0
15000.0
15000.0
-15000.0
-15000.0
-15000.0
-15000.0
15000.0
15000.0
15000.0
15000.0
15000.0
15000.0
-15000.0
-15000.0
-15000.0
-15000.0
-15000.0
15000.0
15000.0
15000.0
15000.0
15000.0
15000.0
15000.0
-15000.0
-15000.0
-15000.0
-15000.0
-15000.0
15000.0
15000.0
15000.0
15000.0
15000.0
15000.0
-15000.0
-15000.0
-15000.0
-15000.0
15000.0
15000.0
15000.0
15000.0
15000.0
-15000.0
-15000.0
-15000.0
-15000.0
-15000.0
-15000.0
-15000.0
15000.0
15000.0
15000.0
15000.0
15000.0
15000.0
15000.0
15000.0
-15000.0
-15000.0
-15000.0
-15000.0
-15000.0
15000.0
15000.0
15000.0
15000.0
15000.0
15000.0
-14669.104841518638
-14533.980035099506
-13561.73579591803
15000.0
15000.0
15000.0
-15000.0
-15000.0
-15000.0
-15000.0
-15000.0
-15000.0
-15000.0
15000.0
15000.0
15000.0
15000.0
15000.0
15000.0
15000.0
15000.0
-14650.01934262371
-14571.482840852972
-15000.0
-15000.0
15000.0
15000.0
15000.0
15000.0
15000.0
-14694.150385891815
-14341.346908949388
-14278.897516154619
-14189.587382900008
-14525.715585475999
-15000.0
-15000.0
-15000.0
15000.0
15000.0
15000.0
15000.0
15000.0
15000.0
15000.0
15000.0
-14535.956580732698
15000.0
15000.0
15000.0
-15000.0
-15000.0
-15000.0
-15000.0
15000.0
15000.0
15000.0
15000.0
-15000.0
-15000.0
15000.0
15000.0
15000.0
-15000.0
15000.0
-15000.0
-15000.0
-15000.0
-15000.0
15000.0
15000.0
15000.0
15000.0
15000.0
-15000.0
-15000.0
-15000.0
-15000.0
-15000.0
-13689.6551724138
-13091.193160166571
-10811.70062263326
15000.0
15000.0
15000.0
15000.0
15000.0
15000.0
15000.0
15000.0
15000.0
-15000.0
15000.0
-15000.0
15000.0
15000.0
15000.0
-15000.0
-15000.0
-15000.0
-14169.580419580423
15000.0
15000.0
15000.0
15000.0
15000.0
-15000.0
-15000.0
-15000.0
15000.0
15000.0
15000.0
15000.0
-15000.0
-15000.0
-15000.0
-14057.851239669428
-14370.699908164344
-15000.0
15000.0
15000.0
15000.0
15000.0
15000.0
15000.0
15000.0
-13386.44451633776
-12899.693584901983
-12677.382324676659
-13233.675260714266
-13930.42826751382
-15000.0
-15000.0
15000.0
15000.0
15000.0
15000.0
15000.0
15000.0
15000.0
15000.0
-15000.0
-15000.0
-15000.0
-15000.0
-15000.0
15000.0
15000.0
15000.0
15000.0
15000.0
-12335.826127599914
-12001.772505543071
-12786.851499268967
-12073.747698033007
-11002.975553366545
2617.294032185394
15000.0
15000.0
15000.0
15000.0
15000.0
-15000.0
-15000.0
-14553.719008264467
-15000.0
-15000.0
-15000.0
15000.0
15000.0
15000.0
15000.0
15000.0
15000.0
-12944.819735928555
-12304.178506558255
-12294.479612713101
-12706.81750089861
-12327.87245931903
-8502.18403565824
15000.0
15000.0
15000.0
15000.0
15000.0
15000.0
-15000.0
-15000.0
-15000.0
-15000.0
-15000.0
-15000.0
-15000.0
15000.0
15000.0
15000.0
15000.0
15000.0
15000.0
15000.0
-15000.0
-15000.0
-15000.0
-15000.0
15000.0
15000.0
15000.0
15000.0
15000.0
15000.0
-15000.0
-15000.0
-15000.0
-15000.0
-15000.0
-15000.0
-15000.0
15000.0
15000.0
15000.0
15000.0
15000.0
15000.0
15000.0
15000.0
-14020.758768790267
-13068.880814432076
-13493.604248043652
-14119.789329059906
15000.0
15000.0
15000.0
15000.0
15000.0
-15000.0
-15000.0
-13767.32078494193
-13972.692774183062
-13478.377602633922
-12956.029226126546
15000.0
15000.0
15000.0
15000.0
15000.0
15000.0
-15000.0
-13483.740107734258
-12762.783336401277
-12144.176247170555
-11515.136427518944
-6823.451262823058
15000.0
15000.0
15000.0
15000.0
15000.0
15000.0
-15000.0
-15000.0
-14594.818734697103
-15000.0
-14230.889294876768
-15000.0
15000.0
15000.0
15000.0