Demand
-15000.0
-15000.0
-15000.0
-15000.0
-15000.0
-15000.0
15000.0
15000.0
15000.0
15000.0
15000.0
15000.0
15000.0
15000.0
15000.0
-15000.0
-15000.0
-15000.0
-15000.0
-15000.0
-15000.0
15000.0
15000.0
15000.0
15000.0
15000.0
15000.0
15000.0
-15000.0
-14240.56845982221
-14112.535449513427
-15000.0
-15000.0
-15000.0
15000.0
15000.0
15000.0
15000.0
15000.0
15000.0
15000.0
-15000.0
-15000.0
-14579.81374685745
-14463.501824770596
-14169.587297703692
-15000.0
15000.0
15000.0
15000.0
15000.0
15000.0
15000.0
-11791.980816509942
-11795.587898475012
-12110.813455508447
-12913.28807876453
-13351.040403379702
-15000.0
15000.0
15000.0
15000.0
15000.0
15000.0
-12570.625757208476
-9270.54609364015
10429.084005402505
15000.0
15000.0
15000.0
-13161.855036855039
-13025.448301058459
-12120.320123618589
-12186.759195972332
-12662.402421252176
-13235.72687155666
-10600.476153190368
1185.9617574154527
15000.0
15000.0
15000.0
15000.0
15000.0
6392.925827772436
15000.0
-13258.212375859439
15000.0
15000.0
-13848.484848484859
15000.0
-15000.0
-15000.0
-14461.018391565405
-13325.635837051403
-15000.0
15000.0
15000.0
15000.0
15000.0
15000.0
15000.0
-13321.909970508961
-13116.37324342598
-14115.867300360966
-15000.0
-15000.0
-15000.0
15000.0
15000.0
15000.0
15000.0
15000.0
15000.0
-15000.0
-15000.0
-15000.0
-14478.996282959168
-15000.0
-15000.0
-15000.0
15000.0
15000.0
15000.0
15000.0
15000.0
15000.0
15000.0
15000.0
-15000.0
-15000.0
-15000.0
-15000.0
-15000.0
15000.0
15000.0
15000.0
15000.0
15000.0
15000.0
15000.0
-15000.0
-15000.0
-15000.0
15000.0
15000.0
15000.0
-15000.0
-13177.749360613816
-12498.264554566515
-10985.219603593549
-9761.391519701574
-9829.734769360304
-1227.3390077162512
15000.0
15000.0
15000.0
15000.0
15000.0
15000.0
-15000.0
15000.0
15000.0
-15000.0
-15000.0
15000.0
15000.0
-15000.0
-15000.0
-15000.0
-15000.0
-15000.0
15000.0
15000.0
15000.0
15000.0
15000.0
-15000.0
-15000.0
-15000.0
-15000.0
-15000.0
15000.0
15000.0
15000.0
15000.0
15000.0
15000.0
-15000.0
-15000.0
-15000.0
-15000.0
15000.0
15000.0
15000.0
15000.0
15000.0
-14649.284725426856
-14140.454819830462
-15000.0
-15000.0
15000.0
15000.0
15000.0
15000.0
15000.0
-15000.0
-13772.796998307094
883.643680924004
15000.0
15000.0
15000.0
-13773.534158149545
-13646.144981105692
-13451.15385759543
-14057.928857591607
-15000.0
-15000.0
15000.0
15000.0
15000.0
15000.0
15000.0
15000.0
-14637.63509218055
-15000.0
-15000.0
15000.0
15000.0
15000.0
15000.0
15000.0
-15000.0
-15000.0
-15000.0
-15000.0
-12256.684491978613
2701.216616126537
15000.0
15000.0
15000.0
15000.0
15000.0
-14669.947886508395
-11713.362358454928
-9700.443700165593
-9431.371943213027
-6097.037617478047
-3207.7959698616114
809.0622094922292
8153.813120289282
14318.829230215939
9733.539605452648
15000.0
6374.480566403228
15000.0
15000.0
-7883.895131086141
-6194.803968644905
-5075.353805599261
-4584.557952230472
-3193.704736609121
-385.3516036751753
-119.47994594520424
-1076.8768576857256
-694.05607750932
2564.5629050058924
6964.533334284481
6586.587114709083
5804.668422369107
15000.0
3712.7350855906625
15000.0
-6112.348600863152
-5494.359070581399
-3800.961585042256
-4142.538090372812
-5883.113841447584
-6840.825276174568
-4364.736717506102
-3777.158833619428
-4414.8308794304685
-4026.417799618921
318.96428562674555
6874.908729575941
15000.0
10593.125959285899
15000.0
1379.9342931985739
15000.0
-12884.972170686458
-13309.183130748377
-10934.968271177338
-6353.837064552049
15000.0
15000.0
15000.0
15000.0
15000.0
-9639.498432601886
15000.0
-14330.417861755548
-15000.0
-15000.0
-15000.0
-15000.0
-9646.587451110063
15000.0
15000.0
15000.0
15000.0
15000.0
10214.032512680878
15000.0
15000.0
-11262.295081967211
-9483.893589618237
-8699.361720354289
-5929.184431175592
3739.620094874711
15000.0
15000.0
8771.486909029678
15000.0
-15000.0
-15000.0
-15000.0
-15000.0
-15000.0
15000.0
15000.0
15000.0
15000.0
15000.0
15000.0
-15000.0
15000.0
15000.0
-15000.0
-15000.0
-15000.0
-13354.010695187168
-10278.205393192547
-8918.888262775094
15000.0
15000.0
15000.0
15000.0
15000.0
15000.0
15000.0
-15000.0
-15000.0
-15000.0
15000.0
15000.0
15000.0
15000.0
-15000.0
-15000.0
-15000.0
15000.0
15000.0
15000.0
15000.0
-15000.0
-13967.391304347828
-13436.588130859724
-13603.136577428795
-13772.660636497203
-15000.0
-15000.0
15000.0
15000.0
15000.0
15000.0
15000.0
15000.0
15000.0
15000.0
-15000.0
15000.0
-15000.0
-15000.0
-15000.0
-15000.0
-15000.0
15000.0
15000.0
15000.0
15000.0
15000.0
15000.0
15000.0
-15000.0
-15000.0
-15000.0
-15000.0
-15000.0
-15000.0
-15000.0
-15000.0
15000.0
15000.0
15000.0
15000.0
15000.0
15000.0
15000.0
15000.0
-15000.0
-15000.0
-15000.0
-15000.0
15000.0
15000.0
15000.0
15000.0
15000.0
-15000.0
-15000.0
-15000.0
15000.0
15000.0
15000.0
15000.0
-15000.0
15000.0
15000.0
15000.0
-15000.0
-15000.0
-15000.0
-15000.0
15000.0
15000.0
15000.0
15000.0
15000.0
-14342.686911397272
-14617.751969431221
-15000.0
-15000.0
-15000.0
15000.0
15000.0
15000.0
15000.0
15000.0
-13482.267131579843
15000.0
15000.0
15000.0
-15000.0
-15000.0
-15000.0
15000.0
15000.0
15000.0
15000.0
15000.0
-15000.0
-14622.159090909092
-14000.786113994749
-15000.0
15000.0
15000.0
15000.0
15000.0
15000.0
-15000.0
-15000.0
-15000.0
15000.0
15000.0
15000.0
-15000.0
15000.0
-14668.742216687424
-14636.221529810427
-14589.267081571252
-15000.0
-15000.0
-15000.0
-15000.0
15000.0
15000.0
15000.0
15000.0
15000.0
15000.0
15000.0
15000.0
-15000.0
-15000.0
15000.0
15000.0
-15000.0
-15000.0
-14502.70803036603
-14270.569910314262
-15000.0
15000.0
15000.0
15000.0
15000.0
15000.0
15000.0
-14686.044029191093
-14305.796386233844
-14207.723589281562
-14043.46982823038
-14356.31568266299
-15000.0
15000.0
15000.0
15000.0
15000.0
15000.0
15000.0
15000.0
-15000.0
-15000.0
-15000.0
-14389.47650287857
-12890.875063301934
-15000.0
15000.0
15000.0
15000.0
15000.0
15000.0
15000.0
-14669.374315490637
-15000.0
-15000.0
-15000.0
-15000.0
-15000.0
15000.0
15000.0
15000.0
15000.0
15000.0
15000.0
-15000.0
-15000.0
-15000.0
-14464.562711214829
-15000.0
-15000.0
15000.0
15000.0
15000.0
15000.0
15000.0
15000.0
15000.0
15000.0
-14371.900826446283
-14656.484471947602
-15000.0
-15000.0
-15000.0
-15000.0
-15000.0
15000.0
15000.0
15000.0
15000.0
15000.0
15000.0
15000.0
-13862.094296763997
15000.0
15000.0
-15000.0
-15000.0
-14474.345273436673
-15000.0
6517.397595247124
15000.0
15000.0
15000.0
15000.0
15000.0
-15000.0
-15000.0
15000.0
15000.0
15000.0
-15000.0
-15000.0
-15000.0
-5359.408033826683
15000.0
15000.0
15000.0
15000.0
-15000.0
-15000.0
15000.0
15000.0
-13981.056774247194
-13134.507376763428
-12487.240042072852
-12080.49331074459
-12597.431711548783
-13298.261031961647
-15000.0
15000.0
15000.0
15000.0
15000.0
15000.0
15000.0
15000.0
15000.0
-15000.0
-15000.0
-15000.0
-15000.0
-15000.0
-15000.0
15000.0
15000.0
15000.0
15000.0
15000.0
15000.0
15000.0
-13413.729128014846
-13258.03510578342
-13422.51221909003
-14528.890047910238
-15000.0
-15000.0
15000.0
15000.0
15000.0
15000.0
15000.0
15000.0
15000.0
-15000.0
-15000.0
-15000.0
-15000.0
-15000.0
15000.0
15000.0
15000.0
15000.0
15000.0
15000.0
15000.0
-13937.668254296954
-14054.603513793507
-15000.0
15000.0
15000.0
15000.0
15000.0
-15000.0
-15000.0
-15000.0
-15000.0
-15000.0
-15000.0
-15000.0
-15000.0
15000.0
15000.0
15000.0
15000.0
15000.0
15000.0
15000.0
15000.0
-15000.0
-15000.0
-15000.0
-15000.0
-15000.0
-15000.0
15000.0
15000.0
15000.0
15000.0
15000.0
15000.0
15000.0
-15000.0
-15000.0
-15000.0
-15000.0
-13023.284617290075
-8459.303688958145
15000.0
15000.0
15000.0
15000.0
15000.0
15000.0
-12806.145516069264
15000.0
-14687.063555096098
-15000.0
-15000.0
-15000.0
15000.0
15000.0
15000.0
15000.0
-14010.723669076327
-14266.859180904037
-14151.433794148765
-14475.397702626757
-14250.323230264796
-15000.0
15000.0
15000.0
15000.0
15000.0
15000.0
15000.0
15000.0
-13364.620050823843
-13577.808598663752
-13810.946209970814
-14540.475086069717
-15000.0
-15000.0
-15000.0
15000.0
15000.0
15000.0
15000.0
15000.0
15000.0
15000.0
15000.0
-15000.0
-15000.0
15000.0