Demand
-15000.0
15000.0
15000.0
15000.0
15000.0
15000.0
15000.0
15000.0
15000.0
15000.0
15000.0
-15000.0
-15000.0
-15000.0
15000.0
15000.0
15000.0
15000.0
-15000.0
-15000.0
-15000.0
-15000.0
-15000.0
15000.0
15000.0
15000.0
15000.0
15000.0
-15000.0
-14086.329287840628
-13655.283578541832
-15000.0
15000.0
15000.0
15000.0
15000.0
15000.0
-15000.0
-15000.0
-15000.0
-15000.0
-15000.0
-15000.0
15000.0
15000.0
15000.0
15000.0
15000.0
15000.0
15000.0
-15000.0
-15000.0
-11892.462859479354
-10460.853909355847
-9938.890604644392
-9393.319417072391
-7884.764698652074
15000.0
15000.0
15000.0
15000.0
15000.0
15000.0
-15000.0
-12847.80714493175
-11413.817286013087
-11379.2784624403
-10675.934331143038
-7997.41740990827
-5760.902840814156
-1979.0480612099136
15000.0
15000.0
15000.0
15000.0
15000.0
15000.0
15000.0
-11556.836902800656
-10563.079532766344
-10058.229191098922
-9714.504286332081
-10599.463923717962
-7387.762011504631
-1165.760051556641
15000.0
15000.0
15000.0
15000.0
15000.0
-15000.0
-15000.0
-14618.18181818182
-14137.664175474289
-15000.0
-15000.0
-15000.0
-15000.0
15000.0
15000.0
15000.0
15000.0
15000.0
15000.0
15000.0
15000.0
15000.0
-15000.0
-15000.0
-15000.0
-15000.0
-15000.0
-15000.0
15000.0
15000.0
15000.0
15000.0
15000.0
15000.0
15000.0
-15000.0
-15000.0
-14549.966162869387
-13674.53015043361
-11357.008471746063
15000.0
15000.0
15000.0
15000.0
15000.0
-15000.0
-15000.0
-15000.0
-15000.0
-15000.0
-15000.0
-13155.9365901003
-13065.060402684576
15000.0
15000.0
15000.0
15000.0
15000.0
15000.0
15000.0
15000.0
15000.0
-13359.240069084633
-12800.749343200187
-11598.294747219643
-10820.880350289706
-11366.89631998488
-10303.84053758328
15000.0
15000.0
15000.0
15000.0
15000.0
15000.0
-15000.0
-15000.0
-15000.0
-15000.0
-15000.0
15000.0
15000.0
15000.0
15000.0
15000.0
15000.0
-15000.0
-14315.93159315932
-13025.219019915894
-12593.52016372823
-13673.138532592577
-15000.0
15000.0
15000.0
15000.0
15000.0
15000.0
15000.0
-15000.0
15000.0
15000.0
-15000.0
-15000.0
-15000.0
-15000.0
15000.0
15000.0
15000.0
15000.0
15000.0
15000.0
-14684.035476718404
-14641.700275543102
-14139.667503520392
-15000.0
-15000.0
15000.0
15000.0
15000.0
15000.0
15000.0
15000.0
-14377.185314685317
-14649.113230237217
-14581.732042862433
-14445.259559462567
-12068.669766773732
15000.0
15000.0
15000.0
6569.211856438993
15000.0
15000.0
-15000.0
-13919.829446754753
-13368.297969622872
-12587.417763370995
-13771.78798943245
-14039.114856999542
-11386.260456343483
15000.0
15000.0
15000.0
15000.0
15000.0
15000.0
15000.0
-15000.0
-15000.0
15000.0
15000.0
15000.0
-14347.292540914932
-14633.01882529082
-15000.0
-15000.0
-15000.0
-15000.0
15000.0
15000.0
15000.0
15000.0
15000.0
15000.0
-8551.1481062969
-7314.441487780601
-4835.5357712672485
2005.741748867994
15000.0
14826.847051456269
1336.6216436555123
15000.0
-8320.3125
-6684.194375643867
-5547.50712515707
-4960.70489919255
-3411.400418624962
-293.6769582721772
344.23916394508706
-105.19375391404174
1598.7849799870091
8689.107174287848
12376.598831233729
1905.9877967725588
15000.0
-4854.5454545454595
-3080.00330250991
-4054.0843111095564
-4556.2082226263365
-3298.6673855393956
-380.7597802747696
-20.931564459340734
-1282.9140492989482
188.55074712355145
15000.0
6127.107081841832
15000.0
-12424.242424242426
-9146.025718477606
-9006.371034744461
-6781.843183987341
-3669.7872793494053
15000.0
11341.49487200669
15000.0
-14090.909090909092
-13382.835357744483
-11382.027082351222
-8798.008550989915
12956.5255875292
15000.0
8365.358207682766
15000.0
3496.655249262715
15000.0
-12747.035573122532
-13987.300704486468
-15000.0
15000.0
15000.0
15000.0
15000.0
-11664.065548185725
-12112.180363311054
-8501.419984635992
15000.0
-785.0473876709711
15000.0
15000.0
-12240.451855836476
-11374.158914628108
-9967.818750715702
-9822.802679686687
-9045.527145167296
-8314.33423023285
-7415.973066597264
-5228.947287009155
15000.0
15000.0
15000.0
15000.0
15000.0
15000.0
-15000.0
-15000.0
-13777.69835596855
-14516.14039458619
-15000.0
-15000.0
-15000.0
15000.0
15000.0
15000.0
15000.0
15000.0
15000.0
15000.0
-12852.366172664875
-13374.246455514858
-14019.695464398803
-15000.0
-15000.0
15000.0
15000.0
15000.0
15000.0
15000.0
15000.0
15000.0
-15000.0
-13654.073199527746
-14292.765225125931
-15000.0
15000.0
15000.0
15000.0
15000.0
-15000.0
-15000.0
-15000.0
-15000.0
15000.0
15000.0
9475.208803596908
15000.0
15000.0
15000.0
15000.0
-15000.0
-15000.0
-15000.0
15000.0
15000.0
15000.0
-15000.0
-15000.0
15000.0
15000.0
15000.0
-15000.0
15000.0
15000.0
-15000.0
-15000.0
-13740.692251043289
-13412.425268151997
-14210.526169437355
-15000.0
15000.0
15000.0
15000.0
15000.0
15000.0
15000.0
-15000.0
-15000.0
15000.0
15000.0
15000.0
-14370.548253647743
-15000.0
-15000.0
-15000.0
-15000.0
15000.0
15000.0
15000.0
15000.0
15000.0
15000.0
-14695.187165775402
-15000.0
-15000.0
-15000.0
-15000.0
-15000.0
15000.0
15000.0
15000.0
15000.0
15000.0
15000.0
15000.0
-15000.0
-15000.0
-15000.0
15000.0
15000.0
15000.0
-15000.0
-15000.0
-15000.0
-15000.0
-11506.63942798775
15000.0
15000.0
15000.0
15000.0
15000.0
15000.0
-15000.0
-15000.0
-15000.0
-15000.0
-13871.063576945937
-15000.0
-15000.0
15000.0
15000.0
15000.0
15000.0
15000.0
15000.0
15000.0
15000.0
-15000.0
-15000.0
-14624.753127057276
-14122.67578060582
-15000.0
-15000.0
-15000.0
15000.0
15000.0
15000.0
15000.0
15000.0
15000.0
15000.0
-15000.0
15000.0
15000.0
-15000.0
-14652.060170045785
-14614.396522077437
-14558.794682905223
-15000.0
-15000.0
-15000.0
-15000.0
15000.0
15000.0
15000.0
15000.0
15000.0
15000.0
15000.0
15000.0
-15000.0
-15000.0
-15000.0
15000.0
15000.0
15000.0
15000.0
15000.0
-15000.0
-15000.0
-15000.0
-15000.0
-15000.0
-15000.0
-15000.0
6818.181818181447
15000.0
15000.0
15000.0
15000.0
15000.0
15000.0
15000.0
15000.0
-15000.0
-15000.0
15000.0
15000.0
15000.0
15000.0
15000.0
-14683.069224353632
-14251.810219806877
-15000.0
-15000.0
15000.0
15000.0
15000.0
15000.0
15000.0
-14677.05382436261
-15000.0
-15000.0
-15000.0
-15000.0
-15000.0
15000.0
15000.0
15000.0
15000.0
15000.0
15000.0
-15000.0
-15000.0
-15000.0
-14389.190066665898
-15000.0
-15000.0
15000.0
15000.0
15000.0
15000.0
15000.0
15000.0
-14288.887312510677
-14152.043330578428
-13875.993063311758
-14016.831947247621
15000.0
15000.0
15000.0
15000.0
15000.0
15000.0
-15000.0
-15000.0
-15000.0
-15000.0
15000.0
15000.0
15000.0
15000.0
15000.0
15000.0
-15000.0
-14643.160577740018
-15000.0
-14540.438325439336
-15000.0
-15000.0
-15000.0
15000.0
15000.0
15000.0
15000.0
15000.0
15000.0
15000.0
15000.0
15000.0
-15000.0
-14336.972083035078
-14633.698529310223
-15000.0
-15000.0
-15000.0
-15000.0
15000.0
15000.0
15000.0
15000.0
15000.0
15000.0
15000.0
15000.0
-14376.154319720914
-15000.0
-15000.0
-15000.0
-15000.0
-15000.0
-15000.0
-15000.0
15000.0
15000.0
15000.0
15000.0
15000.0
15000.0
15000.0
15000.0
15000.0
-15000.0
-15000.0
-15000.0
-12539.497539497544
-9951.748239249671
-7704.872175346682
-5735.610233640894
15000.0
15000.0
15000.0
15000.0
15000.0
15000.0
15000.0
-15000.0
-15000.0
15000.0
15000.0
15000.0
-15000.0
-15000.0
-15000.0
-15000.0
-15000.0
-15000.0
-12940.999397953048
-8834.499617208196
15000.0
15000.0
15000.0
15000.0
15000.0
15000.0
15000.0
15000.0
-15000.0
-15000.0
15000.0
15000.0
-15000.0
-15000.0
-15000.0
-15000.0
15000.0
15000.0
15000.0
15000.0
15000.0
15000.0
-15000.0
-15000.0
-15000.0
-15000.0
-15000.0
15000.0
15000.0
15000.0
15000.0
15000.0
-15000.0
-15000.0
15000.0
15000.0
15000.0
-15000.0
-15000.0
-15000.0
-15000.0
15000.0
15000.0
15000.0
15000.0
15000.0
-14689.298043728424
-14286.829286641216
-14124.557828055797
-13121.970882196136
-9113.634527304737
15000.0
15000.0
15000.0
15000.0
15000.0
-15000.0
-15000.0
-15000.0
-15000.0
15000.0
15000.0
15000.0
15000.0
-14214.214597533894
-14514.559876392465
-14299.066858895854
-15000.0
15000.0
15000.0
15000.0
15000.0
15000.0
15000.0
-13376.332709367627
-13237.0245859815
-13434.306540714591
-13647.640451747513
-14447.492864455195
-15000.0
-15000.0
15000.0
15000.0
15000.0
15000.0
15000.0
15000.0
15000.0
15000.0
-15000.0
-15000.0
-15000.0
-15000.0