Demand
15000.0
15000.0
15000.0
15000.0
15000.0
15000.0
15000.0
15000.0
15000.0
15000.0
15000.0
15000.0
15000.0
15000.0
15000.0
15000.0
-15000.0
-15000.0
-15000.0
-15000.0
15000.0
15000.0
15000.0
15000.0
15000.0
15000.0
15000.0
15000.0
15000.0
15000.0
15000.0
15000.0
-15000.0
15000.0
-15000.0
-15000.0
15000.0
15000.0
15000.0
15000.0
-15000.0
-15000.0
-15000.0
-14555.061847003723
-14471.724732211384
-14322.311690458657
-15000.0
-15000.0
15000.0
15000.0
15000.0
15000.0
15000.0
15000.0
15000.0
15000.0
15000.0
-14365.338300118936
-15000.0
-15000.0
-15000.0
-15000.0
-15000.0
-15000.0
15000.0
15000.0
15000.0
15000.0
15000.0
15000.0
15000.0
-11645.53468400727
15000.0
15000.0
15000.0
-14039.865244244807
-13213.099026001062
-11693.383409094622
-9466.097566759112
-6349.347326368163
-1603.8790998830555
12653.239994498934
4353.584595806613
15000.0
15000.0
15000.0
15000.0
-14364.194088120472
-14654.057265017975
-15000.0
-15000.0
-15000.0
-14200.325641156
-11687.720037366536
15000.0
15000.0
15000.0
15000.0
15000.0
15000.0
15000.0
15000.0
-13301.661921472562
-14210.661033310025
-15000.0
-15000.0
-15000.0
15000.0
15000.0
15000.0
15000.0
15000.0
-15000.0
15000.0
15000.0
15000.0
-14620.379620379626
-15000.0
15000.0
15000.0
15000.0
-15000.0
-14663.70028024977
-14245.449772622465
-14119.812958197184
-14448.397063492626
-15000.0
-15000.0
15000.0
15000.0
15000.0
15000.0
15000.0
15000.0
15000.0
-15000.0
15000.0
15000.0
-14646.292274278625
-14565.092039465999
-15000.0
-15000.0
15000.0
15000.0
15000.0
15000.0
15000.0
-13417.537213576841
-12895.039173887071
-11780.998561571672
-11115.412338259135
-11738.109641832518
-11286.814889691563
15000.0
15000.0
15000.0
15000.0
15000.0
15000.0
-15000.0
-15000.0
-15000.0
-15000.0
15000.0
15000.0
15000.0
15000.0
-15000.0
-15000.0
-15000.0
15000.0
15000.0
15000.0
-13298.253470667267
-14189.79828230874
-15000.0
-15000.0
15000.0
15000.0
15000.0
15000.0
15000.0
-15000.0
-15000.0
-15000.0
-15000.0
-15000.0
-15000.0
15000.0
15000.0
15000.0
15000.0
15000.0
15000.0
-15000.0
-14624.700183417204
-14577.731162113192
-14011.490348700034
-15000.0
-15000.0
-15000.0
15000.0
15000.0
15000.0
15000.0
15000.0
15000.0
15000.0
15000.0
15000.0
-14057.851239669424
-13638.252231572304
-13494.62792001013
-13282.389692297522
-13968.7989886402
-15000.0
-15000.0
15000.0
15000.0
15000.0
15000.0
15000.0
15000.0
15000.0
15000.0
-15000.0
-15000.0
-15000.0
-15000.0
-15000.0
-15000.0
15000.0
15000.0
15000.0
15000.0
15000.0
15000.0
15000.0
-15000.0
-15000.0
15000.0
15000.0
15000.0
-12248.592115848754
-10489.18338605038
-10057.019491535772
-6163.702938870766
463.15031982003256
15000.0
13346.453539320744
5343.095726234724
15000.0
-9833.37776592909
-9595.42758345003
-8967.146351419615
-8588.778439720525
-6567.912604735587
-4233.562389739618
-2462.302336538546
-1371.7059592442183
1119.1018077348726
5700.663418665015
5838.620813880406
4295.056377955472
5668.30822463379
11738.347448455603
9920.813544725639
5248.6317705449865
15000.0
-4439.5378179162
-2354.691818490399
-3157.9744063053813
-3276.1906366974144
-934.6903854868724
4402.007974372596
5796.709481445072
5432.036460203527
15000.0
-11212.121212121212
999.99999999998
13169.014084506973
1712.8219329827998
15000.0
-10224.9457027614
-9366.802595605917
-9355.406160085062
-8501.925511437046
-6950.982632973867
968.7328065248912
15000.0
15000.0
15000.0
15000.0
-10330.602691632535
-8797.424428137096
-8505.478968368778
-8412.280258889994
-8502.454462784386
-6916.275096197353
1141.9783411030976
15000.0
15000.0
15000.0
15000.0
15000.0
-13768.676867686772
-11507.729537392457
-12130.481015589776
-9598.160233549635
-6221.496495250917
12263.811854533338
15000.0
15000.0
6174.427859931878
15000.0
-10561.925133689841
-10591.370757168279
-10194.092592138408
-10043.850864245003
-10187.86038933687
-10745.12379395109
-13132.696645906872
-15000.0
15000.0
15000.0
15000.0
15000.0
15000.0
15000.0
-13981.286517029152
-14592.626389843437
-15000.0
-15000.0
15000.0
15000.0
15000.0
15000.0
15000.0
-15000.0
-15000.0
-13807.723250201128
-12269.917273110357
-12840.326015816037
-13596.350732843584
-15000.0
-15000.0
15000.0
15000.0
15000.0
15000.0
15000.0
15000.0
15000.0
15000.0
-13976.900722485607
-14618.21838168296
-15000.0
-15000.0
-15000.0
-15000.0
15000.0
15000.0
15000.0
15000.0
15000.0
15000.0
15000.0
-14034.707942327826
-14242.231757554968
-15000.0
-15000.0
15000.0
15000.0
15000.0
15000.0
15000.0
-15000.0
-15000.0
-15000.0
-15000.0
-15000.0
-15000.0
15000.0
15000.0
15000.0
15000.0
15000.0
15000.0
15000.0
-14034.443817052514
-14635.370633458155
-15000.0
-15000.0
-15000.0
15000.0
15000.0
15000.0
15000.0
15000.0
15000.0
-15000.0
-15000.0
-13815.133037694017
-14051.631748107302
-15000.0
-15000.0
15000.0
15000.0
15000.0
15000.0
15000.0
15000.0
15000.0
-15000.0
-14641.396665618122
-15000.0
-15000.0
-15000.0
-15000.0
-15000.0
15000.0
15000.0
15000.0
15000.0
15000.0
15000.0
15000.0
15000.0
15000.0
-15000.0
-15000.0
-15000.0
-15000.0
15000.0
15000.0
15000.0
15000.0
15000.0
-14370.20440734148
-14638.324195164281
-15000.0
-15000.0
-15000.0
15000.0
15000.0
15000.0
15000.0
15000.0
-14203.168371789154
-15000.0
15000.0
15000.0
15000.0
15000.0
-15000.0
-15000.0
-15000.0
-15000.0
-15000.0
-15000.0
-15000.0
15000.0
15000.0
15000.0
15000.0
15000.0
15000.0
15000.0
-15000.0
-15000.0
-15000.0
-15000.0
-15000.0
-15000.0
15000.0
15000.0
15000.0
15000.0
15000.0
15000.0
-15000.0
-15000.0
-15000.0
-15000.0
-15000.0
-15000.0
15000.0
15000.0
15000.0
15000.0
15000.0
15000.0
15000.0
15000.0
-15000.0
-15000.0
-15000.0
-15000.0
15000.0
15000.0
15000.0
15000.0
-15000.0
-15000.0
-15000.0
15000.0
15000.0
15000.0
15000.0
15000.0
-14348.829034667608
-14641.484195784738
-15000.0
-15000.0
-15000.0
-15000.0
-15000.0
15000.0
15000.0
15000.0
15000.0
15000.0
15000.0
15000.0
-14310.738853177285
-15000.0
-15000.0
-15000.0
15000.0
15000.0
15000.0
15000.0
-14662.109399382167
-15000.0
-15000.0
-15000.0
-15000.0
-15000.0
-15000.0
15000.0
15000.0
15000.0
15000.0
15000.0
15000.0
15000.0
15000.0
15000.0
-15000.0
-15000.0
-15000.0
-15000.0
-15000.0
15000.0
15000.0
15000.0
15000.0
15000.0
15000.0
-14692.245393804413
-15000.0
-15000.0
-15000.0
-15000.0
-15000.0
-15000.0
-15000.0
15000.0
15000.0
15000.0
15000.0
15000.0
15000.0
15000.0
15000.0
15000.0
-15000.0
-14625.492772667545
-15000.0
-14446.301093078546
-15000.0
-15000.0
15000.0
15000.0
15000.0
15000.0
15000.0
15000.0
15000.0
-15000.0
-15000.0
15000.0
15000.0
15000.0
15000.0
-15000.0
-15000.0
-15000.0
-15000.0
-15000.0
-15000.0
15000.0
15000.0
15000.0
15000.0
15000.0
15000.0
15000.0
-15000.0
-15000.0
-15000.0
-15000.0
-15000.0
15000.0
15000.0
15000.0
15000.0
15000.0
15000.0
-15000.0
-15000.0
-15000.0
15000.0
15000.0
15000.0
-15000.0
-15000.0
-13072.019566009265
-11513.932205794157
-10945.658125885784
-11874.429761242718
-10537.797692732249
-7835.378512792471
15000.0
15000.0
15000.0
15000.0
15000.0
15000.0
15000.0
15000.0
-14669.48005927453
-15000.0
-15000.0
-15000.0
-15000.0
15000.0
15000.0
15000.0
15000.0
15000.0
-12969.869298817739
-12373.118699018047
-12423.813523158016
-12913.890077113516
-12840.939239440733
-12194.916098947622
15000.0
15000.0
15000.0
15000.0
15000.0
15000.0
15000.0
-15000.0
-15000.0
15000.0
15000.0
15000.0
-15000.0
-15000.0
15000.0
15000.0
15000.0
-15000.0
-15000.0
-15000.0
-15000.0
15000.0
15000.0
15000.0
15000.0
15000.0
-15000.0
-15000.0
-15000.0
-15000.0
-15000.0
-15000.0
15000.0
15000.0
15000.0
15000.0
15000.0
15000.0
-14312.654920613655
-14594.70964808514
-14470.823437992352
-13220.777213064914
3658.5631318159603
15000.0
15000.0
15000.0
15000.0
15000.0
-14686.425526062441
-15000.0
-15000.0
-15000.0
-15000.0
-15000.0
-15000.0
-15000.0
15000.0
15000.0
15000.0
15000.0
15000.0
15000.0
15000.0
15000.0
15000.0
-15000.0
-15000.0
-13499.835508279422
-12862.128879264823
-12448.570720453543
-12344.775091677788
-11817.956477008174
-10737.873260978766
15000.0
15000.0
15000.0
15000.0
15000.0
15000.0
15000.0
-14674.83774762736
-15000.0
-14590.340621207819
-15000.0
-15000.0
-15000.0
-15000.0