Demand
15000.0
15000.0
15000.0
15000.0
15000.0
15000.0
15000.0
15000.0
15000.0
15000.0
15000.0
-15000.0
-15000.0
15000.0
15000.0
15000.0
15000.0
15000.0
15000.0
15000.0
15000.0
15000.0
15000.0
15000.0
15000.0
15000.0
15000.0
15000.0
-15000.0
-14332.91536050157
-14268.02714359319
-15000.0
-15000.0
-15000.0
-15000.0
-15000.0
15000.0
15000.0
15000.0
15000.0
15000.0
15000.0
15000.0
15000.0
-14661.303025441917
-14575.73051569629
-15000.0
-15000.0
15000.0
15000.0
15000.0
15000.0
-12274.17777124449
-10995.156412248947
-10408.124422415862
-9327.494625038431
4558.364043467518
15000.0
15000.0
15000.0
15000.0
-15000.0
-15000.0
-15000.0
-12035.431791093295
-8849.718201725067
-5393.265817204872
15000.0
15000.0
15000.0
8530.491769509248
15000.0
15000.0
-12833.540179956562
-13338.093582156838
-13905.020515028853
-12925.95460164452
-11073.525929554358
-8236.937172490452
-4082.753850985875
2079.5602294815944
13967.90624876344
2711.2726455402844
15000.0
15000.0
15000.0
15000.0
15000.0
-14661.721068249259
-15000.0
-15000.0
-15000.0
-13869.502694855102
15000.0
15000.0
15000.0
15000.0
15000.0
15000.0
15000.0
-13332.032774092862
-13150.56938374594
-12876.475185864161
-13966.28556501685
-15000.0
-15000.0
15000.0
15000.0
15000.0
15000.0
15000.0
15000.0
15000.0
-15000.0
-15000.0
-15000.0
-14456.45263827082
-15000.0
-15000.0
15000.0
15000.0
15000.0
15000.0
15000.0
15000.0
15000.0
-15000.0
-15000.0
-15000.0
-15000.0
-15000.0
15000.0
15000.0
15000.0
15000.0
15000.0
15000.0
15000.0
-14682.826737149615
-14658.43411012318
-15000.0
-15000.0
-15000.0
-15000.0
-15000.0
-15000.0
15000.0
15000.0
15000.0
15000.0
15000.0
15000.0
15000.0
15000.0
15000.0
-15000.0
-15000.0
-15000.0
15000.0
15000.0
15000.0
15000.0
-15000.0
-15000.0
-15000.0
15000.0
15000.0
15000.0
15000.0
-15000.0
-15000.0
-14251.099095457077
-12878.531956996329
-12516.820720993397
-13757.403118035272
-15000.0
-15000.0
15000.0
15000.0
15000.0
15000.0
15000.0
15000.0
15000.0
15000.0
-15000.0
-15000.0
15000.0
15000.0
15000.0
-15000.0
-15000.0
-15000.0
-15000.0
-15000.0
15000.0
15000.0
15000.0
15000.0
15000.0
-15000.0
-15000.0
-15000.0
-15000.0
-15000.0
-15000.0
-13390.73969508753
-13544.185767769144
15000.0
15000.0
15000.0
15000.0
15000.0
15000.0
15000.0
15000.0
15000.0
-15000.0
-13796.259050683831
-12839.868953391328
-9985.624662612274
15000.0
15000.0
15000.0
15000.0
15000.0
-15000.0
-15000.0
-15000.0
-15000.0
-15000.0
-15000.0
-15000.0
15000.0
15000.0
15000.0
15000.0
15000.0
15000.0
15000.0
-15000.0
-15000.0
-14357.625845229155
615.9276273087889
15000.0
15000.0
15000.0
15000.0
15000.0
-9710.476590384213
-9387.030261197335
-8963.70155801691
-8387.075894389167
-7559.118245973459
-5768.682330372215
-3576.5710113456435
4011.63285719577
13724.986117364468
11382.902018281195
9351.975969708172
12188.113045496746
7037.087461341204
15000.0
-2361.4190687361433
1961.7792293635075
15000.0
-10000.000000000002
-4715.981841461998
-5583.71060417593
-3344.7294290346144
-790.5831051385412
-1490.56812671237
-1193.6119032080514
2635.507350738125
10664.61924884388
6352.312194947218
9970.647458920224
15000.0
-7406.479803900671
-6675.322273394701
-6128.731489800703
1074.995535182571
15000.0
15000.0
-10057.58027367566
-10462.777622680696
-10526.278351130317
-10922.002596580009
-11730.622800396788
-12189.414751078588
-12714.414023301557
-9475.531193546169
-4367.348025816485
15000.0
15000.0
15000.0
15000.0
3767.2967546696027
15000.0
15000.0
15000.0
-15000.0
-15000.0
-15000.0
-15000.0
15000.0
15000.0
15000.0
15000.0
-11627.884046539148
-12462.738610977907
-12207.091337377817
-11390.564809378637
-10238.332245792819
-7781.489922884067
-2679.278628807834
1410.9487698279008
12183.318129598849
11393.239104160726
10846.686415890294
12430.677381342368
-1827.7771241258524
15000.0
15000.0
15000.0
-15000.0
-15000.0
-15000.0
-15000.0
-11384.77801268499
15000.0
15000.0
15000.0
15000.0
15000.0
15000.0
-15000.0
-15000.0
-15000.0
-15000.0
-13004.149915704838
-8484.596739811703
-2275.884653361544
15000.0
15000.0
15000.0
15000.0
15000.0
15000.0
15000.0
-15000.0
-15000.0
15000.0
15000.0
15000.0
-14658.341658341658
-15000.0
-15000.0
15000.0
15000.0
15000.0
15000.0
-15000.0
-15000.0
-15000.0
-13692.660550458717
-12886.920666420949
-12889.734302259985
-12597.184807277412
-15000.0
15000.0
15000.0
15000.0
15000.0
15000.0
15000.0
15000.0
-15000.0
-15000.0
-15000.0
-15000.0
15000.0
15000.0
15000.0
15000.0
15000.0
15000.0
-15000.0
-13924.810060256747
-13783.140878261216
-14518.92331807004
-15000.0
-15000.0
-15000.0
15000.0
15000.0
15000.0
15000.0
15000.0
15000.0
15000.0
-15000.0
-13884.091228893587
-14175.776715059936
-15000.0
-15000.0
-15000.0
-15000.0
-15000.0
15000.0
15000.0
15000.0
15000.0
15000.0
15000.0
15000.0
15000.0
15000.0
-15000.0
-15000.0
-15000.0
15000.0
15000.0
15000.0
15000.0
-15000.0
-15000.0
-15000.0
-15000.0
-15000.0
15000.0
15000.0
15000.0
15000.0
15000.0
-15000.0
-15000.0
-14246.912952893948
-14145.610734305668
-14492.577941993437
-15000.0
-15000.0
-15000.0
15000.0
15000.0
15000.0
15000.0
15000.0
15000.0
15000.0
15000.0
-15000.0
-15000.0
-15000.0
-15000.0
-15000.0
-15000.0
-15000.0
-15000.0
15000.0
15000.0
15000.0
15000.0
15000.0
15000.0
15000.0
15000.0
-15000.0
-15000.0
-15000.0
-15000.0
15000.0
15000.0
15000.0
15000.0
15000.0
-15000.0
15000.0
15000.0
-14659.41101152369
-15000.0
-15000.0
-15000.0
15000.0
15000.0
15000.0
15000.0
-15000.0
-15000.0
-15000.0
-15000.0
15000.0
15000.0
15000.0
15000.0
15000.0
-15000.0
15000.0
-10289.256198347066
15000.0
-15000.0
-15000.0
-15000.0
-15000.0
-15000.0
-15000.0
-15000.0
15000.0
15000.0
15000.0
15000.0
15000.0
15000.0
15000.0
15000.0
-15000.0
-15000.0
-15000.0
15000.0
15000.0
15000.0
-15000.0
-15000.0
-14600.08018442418
-14087.559217819078
-15000.0
-15000.0
-15000.0
-15000.0
15000.0
15000.0
15000.0
15000.0
15000.0
15000.0
15000.0
15000.0
15000.0
-15000.0
-15000.0
-15000.0
-15000.0
-15000.0
15000.0
15000.0
15000.0
15000.0
15000.0
-15000.0
-15000.0
-15000.0
-15000.0
-15000.0
-15000.0
-15000.0
15000.0
15000.0
15000.0
15000.0
15000.0
15000.0
15000.0
15000.0
15000.0
-15000.0
-15000.0
-15000.0
-15000.0
-15000.0
-15000.0
-15000.0
-15000.0
15000.0
15000.0
15000.0
15000.0
15000.0
15000.0
15000.0
15000.0
15000.0
-15000.0
-15000.0
-15000.0
-15000.0
-15000.0
-15000.0
15000.0
15000.0
15000.0
15000.0
15000.0
15000.0
-14337.64573730488
-14639.534797560143
-15000.0
-15000.0
-15000.0
-15000.0
-15000.0
15000.0
15000.0
15000.0
15000.0
15000.0
15000.0
15000.0
15000.0
15000.0
-15000.0
15000.0
15000.0
-15000.0
-15000.0
15000.0
15000.0
-13985.06281531309
-15000.0
-15000.0
-15000.0
-15000.0
-15000.0
15000.0
15000.0
15000.0
15000.0
15000.0
15000.0
15000.0
-12237.413941941155
-13040.593915669513
-12618.652453027193
-12388.329792919005
-13722.228726721365
15000.0
15000.0
15000.0
15000.0
15000.0
15000.0
-15000.0
15000.0
-15000.0
-15000.0
-15000.0
15000.0
15000.0
15000.0
15000.0
15000.0
-14358.57246202074
-12902.873220658603
-12295.131446799784
-12365.28887805339
-12898.035936355998
-12905.719063754623
-12630.68089029376
-15000.0
15000.0
15000.0
15000.0
15000.0
15000.0
15000.0
15000.0
-15000.0
-15000.0
-15000.0
15000.0
15000.0
15000.0
15000.0
-15000.0
-15000.0
-15000.0
-15000.0
15000.0
15000.0
15000.0
15000.0
15000.0
15000.0
-15000.0
-15000.0
15000.0
15000.0
-15000.0
-15000.0
-15000.0
-15000.0
-15000.0
-15000.0
-15000.0
15000.0
15000.0
15000.0
15000.0
15000.0
15000.0
15000.0
15000.0
-13727.412265401523
-13884.496717875314
-12594.417906172395
-12656.33133973398
-2334.9275887560843
15000.0
15000.0
15000.0
15000.0
-15000.0
-15000.0
-15000.0
-13051.734514545442
-11740.128593805308
15000.0
15000.0
15000.0
15000.0
15000.0
-15000.0
-15000.0
-15000.0
-15000.0
-12425.183512140036
-9526.571760624123
15000.0
5026.354373338832
15000.0
15000.0
15000.0
15000.0
15000.0
-15000.0
15000.0
15000.0
-15000.0
-14472.588480222072
-15000.0
15000.0
15000.0
15000.0
-15000.0
-15000.0