Demand
15000.0
15000.0
15000.0
15000.0
15000.0
15000.0
15000.0
15000.0
15000.0
15000.0
-15000.0
-15000.0
15000.0
15000.0
15000.0
15000.0
15000.0
15000.0
15000.0
15000.0
15000.0
15000.0
15000.0
15000.0
15000.0
15000.0
-15000.0
-15000.0
-15000.0
-13980.431511434806
-13640.529262934851
-15000.0
-15000.0
15000.0
15000.0
15000.0
15000.0
15000.0
15000.0
15000.0
-15000.0
-15000.0
-15000.0
-14545.636611860213
-14457.294017460845
-14296.261924336784
-15000.0
-15000.0
15000.0
15000.0
15000.0
15000.0
15000.0
15000.0
15000.0
15000.0
15000.0
-14341.270646156074
-15000.0
15000.0
15000.0
-15000.0
-15000.0
-15000.0
-9077.754375590215
15000.0
15000.0
15000.0
15000.0
15000.0
-13082.498998798561
-12710.704091533305
-10845.883996144843
-7898.645226774305
15000.0
15000.0
15000.0
15000.0
-11581.709145427289
-10426.189574702788
-9546.263807708005
-8259.899105049262
-6545.052127395688
15000.0
15000.0
15000.0
15000.0
-14301.776183393125
-14558.969018807911
-15000.0
-15000.0
15000.0
15000.0
15000.0
15000.0
-15000.0
-15000.0
-15000.0
-14553.583868958176
-14469.473107781076
-11591.417341407847
-10138.84770472319
-5536.438113053053
15000.0
-15000.0
15000.0
15000.0
15000.0
15000.0
15000.0
15000.0
15000.0
-15000.0
-15000.0
-15000.0
-15000.0
15000.0
15000.0
15000.0
15000.0
15000.0
15000.0
-14692.016749966231
-14279.95372860659
-14077.037033826138
-14242.958409108396
-15000.0
15000.0
15000.0
15000.0
15000.0
-15000.0
-15000.0
-15000.0
-15000.0
-15000.0
-9971.293012580089
15000.0
15000.0
15000.0
15000.0
15000.0
15000.0
15000.0
15000.0
-15000.0
-15000.0
-13113.415710503094
-12423.742516532693
-10915.31090788179
-9814.161726547634
-10252.140977759038
-7681.343161946701
15000.0
15000.0
15000.0
15000.0
15000.0
15000.0
15000.0
-15000.0
-15000.0
-15000.0
-15000.0
15000.0
15000.0
15000.0
15000.0
15000.0
-15000.0
-15000.0
-14203.477990839223
-12526.815572647138
-11540.675098525564
-12195.365580834034
15000.0
15000.0
15000.0
15000.0
15000.0
15000.0
-15000.0
-15000.0
-15000.0
-15000.0
-15000.0
15000.0
15000.0
15000.0
15000.0
15000.0
15000.0
-15000.0
-15000.0
-15000.0
-14486.94869486949
-14276.344009993169
-11965.875330803661
15000.0
15000.0
15000.0
15000.0
15000.0
15000.0
15000.0
-15000.0
-13445.454545454555
15000.0
15000.0
15000.0
-13922.947722023935
-13067.48949024663
-11167.09961856743
15000.0
15000.0
15000.0
15000.0
-15000.0
-13921.606675075192
-13389.378423808208
-12665.187512193028
-13855.190420795094
-14190.793926023503
-13297.886011647497
15000.0
15000.0
15000.0
15000.0
15000.0
15000.0
15000.0
15000.0
-15000.0
-15000.0
-15000.0
-13691.121055110692
-13978.046940733566
-14357.073840359164
-15000.0
-15000.0
15000.0
15000.0
15000.0
15000.0
15000.0
15000.0
15000.0
15000.0
15000.0
-7838.137472283805
15000.0
-9279.811097992915
13225.080385852474
-12424.242424242426
-4541.284403669743
15000.0
15000.0
-7112.8259712613135
-6081.83171571408
-5582.459490191627
-4203.991261119848
-1393.091648887479
-832.4276807115566
-1258.6340893351025
260.83928664384075
6970.34687879929
13327.312662127952
800.8832451453591
15000.0
-4500.891265597146
-2434.6422633575266
-3237.1223756763166
-3362.1853439833712
-1052.3534917091947
4229.3646588769225
5689.831956058999
5435.483229779511
15000.0
-11212.121212121212
-5595.35267427472
-5277.896053462304
-1463.2954742537295
15000.0
15000.0
-12575.757575757576
14.111006585129871
15000.0
15000.0
-12246.561556524659
-12618.442692219465
-13011.197225592994
-9694.530308098248
1105.9007109529612
15000.0
15000.0
15000.0
15000.0
15000.0
-12048.331415420027
-12569.68993712389
-13725.865532968954
15000.0
15000.0
15000.0
15000.0
-13743.801652892562
-10832.211619953538
-9635.096798815819
15000.0
15000.0
15000.0
-12542.022353251792
-11540.750663842602
-9400.81062214571
1487.4325452309486
15000.0
15000.0
15000.0
15000.0
-11848.590158755236
-12637.46031921907
-14260.118578969767
-15000.0
-15000.0
-15000.0
-15000.0
15000.0
15000.0
15000.0
15000.0
15000.0
15000.0
15000.0
15000.0
-15000.0
-15000.0
-15000.0
-15000.0
-15000.0
-15000.0
15000.0
15000.0
15000.0
15000.0
15000.0
15000.0
15000.0
-15000.0
-15000.0
-15000.0
-15000.0
-15000.0
15000.0
15000.0
15000.0
15000.0
15000.0
15000.0
-15000.0
15000.0
15000.0
15000.0
-15000.0
-15000.0
-15000.0
-12875.336508593915
-6450.637794105335
15000.0
15000.0
15000.0
15000.0
15000.0
-15000.0
-15000.0
-15000.0
-15000.0
15000.0
15000.0
15000.0
15000.0
-15000.0
-15000.0
-15000.0
-15000.0
15000.0
15000.0
15000.0
15000.0
15000.0
-14034.443817052514
-14629.210435805013
-15000.0
-15000.0
-15000.0
15000.0
15000.0
15000.0
15000.0
15000.0
-15000.0
-15000.0
-15000.0
-13011.488432607497
-12271.570961936446
15000.0
15000.0
15000.0
15000.0
15000.0
15000.0
-15000.0
-15000.0
-15000.0
-15000.0
-14456.832475700405
-15000.0
-15000.0
15000.0
15000.0
15000.0
15000.0
15000.0
15000.0
15000.0
15000.0
-15000.0
-15000.0
-15000.0
-15000.0
-15000.0
15000.0
15000.0
15000.0
15000.0
15000.0
-15000.0
-15000.0
-14198.875614898108
-14049.323514290361
-14385.531298022419
-15000.0
-15000.0
15000.0
15000.0
15000.0
15000.0
15000.0
15000.0
15000.0
-15000.0
-15000.0
-15000.0
-15000.0
-15000.0
-15000.0
15000.0
15000.0
15000.0
15000.0
15000.0
15000.0
-14619.325260509297
-14034.420468139946
-15000.0
-15000.0
15000.0
15000.0
15000.0
15000.0
15000.0
-15000.0
-15000.0
-15000.0
-15000.0
-15000.0
15000.0
15000.0
15000.0
15000.0
15000.0
15000.0
-15000.0
-15000.0
-15000.0
-15000.0
-15000.0
-15000.0
15000.0
15000.0
15000.0
15000.0
15000.0
15000.0
15000.0
-15000.0
-15000.0
-15000.0
-15000.0
15000.0
15000.0
15000.0
15000.0
15000.0
-15000.0
-15000.0
-15000.0
-15000.0
-14370.390298642222
-13183.41270699042
-11257.255115543492
15000.0
15000.0
15000.0
15000.0
15000.0
15000.0
15000.0
15000.0
15000.0
15000.0
15000.0
-15000.0
-15000.0
-14596.031183557763
-14034.688362723951
-15000.0
-15000.0
-15000.0
15000.0
15000.0
15000.0
15000.0
15000.0
15000.0
15000.0
-15000.0
15000.0
-15000.0
-15000.0
15000.0
15000.0
15000.0
15000.0
-15000.0
-15000.0
-15000.0
-15000.0
15000.0
15000.0
15000.0
15000.0
15000.0
-15000.0
-15000.0
-15000.0
-15000.0
-13033.998521803409
-2415.750504823848
15000.0
15000.0
15000.0
15000.0
15000.0
15000.0
-15000.0
15000.0
15000.0
-15000.0
-15000.0
-15000.0
-15000.0
-15000.0
-14385.775862068967
-15000.0
-15000.0
15000.0
15000.0
15000.0
15000.0
15000.0
15000.0
15000.0
15000.0
15000.0
15000.0
15000.0
-15000.0
-15000.0
-15000.0
15000.0
15000.0
15000.0
-15000.0
-14285.676988146835
-14594.923980268672
-15000.0
-15000.0
-15000.0
-15000.0
15000.0
15000.0
15000.0
15000.0
15000.0
15000.0
15000.0
-13500.150493513735
-14097.695600639789
-15000.0
-15000.0
15000.0
15000.0
15000.0
15000.0
15000.0
15000.0
-13742.955158049499
-15000.0
15000.0
15000.0
-15000.0
-15000.0
-15000.0
-15000.0
-15000.0
-15000.0
15000.0
15000.0
15000.0
15000.0
15000.0
15000.0
15000.0
-14539.254946903311
-15000.0
15000.0
15000.0
15000.0
15000.0
-15000.0
-15000.0
-14557.949159844895
-15000.0
-15000.0
-15000.0
15000.0
15000.0
15000.0
15000.0
15000.0
15000.0
-12990.296206978608
-12341.467122396563
-12285.399212625489
-12602.610448116866
-11789.610244943222
15000.0
15000.0
15000.0
15000.0
15000.0
15000.0
-15000.0
-15000.0
-15000.0
-15000.0
-15000.0
-15000.0
15000.0
15000.0
15000.0
15000.0
15000.0
15000.0
-15000.0
-15000.0
-15000.0
-15000.0
-15000.0
-15000.0
15000.0
15000.0
15000.0
15000.0
15000.0
15000.0
15000.0
-15000.0
-15000.0
-15000.0
-15000.0
-15000.0
-15000.0
-15000.0
15000.0
15000.0
15000.0
15000.0
15000.0
15000.0
15000.0
15000.0
-14054.796034933854
-13301.659971219084
-13885.40702773166
-14580.940650864017
-15000.0
-15000.0
-15000.0
-15000.0
15000.0
15000.0
15000.0
15000.0
15000.0
15000.0
15000.0
15000.0
-15000.0
-15000.0
-15000.0
15000.0
15000.0
15000.0
15000.0
-13243.45146379045
-12886.265439304101
-12697.486599735628
-11535.752806757871
15000.0
15000.0
15000.0
15000.0
15000.0
-15000.0
-15000.0
-15000.0
-14564.271433611673
-15000.0
-14342.53576082877
-15000.0
-15000.0
15000.0
15000.0