Demand
-15000.0
-15000.0
-15000.0
-15000.0
-15000.0
-15000.0
15000.0
15000.0
15000.0
15000.0
15000.0
15000.0
15000.0
15000.0
-15000.0
-15000.0
-15000.0
-15000.0
-15000.0
-15000.0
15000.0
15000.0
15000.0
15000.0
15000.0
15000.0
-15000.0
-15000.0
-15000.0
-14021.529218224736
-13787.43342837326
-15000.0
-15000.0
15000.0
15000.0
15000.0
15000.0
15000.0
15000.0
15000.0
15000.0
15000.0
-15000.0
-14640.918782709825
-14595.721475088074
-14525.277831568852
-15000.0
-15000.0
-15000.0
15000.0
15000.0
15000.0
15000.0
15000.0
15000.0
15000.0
15000.0
-14302.581671356911
-15000.0
-15000.0
15000.0
15000.0
15000.0
-15000.0
-10759.377767492777
15000.0
15000.0
15000.0
-11384.77801268499
-10830.182830008926
-10302.591259099663
15000.0
15000.0
15000.0
15000.0
-13986.900138239747
-13027.00625575894
-11030.569656607684
-7125.1316221085
3499.7367794193424
15000.0
15000.0
1268.336507317791
15000.0
15000.0
-13605.788830004076
-12710.782357373693
-13341.759071922574
15000.0
15000.0
15000.0
15000.0
-14650.888091696568
-14112.930052166274
-15000.0
-15000.0
15000.0
15000.0
15000.0
15000.0
-13334.243635401257
-13195.460406814895
-13005.404231300203
-14091.833348867141
-15000.0
-15000.0
-15000.0
-15000.0
15000.0
15000.0
15000.0
15000.0
15000.0
15000.0
15000.0
15000.0
-14649.101185418229
-15000.0
-15000.0
-15000.0
-15000.0
-15000.0
15000.0
15000.0
15000.0
15000.0
15000.0
15000.0
15000.0
15000.0
-15000.0
-15000.0
-15000.0
-15000.0
-15000.0
15000.0
15000.0
15000.0
15000.0
15000.0
-15000.0
-15000.0
-15000.0
-15000.0
-15000.0
-15000.0
15000.0
15000.0
15000.0
15000.0
15000.0
15000.0
15000.0
15000.0
-15000.0
-15000.0
-15000.0
-15000.0
-15000.0
-15000.0
15000.0
15000.0
15000.0
15000.0
15000.0
15000.0
15000.0
-15000.0
-15000.0
15000.0
15000.0
15000.0
-13454.44685466378
-13295.02752372035
-14220.815668696028
-15000.0
-15000.0
-15000.0
15000.0
15000.0
15000.0
15000.0
15000.0
15000.0
-15000.0
-15000.0
-15000.0
15000.0
15000.0
15000.0
15000.0
-15000.0
-15000.0
-15000.0
-15000.0
-14414.851146344248
-14102.075446198825
-9415.586999185602
15000.0
15000.0
15000.0
15000.0
15000.0
15000.0
15000.0
-15000.0
15000.0
15000.0
-14680.873399118205
-14656.018923210035
-13867.397174821544
-13307.94702962077
-13041.14813759681
-12600.23092049827
-13369.083921194298
-15000.0
15000.0
15000.0
15000.0
15000.0
15000.0
15000.0
15000.0
15000.0
15000.0
-15000.0
-15000.0
-15000.0
15000.0
15000.0
15000.0
15000.0
-15000.0
-15000.0
-15000.0
-13724.832214765102
-13977.478152670355
-14317.377103401046
-15000.0
-15000.0
15000.0
15000.0
15000.0
15000.0
15000.0
15000.0
15000.0
-8997.087375251926
-8151.595293113929
-6695.811768484535
-3681.57677314787
5000.393594708261
15000.0
13332.868649444925
6602.13989250903
15000.0
15000.0
-11060.606060606062
-4733.033129623676
-3354.5771138884193
30.279171566428886
7385.458125079196
7551.310351545009
6792.282700306422
15000.0
-5621.143562320035
-4027.5992977439128
-3972.3866667853827
-4364.070016153583
-295.3903225682607
5719.278990082246
5489.194105486378
14991.17419265371
-10606.060606060608
-3513.4781470819144
-3402.2265874175
-4573.837944478724
-4066.524496185116
6501.112882995993
14658.255860338119
-2040.3592955413515
15000.0
-9487.427466150875
-9861.839852044664
-9124.469043243818
-9417.431150182343
-9215.640411957429
-9328.258824649776
-9872.591027020986
-9399.203770646098
-6256.517164624613
15000.0
15000.0
15000.0
15000.0
15000.0
15000.0
15000.0
-12120.026947116286
-12946.663743397465
-14252.030305722408
-15000.0
-15000.0
-15000.0
-15000.0
1620.6139119562458
15000.0
15000.0
15000.0
15000.0
15000.0
15000.0
15000.0
15000.0
-11627.218934911245
-10156.485048238443
-9693.449126051702
-7985.29942183051
-3597.189457153676
15000.0
15000.0
1933.8212956443667
15000.0
-15000.0
-15000.0
-15000.0
-15000.0
-15000.0
-15000.0
-12426.249247441305
-13399.250284656264
15000.0
15000.0
15000.0
15000.0
15000.0
15000.0
15000.0
15000.0
15000.0
-14015.631227029182
-12833.665163094534
-13377.129508147751
-14041.662962302438
-15000.0
-15000.0
-15000.0
15000.0
15000.0
15000.0
15000.0
15000.0
15000.0
15000.0
-14016.275122154391
-14639.22415642011
-15000.0
-15000.0
-15000.0
-15000.0
-15000.0
15000.0
15000.0
15000.0
15000.0
15000.0
15000.0
15000.0
-14336.90527260639
-15000.0
-15000.0
-15000.0
-15000.0
-15000.0
-15000.0
-15000.0
15000.0
15000.0
15000.0
15000.0
15000.0
15000.0
15000.0
15000.0
15000.0
-15000.0
-15000.0
-15000.0
-13485.694294364435
-13067.671731905517
-14037.476865761913
-15000.0
15000.0
15000.0
15000.0
15000.0
15000.0
15000.0
15000.0
15000.0
-15000.0
15000.0
15000.0
-14316.68331668332
-15000.0
15000.0
15000.0
-15000.0
-15000.0
-15000.0
15000.0
15000.0
15000.0
15000.0
15000.0
-15000.0
15000.0
15000.0
-15000.0
-15000.0
-15000.0
15000.0
15000.0
15000.0
15000.0
-15000.0
-15000.0
-15000.0
-15000.0
15000.0
15000.0
15000.0
15000.0
15000.0
-15000.0
-15000.0
-15000.0
-14067.272727272732
-13760.021123148945
-13935.56211896921
-15000.0
15000.0
15000.0
15000.0
15000.0
15000.0
15000.0
-15000.0
15000.0
15000.0
15000.0
-15000.0
-15000.0
-15000.0
-15000.0
-15000.0
-15000.0
-15000.0
-15000.0
15000.0
15000.0
15000.0
15000.0
15000.0
15000.0
15000.0
15000.0
15000.0
-15000.0
-15000.0
15000.0
15000.0
-15000.0
-15000.0
-15000.0
15000.0
15000.0
15000.0
15000.0
-14553.291536050161
15000.0
-15000.0
-15000.0
-15000.0
-15000.0
-15000.0
-15000.0
-15000.0
15000.0
15000.0
15000.0
15000.0
15000.0
15000.0
15000.0
15000.0
-15000.0
-15000.0
-14629.428973886665
-14574.698122683512
-15000.0
-15000.0
-15000.0
15000.0
15000.0
15000.0
15000.0
15000.0
15000.0
15000.0
15000.0
-14673.071408087184
-15000.0
-15000.0
-15000.0
-15000.0
-15000.0
-15000.0
-15000.0
15000.0
15000.0
15000.0
15000.0
15000.0
15000.0
15000.0
15000.0
15000.0
-15000.0
-15000.0
-15000.0
-15000.0
-13937.887158225567
15000.0
15000.0
15000.0
15000.0
15000.0
15000.0
-15000.0
-15000.0
-15000.0
-15000.0
15000.0
15000.0
15000.0
15000.0
-14675.583380762666
-15000.0
-15000.0
-15000.0
-15000.0
-15000.0
15000.0
15000.0
15000.0
15000.0
15000.0
15000.0
-14530.736921416043
-15000.0
15000.0
15000.0
15000.0
-15000.0
-15000.0
-15000.0
-15000.0
-15000.0
-15000.0
-15000.0
15000.0
15000.0
15000.0
15000.0
15000.0
15000.0
15000.0
15000.0
-14672.508473582784
-15000.0
-15000.0
-15000.0
-15000.0
15000.0
15000.0
15000.0
15000.0
15000.0
-15000.0
-15000.0
-15000.0
-15000.0
15000.0
15000.0
15000.0
15000.0
15000.0
-15000.0
-15000.0
-15000.0
-15000.0
-11568.096868996443
15000.0
15000.0
15000.0
15000.0
15000.0
15000.0
-15000.0
-15000.0
-15000.0
-15000.0
-15000.0
15000.0
15000.0
15000.0
15000.0
15000.0
15000.0
-15000.0
-15000.0
-15000.0
-15000.0
-15000.0
-15000.0
-15000.0
15000.0
15000.0
15000.0
15000.0
15000.0
15000.0
15000.0
-15000.0
-15000.0
-15000.0
-15000.0
-15000.0
15000.0
15000.0
15000.0
15000.0
15000.0
15000.0
-15000.0
-15000.0
-15000.0
-15000.0
-13980.322003577825
-13684.190421758623
-8925.243959640171
445.3265852814293
15000.0
15000.0
15000.0
3882.8865188980126
15000.0
15000.0
15000.0
15000.0
-15000.0
-15000.0
-15000.0
-15000.0
-15000.0
-15000.0
-15000.0
15000.0
15000.0
15000.0
15000.0
15000.0
15000.0
15000.0
-15000.0
-15000.0
-15000.0
-15000.0
-15000.0
-15000.0
-15000.0
15000.0
15000.0
15000.0
15000.0
15000.0
15000.0
15000.0
-15000.0
-15000.0
-15000.0
15000.0
15000.0
15000.0
15000.0
-14686.81318681319
-14650.248248223812
-14184.363468369167
-13977.511224588925
-12735.370754548716
-7432.028985837249
15000.0
15000.0
15000.0
15000.0
15000.0
15000.0
-15000.0
-15000.0
-15000.0
-15000.0
-15000.0
15000.0
15000.0
15000.0
15000.0
15000.0
15000.0
-15000.0
-15000.0
-15000.0
-15000.0
-15000.0
-12527.114967462043
-10739.973853293119
-7591.644951880091
13983.905093797968
8849.539475513891
15000.0
15000.0
15000.0
15000.0
15000.0
15000.0
15000.0
-15000.0
-14222.727272727276
15000.0
15000.0
15000.0
-15000.0
-15000.0
-15000.0