Demand
15000.0
15000.0
15000.0
15000.0
15000.0
15000.0
15000.0
15000.0
15000.0
15000.0
15000.0
15000.0
15000.0
15000.0
-15000.0
-15000.0
-15000.0
15000.0
15000.0
15000.0
15000.0
15000.0
-15000.0
15000.0
15000.0
-15000.0
-15000.0
-15000.0
-15000.0
-13524.74927208024
-11936.656083846548
15000.0
15000.0
15000.0
15000.0
15000.0
15000.0
15000.0
-15000.0
-15000.0
-15000.0
-15000.0
-15000.0
-12962.206332992864
15000.0
15000.0
15000.0
15000.0
15000.0
15000.0
15000.0
-15000.0
-12346.909090909092
-11353.739088782306
-11306.945049542257
-11609.720740751942
-12485.937246844027
-12904.660639854195
-15000.0
15000.0
15000.0
15000.0
15000.0
15000.0
15000.0
-11816.800888131907
-11912.400460583078
-11542.08526249506
-9982.470059638032
-9521.213180819228
-10105.293932397617
-6287.242350807883
15000.0
15000.0
15000.0
-471.61754309428943
15000.0
15000.0
15000.0
15000.0
-11002.158079309418
-11036.10482141752
-12098.57253035919
-11251.899876682197
-11968.841751335538
-12172.398560421836
-7355.632284494778
15000.0
15000.0
15000.0
15000.0
15000.0
15000.0
-14325.576809307833
-15000.0
15000.0
15000.0
-15000.0
-14625.418098341474
-14528.287679800898
-11404.313282483203
-5135.657742979103
15000.0
15000.0
15000.0
15000.0
15000.0
-15000.0
-15000.0
15000.0
15000.0
15000.0
-15000.0
-15000.0
-15000.0
-15000.0
-12272.727272727283
15000.0
15000.0
15000.0
15000.0
15000.0
-14650.606840750272
-14185.443665674324
-13979.404479360634
-14247.445550789856
-15000.0
15000.0
15000.0
15000.0
15000.0
15000.0
15000.0
-15000.0
-15000.0
-15000.0
-14142.72387944354
-14498.269421876066
-14368.817260087035
-14088.128687410499
-15000.0
15000.0
15000.0
15000.0
15000.0
15000.0
15000.0
15000.0
15000.0
15000.0
-12566.269347091267
-13352.357847365201
-13894.763672392772
-14567.030176227163
-15000.0
-15000.0
-15000.0
15000.0
15000.0
15000.0
15000.0
15000.0
15000.0
-15000.0
-15000.0
-15000.0
-15000.0
-15000.0
-15000.0
15000.0
15000.0
15000.0
15000.0
15000.0
15000.0
15000.0
-15000.0
15000.0
15000.0
15000.0
-15000.0
-15000.0
-15000.0
-15000.0
15000.0
15000.0
15000.0
15000.0
15000.0
-15000.0
-15000.0
15000.0
15000.0
15000.0
-15000.0
-14656.345549287285
-14620.040806996134
-14133.504922000764
-15000.0
-15000.0
-15000.0
-15000.0
15000.0
15000.0
15000.0
15000.0
15000.0
15000.0
15000.0
15000.0
-14016.20950419554
-13445.4697316825
-12958.11906904219
-11430.536116808446
15000.0
15000.0
15000.0
15000.0
15000.0
-13721.065031225462
-13275.666734320766
-14243.63095296935
-14570.52599022465
-14486.835932132726
-15000.0
-15000.0
-15000.0
15000.0
15000.0
15000.0
15000.0
15000.0
15000.0
15000.0
15000.0
-14007.707356579715
-14270.98705283993
-14584.617382671022
-15000.0
-15000.0
-15000.0
-15000.0
15000.0
15000.0
15000.0
15000.0
15000.0
15000.0
15000.0
-8620.652746238324
-7950.972027301267
-6975.911566694242
-5444.664506756264
-2776.1407405788486
3542.9729693083164
12241.665017393367
15000.0
13921.783428670895
7766.805319508505
15000.0
-10454.545454545456
-659.518389840654
180.24450382522627
116.35932055743797
3010.220370173989
14611.103663275735
2004.088480875006
15000.0
-6479.348909312368
-4861.263346845229
-3162.338079552832
-4198.8978994989875
-4807.1203824420845
-3785.5986024881568
-1330.2302574989608
-1324.1253447562176
-2966.567074412501
-3102.1753117558364
3917.344909767283
8024.296610231166
7771.662496045912
15000.0
1273.8683739636654
15000.0
-9707.930367504836
-9490.18734479505
-7893.0339926623155
-528.2041182826379
15000.0
15000.0
15000.0
-12626.130414088533
-11924.387424133663
-8595.097641559802
-5321.807144805269
-2731.4511593136776
2839.089581133686
15000.0
6624.794580552878
15000.0
15000.0
15000.0
-15000.0
-15000.0
-15000.0
15000.0
15000.0
15000.0
15000.0
-11724.974463738512
-12407.552317115104
-11853.234712059344
-10033.027380464442
-4173.761187001014
15000.0
15000.0
15000.0
15000.0
15000.0
-11887.796887796892
-12523.995495603423
-14126.2985554708
-15000.0
-15000.0
15000.0
15000.0
15000.0
15000.0
-15000.0
15000.0
-14613.104143453049
-15000.0
15000.0
15000.0
15000.0
15000.0
-15000.0
-15000.0
-15000.0
-15000.0
6007.371007371155
15000.0
15000.0
15000.0
15000.0
15000.0
-15000.0
-15000.0
-15000.0
-15000.0
15000.0
15000.0
15000.0
15000.0
15000.0
-14695.698596705312
-15000.0
-15000.0
-15000.0
-15000.0
-15000.0
-15000.0
15000.0
15000.0
15000.0
15000.0
15000.0
15000.0
15000.0
15000.0
-15000.0
-15000.0
-15000.0
-15000.0
-15000.0
-15000.0
-15000.0
15000.0
15000.0
15000.0
15000.0
15000.0
15000.0
15000.0
-15000.0
-15000.0
-15000.0
-15000.0
-12640.65613981297
-10524.822104253337
15000.0
15000.0
15000.0
15000.0
15000.0
15000.0
15000.0
15000.0
-15000.0
-15000.0
15000.0
15000.0
15000.0
-14306.316173786057
-15000.0
-15000.0
15000.0
15000.0
15000.0
-15000.0
-15000.0
-15000.0
-15000.0
-15000.0
-14298.71943292773
-15000.0
-15000.0
15000.0
15000.0
15000.0
15000.0
15000.0
15000.0
15000.0
15000.0
-15000.0
15000.0
-15000.0
-15000.0
-15000.0
-15000.0
15000.0
15000.0
15000.0
15000.0
15000.0
-15000.0
-14337.434009783505
-14260.965546370127
-14571.388633088129
-15000.0
-15000.0
-15000.0
15000.0
15000.0
15000.0
15000.0
15000.0
15000.0
15000.0
-15000.0
-15000.0
-15000.0
-15000.0
15000.0
15000.0
15000.0
15000.0
15000.0
-15000.0
-15000.0
-14612.815577946341
-14101.23974687386
-15000.0
-15000.0
-15000.0
15000.0
15000.0
15000.0
15000.0
15000.0
15000.0
15000.0
15000.0
-15000.0
-15000.0
-15000.0
-14509.090909090912
-14324.40040535976
-13701.290326947474
15000.0
15000.0
15000.0
15000.0
15000.0
15000.0
15000.0
-15000.0
15000.0
15000.0
-15000.0
-15000.0
15000.0
15000.0
15000.0
-15000.0
-15000.0
-15000.0
-14104.00838354729
2029.4284779500567
15000.0
15000.0
15000.0
15000.0
15000.0
-15000.0
-15000.0
-14612.184016329098
-14111.320844262707
-13932.13637145099
-13595.191071050744
-13867.336045249864
-15000.0
15000.0
15000.0
15000.0
15000.0
15000.0
15000.0
15000.0
15000.0
-15000.0
-15000.0
-14120.69107092365
15000.0
15000.0
15000.0
15000.0
15000.0
-15000.0
-15000.0
-15000.0
-14467.849223946785
-15000.0
-15000.0
15000.0
15000.0
15000.0
15000.0
15000.0
15000.0
-15000.0
-15000.0
-15000.0
-15000.0
-15000.0
-15000.0
15000.0
15000.0
15000.0
15000.0
15000.0
15000.0
-15000.0
-15000.0
-15000.0
-13910.314246347316
-13499.20534696542
-12204.664489589402
15000.0
15000.0
15000.0
15000.0
15000.0
15000.0
15000.0
15000.0
-15000.0
-15000.0
-15000.0
-15000.0
-15000.0
-13722.791293213835
15000.0
15000.0
15000.0
15000.0
15000.0
15000.0
15000.0
-15000.0
-15000.0
-15000.0
-15000.0
-15000.0
15000.0
15000.0
15000.0
15000.0
15000.0
15000.0
-15000.0
15000.0
-14239.83107357191
-14465.423716998575
-15000.0
15000.0
15000.0
15000.0
15000.0
-15000.0
-15000.0
-13893.719489487532
-12923.634510258908
-12099.340611753803
-11426.78315779116
-11720.624505816726
-11862.229825838342
15000.0
15000.0
15000.0
15000.0
15000.0
15000.0
15000.0
15000.0
-13983.957219251337
-15000.0
-15000.0
-15000.0
15000.0
15000.0
15000.0
15000.0
15000.0
-15000.0
-15000.0
-12617.554858934174
-9773.004472150697
-5880.680483263513
15000.0
14859.618361069242
3781.7833411191214
15000.0
15000.0
15000.0
-15000.0
-15000.0
15000.0
15000.0
-15000.0
-14602.756698157042
-15000.0
-15000.0
-15000.0
15000.0
15000.0
15000.0
15000.0
15000.0
15000.0
-13158.229411835695
-12676.717506220852
-12804.892389927361
-13329.838992785946
-13476.059073884564
-13602.92380788357
-15000.0
15000.0
15000.0
15000.0
15000.0
15000.0
15000.0
15000.0
-15000.0
15000.0
-15000.0
-15000.0
-15000.0
-15000.0
-15000.0
15000.0
15000.0
15000.0
15000.0
15000.0
15000.0
-15000.0
-15000.0
-15000.0
-15000.0
-15000.0
-15000.0
-15000.0
15000.0
15000.0
15000.0
15000.0
15000.0
15000.0
15000.0
15000.0
15000.0
-15000.0
15000.0
-14643.180079293317
-14572.222421200488
-13852.02791217182
-12948.00670565866
15000.0
15000.0
15000.0
15000.0
15000.0
15000.0
-15000.0
-15000.0
-15000.0
-15000.0
-15000.0
-15000.0
15000.0
15000.0
15000.0
15000.0
15000.0
15000.0
-15000.0
-15000.0
-15000.0
15000.0
15000.0
15000.0
15000.0
15000.0
-13319.77361160241
-13469.878574226404
-13609.837701203589
-14361.89648516701
-15000.0
15000.0
15000.0
15000.0
15000.0
15000.0
15000.0
-14653.003246753247
-15000.0
-14040.207473948303
15000.0
15000.0
15000.0
15000.0