Demand
15000.0
15000.0
15000.0
15000.0
15000.0
15000.0
15000.0
15000.0
15000.0
15000.0
15000.0
15000.0
15000.0
15000.0
15000.0
15000.0
15000.0
15000.0
15000.0
-15000.0
-15000.0
-15000.0
-15000.0
-15000.0
-15000.0
-15000.0
-15000.0
15000.0
15000.0
15000.0
15000.0
15000.0
15000.0
15000.0
15000.0
-15000.0
-15000.0
-15000.0
-15000.0
-15000.0
15000.0
15000.0
15000.0
15000.0
15000.0
15000.0
15000.0
-15000.0
-15000.0
-15000.0
-15000.0
-15000.0
-8840.334999324601
-3376.3664332057733
4459.222882174701
15000.0
2377.7796857149833
15000.0
15000.0
15000.0
15000.0
15000.0
15000.0
-15000.0
-12823.636363636368
-10901.964553990492
-9651.414935424222
569.4871277212123
15000.0
15000.0
15000.0
15000.0
-12507.742758243763
-12547.921740178615
-12913.838862150875
-13307.663558132266
-9329.132986831497
15000.0
15000.0
15000.0
15000.0
15000.0
-12316.857899382172
-10436.573738211217
15000.0
-2521.869063218408
15000.0
-14386.212328129302
-14667.972763925405
-15000.0
-15000.0
-15000.0
-14298.325519794278
-12492.48878134568
-15000.0
15000.0
15000.0
15000.0
15000.0
15000.0
15000.0
15000.0
-13281.099610017212
-14246.417603418042
-15000.0
-15000.0
-15000.0
-15000.0
-15000.0
15000.0
15000.0
15000.0
15000.0
15000.0
15000.0
15000.0
15000.0
-15000.0
-15000.0
-15000.0
-15000.0
-15000.0
-13714.248389900178
15000.0
15000.0
15000.0
15000.0
15000.0
15000.0
15000.0
15000.0
-15000.0
-15000.0
-15000.0
-15000.0
-15000.0
-13802.521008403364
-14169.116057325238
-13398.054788573521
15000.0
15000.0
15000.0
15000.0
15000.0
15000.0
15000.0
15000.0
15000.0
-12991.975731480576
-12036.828087518123
-11631.551079402987
-12484.749515548163
-12973.694738082511
-13769.772510030096
15000.0
15000.0
15000.0
15000.0
15000.0
15000.0
15000.0
-15000.0
15000.0
-15000.0
-15000.0
15000.0
15000.0
15000.0
-15000.0
-15000.0
-15000.0
-13604.22405876952
-8230.47340928722
15000.0
15000.0
-15000.0
15000.0
15000.0
15000.0
15000.0
-15000.0
15000.0
15000.0
15000.0
-15000.0
-15000.0
-15000.0
15000.0
15000.0
15000.0
-15000.0
-15000.0
-15000.0
-15000.0
-15000.0
-14234.591110514306
-13643.209719794122
15000.0
-15000.0
15000.0
15000.0
15000.0
15000.0
15000.0
15000.0
15000.0
-14268.099659874184
-14527.160879936
-14192.679867846611
15000.0
15000.0
15000.0
15000.0
15000.0
-14208.882720333106
15000.0
15000.0
-15000.0
-13977.833125778332
-13474.562019397137
-12785.62859183089
-13906.900272543648
-14208.501874230024
-13098.624122923688
15000.0
15000.0
15000.0
15000.0
15000.0
15000.0
15000.0
-15000.0
-15000.0
-15000.0
-15000.0
-2257.824143070109
15000.0
15000.0
15000.0
15000.0
15000.0
-15000.0
-14659.435609890617
-11587.338506607608
-9456.85719055581
-9122.58263072215
-5469.990144787065
-2177.994332510253
2429.2419598417255
10110.539274742725
13462.762576803245
10678.15040065419
15000.0
5031.120113792537
15000.0
15000.0
-8268.921095008052
-6567.604653163614
-5340.607028935905
-4636.184919229097
-2856.8507878796154
712.4537024025221
1630.903169845743
1481.8569228199367
4504.304838534656
15000.0
1519.0910159219675
15000.0
-6244.7377403572655
-4563.306734253413
-2795.105285172346
-3850.659368259795
-4458.5734136880865
-3370.7736971658824
-786.481612290092
-765.5938686294121
-2458.9223796967017
-2541.0118679409234
4986.702530210136
8696.490722173123
7518.627919682301
15000.0
1690.2476654190868
15000.0
-7832.067068378314
1732.0364120861877
15000.0
15000.0
-12530.017152658664
-12988.422021162402
-13499.208898215871
-11909.156289970302
-10574.844839787991
-3909.3899724021758
6812.405387732099
12826.404093862415
8364.718631302165
15000.0
4209.953661965879
15000.0
15000.0
-15000.0
-15000.0
-15000.0
-15000.0
15000.0
15000.0
15000.0
15000.0
-11784.142626095465
-12595.171591688868
-12376.04028809449
-11650.112833751427
-10656.876928694164
-8586.059651938314
-4465.949371908799
-1456.0441311702416
7422.783115238391
15000.0
5908.390086153441
15000.0
336.23466477119837
15000.0
15000.0
15000.0
-15000.0
-15000.0
-15000.0
-15000.0
-13482.697426796807
-14354.127390301244
-15000.0
-15000.0
15000.0
15000.0
15000.0
15000.0
15000.0
15000.0
15000.0
15000.0
-13121.535088442986
-13641.632298647644
-14242.303442427157
-15000.0
-15000.0
-15000.0
-15000.0
15000.0
15000.0
15000.0
15000.0
15000.0
15000.0
15000.0
-14674.891532155503
-15000.0
-15000.0
-15000.0
-15000.0
-15000.0
-15000.0
-15000.0
15000.0
15000.0
15000.0
15000.0
15000.0
15000.0
15000.0
15000.0
15000.0
-15000.0
-15000.0
-15000.0
-15000.0
-15000.0
-15000.0
15000.0
15000.0
15000.0
15000.0
15000.0
15000.0
-15000.0
-15000.0
-15000.0
-15000.0
-13258.48567194154
-12643.761751431914
-13646.72468231093
-15000.0
15000.0
15000.0
15000.0
15000.0
15000.0
15000.0
15000.0
15000.0
-15000.0
-15000.0
-11152.987153307997
15000.0
15000.0
15000.0
15000.0
15000.0
-15000.0
-15000.0
-15000.0
-15000.0
-15000.0
15000.0
15000.0
15000.0
15000.0
15000.0
15000.0
-15000.0
15000.0
15000.0
-15000.0
-15000.0
15000.0
15000.0
-15000.0
-15000.0
-15000.0
-15000.0
-15000.0
15000.0
15000.0
15000.0
15000.0
15000.0
15000.0
-14332.239925023434
-14272.221097887847
-14594.172749795478
-15000.0
-15000.0
-15000.0
-15000.0
15000.0
15000.0
15000.0
15000.0
15000.0
15000.0
15000.0
15000.0
15000.0
-15000.0
-15000.0
-15000.0
-15000.0
15000.0
15000.0
15000.0
15000.0
-14678.147939017505
-14284.669577676781
-15000.0
-15000.0
-15000.0
-15000.0
15000.0
15000.0
15000.0
15000.0
15000.0
15000.0
15000.0
-15000.0
-15000.0
-15000.0
15000.0
15000.0
15000.0
-15000.0
-15000.0
-15000.0
-15000.0
-15000.0
-15000.0
15000.0
15000.0
15000.0
15000.0
15000.0
15000.0
15000.0
-15000.0
-15000.0
-15000.0
-15000.0
-15000.0
-14332.239925023434
-13943.952733496677
-15000.0
15000.0
15000.0
15000.0
15000.0
15000.0
15000.0
15000.0
15000.0
-14310.87169461565
-14224.757421456128
-14544.393554650462
-15000.0
-15000.0
-15000.0
15000.0
15000.0
15000.0
15000.0
15000.0
15000.0
15000.0
-15000.0
-13901.685147358632
15000.0
15000.0
15000.0
-15000.0
-15000.0
-15000.0
-15000.0
-15000.0
-13402.504284080813
15000.0
15000.0
15000.0
15000.0
15000.0
15000.0
15000.0
-15000.0
-15000.0
-15000.0
-15000.0
15000.0
15000.0
15000.0
15000.0
15000.0
-15000.0
15000.0
-15000.0
-15000.0
-15000.0
15000.0
15000.0
15000.0
15000.0
-14354.13579708882
-14644.95182643682
-15000.0
-15000.0
-15000.0
-15000.0
-15000.0
15000.0
15000.0
15000.0
15000.0
15000.0
15000.0
15000.0
-14428.071802993822
-15000.0
15000.0
15000.0
15000.0
-14672.822175363654
-15000.0
-14586.555123609385
-15000.0
-15000.0
-15000.0
-15000.0
15000.0
15000.0
15000.0
15000.0
15000.0
15000.0
15000.0
-15000.0
-15000.0
-11437.8013804355
15000.0
15000.0
15000.0
15000.0
-15000.0
-15000.0
-15000.0
-15000.0
-13539.687883105995
-11936.120084306254
-9804.310624199312
-5276.083630432531
15000.0
10234.24286616054
15000.0
15000.0
15000.0
15000.0
15000.0
15000.0
-15000.0
-15000.0
-13478.067387158299
-15000.0
-15000.0
15000.0
15000.0
15000.0
15000.0
15000.0
-15000.0
-15000.0
-15000.0
-12480.518295498769
-9782.471628007821
-7333.028062910293
-4808.479590378068
15000.0
15000.0
15000.0
15000.0
15000.0
15000.0
15000.0
-15000.0
-15000.0
-15000.0
-14405.243250293468
-15000.0
-15000.0
15000.0
15000.0
15000.0
15000.0
15000.0
15000.0
-14293.055177738242
-12405.506177035742
-10865.701190537693
-8286.282273068973
15000.0
15000.0
15000.0
15000.0
15000.0
-15000.0
-15000.0
-15000.0
-15000.0
15000.0
15000.0
15000.0
15000.0
-15000.0
-15000.0
-15000.0
-15000.0
-15000.0
15000.0
15000.0
15000.0
15000.0
15000.0
-15000.0
-15000.0
-15000.0
-15000.0
-15000.0
-15000.0
-15000.0
-15000.0
15000.0
15000.0
15000.0
15000.0
15000.0
15000.0
15000.0
15000.0
-15000.0
-15000.0
-13800.901577761091
-13876.244611638813
15000.0
15000.0
15000.0
15000.0
15000.0
15000.0
-13455.493835523645
-13930.646681649217
-14547.964530623747
-15000.0
-15000.0
15000.0
15000.0
15000.0
15000.0
-15000.0
-13780.701997416112
-14014.916733444508
-13654.25048219725
-13746.721383754626
15000.0
15000.0
15000.0
15000.0
15000.0
15000.0
15000.0
-13717.14492404148
-13258.999751710358
-13071.8480667226
-13235.912480481438
-13398.306256267348
-14278.99318917633
-15000.0
15000.0
15000.0
15000.0
15000.0
15000.0
15000.0
15000.0
15000.0
-14677.531659341137
-15000.0
-15000.0
-15000.0
-15000.0