Demand
15000.0
15000.0
15000.0
15000.0
15000.0
15000.0
15000.0
15000.0
15000.0
15000.0
15000.0
15000.0
15000.0
15000.0
15000.0
15000.0
15000.0
15000.0
15000.0
15000.0
15000.0
-15000.0
-15000.0
15000.0
15000.0
15000.0
15000.0
15000.0
-15000.0
-14285.813726855078
-14147.150164387436
-15000.0
-15000.0
15000.0
15000.0
15000.0
15000.0
15000.0
15000.0
-15000.0
-15000.0
-15000.0
-15000.0
-14160.839160839161
-12754.934210526324
15000.0
15000.0
15000.0
15000.0
15000.0
15000.0
15000.0
-12492.27970726342
-11612.430578225463
-11651.886896165353
-12047.096089471543
-12972.415536221943
-13620.830649907512
-15000.0
15000.0
15000.0
15000.0
15000.0
15000.0
15000.0
15000.0
-12362.637362637364
-12074.621267932016
-10792.518772313932
-10418.715307377672
-10851.441408997573
-6885.8266577549875
15000.0
15000.0
15000.0
15000.0
15000.0
15000.0
-11548.672566371682
-10617.069592819433
-10226.470598508811
-10083.387091960325
-11188.197451835113
-9515.245985856101
-9569.394214493263
-4693.719160997396
15000.0
15000.0
15000.0
15000.0
15000.0
15000.0
-14678.945589726267
-14268.827698680525
-15000.0
-15000.0
-15000.0
15000.0
15000.0
15000.0
15000.0
15000.0
15000.0
-14388.124790338818
-15000.0
-15000.0
-15000.0
-15000.0
-15000.0
-15000.0
-15000.0
15000.0
15000.0
15000.0
15000.0
15000.0
15000.0
15000.0
15000.0
15000.0
-15000.0
-15000.0
-14602.104924018688
-14082.55010557497
-13886.713240820714
-14254.078074796249
-15000.0
-15000.0
15000.0
15000.0
15000.0
15000.0
15000.0
15000.0
15000.0
15000.0
-14275.430562202648
-14505.975960563228
-13897.965448651223
15000.0
15000.0
15000.0
15000.0
-15000.0
-15000.0
-15000.0
-15000.0
-11987.315010570834
-9933.992704557553
-2629.990273167151
15000.0
8162.344544906318
15000.0
15000.0
15000.0
15000.0
15000.0
15000.0
-15000.0
-15000.0
-15000.0
-15000.0
-15000.0
15000.0
15000.0
15000.0
15000.0
15000.0
-15000.0
-15000.0
-15000.0
-13306.595365418903
15000.0
15000.0
15000.0
15000.0
15000.0
-15000.0
-15000.0
-15000.0
-15000.0
-15000.0
15000.0
15000.0
15000.0
15000.0
15000.0
-15000.0
-15000.0
15000.0
15000.0
15000.0
-15000.0
-15000.0
-15000.0
-14460.227272727276
-14075.09761168298
15000.0
-15000.0
15000.0
15000.0
15000.0
15000.0
-15000.0
-15000.0
-15000.0
-12971.875792960538
-6990.576703798895
15000.0
15000.0
15000.0
15000.0
15000.0
15000.0
-14316.598115183526
-15000.0
-15000.0
-15000.0
-11465.979694376801
15000.0
15000.0
15000.0
10057.346491388551
15000.0
15000.0
15000.0
-15000.0
-15000.0
-15000.0
-15000.0
-15000.0
-15000.0
-15000.0
15000.0
15000.0
15000.0
15000.0
15000.0
15000.0
15000.0
-15000.0
-15000.0
-14535.679374389052
-9614.000955825079
-4193.5841345005
551.7427203183188
15000.0
15000.0
15000.0
7944.991230637968
15000.0
10350.228609568308
15000.0
-9256.075874333139
-8387.167583641523
-7661.257581374539
-4701.067710140021
-730.9910120645327
3075.9891277777724
5986.94146924503
10597.586674925742
13230.276221336715
5419.980306327495
9540.53092686136
-10757.575757575758
-5311.157278436189
-3894.900581812948
-4134.552231705381
-5008.719193667159
-2549.755737006304
256.86807532631883
-485.59195492819526
-119.08303775997774
4073.22501167499
11917.28836070079
5668.4781485301355
11404.668737153417
-11818.18181818182
-5954.295387219634
-4977.040034057024
-4442.515108490145
453.566617196514
15000.0
15000.0
-12575.757575757576
-10186.73033425484
-10129.83056030633
-10384.718413539475
-11054.627479776726
-11165.279421981446
-10858.507571174541
15000.0
15000.0
15000.0
15000.0
14851.410682462054
-1529.2196796369235
15000.0
-12220.207577841691
-13005.596960675888
-14265.192070910729
-15000.0
-15000.0
-15000.0
-15000.0
15000.0
15000.0
15000.0
15000.0
15000.0
15000.0
15000.0
-12402.597402597403
-11730.103806228377
-10341.649200206197
-7640.235198384081
-5641.637151661798
2133.980642790203
15000.0
15000.0
-463.70874617659683
15000.0
15000.0
-15000.0
15000.0
15000.0
-15000.0
-15000.0
-15000.0
-13757.128480375715
-14521.003576115927
-15000.0
-15000.0
-15000.0
15000.0
15000.0
15000.0
15000.0
15000.0
15000.0
15000.0
15000.0
15000.0
-14342.686911397272
-15000.0
-15000.0
-15000.0
-15000.0
-15000.0
15000.0
15000.0
15000.0
15000.0
15000.0
15000.0
15000.0
-15000.0
15000.0
15000.0
15000.0
-15000.0
-15000.0
-15000.0
-15000.0
-15000.0
-11662.01896263246
15000.0
15000.0
3797.7036493765672
15000.0
15000.0
15000.0
15000.0
-15000.0
-15000.0
-15000.0
-15000.0
15000.0
15000.0
15000.0
15000.0
15000.0
-15000.0
-15000.0
-15000.0
-15000.0
-15000.0
-15000.0
15000.0
15000.0
15000.0
15000.0
15000.0
15000.0
-15000.0
-15000.0
15000.0
15000.0
15000.0
15000.0
-15000.0
-15000.0
-13768.189021754792
-14001.408257354793
-15000.0
-15000.0
15000.0
15000.0
15000.0
15000.0
15000.0
15000.0
15000.0
-15000.0
-14593.184048532432
-15000.0
-15000.0
15000.0
15000.0
15000.0
15000.0
15000.0
15000.0
-15000.0
-15000.0
-15000.0
-15000.0
-15000.0
-15000.0
-15000.0
15000.0
15000.0
15000.0
15000.0
15000.0
15000.0
15000.0
15000.0
-14363.673575707962
-14655.897959289221
-15000.0
-15000.0
-15000.0
-15000.0
-15000.0
-15000.0
15000.0
15000.0
15000.0
15000.0
15000.0
15000.0
15000.0
15000.0
-15000.0
-15000.0
15000.0
15000.0
-15000.0
-15000.0
-15000.0
-14519.526125628552
-13809.591294197198
-15000.0
-15000.0
15000.0
15000.0
15000.0
15000.0
15000.0
15000.0
15000.0
15000.0
15000.0
-15000.0
-15000.0
-15000.0
-14411.992263056098
-14018.86922755768
-7005.0488645123005
15000.0
15000.0
15000.0
15000.0
15000.0
15000.0
-15000.0
-15000.0
-15000.0
-15000.0
-15000.0
15000.0
15000.0
15000.0
15000.0
15000.0
15000.0
-15000.0
-12474.170297522978
15000.0
15000.0
-15000.0
-15000.0
-15000.0
15000.0
15000.0
15000.0
15000.0
-14359.193973321198
-14243.632936315029
-14006.287900962718
-14121.967329933006
15000.0
15000.0
15000.0
15000.0
15000.0
-15000.0
-15000.0
-15000.0
15000.0
15000.0
15000.0
15000.0
15000.0
-15000.0
-15000.0
-15000.0
-15000.0
-15000.0
-15000.0
15000.0
15000.0
15000.0
15000.0
15000.0
15000.0
15000.0
-15000.0
-15000.0
-15000.0
-15000.0
-15000.0
15000.0
15000.0
15000.0
15000.0
15000.0
15000.0
-15000.0
-15000.0
-15000.0
15000.0
15000.0
15000.0
-15000.0
-14294.590831743415
-14202.262587365218
-14054.52995038178
-14390.305973762646
-15000.0
-15000.0
15000.0
15000.0
15000.0
15000.0
15000.0
15000.0
15000.0
-15000.0
-15000.0
-15000.0
-14554.29219251344
-15000.0
-15000.0
-15000.0
15000.0
15000.0
15000.0
15000.0
15000.0
15000.0
15000.0
15000.0
-15000.0
-15000.0
-15000.0
-15000.0
15000.0
15000.0
15000.0
15000.0
15000.0
-14369.12008854455
-14648.020226116056
-15000.0
-15000.0
-15000.0
-15000.0
15000.0
15000.0
15000.0
15000.0
15000.0
15000.0
-12975.248538660704
-13517.085583633088
-14156.924455081331
-15000.0
-15000.0
-15000.0
15000.0
15000.0
15000.0
15000.0
15000.0
15000.0
15000.0
15000.0
-15000.0
15000.0
15000.0
-15000.0
15000.0
15000.0
15000.0
-15000.0
-13027.852261915064
-11032.962860435953
-9278.273871192087
-6797.514255241054
15000.0
15000.0
15000.0
15000.0
15000.0
-15000.0
-15000.0
-15000.0
-15000.0
-15000.0
-14330.985915492958
-15000.0
-15000.0
15000.0
15000.0
15000.0
15000.0
15000.0
15000.0
15000.0
15000.0
15000.0
-13078.07028919725
-13604.936463937098
-13826.205455793024
-14081.396696507192
-15000.0
-15000.0
-15000.0
15000.0
15000.0
15000.0
15000.0
15000.0
15000.0
15000.0
-15000.0
-15000.0
-15000.0
-15000.0
15000.0
15000.0
15000.0
15000.0
15000.0
15000.0
-15000.0
-15000.0
-15000.0
-15000.0
-15000.0
-15000.0
-15000.0
-15000.0
15000.0
15000.0
15000.0
15000.0
15000.0
15000.0
15000.0
15000.0
-15000.0
-15000.0
-7027.972027972129
15000.0
15000.0
15000.0
15000.0
-14062.529651769619
-13625.320388479748
-13833.133753582719
-12676.411743864188
-13192.469950457958
-14010.662817162964
-15000.0
15000.0
15000.0
15000.0
15000.0
15000.0
15000.0
-13871.62361892506
-14089.689941139124
-13747.393805610449
-13763.465460951302
15000.0
15000.0
15000.0
15000.0
15000.0
15000.0
-15000.0
-13685.587583148561
-13195.519885880472
-12966.544846436216
-13085.659097943098
-13165.271649947703
-14061.001479569262
-15000.0
15000.0
15000.0
15000.0
15000.0
15000.0
15000.0
15000.0
-15000.0
-14611.745657997431
-15000.0
-15000.0
-15000.0
15000.0