Demand
15000.0
15000.0
15000.0
15000.0
15000.0
15000.0
15000.0
15000.0
15000.0
-15000.0
-15000.0
-15000.0
-15000.0
-15000.0
-15000.0
15000.0
15000.0
15000.0
15000.0
15000.0
15000.0
15000.0
15000.0
15000.0
15000.0
-15000.0
-15000.0
-15000.0
-15000.0
-13119.033500013375
-8965.719840137765
15000.0
15000.0
15000.0
15000.0
15000.0
15000.0
15000.0
-15000.0
-15000.0
-15000.0
-15000.0
-15000.0
15000.0
15000.0
15000.0
15000.0
15000.0
15000.0
-15000.0
-15000.0
-15000.0
-10035.38377789875
-2982.608300446186
15000.0
15000.0
15000.0
-5218.269313351741
15000.0
-15000.0
15000.0
15000.0
-15000.0
15000.0
15000.0
-11989.27423006764
-11947.463699697408
-11276.033589905226
-8518.420057746294
-3978.5566860781955
15000.0
15000.0
15000.0
15000.0
15000.0
-14035.242787828636
-13261.133364713063
-11944.650303944432
-10304.301508649918
-8656.817174041378
-7502.618771176676
-6282.456817953003
-6695.506495376548
6474.883695909275
15000.0
3901.1964646982588
15000.0
15000.0
15000.0
15000.0
15000.0
-15000.0
-14631.306597671413
-14142.22730246441
-15000.0
-15000.0
-15000.0
15000.0
15000.0
15000.0
15000.0
15000.0
15000.0
15000.0
-15000.0
15000.0
-15000.0
15000.0
15000.0
15000.0
-15000.0
-15000.0
-15000.0
-15000.0
-15000.0
15000.0
15000.0
15000.0
15000.0
15000.0
15000.0
15000.0
-14672.451442362948
-14286.929371249942
-14207.888771314247
-14545.419031891888
-15000.0
-15000.0
-15000.0
-15000.0
15000.0
15000.0
15000.0
15000.0
15000.0
15000.0
15000.0
15000.0
-14656.845464124985
-14620.69753579712
-15000.0
-15000.0
-15000.0
-15000.0
-15000.0
15000.0
15000.0
15000.0
15000.0
15000.0
15000.0
15000.0
15000.0
-14544.103941038014
-15000.0
15000.0
15000.0
15000.0
15000.0
-15000.0
-15000.0
15000.0
15000.0
-15000.0
-15000.0
-15000.0
-15000.0
-15000.0
-15000.0
15000.0
15000.0
15000.0
15000.0
15000.0
15000.0
15000.0
15000.0
-15000.0
-15000.0
-15000.0
-15000.0
-15000.0
15000.0
15000.0
15000.0
15000.0
15000.0
15000.0
-15000.0
-15000.0
-15000.0
-15000.0
-15000.0
15000.0
15000.0
15000.0
15000.0
15000.0
15000.0
-15000.0
-15000.0
-15000.0
-15000.0
15000.0
15000.0
15000.0
15000.0
-14454.545454545452
15000.0
15000.0
-13490.732568402476
15000.0
-13125.972564697997
15000.0
15000.0
-15000.0
-15000.0
-15000.0
-12976.730427923489
-7705.017816169358
15000.0
15000.0
15000.0
15000.0
15000.0
-15000.0
15000.0
15000.0
-15000.0
-15000.0
-15000.0
15000.0
15000.0
15000.0
15000.0
-13944.537518737328
-14112.996353520019
-14298.130731696318
-15000.0
15000.0
15000.0
15000.0
15000.0
-11929.141893644766
-10186.071904917764
-10129.463190732
-7677.969336538499
-6075.12901908965
-4383.3797707941085
-1597.0534292551783
3319.894162564309
10980.328006259233
12944.719243832382
11259.309347145685
15000.0
5378.05963334721
15000.0
15000.0
-5881.953867028496
-5570.126446539478
-4503.641098824824
-2263.1344080316485
-2220.121063520488
-3271.570054824165
-3389.9386743705145
-1547.9072730831876
1067.496242429228
1235.7872393530752
671.2379143755898
6572.475931371474
11261.359792266649
5627.586719372609
7888.958107361163
15000.0
-10000.000000000002
-4510.68521031208
-6235.897039840245
-7224.907629089837
-5007.8886168078525
-4619.366084877114
-5427.423409533312
-5495.945092639999
-2857.8536908607675
327.37769985882005
15000.0
6181.079696461232
15000.0
15000.0
-3631.6246614451056
15000.0
-13692.338658184784
-12404.913254521925
-11492.68257113692
-7108.976037930905
-1499.3634598296185
5380.403501103035
15000.0
3241.8390737811324
15000.0
15000.0
15000.0
-15000.0
-15000.0
-15000.0
-15000.0
-10393.939393939403
15000.0
15000.0
15000.0
15000.0
13439.059158944965
15000.0
-13787.878787878788
-12062.696822215861
-11129.140316663783
-9614.398473341025
-9452.874909423288
-8627.29069841513
-7895.429986231058
-7129.461204001334
-5747.746189624712
1404.5866241929216
15000.0
15000.0
15000.0
15000.0
15000.0
15000.0
-15000.0
-13839.89145183175
-14392.563314418872
-15000.0
15000.0
15000.0
15000.0
-15000.0
-15000.0
-15000.0
-15000.0
-15000.0
-11186.919196978597
15000.0
15000.0
3761.6948919937595
15000.0
15000.0
15000.0
15000.0
15000.0
-15000.0
-15000.0
-15000.0
-15000.0
-15000.0
-13065.610859728506
-14081.322670735095
-15000.0
15000.0
15000.0
15000.0
15000.0
15000.0
15000.0
15000.0
15000.0
15000.0
-13762.140314894132
-13945.276797205872
-14145.655089782373
-15000.0
-15000.0
15000.0
15000.0
15000.0
15000.0
15000.0
-15000.0
-15000.0
-15000.0
-15000.0
-15000.0
15000.0
15000.0
15000.0
15000.0
15000.0
-15000.0
-15000.0
-13560.60606060606
-12978.894048121569
-13583.233002072157
15000.0
15000.0
15000.0
15000.0
15000.0
15000.0
-15000.0
-15000.0
-15000.0
-15000.0
-15000.0
8916.083916083986
15000.0
15000.0
15000.0
15000.0
15000.0
15000.0
-15000.0
-15000.0
-15000.0
-15000.0
-15000.0
-14052.106430155218
-15000.0
15000.0
15000.0
15000.0
15000.0
15000.0
15000.0
15000.0
15000.0
-15000.0
-15000.0
15000.0
15000.0
15000.0
-15000.0
-15000.0
-15000.0
-15000.0
15000.0
15000.0
15000.0
15000.0
15000.0
15000.0
-14682.65330470055
-15000.0
-15000.0
-15000.0
-15000.0
-15000.0
-15000.0
15000.0
15000.0
15000.0
15000.0
15000.0
15000.0
15000.0
15000.0
-15000.0
-15000.0
-15000.0
15000.0
15000.0
15000.0
15000.0
15000.0
-14348.198970840484
-15000.0
-15000.0
-15000.0
-15000.0
-15000.0
-15000.0
15000.0
15000.0
15000.0
15000.0
15000.0
15000.0
15000.0
15000.0
15000.0
-14693.383539537386
-14671.412289287262
-15000.0
-15000.0
-15000.0
-15000.0
-15000.0
-15000.0
15000.0
15000.0
15000.0
15000.0
15000.0
15000.0
15000.0
15000.0
15000.0
-15000.0
-15000.0
-15000.0
-14071.913161465403
15000.0
-15000.0
15000.0
15000.0
15000.0
15000.0
-15000.0
-15000.0
-14458.711282131884
-13423.034675713607
-11403.80355330429
15000.0
15000.0
15000.0
15000.0
15000.0
15000.0
15000.0
-15000.0
-15000.0
-15000.0
-15000.0
-15000.0
15000.0
15000.0
15000.0
15000.0
15000.0
-15000.0
-15000.0
-15000.0
-15000.0
-15000.0
15000.0
15000.0
15000.0
15000.0
15000.0
15000.0
-15000.0
-15000.0
-15000.0
-15000.0
-15000.0
15000.0
15000.0
15000.0
15000.0
15000.0
-15000.0
-15000.0
-15000.0
15000.0
15000.0
15000.0
15000.0
-15000.0
-14277.375732924836
-14178.223153849962
-14017.297960887703
-14355.681330477928
-15000.0
-15000.0
15000.0
15000.0
15000.0
15000.0
15000.0
15000.0
15000.0
-15000.0
-15000.0
-15000.0
-14347.331012182447
-15000.0
15000.0
15000.0
15000.0
15000.0
15000.0
15000.0
15000.0
-15000.0
-15000.0
-15000.0
-15000.0
-15000.0
-15000.0
15000.0
15000.0
15000.0
15000.0
15000.0
15000.0
-14365.86141131596
-14655.116577939381
-15000.0
-15000.0
-15000.0
-15000.0
-15000.0
15000.0
15000.0
15000.0
15000.0
15000.0
15000.0
15000.0
15000.0
-15000.0
-15000.0
-15000.0
-15000.0
-15000.0
-15000.0
-15000.0
15000.0
15000.0
15000.0
15000.0
15000.0
15000.0
15000.0
-15000.0
-15000.0
-15000.0
-15000.0
15000.0
15000.0
15000.0
15000.0
15000.0
15000.0
-13743.801652892562
-14655.030640601646
-15000.0
-15000.0
-15000.0
-15000.0
15000.0
15000.0
15000.0
15000.0
15000.0
15000.0
15000.0
-15000.0
-15000.0
-15000.0
-15000.0
-13774.983881366868
-13199.247165668374
-2341.7219431524354
15000.0
15000.0
15000.0
15000.0
15000.0
15000.0
15000.0
15000.0
-15000.0
-15000.0
-15000.0
-15000.0
-15000.0
-15000.0
-15000.0
15000.0
15000.0
15000.0
15000.0
15000.0
15000.0
15000.0
-15000.0
-15000.0
-15000.0
-15000.0
-15000.0
-15000.0
-15000.0
15000.0
15000.0
15000.0
15000.0
15000.0
15000.0
15000.0
15000.0
15000.0
-15000.0
-15000.0
15000.0
15000.0
15000.0
-14264.990328820117
15000.0
-14672.52991724627
-14250.286894661924
-14089.570398613065
-13120.707080482658
-10188.317215076528
15000.0
15000.0
15000.0
15000.0
15000.0
15000.0
-15000.0
-15000.0
15000.0
15000.0
-15000.0
-13797.721999578149
-14033.148645803343
-13691.724507300052
-13817.100131368356
15000.0
15000.0
15000.0
15000.0
15000.0
15000.0
15000.0
-13706.162751106574
-13170.763954550559
-12826.425466945137
-12720.065022949428
-12088.621248632444
7407.355180336272
15000.0
15000.0
15000.0
15000.0
15000.0
-15000.0
-15000.0
-14442.81524926687
-15000.0
15000.0
15000.0
15000.0
15000.0
-15000.0