Demand
-15000.0
-15000.0
-15000.0
-15000.0
15000.0
15000.0
15000.0
15000.0
15000.0
15000.0
15000.0
15000.0
-15000.0
-15000.0
-15000.0
15000.0
15000.0
15000.0
15000.0
-15000.0
-15000.0
-15000.0
15000.0
15000.0
15000.0
15000.0
-15000.0
-15000.0
-15000.0
-13949.187694434848
-13419.41758979145
-15000.0
15000.0
15000.0
15000.0
15000.0
15000.0
15000.0
-15000.0
15000.0
-15000.0
-15000.0
-15000.0
-13526.482532465972
15000.0
15000.0
15000.0
15000.0
15000.0
15000.0
-15000.0
-15000.0
-11539.687357717408
-9791.837567608978
-8911.906691118049
-7537.0216537924025
-70.89947556813422
15000.0
15000.0
15000.0
15000.0
15000.0
15000.0
-15000.0
-12948.315643747119
-11611.117699731996
-11617.267044355292
-11031.484175513924
-8763.747150617077
-7177.075275919091
-5288.483649710637
15000.0
15000.0
15000.0
15000.0
15000.0
15000.0
15000.0
-11522.462562396006
-10511.017959617395
-9988.729165170073
-9621.80375877073
-10495.877318436873
-7086.707266123627
268.0669837145688
15000.0
15000.0
15000.0
15000.0
15000.0
-15000.0
-15000.0
-13636.36363636364
15000.0
15000.0
15000.0
15000.0
-15000.0
-14604.269721426714
-14489.15737010539
-10842.13156401164
1340.22631536896
15000.0
15000.0
15000.0
15000.0
15000.0
-15000.0
-15000.0
-15000.0
-15000.0
15000.0
15000.0
15000.0
15000.0
-15000.0
-14589.28785877267
-15000.0
-15000.0
15000.0
15000.0
15000.0
15000.0
-14342.92380556693
-14268.373822536421
-14576.826313432273
-15000.0
-15000.0
-15000.0
15000.0
15000.0
15000.0
15000.0
15000.0
15000.0
15000.0
-13808.777429467089
15000.0
15000.0
-14665.68914956012
-15000.0
15000.0
15000.0
-15000.0
-15000.0
-15000.0
-15000.0
15000.0
15000.0
15000.0
15000.0
-13013.130781582211
-13428.327116529308
-14038.190180961687
15000.0
15000.0
15000.0
15000.0
15000.0
-15000.0
-15000.0
-15000.0
-15000.0
-15000.0
-15000.0
-15000.0
-15000.0
15000.0
15000.0
15000.0
15000.0
15000.0
15000.0
15000.0
15000.0
-15000.0
-15000.0
-15000.0
-15000.0
-15000.0
15000.0
15000.0
15000.0
15000.0
15000.0
15000.0
15000.0
-15000.0
-15000.0
-15000.0
-15000.0
-15000.0
15000.0
15000.0
15000.0
15000.0
15000.0
-14357.360291630655
-15000.0
-15000.0
-15000.0
-15000.0
-15000.0
-15000.0
-15000.0
15000.0
15000.0
15000.0
15000.0
15000.0
15000.0
15000.0
15000.0
15000.0
15000.0
-15000.0
-15000.0
15000.0
15000.0
-13703.194615603377
-13208.430088570676
-14183.456090494656
-14502.022819628357
-14309.313101681291
-15000.0
15000.0
15000.0
15000.0
15000.0
15000.0
15000.0
15000.0
-15000.0
-15000.0
-15000.0
-13548.387096774193
-13784.393176916547
-14110.682629053405
-15000.0
15000.0
15000.0
15000.0
15000.0
15000.0
15000.0
15000.0
15000.0
-9765.395894428158
-9477.523712282025
-9109.702350563635
-8624.07762923338
-7955.351402716929
-6981.810952608918
-5453.20398384634
-2071.50260617657
3029.5035106205733
15000.0
15000.0
10024.783756398163
9755.486650030245
12067.705364470108
-9696.969696969698
-3463.4273383436266
-4557.331075740734
-4894.255530044428
-3667.1007894010145
-1933.4188200394565
-2171.2725992814812
-3159.6025642380446
-166.0257060260592
3097.616796454494
1883.05230419287
1854.9511962526049
5493.289426942527
11484.695242327172
7086.885376285566
5244.896298029577
15000.0
-11212.121212121212
-4683.257918552036
-2939.568593284758
15000.0
1533.0838022823082
15000.0
-9820.340009844385
-10204.84755666403
-10216.46845320093
-10567.781225898641
-11357.165293067585
-11731.747587716556
-12114.795250239113
-6400.749875092256
15000.0
15000.0
15000.0
15000.0
8281.199434071279
15000.0
12616.287325751615
15000.0
-14384.338433843386
-15000.0
-15000.0
-15000.0
-15000.0
15000.0
15000.0
15000.0
15000.0
15000.0
-12381.088956802712
-11504.669886870997
-7348.767992541899
15000.0
15000.0
15000.0
15000.0
-10786.010236412381
-10841.835295498193
-11230.13133924931
-12045.361616000824
-14005.50647173334
-15000.0
-15000.0
-15000.0
15000.0
15000.0
15000.0
15000.0
15000.0
15000.0
15000.0
-15000.0
-15000.0
-15000.0
-15000.0
-15000.0
15000.0
15000.0
15000.0
15000.0
15000.0
15000.0
15000.0
-15000.0
-15000.0
-15000.0
15000.0
15000.0
15000.0
15000.0
-15000.0
15000.0
-15000.0
-11971.664698937424
15000.0
15000.0
15000.0
-15000.0
-15000.0
15000.0
15000.0
-15000.0
-15000.0
-15000.0
-11921.69216921692
15000.0
15000.0
15000.0
15000.0
15000.0
15000.0
-15000.0
-15000.0
-15000.0
-15000.0
-15000.0
-15000.0
-15000.0
15000.0
15000.0
15000.0
15000.0
15000.0
15000.0
15000.0
15000.0
-15000.0
-13988.584609924885
-13840.401190167759
-14527.717845101444
-15000.0
-15000.0
15000.0
15000.0
15000.0
15000.0
15000.0
15000.0
-15000.0
-15000.0
-15000.0
15000.0
15000.0
15000.0
-15000.0
-15000.0
-15000.0
-15000.0
-15000.0
-15000.0
-15000.0
15000.0
15000.0
15000.0
15000.0
15000.0
15000.0
15000.0
15000.0
-15000.0
-15000.0
15000.0
15000.0
15000.0
-15000.0
-15000.0
-15000.0
-15000.0
-15000.0
-15000.0
15000.0
15000.0
15000.0
15000.0
15000.0
15000.0
15000.0
-14346.142816174364
-14611.413863298836
-15000.0
-15000.0
15000.0
15000.0
15000.0
15000.0
15000.0
-15000.0
-14204.157617126904
-15000.0
-15000.0
-15000.0
15000.0
15000.0
15000.0
15000.0
15000.0
15000.0
-15000.0
-15000.0
-15000.0
-14555.236457561317
-13873.712176696288
-15000.0
-15000.0
15000.0
15000.0
15000.0
15000.0
15000.0
15000.0
15000.0
-15000.0
-15000.0
-15000.0
-15000.0
-15000.0
-14299.735992723148
-13751.239717241715
15000.0
-15000.0
15000.0
15000.0
15000.0
15000.0
15000.0
15000.0
15000.0
15000.0
15000.0
-15000.0
-15000.0
-15000.0
15000.0
15000.0
15000.0
-15000.0
-15000.0
15000.0
15000.0
15000.0
-15000.0
-15000.0
-15000.0
-15000.0
-15000.0
-15000.0
15000.0
15000.0
15000.0
15000.0
15000.0
15000.0
-15000.0
-15000.0
-15000.0
-15000.0
-15000.0
-15000.0
-15000.0
15000.0
15000.0
15000.0
15000.0
15000.0
15000.0
15000.0
-15000.0
-15000.0
-15000.0
15000.0
15000.0
15000.0
15000.0
15000.0
-15000.0
-15000.0
-15000.0
-15000.0
-15000.0
-15000.0
-15000.0
15000.0
15000.0
15000.0
15000.0
15000.0
15000.0
15000.0
-15000.0
15000.0
15000.0
-15000.0
-15000.0
-15000.0
-15000.0
-13686.299615877087
-12835.137162810057
-3950.610207226725
15000.0
15000.0
15000.0
15000.0
15000.0
15000.0
15000.0
-15000.0
-15000.0
-15000.0
-15000.0
15000.0
15000.0
15000.0
15000.0
15000.0
-15000.0
-15000.0
-13540.332906530097
15000.0
15000.0
15000.0
15000.0
-15000.0
-15000.0
-15000.0
-15000.0
-15000.0
15000.0
15000.0
15000.0
15000.0
15000.0
-15000.0
-14120.035659538386
-14308.485692720653
-15000.0
15000.0
15000.0
15000.0
15000.0
-15000.0
-15000.0
-13601.956846145673
-11781.437999546219
-7774.719026570514
15000.0
15000.0
15000.0
15000.0
15000.0
15000.0
-15000.0
15000.0
-15000.0
-15000.0
-15000.0
-12099.728629579378
15000.0
15000.0
15000.0
15000.0
15000.0
-15000.0
-15000.0
-15000.0
-15000.0
-15000.0
-9882.1548821549
8914.0930658453
15000.0
9929.800819650718
15000.0
15000.0
15000.0
15000.0
15000.0
-15000.0
-15000.0
-15000.0
-15000.0
-15000.0
15000.0
15000.0
15000.0
15000.0
15000.0
15000.0
-15000.0
-15000.0
-14198.529014114978
-14077.514691377874
-11636.020689763103
-9912.678565951042
-8477.400190248507
-4723.429826558902
15000.0
15000.0
15000.0
15000.0
15000.0
15000.0
15000.0
15000.0
-15000.0
-15000.0
-15000.0
-15000.0
-15000.0
-15000.0
-15000.0
-15000.0
15000.0
15000.0
15000.0
15000.0
15000.0
15000.0
15000.0
15000.0
15000.0
-15000.0
-15000.0
-15000.0
-15000.0
-15000.0
-15000.0
15000.0
15000.0
15000.0
15000.0
15000.0
15000.0
15000.0
-15000.0
-15000.0
-14227.41794946268
-14563.935058693995
-14485.15547938563
-13692.132308760643
-13096.870126612073
-8761.109932539763
15000.0
15000.0
15000.0
15000.0
15000.0
15000.0
15000.0
15000.0
15000.0
-15000.0
15000.0
15000.0
-13756.363636363636
-10606.530083707192
15000.0
15000.0
-14598.445119740205
-15000.0
-15000.0
15000.0
15000.0
15000.0
15000.0
-13731.106239543682
-13236.644464421883
-12967.752176045593
-12998.757133457526
-12863.755769731539
-13378.514409620875
15000.0
15000.0
15000.0
15000.0
15000.0
15000.0
-15000.0
-14557.739557739565
-15000.0
-6378.640776699045
15000.0
15000.0
15000.0
15000.0