Demand
-15000.0
-15000.0
-15000.0
-15000.0
15000.0
15000.0
15000.0
15000.0
15000.0
15000.0
15000.0
15000.0
15000.0
15000.0
-15000.0
-15000.0
-15000.0
15000.0
15000.0
15000.0
15000.0
-15000.0
15000.0
15000.0
15000.0
-15000.0
-15000.0
-15000.0
-15000.0
-13906.533091761703
-13416.149921910586
-15000.0
15000.0
15000.0
15000.0
15000.0
15000.0
15000.0
15000.0
-15000.0
-15000.0
-15000.0
-15000.0
-13390.73969508753
15000.0
15000.0
15000.0
15000.0
15000.0
-15000.0
-15000.0
-15000.0
-11212.62458471761
-9275.347860120568
-8321.093498605525
-6996.676576205122
-2023.967077914679
15000.0
15000.0
15000.0
15000.0
15000.0
15000.0
15000.0
-12617.55485893417
-8246.322861812227
15000.0
15000.0
15000.0
-6520.661157024787
15000.0
-12496.023056289563
-8211.955016314008
15000.0
15000.0
15000.0
-13261.134838316051
-11663.898319351309
-8956.044773662139
-3494.9065554654617
15000.0
7773.391939408688
15000.0
15000.0
15000.0
-13712.591756070022
-13239.150268962752
-14210.389687458108
-14533.485459538762
-15000.0
-15000.0
-15000.0
15000.0
15000.0
15000.0
15000.0
15000.0
15000.0
15000.0
-14674.670525929818
-13167.387120904408
-12865.945711226588
-12325.508799814004
-13434.793000369456
-15000.0
15000.0
15000.0
15000.0
15000.0
15000.0
15000.0
-15000.0
-15000.0
15000.0
15000.0
15000.0
-14665.976040677506
-15000.0
-15000.0
-15000.0
-15000.0
15000.0
15000.0
15000.0
15000.0
15000.0
15000.0
-15000.0
-15000.0
-15000.0
-15000.0
-15000.0
-15000.0
-15000.0
15000.0
15000.0
15000.0
15000.0
15000.0
15000.0
15000.0
15000.0
-15000.0
-15000.0
15000.0
15000.0
-15000.0
-12999.297999298004
-11963.812307008277
-8924.895140737917
165.17956543374748
15000.0
15000.0
15000.0
15000.0
15000.0
-15000.0
-15000.0
-15000.0
-15000.0
15000.0
15000.0
15000.0
15000.0
15000.0
15000.0
-15000.0
-15000.0
-15000.0
-15000.0
-15000.0
-13827.160493827167
-10972.912011136646
-8285.464951159425
-4867.495314182386
15000.0
15000.0
15000.0
15000.0
15000.0
15000.0
15000.0
15000.0
-15000.0
-15000.0
-15000.0
-15000.0
-15000.0
-15000.0
-15000.0
-15000.0
15000.0
15000.0
15000.0
15000.0
15000.0
15000.0
15000.0
15000.0
-15000.0
-15000.0
-15000.0
15000.0
15000.0
15000.0
15000.0
15000.0
-14653.158086893032
-14493.16370940744
-12862.636916123298
15000.0
15000.0
15000.0
-13667.72828673929
-14272.250264973554
-15000.0
-15000.0
-15000.0
-12153.90193039582
-5890.493991531125
15000.0
15000.0
15000.0
15000.0
15000.0
15000.0
15000.0
15000.0
-15000.0
-15000.0
15000.0
15000.0
15000.0
-15000.0
-15000.0
-13672.46331806537
-13895.04822321931
-14194.635716150973
-15000.0
15000.0
15000.0
15000.0
15000.0
15000.0
15000.0
15000.0
-9934.271431216443
-9231.282032854644
-8723.540251073551
-8002.884658230214
-6907.4204827529975
-5071.656474162901
-1525.97710763735
6604.270886851825
15000.0
10870.161509757705
15000.0
7056.658217889981
15000.0
-5516.934046345814
-3857.728744913409
-423.94890862301145
790.5862141344915
1403.435734138293
7441.190290628379
15000.0
-10000.000000000002
-4555.503014540729
-5424.962653339754
-3125.448493000057
-500.7284709435826
-1209.1877342480275
-888.830902947635
3052.5745512071044
11071.549393863323
6138.884377819507
10418.43558623211
15000.0
-7062.165775401068
-6892.214612037974
-7668.881419752813
-7932.492517390291
-6350.413247111301
-4429.74157125206
7688.302742093861
15000.0
6447.483502798715
15000.0
15000.0
-13146.341463414636
-13640.06026331157
-12274.173350670775
-11259.92070078423
-6354.025040998837
368.69365518311133
8405.629154900424
13466.57288128764
5247.067854617645
15000.0
15000.0
15000.0
-15000.0
-15000.0
-15000.0
-15000.0
15000.0
15000.0
15000.0
15000.0
15000.0
15000.0
-12615.877080665814
-11684.427685889044
-9771.43291710104
-1062.052388852966
15000.0
15000.0
15000.0
15000.0
-11747.289407839871
-12535.374924853524
-14214.972067388644
-15000.0
-15000.0
-15000.0
-15000.0
15000.0
15000.0
15000.0
15000.0
15000.0
15000.0
15000.0
-15000.0
-15000.0
-15000.0
-15000.0
-15000.0
-15000.0
-15000.0
6033.326900530704
15000.0
15000.0
15000.0
15000.0
15000.0
15000.0
15000.0
15000.0
-15000.0
-15000.0
-15000.0
-15000.0
-15000.0
-13258.655804480652
-14214.69913074515
-15000.0
15000.0
15000.0
15000.0
15000.0
15000.0
15000.0
15000.0
15000.0
15000.0
-13692.010555704288
-13938.313150285849
-14216.708419439135
-15000.0
-15000.0
-15000.0
-15000.0
-15000.0
15000.0
15000.0
15000.0
15000.0
15000.0
15000.0
15000.0
15000.0
15000.0
15000.0
-15000.0
-15000.0
-15000.0
-15000.0
-13328.44574780059
-12580.736253016381
-13183.050658089676
15000.0
15000.0
15000.0
15000.0
15000.0
15000.0
15000.0
-15000.0
-15000.0
-15000.0
-15000.0
-10336.36363636364
15000.0
15000.0
15000.0
15000.0
15000.0
15000.0
-15000.0
-15000.0
-15000.0
-15000.0
-15000.0
15000.0
15000.0
15000.0
15000.0
15000.0
15000.0
15000.0
-15000.0
-15000.0
-15000.0
15000.0
15000.0
15000.0
-15000.0
-15000.0
-15000.0
-15000.0
-15000.0
15000.0
15000.0
15000.0
15000.0
15000.0
15000.0
15000.0
-14678.59156694443
-15000.0
-15000.0
-15000.0
-15000.0
15000.0
15000.0
15000.0
15000.0
15000.0
-15000.0
-15000.0
15000.0
15000.0
15000.0
-15000.0
-15000.0
-15000.0
-15000.0
-15000.0
-15000.0
15000.0
15000.0
15000.0
15000.0
15000.0
15000.0
-15000.0
-15000.0
-15000.0
-15000.0
-15000.0
-15000.0
-15000.0
15000.0
15000.0
15000.0
15000.0
15000.0
15000.0
15000.0
15000.0
-15000.0
-15000.0
-15000.0
-15000.0
-15000.0
-15000.0
-15000.0
15000.0
15000.0
15000.0
15000.0
15000.0
15000.0
15000.0
15000.0
15000.0
-15000.0
-14542.107377158933
-14242.911205258446
-15000.0
15000.0
15000.0
15000.0
15000.0
-15000.0
-15000.0
-14293.148723890245
-10107.28698099003
15000.0
15000.0
15000.0
15000.0
15000.0
-15000.0
-15000.0
-15000.0
-15000.0
15000.0
15000.0
15000.0
15000.0
15000.0
-14594.67301244767
15000.0
15000.0
-15000.0
-15000.0
-15000.0
15000.0
15000.0
15000.0
-14649.086804843017
-15000.0
-15000.0
-15000.0
-15000.0
-15000.0
15000.0
15000.0
15000.0
15000.0
15000.0
15000.0
15000.0
-15000.0
-15000.0
-13766.236177506424
15000.0
15000.0
15000.0
15000.0
15000.0
-15000.0
-15000.0
-15000.0
-13006.993006993016
15000.0
15000.0
15000.0
15000.0
15000.0
-15000.0
-15000.0
-15000.0
15000.0
15000.0
15000.0
15000.0
-15000.0
-15000.0
-15000.0
-14434.453677291342
-15000.0
-15000.0
15000.0
15000.0
15000.0
15000.0
15000.0
15000.0
-15000.0
-15000.0
-15000.0
-15000.0
-15000.0
-15000.0
15000.0
15000.0
15000.0
15000.0
15000.0
15000.0
-14185.926490609789
-14471.03304902705
-15000.0
-15000.0
15000.0
15000.0
15000.0
15000.0
15000.0
-13907.371755794116
-12867.00636931933
-11792.809052411172
-10370.34486362607
-8124.143317201986
15000.0
15000.0
15000.0
15000.0
15000.0
15000.0
-15000.0
-15000.0
-15000.0
-12215.7394843962
-15000.0
15000.0
15000.0
15000.0
15000.0
15000.0
-15000.0
15000.0
15000.0
-15000.0
-13104.675134667825
-11435.232949915258
-10549.96890486612
-11004.989798198705
-5131.0305089420435
15000.0
15000.0
15000.0
15000.0
15000.0
15000.0
-15000.0
15000.0
15000.0
-14673.071408087184
-15000.0
15000.0
15000.0
15000.0
-15000.0
-15000.0
-15000.0
-13976.936193125734
-13633.692800220015
-8017.962890422986
12059.376002261215
15000.0
2183.676036097014
15000.0
15000.0
15000.0
15000.0
15000.0
-15000.0
-15000.0
-15000.0
-15000.0
-15000.0
-15000.0
-15000.0
-15000.0
15000.0
15000.0
15000.0
15000.0
15000.0
15000.0
15000.0
15000.0
15000.0
-15000.0
-15000.0
-15000.0
-15000.0
-15000.0
15000.0
15000.0
15000.0
15000.0
15000.0
15000.0
15000.0
-15000.0
-15000.0
-15000.0
15000.0
15000.0
15000.0
15000.0
-14678.414262609549
-14650.99995937791
-14225.992102580141
-14116.401908561555
-13410.103021573814
-12242.489764107573
-11828.1906374961
323.97085990466167
15000.0
15000.0
15000.0
15000.0
15000.0
15000.0
15000.0
15000.0
-15000.0
-13852.733981885274
-14090.978935450898
-13806.104325771801
-14009.082889708363
-6204.471125923494
15000.0
15000.0
15000.0
15000.0
15000.0
15000.0
-13686.827234443786
-13222.437260997402
-13040.44681482061
-13222.349215774699
-13412.928345326163
-14312.34461428658
-15000.0
-15000.0
15000.0
15000.0
15000.0
15000.0
15000.0
15000.0
15000.0
15000.0
-15000.0
-15000.0
15000.0
15000.0