Demand
-15000.0
-15000.0
-15000.0
15000.0
15000.0
15000.0
15000.0
15000.0
15000.0
15000.0
15000.0
15000.0
15000.0
15000.0
15000.0
15000.0
-15000.0
-15000.0
-15000.0
-15000.0
15000.0
15000.0
15000.0
15000.0
-15000.0
-15000.0
-15000.0
-15000.0
-15000.0
-11107.554417413601
15000.0
15000.0
15000.0
15000.0
15000.0
15000.0
15000.0
15000.0
-15000.0
15000.0
15000.0
-15000.0
15000.0
-14613.297150610582
-14216.492166289401
15000.0
15000.0
15000.0
-15000.0
-15000.0
-15000.0
-15000.0
-9077.922077922081
-2295.5368352104388
15000.0
5529.586095164075
15000.0
15000.0
15000.0
15000.0
15000.0
-15000.0
-15000.0
-15000.0
-9917.017587317318
13112.485180064186
11993.763352150749
15000.0
15000.0
2172.7230193848973
15000.0
-13086.71328671329
-12272.501737967286
-12420.809053536752
-12966.451664561238
-13605.257385672125
-12182.096602575162
-9090.705916070896
-2982.579480397857
9288.434869496068
15000.0
8799.06497254761
9080.091825033105
15000.0
15000.0
7300.059638876026
15000.0
15000.0
-14690.94523766492
-15000.0
-15000.0
-15000.0
-14504.573234189658
-13727.093543568557
-15000.0
-15000.0
15000.0
15000.0
15000.0
15000.0
15000.0
15000.0
15000.0
15000.0
-15000.0
-15000.0
-15000.0
-15000.0
15000.0
15000.0
15000.0
15000.0
-15000.0
-15000.0
-15000.0
-15000.0
15000.0
15000.0
15000.0
15000.0
15000.0
-15000.0
-14622.109886467228
-14044.584548285533
-13547.831290258848
-12478.542114895103
15000.0
15000.0
15000.0
15000.0
15000.0
-15000.0
-15000.0
-15000.0
-15000.0
15000.0
15000.0
15000.0
15000.0
-14653.5346495728
-15000.0
-15000.0
-15000.0
15000.0
15000.0
15000.0
15000.0
15000.0
-13123.285165538691
-12166.45669712202
-11628.525050299584
-12209.734619365776
-11852.392224141295
15000.0
15000.0
15000.0
15000.0
15000.0
-15000.0
-15000.0
-15000.0
-15000.0
-15000.0
-15000.0
15000.0
15000.0
15000.0
15000.0
15000.0
15000.0
15000.0
-14368.840659949066
-13295.61090110991
-13134.617460588433
-14162.47274201872
-15000.0
-15000.0
-15000.0
-15000.0
15000.0
15000.0
15000.0
15000.0
15000.0
15000.0
15000.0
15000.0
-15000.0
-15000.0
-15000.0
-15000.0
-15000.0
-15000.0
-15000.0
15000.0
15000.0
15000.0
15000.0
15000.0
15000.0
15000.0
-15000.0
-15000.0
-15000.0
-15000.0
-15000.0
-13654.769517339806
-14004.977654335435
-12546.969048534145
15000.0
15000.0
15000.0
15000.0
15000.0
15000.0
15000.0
15000.0
15000.0
-13985.61471155272
-13379.893448817882
-12282.420958085822
-13014.732557226085
15000.0
15000.0
15000.0
15000.0
15000.0
-15000.0
-15000.0
-15000.0
-15000.0
-15000.0
-15000.0
-15000.0
15000.0
15000.0
15000.0
15000.0
15000.0
15000.0
15000.0
15000.0
-14694.107545347215
-11903.495062266644
-9861.598006063738
-9312.874732893535
-4810.4007402899815
1788.1890227755866
15000.0
8649.597370143758
15000.0
7386.202250831574
15000.0
-7779.433681073028
15000.0
15000.0
-7645.161290322582
-5613.848386177039
-4017.0766954415412
-2909.84820395714
-331.71721949001585
4666.462843469449
5528.24260329699
4818.408306504275
9334.258864901763
13440.890766906728
-10000.000000000002
-4738.217556399377
-5724.178809230285
-3771.8892027033935
-1661.7820839954184
-2641.0837516545107
-3017.3896663278583
-1218.5367394724035
2738.9905787153857
3311.922763286997
1969.1311297833818
5817.7579453113785
15000.0
8852.846111295665
15000.0
-9484.917472965284
-9039.340848251359
-9188.969723428538
-7853.19750871247
-7392.7241691498575
-5196.084105848509
656.7311161149237
15000.0
15000.0
7387.206784419367
15000.0
15000.0
-10744.302627368725
-9551.514991113378
-9566.429007078521
-9889.876811441798
-10583.965278194552
-10866.18843090604
-11642.023485026697
-13434.422033391667
-15000.0
15000.0
15000.0
15000.0
15000.0
15000.0
15000.0
15000.0
-11717.400246812016
-12525.243519110209
-12265.245871430998
-11439.753130419045
-10238.256834553198
-7583.283486574466
-1634.6894092151351
4278.554716138272
15000.0
10407.010839128783
14605.610058906619
1609.5943531605053
15000.0
15000.0
15000.0
-15000.0
-15000.0
-15000.0
-15000.0
15000.0
15000.0
15000.0
15000.0
15000.0
-15000.0
15000.0
15000.0
-15000.0
-15000.0
-15000.0
-15000.0
15000.0
15000.0
15000.0
-4090.9090909092774
15000.0
15000.0
-15000.0
-15000.0
-15000.0
-15000.0
-15000.0
15000.0
15000.0
15000.0
15000.0
15000.0
15000.0
-15000.0
-15000.0
15000.0
15000.0
15000.0
-15000.0
-15000.0
-15000.0
-13323.164088036607
-11758.06829991753
-9728.761204524264
15000.0
15000.0
15000.0
15000.0
15000.0
15000.0
15000.0
-15000.0
-15000.0
-15000.0
-15000.0
15000.0
15000.0
15000.0
15000.0
15000.0
-15000.0
-15000.0
-15000.0
-15000.0
-12173.553719008265
-2600.2548946362012
15000.0
15000.0
15000.0
15000.0
15000.0
15000.0
-15000.0
-15000.0
15000.0
15000.0
15000.0
15000.0
-14089.133522727276
-14335.812917659168
-15000.0
-15000.0
-15000.0
-15000.0
-15000.0
15000.0
15000.0
15000.0
15000.0
15000.0
15000.0
-15000.0
-15000.0
-15000.0
-15000.0
-15000.0
15000.0
15000.0
15000.0
15000.0
15000.0
15000.0
15000.0
-15000.0
-15000.0
-15000.0
-15000.0
-15000.0
-15000.0
15000.0
15000.0
15000.0
15000.0
15000.0
15000.0
15000.0
-15000.0
-15000.0
15000.0
15000.0
15000.0
15000.0
-15000.0
-15000.0
-14218.821379625406
-15000.0
-15000.0
-15000.0
-15000.0
15000.0
15000.0
15000.0
15000.0
15000.0
15000.0
15000.0
15000.0
-14678.147939017505
-14253.521234166841
-15000.0
-15000.0
-15000.0
15000.0
15000.0
15000.0
15000.0
15000.0
-15000.0
-15000.0
-15000.0
15000.0
15000.0
15000.0
15000.0
15000.0
-14669.104841518638
-15000.0
-15000.0
15000.0
15000.0
15000.0
-15000.0
-15000.0
-15000.0
-15000.0
-15000.0
15000.0
15000.0
15000.0
15000.0
15000.0
-15000.0
-15000.0
-15000.0
-13851.768810129324
15000.0
15000.0
15000.0
15000.0
15000.0
15000.0
-15000.0
-15000.0
-14590.04602991945
-13993.46717303346
-13609.253106036376
-12313.155833843597
15000.0
15000.0
15000.0
15000.0
15000.0
15000.0
15000.0
-15000.0
-15000.0
-15000.0
-15000.0
-15000.0
-13900.409934892697
261.37706780810095
15000.0
15000.0
15000.0
15000.0
15000.0
15000.0
15000.0
-14662.20220457509
-15000.0
-15000.0
-15000.0
-15000.0
15000.0
15000.0
15000.0
15000.0
15000.0
15000.0
-15000.0
-15000.0
-15000.0
-15000.0
-14064.77649651713
-15000.0
15000.0
15000.0
15000.0
15000.0
15000.0
15000.0
-15000.0
-14201.883938730014
-14034.054805029999
-13693.568863264565
-13820.46070263044
15000.0
15000.0
15000.0
15000.0
15000.0
15000.0
15000.0
-15000.0
-15000.0
-15000.0
-15000.0
-15000.0
15000.0
15000.0
15000.0
15000.0
15000.0
-14665.68914956012
-15000.0
-14523.407514895203
-15000.0
-15000.0
15000.0
15000.0
15000.0
15000.0
15000.0
15000.0
-15000.0
15000.0
-15000.0
-15000.0
-15000.0
-13853.262919652967
-14079.542484973972
-15000.0
15000.0
15000.0
15000.0
15000.0
15000.0
15000.0
-13964.07070069659
-12968.662473367574
-11897.702502867633
-10276.12300519695
-5291.789163294004
15000.0
15000.0
15000.0
15000.0
15000.0
-15000.0
-15000.0
-15000.0
-15000.0
-12981.109799291622
-15000.0
15000.0
15000.0
15000.0
15000.0
15000.0
15000.0
15000.0
-15000.0
-15000.0
-13166.809605488856
-11683.391225236355
-11128.304200402566
-11982.812785034781
-10544.830795951726
-6662.8749291288395
15000.0
15000.0
15000.0
15000.0
15000.0
15000.0
15000.0
-15000.0
15000.0
15000.0
-15000.0
-15000.0
-15000.0
-15000.0
-15000.0
-15000.0
15000.0
15000.0
15000.0
15000.0
15000.0
15000.0
-13960.666840323003
-14132.56668559849
-15000.0
-15000.0
15000.0
15000.0
15000.0
15000.0
-15000.0
15000.0
-15000.0
-15000.0
-15000.0
-15000.0
-15000.0
-15000.0
-15000.0
-15000.0
15000.0
15000.0
15000.0
15000.0
15000.0
15000.0
15000.0
15000.0
15000.0
-15000.0
-15000.0
15000.0
15000.0
15000.0
-15000.0
-15000.0
-15000.0
-15000.0
-15000.0
-15000.0
-15000.0
15000.0
15000.0
15000.0
15000.0
15000.0
15000.0
15000.0
15000.0
15000.0
-13422.581984225824
-13900.807088694219
-14529.291748529413
-15000.0
15000.0
15000.0
15000.0
15000.0
15000.0
-15000.0
-14004.02853953308
-14260.87010840284
-14142.636788234595
-14467.957952079534
-14233.202742208952
-15000.0
15000.0
15000.0
15000.0
15000.0
15000.0
15000.0
15000.0
-13413.480066800843
-13617.480056618188
-13838.983318283172
-14547.076585285988
-15000.0
-15000.0
-15000.0
15000.0
15000.0
15000.0
15000.0
15000.0
15000.0
15000.0
-15000.0
-15000.0
-15000.0
-15000.0