Demand
15000.0
15000.0
15000.0
15000.0
15000.0
15000.0
15000.0
15000.0
15000.0
15000.0
15000.0
15000.0
15000.0
-15000.0
-15000.0
-15000.0
15000.0
15000.0
15000.0
15000.0
15000.0
15000.0
15000.0
15000.0
15000.0
15000.0
-15000.0
-15000.0
-15000.0
-13935.698447893574
-13384.766907419573
-15000.0
15000.0
15000.0
15000.0
15000.0
15000.0
15000.0
-15000.0
-15000.0
-15000.0
15000.0
15000.0
15000.0
15000.0
-14652.226967663206
15000.0
15000.0
-15000.0
-15000.0
-15000.0
-15000.0
-6539.888682745822
15000.0
15000.0
7462.086397058777
15000.0
15000.0
15000.0
-15000.0
-15000.0
-15000.0
-15000.0
15000.0
15000.0
15000.0
15000.0
15000.0
-11729.24010164768
-11831.2499164531
-12678.93186525788
-12352.676014864865
-10770.16051189617
-10243.0614106836
-9798.668425182863
-5602.476812751044
15000.0
15000.0
15000.0
15000.0
15000.0
15000.0
15000.0
-12214.076246334313
-13022.170431695806
-13567.726714261451
-13001.400391467349
-14077.982269140997
-14427.37895031393
-15000.0
-15000.0
15000.0
15000.0
15000.0
15000.0
15000.0
15000.0
15000.0
15000.0
-14670.710571923744
-13139.722249654944
-12824.717467696475
-12253.79030209281
-13366.33649223245
-15000.0
15000.0
15000.0
15000.0
15000.0
15000.0
15000.0
-15000.0
-15000.0
-15000.0
-15000.0
-15000.0
-6037.4599671489
15000.0
15000.0
15000.0
15000.0
15000.0
15000.0
-14329.335617709716
-14257.312543344746
-14574.936149927747
-15000.0
-15000.0
-15000.0
15000.0
15000.0
15000.0
15000.0
15000.0
15000.0
15000.0
15000.0
-14682.097044060236
-14311.953611854751
15000.0
15000.0
-15000.0
-15000.0
-15000.0
-15000.0
15000.0
15000.0
15000.0
15000.0
-12148.642842652152
-11680.227934123905
-12389.770345925288
-12561.977369505039
-11210.391051275212
15000.0
15000.0
15000.0
15000.0
15000.0
-15000.0
-15000.0
-15000.0
-15000.0
-15000.0
15000.0
15000.0
15000.0
15000.0
15000.0
15000.0
-15000.0
-14263.61249023095
-12921.682234458498
-12579.942469164791
-13799.458202675763
-15000.0
-15000.0
15000.0
15000.0
15000.0
15000.0
15000.0
15000.0
15000.0
15000.0
-15000.0
-15000.0
15000.0
15000.0
15000.0
-15000.0
-15000.0
15000.0
15000.0
15000.0
-14674.728940783989
-14641.129290398108
-14182.67806090771
-15000.0
-15000.0
-15000.0
-15000.0
15000.0
15000.0
15000.0
15000.0
15000.0
15000.0
15000.0
-14640.183911445747
-13702.137093737587
-12700.671348978216
-11054.785768555339
15000.0
7774.700452613895
15000.0
15000.0
15000.0
15000.0
-13773.534158149545
-13336.4786870506
-14262.587368521785
-14572.581506565311
-14467.149961984967
-15000.0
-15000.0
15000.0
15000.0
15000.0
15000.0
15000.0
15000.0
15000.0
-15000.0
-15000.0
-12763.243950294309
15000.0
15000.0
15000.0
15000.0
-15000.0
-15000.0
-14610.389610389615
-10978.01028551162
-8234.682287193584
-7511.975497614905
-1995.3401503997438
3543.821482578458
9721.520023194214
12927.192248461215
11592.944186269007
12791.57944471774
11008.0441438113
15000.0
1625.0811779763671
15000.0
-5879.999999999999
428.67137138192174
15000.0
136.52189645800172
15000.0
-3691.277545525405
-3768.3053133290496
-4825.1352631880145
-5139.953141791051
-3918.259116645825
-2183.947297052063
-2369.3054962640745
-3273.410754379468
-151.46782434733177
3326.4376981475098
2221.4553035357612
2523.6544792947507
7118.809980958162
13200.763099113323
4905.537415038772
12966.413886978014
-11818.18181818182
-5572.279192854778
-4932.966539606874
-5246.187072705515
-4170.208466913802
3726.210099481378
15000.0
12800.939683074988
5981.736656392852
15000.0
-11430.06263048017
-11843.709701751777
-11453.633151956292
-2337.632729527162
15000.0
15000.0
15000.0
-9843.001596593935
-9804.510477837946
-10027.418430464295
-10562.932471128333
-10566.213425738806
-10806.39852044269
-11560.144697186512
15000.0
15000.0
15000.0
15000.0
15000.0
-11699.478865083966
-11637.532161273357
15000.0
10963.517842706042
15000.0
-12767.832167832174
-12276.84391231903
-11689.925618762169
-10558.154566323796
-8677.325042520839
-8305.876726296981
-6992.47431990892
-5523.309416305675
-3374.214403050898
2260.034733492863
15000.0
-15000.0
15000.0
15000.0
15000.0
15000.0
15000.0
-15000.0
-13429.463104518909
-14156.917555897438
-15000.0
15000.0
15000.0
15000.0
15000.0
15000.0
-15000.0
-15000.0
-15000.0
-13321.92789209378
-10363.546991026968
-9725.437578207195
7319.374963499616
15000.0
15000.0
15000.0
15000.0
15000.0
15000.0
15000.0
-15000.0
-15000.0
-15000.0
-13180.297962906658
-13876.548675969258
15000.0
15000.0
15000.0
15000.0
15000.0
15000.0
-15000.0
-15000.0
-15000.0
-13100.351786706167
-8927.176897797915
15000.0
15000.0
15000.0
15000.0
15000.0
-15000.0
-15000.0
15000.0
15000.0
-15000.0
-15000.0
-15000.0
-15000.0
-15000.0
-15000.0
-15000.0
-15000.0
15000.0
15000.0
15000.0
15000.0
15000.0
15000.0
15000.0
15000.0
15000.0
-15000.0
-15000.0
-15000.0
15000.0
15000.0
15000.0
15000.0
-15000.0
-15000.0
15000.0
15000.0
15000.0
15000.0
-15000.0
-15000.0
-15000.0
-15000.0
-15000.0
15000.0
15000.0
15000.0
15000.0
15000.0
15000.0
-15000.0
-15000.0
15000.0
15000.0
15000.0
-15000.0
-15000.0
-15000.0
-15000.0
-15000.0
15000.0
15000.0
15000.0
15000.0
15000.0
15000.0
-15000.0
-15000.0
-15000.0
-15000.0
-11254.107338444697
15000.0
15000.0
15000.0
15000.0
15000.0
15000.0
-15000.0
-15000.0
-15000.0
-15000.0
-12696.969696969707
15000.0
15000.0
15000.0
15000.0
15000.0
15000.0
-15000.0
-15000.0
-15000.0
-15000.0
-15000.0
15000.0
15000.0
15000.0
15000.0
15000.0
15000.0
-15000.0
-15000.0
-15000.0
-15000.0
-15000.0
15000.0
15000.0
15000.0
15000.0
15000.0
-15000.0
-14649.51281808722
-14607.436914644448
-14542.708892719002
-15000.0
-15000.0
-15000.0
15000.0
15000.0
15000.0
15000.0
15000.0
15000.0
15000.0
15000.0
-15000.0
-15000.0
-15000.0
-15000.0
-15000.0
-15000.0
-15000.0
15000.0
15000.0
15000.0
15000.0
15000.0
15000.0
15000.0
-15000.0
-15000.0
-14540.618955512575
-13821.17830833147
-13208.05102272523
-9858.714593477041
15000.0
15000.0
15000.0
15000.0
15000.0
15000.0
15000.0
-15000.0
-15000.0
-15000.0
-15000.0
15000.0
15000.0
15000.0
15000.0
-15000.0
-15000.0
-15000.0
-15000.0
-15000.0
15000.0
15000.0
15000.0
15000.0
15000.0
15000.0
-15000.0
-15000.0
-15000.0
-15000.0
15000.0
15000.0
15000.0
15000.0
15000.0
-15000.0
-12967.91443850267
15000.0
15000.0
-15000.0
-15000.0
-15000.0
15000.0
15000.0
15000.0
15000.0
15000.0
-14352.946741084099
-14640.916925921309
-15000.0
-15000.0
-15000.0
-15000.0
15000.0
15000.0
15000.0
15000.0
15000.0
15000.0
15000.0
-15000.0
-14653.930219379909
-15000.0
-15000.0
-15000.0
-15000.0
-14040.306641301137
-15000.0
15000.0
15000.0
15000.0
15000.0
15000.0
15000.0
15000.0
15000.0
15000.0
-15000.0
-15000.0
-15000.0
-15000.0
-15000.0
-11977.272727272739
15000.0
15000.0
15000.0
15000.0
15000.0
15000.0
15000.0
-15000.0
-13973.897389738973
-13119.06718640439
-12462.20865113112
-12044.26096109179
-12557.953342629946
-13255.298943864731
-15000.0
15000.0
15000.0
15000.0
15000.0
15000.0
15000.0
15000.0
15000.0
-15000.0
-15000.0
-15000.0
-15000.0
15000.0
15000.0
15000.0
15000.0
-15000.0
-15000.0
-12684.809098294074
-10471.394529830937
-9030.72958160422
-9095.954070083677
8746.439868390917
15000.0
15000.0
-15000.0
15000.0
15000.0
15000.0
15000.0
-15000.0
-15000.0
-14567.491426194203
-15000.0
-15000.0
-15000.0
15000.0
15000.0
15000.0
15000.0
15000.0
15000.0
15000.0
-12731.864095500463
-12883.600529443662
-13422.127533458366
-13613.215835795327
-13826.434551773804
-15000.0
-15000.0
15000.0
15000.0
15000.0
15000.0
15000.0
15000.0
15000.0
-15000.0
-15000.0
-15000.0
-15000.0
-15000.0
15000.0
15000.0
15000.0
15000.0
15000.0
15000.0
15000.0
-15000.0
-15000.0
-15000.0
-15000.0
-15000.0
-15000.0
15000.0
15000.0
15000.0
15000.0
15000.0
15000.0
15000.0
-15000.0
-15000.0
-15000.0
-15000.0
-14034.716342082986
-14390.377367973735
-14094.358528695575
-10476.326655947341
15000.0
15000.0
15000.0
15000.0
15000.0
15000.0
15000.0
15000.0
-15000.0
-15000.0
-15000.0
-15000.0
-15000.0
-15000.0
-12282.263191354104
-11426.08854515561
15000.0
15000.0
15000.0
15000.0
15000.0
15000.0
15000.0
15000.0
15000.0
-13741.258741258745
-13270.997904239888
-13046.160388605687
-13146.286957875116
-13185.707702206328
-14003.905084900343
-15000.0
15000.0
15000.0
15000.0
15000.0
15000.0
15000.0
-14435.74648492434
15000.0
15000.0
15000.0
-15000.0
-15000.0
-15000.0