Demand
-15000.0
15000.0
15000.0
15000.0
15000.0
15000.0
15000.0
15000.0
15000.0
15000.0
15000.0
15000.0
15000.0
15000.0
15000.0
-15000.0
-15000.0
-15000.0
-15000.0
-15000.0
-15000.0
-15000.0
15000.0
15000.0
15000.0
15000.0
15000.0
15000.0
15000.0
15000.0
-14339.294585196225
-15000.0
-15000.0
-15000.0
-15000.0
-15000.0
-15000.0
15000.0
15000.0
15000.0
15000.0
15000.0
15000.0
15000.0
15000.0
-14680.063589493864
-15000.0
-15000.0
-15000.0
-15000.0
-15000.0
-15000.0
15000.0
15000.0
15000.0
15000.0
15000.0
15000.0
15000.0
-15000.0
-15000.0
15000.0
15000.0
15000.0
-12876.762459459558
-11435.975946021466
-11357.290696883225
-10545.40117135418
-7412.086949294268
-3774.9041872155467
9292.394049948805
15000.0
15000.0
15000.0
15000.0
-1741.6221347010069
15000.0
-12286.356019123185
-10713.504371329742
-8881.373777149987
-6890.810657190217
-2507.12868622104
15000.0
13386.073024625091
5130.623185696077
15000.0
15000.0
-14376.435838529706
-14648.586690407301
-15000.0
-15000.0
-15000.0
15000.0
15000.0
15000.0
15000.0
15000.0
15000.0
-14683.207622072252
-14654.830694159522
-13073.131965706496
-12796.69724865699
-12347.093302369525
-13597.135623882408
-15000.0
15000.0
15000.0
15000.0
15000.0
15000.0
15000.0
15000.0
15000.0
-15000.0
15000.0
15000.0
-14695.187165775402
-15000.0
-15000.0
-15000.0
-15000.0
-15000.0
-14228.293054318932
-12242.673424810531
14924.761576764464
-1489.6636372923285
15000.0
15000.0
15000.0
15000.0
15000.0
15000.0
15000.0
-15000.0
-15000.0
-15000.0
-13837.179650643891
-14056.027415941957
-9135.720355647463
15000.0
15000.0
15000.0
15000.0
15000.0
15000.0
-15000.0
-15000.0
-12880.459463254472
-12023.584151859719
-10070.592910311585
-8279.571082064365
-7847.047305362932
15000.0
-4394.531153264914
15000.0
15000.0
15000.0
15000.0
15000.0
15000.0
-15000.0
-15000.0
15000.0
15000.0
15000.0
-15000.0
-15000.0
-15000.0
-15000.0
-15000.0
-15000.0
-13123.285165538695
-3249.4822932361567
15000.0
15000.0
15000.0
15000.0
15000.0
15000.0
15000.0
15000.0
-15000.0
-15000.0
-15000.0
-15000.0
-15000.0
15000.0
15000.0
15000.0
15000.0
15000.0
15000.0
-15000.0
-15000.0
-15000.0
-14397.463002114171
-13834.974530416945
15000.0
15000.0
15000.0
15000.0
15000.0
15000.0
-15000.0
15000.0
15000.0
-14313.666465984348
15000.0
-14690.275358772473
-14610.597523905977
-13103.022920278418
15000.0
15000.0
12935.11993297331
15000.0
-15000.0
-15000.0
-15000.0
-12076.090054146487
15000.0
15000.0
15000.0
-4969.936839782975
15000.0
15000.0
-15000.0
-15000.0
-15000.0
-15000.0
-15000.0
-15000.0
-15000.0
15000.0
15000.0
15000.0
15000.0
15000.0
15000.0
15000.0
15000.0
-15000.0
-15000.0
-14473.545322601924
-7073.174879709546
15000.0
9537.208019163867
15000.0
15000.0
7534.507854075593
15000.0
-8662.524525833876
15000.0
-9473.594159917877
-8197.626678616209
-3963.900688004069
15000.0
15000.0
-11060.606060606062
-5506.954612005863
-5068.6708946713325
-3782.081476707677
-1157.890910301685
-918.3630246192006
-1833.72348961018
-1505.9953705355065
1523.3873295877556
5810.223185373408
5991.885513140306
5635.579811850563
15000.0
3765.88281335375
15000.0
-5896.256684491982
-5249.55531226961
-3495.5712501225025
-3833.293035739691
-5609.1816164915435
-6573.057556734527
-3970.2662232720395
-3319.6182962520043
-3936.699496108976
-3442.2890439560397
1349.159465168219
8179.140055375136
15000.0
9206.394272768452
15000.0
8887.832627292186
15000.0
-13123.97147558969
-13620.377005473532
-12224.296055957944
-11169.407924081155
-6050.498195555556
1141.2310625552636
9462.651533557064
12289.45383311574
7668.655450572813
15000.0
15000.0
15000.0
-15000.0
15000.0
-15000.0
-15000.0
-9472.727272727294
15000.0
15000.0
15000.0
15000.0
-4636.363636363742
15000.0
-12456.938447075321
-11921.123692888003
-10885.059722225866
-9163.02224770097
-8829.402478939803
-7606.720687941164
-6153.463664536576
-3705.929794901411
5166.7294265277815
15000.0
15000.0
15000.0
15000.0
15000.0
15000.0
-15000.0
-15000.0
-13696.788241698425
-14387.801433887082
-15000.0
15000.0
15000.0
15000.0
15000.0
15000.0
-15000.0
-15000.0
-15000.0
-13748.85677702579
-12059.994254318579
-12575.131075398833
-13274.077979246795
-15000.0
15000.0
15000.0
15000.0
15000.0
15000.0
15000.0
15000.0
15000.0
-15000.0
15000.0
-14670.786646644337
-15000.0
-15000.0
-15000.0
-15000.0
15000.0
15000.0
15000.0
15000.0
15000.0
15000.0
-13740.530303030304
-13977.457961873166
-14244.456208680731
-15000.0
-15000.0
-15000.0
-15000.0
15000.0
15000.0
15000.0
15000.0
15000.0
15000.0
15000.0
15000.0
-15000.0
-15000.0
-15000.0
-15000.0
15000.0
15000.0
15000.0
15000.0
15000.0
-14678.547259192423
-15000.0
-15000.0
-15000.0
-15000.0
15000.0
15000.0
15000.0
15000.0
15000.0
15000.0
-15000.0
-13992.567751291583
-14257.745329978872
-15000.0
-15000.0
-15000.0
-15000.0
15000.0
15000.0
15000.0
15000.0
15000.0
15000.0
15000.0
15000.0
-15000.0
-15000.0
-15000.0
-15000.0
-15000.0
-15000.0
-15000.0
15000.0
15000.0
15000.0
15000.0
15000.0
15000.0
15000.0
15000.0
-15000.0
-15000.0
-15000.0
-15000.0
15000.0
15000.0
15000.0
15000.0
15000.0
-15000.0
-15000.0
15000.0
15000.0
-15000.0
-15000.0
-15000.0
-15000.0
-13654.07319952775
-15000.0
-15000.0
15000.0
15000.0
15000.0
15000.0
15000.0
15000.0
15000.0
-15000.0
-15000.0
-15000.0
-14053.780197849042
-3071.8864289808726
15000.0
15000.0
15000.0
15000.0
15000.0
15000.0
-15000.0
-15000.0
-15000.0
-15000.0
-15000.0
-15000.0
15000.0
15000.0
15000.0
15000.0
15000.0
15000.0
-15000.0
-15000.0
-15000.0
-15000.0
-15000.0
-15000.0
-15000.0
15000.0
15000.0
15000.0
15000.0
15000.0
15000.0
15000.0
15000.0
15000.0
-15000.0
-14641.603353418916
-14592.007855267868
-15000.0
-15000.0
-15000.0
-15000.0
15000.0
15000.0
15000.0
15000.0
15000.0
15000.0
15000.0
-14676.1008470444
-15000.0
-15000.0
-15000.0
-15000.0
-15000.0
-15000.0
-15000.0
15000.0
15000.0
15000.0
15000.0
15000.0
15000.0
15000.0
15000.0
-15000.0
15000.0
15000.0
15000.0
-15000.0
-14658.416731587466
-15000.0
-15000.0
-15000.0
-15000.0
15000.0
15000.0
15000.0
15000.0
15000.0
15000.0
-15000.0
-15000.0
-15000.0
-15000.0
-7977.433643411627
15000.0
15000.0
15000.0
15000.0
15000.0
-15000.0
-15000.0
-15000.0
-13782.451987211964
-12943.905667280698
3144.241318096909
15000.0
15000.0
15000.0
15000.0
15000.0
15000.0
-15000.0
-15000.0
-15000.0
-15000.0
-15000.0
15000.0
15000.0
15000.0
15000.0
15000.0
-15000.0
-15000.0
-11859.504132231406
15000.0
15000.0
15000.0
15000.0
-15000.0
-15000.0
-15000.0
-15000.0
-15000.0
15000.0
15000.0
15000.0
15000.0
15000.0
15000.0
-14296.222950924825
-14553.82022782966
-15000.0
-15000.0
15000.0
15000.0
15000.0
15000.0
-15000.0
-13887.378760870277
-12854.488467472704
-11856.165790487117
-10740.195141020835
-10004.708838063587
15000.0
-15000.0
15000.0
15000.0
15000.0
15000.0
15000.0
-15000.0
15000.0
15000.0
-15000.0
-15000.0
-15000.0
-15000.0
15000.0
15000.0
15000.0
15000.0
-15000.0
-15000.0
-11887.184163985257
-4254.232284300659
15000.0
15000.0
15000.0
15000.0
15000.0
-15000.0
-15000.0
-15000.0
-15000.0
-15000.0
15000.0
15000.0
15000.0
15000.0
15000.0
15000.0
-15000.0
-15000.0
-15000.0
-15000.0
-13844.633627242329
-13358.369253738536
-4843.130712941973
15000.0
15000.0
15000.0
15000.0
1649.2346808689063
15000.0
15000.0
15000.0
-15000.0
15000.0
-15000.0
15000.0
15000.0
-15000.0
-15000.0
-15000.0
-15000.0
-15000.0
-15000.0
15000.0
15000.0
15000.0
15000.0
15000.0
15000.0
15000.0
-15000.0
-15000.0
-15000.0
-15000.0
-15000.0
-15000.0
15000.0
15000.0
15000.0
15000.0
15000.0
15000.0
-15000.0
-15000.0
-15000.0
-15000.0
-15000.0
-8282.828282828294
15000.0
15000.0
15000.0
15000.0
15000.0
15000.0
15000.0
-13482.876914887329
-13974.147253586325
-14588.739890717716
-15000.0
-15000.0
15000.0
15000.0
15000.0
15000.0
15000.0
-14029.167553757718
-14303.227956307106
-14235.160298436407
-14569.211806183292
-14493.072334720084
-15000.0
-15000.0
-15000.0
15000.0
15000.0
15000.0
15000.0
15000.0
15000.0
15000.0
15000.0
15000.0
-15000.0
-15000.0
-15000.0
-15000.0
-15000.0
-15000.0
15000.0
15000.0
15000.0
15000.0
15000.0
15000.0
15000.0
-15000.0