Demand
15000.0
15000.0
15000.0
15000.0
15000.0
15000.0
15000.0
15000.0
15000.0
15000.0
15000.0
15000.0
15000.0
15000.0
15000.0
15000.0
15000.0
15000.0
15000.0
15000.0
15000.0
15000.0
15000.0
15000.0
15000.0
15000.0
15000.0
-15000.0
-15000.0
-13264.570755277084
-642.7089433977435
15000.0
15000.0
15000.0
15000.0
15000.0
-15000.0
-15000.0
15000.0
15000.0
15000.0
-15000.0
-15000.0
-14515.717926932877
-14246.319024090855
-11725.043499200434
15000.0
15000.0
15000.0
15000.0
15000.0
-15000.0
-11707.893667357795
-9611.415499859599
-7133.05712753094
15000.0
-896.7146610089767
15000.0
15000.0
15000.0
-15000.0
-15000.0
-15000.0
-15000.0
-1482.2134387351953
15000.0
15000.0
15000.0
15000.0
15000.0
-12903.983656792647
-12281.762248233925
-8643.951436885352
15000.0
15000.0
15000.0
15000.0
-12425.183512140033
-11158.06508394373
-10000.50928012095
-9372.97676150248
-8912.319286839745
-9871.809749617882
-6010.579343349677
88.5787190040428
15000.0
15000.0
15000.0
15000.0
15000.0
15000.0
-15000.0
-14656.658326383098
-14234.173551787739
-15000.0
-15000.0
-15000.0
-15000.0
15000.0
15000.0
15000.0
15000.0
15000.0
15000.0
15000.0
15000.0
-15000.0
-15000.0
-15000.0
-15000.0
-15000.0
15000.0
15000.0
15000.0
15000.0
15000.0
-14641.396665618122
-15000.0
-15000.0
-15000.0
15000.0
15000.0
15000.0
15000.0
15000.0
-14687.670699916824
-15000.0
-15000.0
-15000.0
-15000.0
15000.0
15000.0
15000.0
15000.0
15000.0
15000.0
-14346.142816174364
-14646.92755915154
-14610.698834630475
-14558.536702882186
-15000.0
-15000.0
-15000.0
-15000.0
15000.0
15000.0
15000.0
15000.0
15000.0
15000.0
15000.0
15000.0
15000.0
-14657.728513786573
-15000.0
-15000.0
-15000.0
-15000.0
15000.0
15000.0
15000.0
15000.0
15000.0
15000.0
-15000.0
-15000.0
-15000.0
-15000.0
15000.0
15000.0
15000.0
15000.0
-13320.822036123343
-13152.64316300895
-14163.02884266552
-15000.0
-15000.0
-15000.0
-15000.0
15000.0
15000.0
15000.0
15000.0
15000.0
15000.0
15000.0
-15000.0
-15000.0
-15000.0
15000.0
15000.0
15000.0
15000.0
-15000.0
-15000.0
-14357.088636277604
-13260.256384626482
15000.0
15000.0
15000.0
15000.0
15000.0
-15000.0
-15000.0
-15000.0
-15000.0
-11202.818910031452
15000.0
15000.0
15000.0
15000.0
15000.0
15000.0
-13384.887839433297
-11624.897628046678
15000.0
15000.0
-15000.0
-13943.455583268256
-13442.398998390836
-12788.2096585877
-13953.075862197147
-14317.138701277763
-13901.701265687982
-15000.0
15000.0
15000.0
15000.0
15000.0
15000.0
15000.0
15000.0
15000.0
-15000.0
-15000.0
-13801.232907535785
-14071.517744733912
-14421.926865877653
-15000.0
-15000.0
15000.0
15000.0
15000.0
15000.0
15000.0
15000.0
15000.0
15000.0
-9738.597579894511
-9446.20304234511
-9072.254266018579
-8577.97375915456
-7896.356585575973
-6902.269589598161
-4769.591055366637
-2045.5315780528545
7087.035143725461
15000.0
11443.131476807514
9326.71941082101
12212.46889847662
6990.245882215765
15000.0
-5314.358538657608
-5580.827226012978
-4350.93228909987
-2580.639639023563
-2628.7843303147056
-3310.38836293033
321.3576079349341
4639.497294627705
3699.1867142834135
5264.766296127765
13951.15782532006
3616.4184171729894
15000.0
-6774.8917748917775
-6448.836576404967
3877.36677661448
15000.0
-11969.69696969697
-9171.58792650919
-8648.76817891602
-8739.488190005286
-7166.963513476654
-6451.733598147395
-3435.7608431511208
5453.213222302267
15000.0
15000.0
-1412.3728701785185
15000.0
15000.0
-10276.98863636364
-8646.487516519996
-8219.958506917785
-7883.363222513901
-7445.236315636368
-3152.4627645099945
15000.0
15000.0
15000.0
15000.0
15000.0
-15000.0
-12991.543340380558
-4473.006055920659
15000.0
15000.0
15000.0
15000.0
-12734.724292101346
-12231.224965957685
-11626.469572480048
-10459.131518155518
-8511.199638983424
-8097.889394161462
-6686.259700613515
-5060.545510603851
-2601.6422265399315
3991.466593738518
15000.0
-15000.0
15000.0
15000.0
15000.0
15000.0
15000.0
-15000.0
15000.0
15000.0
15000.0
15000.0
-15000.0
-15000.0
-15000.0
-15000.0
-15000.0
15000.0
15000.0
15000.0
15000.0
15000.0
15000.0
-15000.0
-15000.0
-15000.0
15000.0
15000.0
15000.0
15000.0
15000.0
15000.0
-15000.0
-13712.591756070018
-14001.42544694835
15000.0
15000.0
15000.0
-15000.0
-15000.0
-15000.0
-15000.0
-15000.0
15000.0
15000.0
15000.0
15000.0
15000.0
15000.0
15000.0
-15000.0
-15000.0
-15000.0
-15000.0
-15000.0
-15000.0
-15000.0
15000.0
15000.0
15000.0
15000.0
15000.0
15000.0
15000.0
15000.0
-15000.0
-15000.0
-13514.765489287784
-12434.164877867894
15000.0
15000.0
15000.0
15000.0
15000.0
-15000.0
-15000.0
-15000.0
-15000.0
-15000.0
-15000.0
-15000.0
-5672.727272727302
15000.0
15000.0
15000.0
15000.0
15000.0
15000.0
15000.0
15000.0
15000.0
-15000.0
-15000.0
-14557.949159844895
-15000.0
-15000.0
-15000.0
15000.0
15000.0
15000.0
15000.0
15000.0
15000.0
15000.0
15000.0
-15000.0
-15000.0
-15000.0
-15000.0
-15000.0
15000.0
15000.0
15000.0
15000.0
15000.0
-15000.0
-14206.611570247936
-13981.167026860145
-14185.375356073262
-15000.0
15000.0
15000.0
15000.0
15000.0
15000.0
-15000.0
-15000.0
-14165.314497216124
-15000.0
-15000.0
-15000.0
-15000.0
15000.0
15000.0
15000.0
15000.0
15000.0
15000.0
15000.0
15000.0
-14670.012547187627
-14280.739480379012
-15000.0
-15000.0
-15000.0
-15000.0
-15000.0
15000.0
15000.0
15000.0
15000.0
15000.0
15000.0
15000.0
15000.0
15000.0
-14693.383539537386
-14616.443134200708
-14386.527454374129
-15000.0
15000.0
15000.0
15000.0
-15000.0
-15000.0
-15000.0
-15000.0
-15000.0
-15000.0
-15000.0
15000.0
15000.0
15000.0
15000.0
15000.0
15000.0
15000.0
15000.0
-14677.289643543689
-15000.0
-15000.0
-15000.0
-15000.0
-15000.0
15000.0
15000.0
15000.0
15000.0
15000.0
15000.0
15000.0
-15000.0
-15000.0
-15000.0
15000.0
15000.0
15000.0
-15000.0
-15000.0
15000.0
15000.0
15000.0
-14280.303030303032
15000.0
15000.0
15000.0
-15000.0
15000.0
15000.0
-15000.0
-15000.0
-14552.863244138418
-15000.0
-15000.0
-15000.0
15000.0
15000.0
15000.0
15000.0
15000.0
15000.0
15000.0
15000.0
-15000.0
-15000.0
-15000.0
15000.0
15000.0
15000.0
15000.0
-15000.0
15000.0
-15000.0
-15000.0
-15000.0
-13982.84921185685
-13586.60545084671
-12217.369846515609
15000.0
15000.0
15000.0
15000.0
15000.0
15000.0
15000.0
-15000.0
-15000.0
15000.0
15000.0
-15000.0
-15000.0
-14590.222861250895
-15000.0
-15000.0
-15000.0
-15000.0
15000.0
15000.0
15000.0
15000.0
15000.0
15000.0
15000.0
-15000.0
-15000.0
-15000.0
-15000.0
15000.0
15000.0
15000.0
15000.0
15000.0
15000.0
-14678.147939017505
15000.0
-15000.0
-15000.0
-15000.0
-15000.0
-15000.0
-15000.0
-7580.702287960397
15000.0
15000.0
15000.0
15000.0
15000.0
15000.0
15000.0
-15000.0
-15000.0
-15000.0
-15000.0
-15000.0
15000.0
15000.0
15000.0
15000.0
15000.0
-15000.0
-15000.0
-15000.0
-15000.0
-15000.0
15000.0
15000.0
15000.0
15000.0
15000.0
15000.0
-13405.59440559441
-13093.612788144896
2538.618602163664
15000.0
15000.0
-15000.0
-15000.0
15000.0
15000.0
15000.0
-14645.080946450813
-15000.0
15000.0
15000.0
15000.0
-15000.0
-15000.0
-15000.0
15000.0
15000.0
15000.0
-12608.391608391612
-12631.765030182214
-13026.678016834525
-12756.562514261088
-9783.401307918186
15000.0
15000.0
15000.0
15000.0
15000.0
-15000.0
-15000.0
-15000.0
15000.0
15000.0
15000.0
-15000.0
-15000.0
-15000.0
15000.0
15000.0
15000.0
15000.0
15000.0
-15000.0
-15000.0
-15000.0
-15000.0
-15000.0
-15000.0
-15000.0
15000.0
15000.0
15000.0
15000.0
15000.0
15000.0
15000.0
15000.0
-15000.0
-15000.0
-15000.0
-15000.0
-13769.894793633674
-13951.725568095004
4464.021555971429
15000.0
15000.0
15000.0
15000.0
15000.0
15000.0
-14031.00461426374
-14607.46108681275
-15000.0
-15000.0
15000.0
15000.0
15000.0
15000.0
-15000.0
15000.0
15000.0
-14392.755681818184
-14623.918688911272
-14409.832353563463
-15000.0
15000.0
15000.0
15000.0
-15000.0
-15000.0
-13328.369548098875
-12511.12103505171
-11794.168336045335
-11069.859309419237
-6274.841641400065
15000.0
15000.0
15000.0
15000.0
15000.0
15000.0
15000.0
-15000.0
-14665.885111371634
-15000.0
-14545.369871581424
-15000.0
-15000.0
-15000.0
15000.0