Demand
-15000.0
-15000.0
-15000.0
-15000.0
-15000.0
-15000.0
-15000.0
-15000.0
15000.0
15000.0
15000.0
15000.0
15000.0
15000.0
15000.0
15000.0
-15000.0
-15000.0
-15000.0
-15000.0
-15000.0
-15000.0
15000.0
15000.0
15000.0
15000.0
15000.0
15000.0
15000.0
-14378.803015166653
-14316.170264971537
-15000.0
-15000.0
-15000.0
-15000.0
15000.0
15000.0
15000.0
15000.0
15000.0
15000.0
15000.0
-15000.0
-14615.805880866126
-14510.74028940716
-14232.242425665809
-15000.0
15000.0
15000.0
15000.0
15000.0
15000.0
-12381.883035967101
-11375.226338048727
-11281.910100258618
-11500.734718321793
-12247.669748797194
-12128.300659420442
15000.0
15000.0
15000.0
15000.0
15000.0
15000.0
-13154.842190450501
-11984.18868154328
-12024.967864938535
-11562.42095364555
-9702.421892998784
-8482.78613896812
-7000.879072493925
15000.0
15000.0
15000.0
15000.0
15000.0
15000.0
-12503.740739389075
-11335.17507032531
-10335.018586391998
-9910.885736531516
-9756.342613795725
-10944.618497715892
-9222.150997307392
-9476.527083902241
-6528.881844823961
15000.0
15000.0
15000.0
15000.0
15000.0
15000.0
15000.0
-14363.152210345987
-15000.0
-15000.0
-15000.0
-15000.0
-14298.10395701039
-13846.381787364091
12485.039322725941
15000.0
15000.0
-3914.088948565709
15000.0
15000.0
15000.0
15000.0
15000.0
-15000.0
-15000.0
-15000.0
15000.0
15000.0
15000.0
-15000.0
-14566.115702479347
-15000.0
-15000.0
15000.0
15000.0
15000.0
15000.0
15000.0
-14378.573847352498
-14644.481477428482
-15000.0
-15000.0
-15000.0
15000.0
15000.0
15000.0
15000.0
15000.0
-15000.0
-15000.0
-14257.118741805825
-14584.060134991021
-14515.073628638569
-14397.349716428129
-15000.0
-15000.0
15000.0
15000.0
15000.0
15000.0
15000.0
15000.0
15000.0
15000.0
15000.0
-13418.5702395265
-13958.605036977227
-14605.014301048253
-15000.0
-15000.0
-15000.0
15000.0
15000.0
15000.0
15000.0
15000.0
15000.0
15000.0
-15000.0
15000.0
15000.0
-15000.0
-15000.0
-15000.0
-15000.0
-13290.534208059991
-3838.3304128747914
15000.0
15000.0
15000.0
15000.0
15000.0
15000.0
15000.0
-15000.0
-15000.0
-15000.0
-15000.0
-15000.0
-15000.0
-15000.0
15000.0
15000.0
15000.0
15000.0
15000.0
15000.0
15000.0
-15000.0
-14639.61522828885
-14597.855058749312
-14070.312460654914
-15000.0
-15000.0
-15000.0
15000.0
15000.0
15000.0
15000.0
15000.0
15000.0
15000.0
15000.0
15000.0
-13920.454545454548
15000.0
15000.0
-13662.756598240474
-14248.055348573369
-15000.0
-15000.0
-15000.0
15000.0
15000.0
15000.0
1523.001753609984
15000.0
15000.0
15000.0
-15000.0
-15000.0
-15000.0
-15000.0
-15000.0
-15000.0
-15000.0
15000.0
15000.0
15000.0
15000.0
15000.0
15000.0
15000.0
15000.0
15000.0
-15000.0
-14639.211962971753
-10975.227224242873
-7151.739152096681
-3154.2903115432846
15000.0
15000.0
15000.0
870.3321814945612
15000.0
-9702.436738519216
-9403.898693863368
-9021.613974507207
-8134.098968580049
-7420.626637884067
-4477.112001592274
-685.9354571603617
2689.12063420722
5067.217090317372
9245.750485073266
13451.14264636039
7270.899742729085
5836.476332590212
15000.0
-10454.545454545456
-4238.617401668656
-4528.876127701745
-5449.035766799844
-3262.8165724381734
-824.7869408620609
-1663.6645743498484
-1672.3046938762855
1223.915714159284
7347.561893835136
7021.4860856473715
5260.344047003884
15000.0
-11212.121212121212
-6509.3381481690485
-7413.013702783951
-7860.4976396170905
-6707.699109693993
-5967.789923971276
-1309.473179581959
5443.5438200447325
15000.0
9968.911403048953
15000.0
12932.436786002781
15000.0
-12720.90162133662
-12162.237692791663
-9471.127343618748
-7434.401199708645
-6787.648316459035
-6209.6748070201575
-5464.57596366826
113.5808792941134
15000.0
11851.652978539465
15000.0
15000.0
15000.0
15000.0
-13543.75133063658
-4799.694481173323
15000.0
15000.0
-11953.862597232946
-12628.702616832674
-12205.97915479427
-10844.923642526624
-7329.002041812004
15000.0
15000.0
12257.36526800633
15000.0
-13181.818181818184
-11518.18438116719
-12333.573865405353
-14136.897993745948
-15000.0
-15000.0
-15000.0
15000.0
15000.0
15000.0
15000.0
15000.0
15000.0
15000.0
15000.0
-15000.0
-15000.0
-15000.0
15000.0
15000.0
15000.0
-15000.0
-13909.090909090908
-12445.60075685904
-12881.070841043977
-13438.91686561581
-15000.0
15000.0
15000.0
15000.0
15000.0
15000.0
15000.0
-15000.0
-15000.0
15000.0
15000.0
15000.0
-15000.0
-15000.0
15000.0
15000.0
-15000.0
-15000.0
-15000.0
-15000.0
-15000.0
-3171.936758893342
15000.0
15000.0
15000.0
15000.0
15000.0
15000.0
15000.0
-15000.0
-15000.0
-15000.0
-15000.0
15000.0
15000.0
15000.0
15000.0
15000.0
-15000.0
-15000.0
15000.0
15000.0
-15000.0
-15000.0
-13375.039594551792
-11897.418909453216
15000.0
15000.0
15000.0
15000.0
15000.0
-15000.0
-15000.0
-15000.0
-15000.0
-15000.0
15000.0
15000.0
15000.0
15000.0
15000.0
15000.0
-15000.0
-15000.0
-15000.0
-15000.0
-15000.0
-15000.0
15000.0
15000.0
15000.0
15000.0
15000.0
15000.0
15000.0
15000.0
-15000.0
-15000.0
15000.0
15000.0
15000.0
-15000.0
-15000.0
-15000.0
-15000.0
-15000.0
-15000.0
-15000.0
15000.0
15000.0
15000.0
15000.0
15000.0
15000.0
15000.0
-14121.725731895229
15000.0
-15000.0
-15000.0
-15000.0
-15000.0
-15000.0
15000.0
15000.0
15000.0
15000.0
15000.0
-15000.0
-15000.0
15000.0
15000.0
15000.0
-15000.0
-15000.0
-15000.0
-15000.0
-15000.0
-13560.667665311372
15000.0
15000.0
15000.0
15000.0
15000.0
15000.0
15000.0
15000.0
-15000.0
-15000.0
-15000.0
-15000.0
-15000.0
15000.0
15000.0
15000.0
15000.0
15000.0
15000.0
-15000.0
-15000.0
-15000.0
-15000.0
-15000.0
-15000.0
15000.0
15000.0
15000.0
15000.0
15000.0
15000.0
-15000.0
-15000.0
-15000.0
-15000.0
15000.0
15000.0
15000.0
15000.0
15000.0
-15000.0
-15000.0
15000.0
15000.0
15000.0
-14688.694702348446
-14305.64174481804
-14194.859039017749
-13995.824179557716
-14267.351987858332
-15000.0
15000.0
15000.0
15000.0
15000.0
15000.0
15000.0
-15000.0
-15000.0
-15000.0
-15000.0
-14441.776809507359
-13341.17690576056
-15000.0
15000.0
15000.0
15000.0
15000.0
15000.0
15000.0
15000.0
-15000.0
-15000.0
-15000.0
-15000.0
-15000.0
-15000.0
-15000.0
-15000.0
15000.0
15000.0
15000.0
15000.0
15000.0
15000.0
15000.0
15000.0
-15000.0
-15000.0
-15000.0
-15000.0
15000.0
15000.0
15000.0
15000.0
15000.0
-14327.618748033976
-14633.176249871263
-15000.0
-15000.0
-15000.0
-15000.0
-15000.0
15000.0
15000.0
15000.0
15000.0
15000.0
15000.0
15000.0
15000.0
15000.0
-15000.0
-15000.0
-15000.0
-13800.505050505057
15000.0
15000.0
15000.0
15000.0
15000.0
-15000.0
-15000.0
-15000.0
15000.0
15000.0
15000.0
15000.0
-15000.0
-15000.0
-15000.0
-13875.046256321704
-14110.5799258552
-15000.0
15000.0
15000.0
15000.0
15000.0
15000.0
15000.0
-14040.384579663514
-13214.278805297432
-12522.111749021558
-11950.035044343535
-12145.443148760507
-11872.459315488151
15000.0
15000.0
15000.0
15000.0
15000.0
15000.0
-15000.0
-15000.0
-13618.863860719735
-15000.0
-15000.0
-15000.0
15000.0
15000.0
15000.0
15000.0
15000.0
15000.0
-15000.0
-12709.317427180365
-9773.085890574832
-4285.216289048465
15000.0
15000.0
15000.0
15000.0
15000.0
-15000.0
-15000.0
-15000.0
-15000.0
15000.0
15000.0
15000.0
15000.0
15000.0
-15000.0
-15000.0
-15000.0
-15000.0
-15000.0
15000.0
15000.0
15000.0
15000.0
15000.0
15000.0
15000.0
-14315.93159315932
-15000.0
15000.0
15000.0
15000.0
-15000.0
-15000.0
-15000.0
15000.0
15000.0
15000.0
15000.0
-15000.0
15000.0
15000.0
-15000.0
-15000.0
-15000.0
-15000.0
-15000.0
-15000.0
15000.0
15000.0
15000.0
15000.0
15000.0
15000.0
15000.0
-15000.0
-15000.0
-15000.0
-15000.0
-15000.0
-15000.0
15000.0
15000.0
15000.0
15000.0
15000.0
15000.0
15000.0
-14689.373297002727
-14307.49405705827
-14197.609585659466
-13500.889700882777
-12125.050066982258
-10227.728837558883
15000.0
15000.0
15000.0
15000.0
15000.0
15000.0
-15000.0
-15000.0
-15000.0
15000.0
15000.0
15000.0
-14201.568847177481
-14344.2855414634
15000.0
15000.0
15000.0
15000.0
-15000.0
-15000.0
-15000.0
-13292.88076371124
-12487.794115600766
-11844.588814800485
-11378.264460902974
-9198.368885956315
15000.0
15000.0
15000.0
15000.0
15000.0
15000.0
15000.0
15000.0
-14641.809803100128
-15000.0
-13897.97418449511
15000.0
15000.0
15000.0
15000.0