Demand
15000.0
15000.0
15000.0
15000.0
15000.0
15000.0
15000.0
15000.0
15000.0
15000.0
15000.0
15000.0
15000.0
15000.0
15000.0
15000.0
15000.0
15000.0
15000.0
15000.0
15000.0
15000.0
15000.0
15000.0
15000.0
15000.0
15000.0
15000.0
15000.0
-14327.822407378106
-14247.933412331775
-15000.0
-15000.0
-15000.0
-15000.0
15000.0
15000.0
15000.0
15000.0
15000.0
15000.0
15000.0
-15000.0
-14592.142103151284
-14465.828414481377
-14093.918552357565
-15000.0
15000.0
15000.0
15000.0
15000.0
15000.0
-12342.049930934641
-11422.39494730876
-11488.53190011573
-11944.556809039255
-12959.573358724549
-13702.395045889603
-15000.0
-15000.0
15000.0
15000.0
15000.0
15000.0
15000.0
15000.0
15000.0
15000.0
-11782.101551250875
-11905.865500372562
-12758.808824159296
-12490.938044382474
-11114.443235457344
-10858.67416223375
-10987.11994337901
-10633.76352217135
15000.0
15000.0
15000.0
15000.0
15000.0
15000.0
15000.0
15000.0
-12982.980874547142
-13363.623483695628
-12033.18820175391
-11773.221161634767
15000.0
15000.0
15000.0
15000.0
-14685.474576742374
-14319.729444372588
-15000.0
-15000.0
-15000.0
-15000.0
-13916.935382031883
-10893.282249499753
15000.0
15000.0
15000.0
15000.0
15000.0
15000.0
15000.0
15000.0
-15000.0
-15000.0
15000.0
15000.0
15000.0
15000.0
-15000.0
-15000.0
-9242.424242424247
15000.0
15000.0
15000.0
-15000.0
-15000.0
-14566.605839416061
-13913.635922308997
-13432.606644314339
-13229.129208015507
15000.0
15000.0
15000.0
15000.0
15000.0
15000.0
15000.0
-15000.0
15000.0
15000.0
-14382.591876208899
-14665.695529153094
-14629.174727323749
-14574.333642442987
-15000.0
-15000.0
-15000.0
15000.0
15000.0
15000.0
15000.0
15000.0
15000.0
15000.0
15000.0
-13401.769580659235
-13904.497319111004
-14549.803375647869
-15000.0
-15000.0
15000.0
15000.0
15000.0
15000.0
15000.0
-15000.0
-15000.0
-15000.0
-15000.0
-15000.0
-15000.0
-15000.0
15000.0
15000.0
15000.0
15000.0
15000.0
15000.0
15000.0
-15000.0
-15000.0
-15000.0
-15000.0
15000.0
15000.0
15000.0
15000.0
15000.0
-15000.0
-15000.0
-15000.0
-15000.0
15000.0
15000.0
15000.0
15000.0
-15000.0
-15000.0
-15000.0
-14546.481940658756
-14436.7655692841
-13404.044220317519
-15000.0
15000.0
15000.0
15000.0
15000.0
15000.0
15000.0
15000.0
15000.0
-14660.208643815204
-14588.685653023
-14429.06639558931
-11282.259113517921
15000.0
15000.0
15000.0
15000.0
15000.0
-15000.0
-15000.0
-13424.447174447174
-11132.413046916728
15000.0
15000.0
15000.0
15000.0
15000.0
-15000.0
-15000.0
-15000.0
-15000.0
-15000.0
-15000.0
-15000.0
15000.0
15000.0
15000.0
15000.0
15000.0
15000.0
15000.0
15000.0
-15000.0
-15000.0
-14531.763417305585
-7876.418517731574
15000.0
13032.251310460248
15000.0
4968.746555038662
15000.0
1620.9262435677992
15000.0
-9796.31760644419
-9513.631200428168
-9152.826770076372
-8305.16350777015
-7637.403086444687
-4829.289675370066
-1229.9286388285527
1992.2962846282926
4370.585163016309
8679.950439799508
13316.798064995914
7301.139161242245
5833.275437852103
15000.0
-10454.545454545456
-3557.1286362128094
-3784.46734243058
-4662.942106583199
-2071.0836152105367
882.1013986970884
97.11762563049524
483.9878260977466
4835.584378205709
12409.363980993785
5381.5666655002315
12000.4919367258
-11818.18181818182
15000.0
15000.0
-8696.084936960848
-9229.284577867038
-8579.676881456315
-8435.532950182951
-6143.411689983441
-3687.486211088817
10041.043293088496
15000.0
1233.431559331375
15000.0
15000.0
-12698.013681694556
-12148.99516942168
-9492.812245558267
-7554.893482009702
-7061.559674349753
-6765.539817294169
-6629.515292099523
-4052.3075554578854
8030.7183975248045
15000.0
-15000.0
15000.0
15000.0
15000.0
15000.0
-11076.41897416651
-11655.912056767585
-8172.837395489805
-1451.3325245822662
15000.0
15000.0
15000.0
15000.0
-13333.333333333334
-10048.091839900717
-9967.577046394726
-9328.807529594793
-8853.344549725753
-8507.966427205662
-8147.852279167405
-9170.55516199991
15000.0
15000.0
15000.0
15000.0
15000.0
15000.0
-15000.0
-13533.447684391082
15000.0
15000.0
15000.0
-15000.0
-15000.0
-15000.0
-15000.0
15000.0
15000.0
15000.0
15000.0
-12998.439328911434
-13524.09778530311
-14150.273013479054
-15000.0
-15000.0
-15000.0
15000.0
15000.0
15000.0
15000.0
15000.0
15000.0
15000.0
-14063.526834611173
-14636.062925497135
-15000.0
-15000.0
15000.0
15000.0
15000.0
15000.0
15000.0
-15000.0
-15000.0
-13804.195804195806
-13080.081529601266
-13091.17476453869
-12810.145850884015
-15000.0
15000.0
15000.0
15000.0
15000.0
15000.0
15000.0
-15000.0
-15000.0
15000.0
15000.0
15000.0
15000.0
-15000.0
-15000.0
-15000.0
-15000.0
-15000.0
-15000.0
-9497.184231697509
15000.0
15000.0
15000.0
15000.0
15000.0
15000.0
15000.0
15000.0
-15000.0
15000.0
15000.0
-15000.0
-15000.0
15000.0
15000.0
15000.0
-15000.0
-15000.0
-15000.0
-15000.0
-15000.0
-15000.0
15000.0
15000.0
15000.0
15000.0
15000.0
15000.0
15000.0
-15000.0
-15000.0
-15000.0
15000.0
15000.0
15000.0
15000.0
-15000.0
-15000.0
-15000.0
-15000.0
-15000.0
-15000.0
-15000.0
-15000.0
15000.0
15000.0
15000.0
15000.0
15000.0
15000.0
15000.0
15000.0
15000.0
-15000.0
-15000.0
-15000.0
-15000.0
-15000.0
-15000.0
-8344.453711426206
15000.0
15000.0
15000.0
15000.0
15000.0
15000.0
15000.0
-15000.0
-15000.0
-15000.0
-15000.0
15000.0
15000.0
15000.0
15000.0
15000.0
-15000.0
-15000.0
-15000.0
-15000.0
-15000.0
15000.0
15000.0
15000.0
15000.0
15000.0
15000.0
-15000.0
-14630.968438090102
-14576.902423305339
-14486.96407181603
-15000.0
-15000.0
15000.0
15000.0
15000.0
15000.0
15000.0
15000.0
15000.0
15000.0
-15000.0
-15000.0
-15000.0
-15000.0
-15000.0
-15000.0
-15000.0
-15000.0
15000.0
15000.0
15000.0
15000.0
15000.0
15000.0
15000.0
15000.0
15000.0
-14692.47369840842
-14281.376545265164
-14079.739642346267
-13494.484992787457
-4289.308517832615
15000.0
15000.0
15000.0
15000.0
-15000.0
-15000.0
-15000.0
-15000.0
-15000.0
-15000.0
15000.0
15000.0
15000.0
15000.0
15000.0
15000.0
-15000.0
-15000.0
-15000.0
-15000.0
-14344.492056727402
-15000.0
-15000.0
15000.0
15000.0
15000.0
15000.0
15000.0
15000.0
15000.0
-15000.0
-15000.0
-15000.0
15000.0
15000.0
15000.0
15000.0
-15000.0
-15000.0
-15000.0
-15000.0
-15000.0
15000.0
15000.0
15000.0
15000.0
15000.0
15000.0
-15000.0
-15000.0
-15000.0
-15000.0
15000.0
15000.0
15000.0
15000.0
15000.0
15000.0
-15000.0
-15000.0
-14593.147751605997
-15000.0
-15000.0
-15000.0
-15000.0
15000.0
15000.0
15000.0
15000.0
15000.0
15000.0
15000.0
-15000.0
15000.0
15000.0
-15000.0
15000.0
15000.0
15000.0
15000.0
-15000.0
-13805.344511396394
-6650.790077249094
15000.0
15000.0
15000.0
-15000.0
-15000.0
-15000.0
-15000.0
-12191.426876371359
-1344.9298722672447
15000.0
15000.0
15000.0
15000.0
15000.0
15000.0
15000.0
-15000.0
15000.0
15000.0
-15000.0
-15000.0
-13448.557430593362
-15000.0
15000.0
15000.0
15000.0
15000.0
-15000.0
-15000.0
15000.0
15000.0
15000.0
-13440.151059055337
-12209.037587859559
-11769.56354856037
-12486.040428170181
-11190.636588963953
-5536.538242403007
15000.0
15000.0
15000.0
15000.0
15000.0
-15000.0
15000.0
-15000.0
-14636.576164922164
-15000.0
-15000.0
-15000.0
-15000.0
-15000.0
15000.0
15000.0
15000.0
15000.0
15000.0
15000.0
15000.0
-13698.658528262018
-13944.526423722811
-14222.133726325188
-15000.0
-15000.0
-15000.0
-15000.0
-15000.0
15000.0
15000.0
15000.0
15000.0
15000.0
15000.0
15000.0
15000.0
-15000.0
-15000.0
-15000.0
-15000.0
15000.0
15000.0
15000.0
15000.0
-15000.0
-15000.0
-15000.0
-15000.0
15000.0
15000.0
15000.0
15000.0
15000.0
-15000.0
-15000.0
-15000.0
-15000.0
15000.0
15000.0
15000.0
15000.0
-14283.061535532255
-14541.466847053154
-14240.823256824056
15000.0
15000.0
15000.0
11126.627420974444
15000.0
-13455.954057861094
-13966.394271586378
-14594.927264161724
-15000.0
-15000.0
-15000.0
15000.0
15000.0
15000.0
15000.0
15000.0
-14321.308735581068
-14217.996240333508
-14517.776941374159
-14306.650748116077
-15000.0
15000.0
15000.0
15000.0
15000.0
15000.0
15000.0
-13480.747939475954
-13356.99470800411
-13546.8911846083
-13749.978701890057
-14490.794577838857
-15000.0
-15000.0
15000.0
15000.0
15000.0
15000.0
15000.0
15000.0
15000.0
-14687.214194256449
-15000.0
-15000.0
-15000.0
-15000.0