Demand
15000.0
15000.0
15000.0
15000.0
15000.0
15000.0
15000.0
15000.0
15000.0
-15000.0
-15000.0
-15000.0
15000.0
15000.0
15000.0
15000.0
-15000.0
-15000.0
-15000.0
-15000.0
-15000.0
-15000.0
-15000.0
-15000.0
15000.0
15000.0
15000.0
15000.0
15000.0
15000.0
15000.0
15000.0
15000.0
-15000.0
-15000.0
-15000.0
-15000.0
15000.0
15000.0
15000.0
15000.0
-15000.0
15000.0
15000.0
-14352.272727272732
15000.0
15000.0
-15000.0
-15000.0
-15000.0
15000.0
15000.0
15000.0
15000.0
15000.0
-12216.92629621019
-9864.850075027298
15000.0
15000.0
-15000.0
15000.0
15000.0
-15000.0
-15000.0
-7161.955691367481
15000.0
15000.0
15000.0
-9428.152492668625
15000.0
15000.0
-13153.015301530155
-12366.837616834167
-12507.784922201092
-13030.332217480303
-13641.71353177388
-12221.317573636094
-9002.72372273339
-1914.2076278722816
15000.0
10967.756508917215
13346.92826562345
3254.8825948961103
15000.0
15000.0
15000.0
15000.0
-14384.68656025908
-14631.63066044523
-15000.0
-15000.0
15000.0
15000.0
15000.0
15000.0
-15000.0
-15000.0
-15000.0
15000.0
15000.0
15000.0
15000.0
-13433.82006594442
-14323.60884781093
-15000.0
-15000.0
-15000.0
-15000.0
-15000.0
15000.0
15000.0
15000.0
15000.0
15000.0
15000.0
15000.0
15000.0
-15000.0
-15000.0
-15000.0
-15000.0
-15000.0
-14142.713903743319
-11085.002959163565
15000.0
15000.0
15000.0
15000.0
15000.0
15000.0
15000.0
15000.0
-15000.0
-15000.0
-15000.0
15000.0
15000.0
15000.0
15000.0
-14685.950413223145
-15000.0
-15000.0
-15000.0
-15000.0
-15000.0
-15000.0
15000.0
15000.0
15000.0
15000.0
15000.0
15000.0
15000.0
-14668.481061650189
-15000.0
-15000.0
-15000.0
-15000.0
-15000.0
-15000.0
15000.0
15000.0
15000.0
15000.0
15000.0
15000.0
15000.0
15000.0
15000.0
-15000.0
-15000.0
-14243.530192435304
-12792.38526990345
-12278.426863540011
-13481.007970790186
-15000.0
15000.0
15000.0
15000.0
15000.0
15000.0
15000.0
15000.0
-15000.0
15000.0
15000.0
-15000.0
-15000.0
-15000.0
-15000.0
-15000.0
-15000.0
-15000.0
-15000.0
15000.0
15000.0
15000.0
15000.0
15000.0
15000.0
15000.0
15000.0
15000.0
-15000.0
15000.0
-15000.0
-14270.59450813117
-14584.340645678643
-14498.883086521819
-14331.633640999327
-11577.64228136812
9021.384739844038
15000.0
15000.0
15000.0
15000.0
15000.0
15000.0
15000.0
-13735.040025362607
-13287.150818804173
-14243.50581545775
-14565.07508960641
-14467.728531320889
-15000.0
-15000.0
15000.0
15000.0
15000.0
15000.0
15000.0
15000.0
15000.0
15000.0
-15000.0
-13595.290251916758
15000.0
-6383.29842455211
15000.0
-15000.0
-15000.0
-15000.0
15000.0
15000.0
15000.0
-10693.35718168701
-8599.433152049845
-7275.03331294479
-5875.792016907846
-3460.8623892185087
1316.5034264505812
11226.715198010083
13205.849334346756
10295.933836717217
15000.0
3344.1406712233465
15000.0
-4596.3495963496025
-225.0393175427962
8974.8024790272
14695.848809103714
-9696.969696969698
-2558.3137170982236
-3423.6413728316365
-3248.489330548746
-786.5252143693997
2952.337804808024
3958.743488351418
4701.119870855217
15000.0
3963.1206357278897
15000.0
-6404.566996984061
-5633.893043584125
-3682.631460828804
-3707.796442687456
-5066.93774686709
-5174.387722074106
1005.1430398459433
7719.2183456149105
10520.764755940865
14213.667898703625
-12424.242424242426
15000.0
15000.0
-10076.10037021802
-9368.836224089791
-7882.289488111601
5912.128041197423
15000.0
15000.0
15000.0
-12493.128092358438
-10181.55564341875
-8493.53645680636
-8023.192559849934
-7621.258677138769
-7052.713204497112
-1968.3225932454561
15000.0
15000.0
15000.0
15000.0
15000.0
-15000.0
-13603.048173393585
-10786.773911203189
-11161.318465672524
-5358.224031879181
15000.0
14704.762843464665
6806.67826809701
15000.0
15000.0
-11633.85826771654
-10382.943779939727
-10318.746317853904
-9729.780638934666
-9271.961096127267
-8870.312233867986
-8191.061729078268
-5622.031231771126
15000.0
15000.0
15000.0
15000.0
15000.0
-15000.0
-15000.0
-13702.339520203452
-14447.97740480043
-15000.0
-15000.0
15000.0
15000.0
15000.0
15000.0
15000.0
15000.0
-15000.0
-13744.365868849443
-11837.802714031724
-11981.132719178044
-11406.274048379913
15000.0
15000.0
15000.0
15000.0
15000.0
15000.0
-15000.0
-15000.0
-15000.0
-15000.0
-13325.17140058766
-14257.71812063417
-15000.0
-15000.0
15000.0
15000.0
15000.0
15000.0
15000.0
15000.0
15000.0
15000.0
-13616.57115090562
-13859.098256520654
-14137.760242153865
-15000.0
-15000.0
-15000.0
-15000.0
15000.0
15000.0
15000.0
15000.0
15000.0
15000.0
15000.0
15000.0
-15000.0
-15000.0
-15000.0
-15000.0
15000.0
15000.0
15000.0
15000.0
15000.0
-14664.968652037616
-15000.0
-15000.0
-15000.0
-15000.0
-15000.0
15000.0
15000.0
15000.0
15000.0
15000.0
15000.0
15000.0
-14315.492267232214
-15000.0
-15000.0
-15000.0
15000.0
15000.0
15000.0
15000.0
-15000.0
-15000.0
-15000.0
-14308.656221528541
-15000.0
15000.0
15000.0
15000.0
15000.0
15000.0
15000.0
15000.0
-15000.0
-15000.0
15000.0
15000.0
-15000.0
-15000.0
-15000.0
15000.0
15000.0
15000.0
15000.0
15000.0
-15000.0
-15000.0
-14136.36363636364
-13925.23805034412
-14229.609375517779
-15000.0
15000.0
15000.0
15000.0
15000.0
15000.0
15000.0
15000.0
-14374.428388512897
-15000.0
-15000.0
-15000.0
-15000.0
-15000.0
-15000.0
-15000.0
15000.0
15000.0
15000.0
15000.0
15000.0
15000.0
15000.0
15000.0
-15000.0
-15000.0
-15000.0
-15000.0
-15000.0
-15000.0
15000.0
15000.0
15000.0
15000.0
15000.0
15000.0
-15000.0
15000.0
15000.0
-14674.866310160429
-15000.0
-15000.0
-15000.0
-15000.0
-15000.0
-15000.0
-15000.0
15000.0
15000.0
15000.0
15000.0
15000.0
15000.0
15000.0
15000.0
15000.0
-15000.0
-15000.0
-14572.944608624013
-14427.491144396296
-15000.0
15000.0
15000.0
15000.0
15000.0
15000.0
15000.0
-14651.642475171888
-14148.498821409463
-13803.455762798385
-12291.529666554881
15000.0
15000.0
15000.0
15000.0
15000.0
15000.0
15000.0
-15000.0
-15000.0
-15000.0
-15000.0
-15000.0
-14438.976377952764
-13476.822115221501
-15000.0
-15000.0
15000.0
15000.0
15000.0
15000.0
15000.0
15000.0
15000.0
15000.0
-15000.0
-15000.0
-15000.0
-15000.0
-15000.0
-15000.0
-15000.0
-15000.0
15000.0
15000.0
15000.0
15000.0
15000.0
15000.0
15000.0
15000.0
15000.0
-15000.0
-15000.0
-15000.0
-15000.0
-12300.73365456537
15000.0
15000.0
15000.0
15000.0
15000.0
15000.0
15000.0
-15000.0
-15000.0
-15000.0
-15000.0
15000.0
15000.0
15000.0
15000.0
15000.0
-15000.0
-15000.0
-15000.0
-15000.0
-14544.121567581973
-15000.0
-14243.747699572094
-15000.0
-15000.0
15000.0
15000.0
15000.0
15000.0
15000.0
15000.0
15000.0
15000.0
-15000.0
-15000.0
15000.0
15000.0
15000.0
15000.0
-15000.0
15000.0
15000.0
-15000.0
15000.0
15000.0
-14014.671335490446
-13192.63357535838
-12555.111371268169
-12133.70823604678
-12594.154494783965
-13200.799819683067
-15000.0
15000.0
15000.0
15000.0
15000.0
15000.0
15000.0
15000.0
-14036.433423804876
-15000.0
-15000.0
-15000.0
-15000.0
-15000.0
-15000.0
15000.0
15000.0
15000.0
15000.0
15000.0
15000.0
15000.0
-13281.099875121883
-13032.057897866853
-13083.771939281352
-14334.66677640719
-15000.0
15000.0
15000.0
15000.0
15000.0
15000.0
15000.0
-14661.319073083781
15000.0
-15000.0
-15000.0
15000.0
15000.0
-15000.0
-15000.0
-14056.766008533563
-13739.243502523048
-8404.687952933324
15000.0
9607.746539082778
15000.0
15000.0
15000.0
-15000.0
15000.0
-15000.0
-15000.0
-15000.0
-15000.0
15000.0
15000.0
15000.0
15000.0
15000.0
15000.0
-15000.0
-15000.0
-15000.0
-15000.0
-15000.0
-15000.0
-15000.0
-15000.0
15000.0
15000.0
15000.0
15000.0
15000.0
15000.0
15000.0
15000.0
-15000.0
-15000.0
-15000.0
15000.0
15000.0
15000.0
-15000.0
-15000.0
-15000.0
-15000.0
-13988.913525498894
-14366.333207127478
-14082.458350820856
-11000.486151489029
15000.0
15000.0
15000.0
15000.0
15000.0
15000.0
15000.0
15000.0
15000.0
-15000.0
-15000.0
-15000.0
-15000.0
-15000.0
-12446.331902184062
-10833.398554974363
15000.0
15000.0
15000.0
15000.0
15000.0
15000.0
15000.0
-15000.0
-15000.0
-13443.35906727588
-12789.869985434478
-12385.18001770341
-12334.970223476132
-11998.505827266072
-12382.069111080687
15000.0
15000.0
15000.0
15000.0
15000.0
15000.0
15000.0
15000.0
-15000.0
-14458.817944457627
-15000.0
15000.0
15000.0
15000.0