Demand
15000.0
15000.0
15000.0
15000.0
15000.0
15000.0
15000.0
15000.0
15000.0
15000.0
15000.0
15000.0
15000.0
15000.0
-15000.0
-15000.0
-15000.0
-15000.0
15000.0
15000.0
15000.0
15000.0
15000.0
15000.0
15000.0
15000.0
15000.0
15000.0
15000.0
15000.0
15000.0
-15000.0
-15000.0
-15000.0
-15000.0
-15000.0
-15000.0
-15000.0
-15000.0
15000.0
15000.0
15000.0
15000.0
15000.0
15000.0
15000.0
15000.0
15000.0
-15000.0
-15000.0
-15000.0
-15000.0
-9769.1425293949
-4684.456913566173
6993.276361915843
15000.0
8060.847843227646
15000.0
15000.0
15000.0
15000.0
-15000.0
-15000.0
15000.0
15000.0
15000.0
-11656.891495601172
15000.0
15000.0
-12256.684491978613
-13022.29120319432
-12794.688952319506
-11586.418231575804
-11326.231392176374
-11296.85741564562
-10090.181475687317
15000.0
15000.0
15000.0
15000.0
15000.0
15000.0
-12477.41102710677
-11965.693919631889
-12808.538920509287
-13371.490983944252
-12632.686396403667
-13834.084021441788
-14167.46807726713
-15000.0
15000.0
15000.0
15000.0
15000.0
15000.0
15000.0
15000.0
15000.0
-14689.13873390108
-14659.938047122723
-13087.78800830009
-12785.963610726947
-12267.80534785517
-13472.022564273298
-15000.0
15000.0
15000.0
15000.0
15000.0
15000.0
15000.0
15000.0
-15000.0
-15000.0
-15000.0
15000.0
15000.0
15000.0
15000.0
-15000.0
-15000.0
-15000.0
-14602.33980895138
-14083.224614068044
-13887.788130392379
-14255.126064608314
-15000.0
-15000.0
15000.0
15000.0
15000.0
15000.0
15000.0
15000.0
15000.0
15000.0
-14259.181566064413
-14538.280344228955
-14307.342762248361
-12742.335124423982
15000.0
15000.0
15000.0
15000.0
15000.0
-15000.0
-15000.0
-12913.707549589835
-11777.10252192881
-8278.053955237941
4805.731799849167
15000.0
15000.0
15000.0
15000.0
15000.0
-15000.0
-15000.0
-15000.0
-15000.0
-15000.0
-15000.0
-15000.0
15000.0
15000.0
15000.0
15000.0
15000.0
15000.0
15000.0
15000.0
-14370.513528437328
-13244.850996730194
-12979.683936151563
-14007.334073063445
-15000.0
-15000.0
15000.0
15000.0
15000.0
15000.0
15000.0
15000.0
-15000.0
-15000.0
-15000.0
-15000.0
-15000.0
15000.0
15000.0
15000.0
15000.0
15000.0
15000.0
-15000.0
-14642.427727534112
-14593.169914961607
-14025.712311492483
-15000.0
-15000.0
-15000.0
15000.0
15000.0
15000.0
15000.0
15000.0
15000.0
15000.0
-14674.071270828917
-14640.263236324266
-13770.34826711673
-13049.483660525904
-12488.92755971898
-11139.43394770933
-9484.420217113297
15000.0
15000.0
15000.0
15000.0
15000.0
15000.0
15000.0
-14664.39001413095
-14613.24133480549
-15000.0
-15000.0
-15000.0
15000.0
15000.0
15000.0
15000.0
15000.0
15000.0
-15000.0
-15000.0
-13870.79022672243
-14138.239266053584
-14476.952302449074
-15000.0
-15000.0
15000.0
15000.0
15000.0
15000.0
15000.0
15000.0
15000.0
15000.0
-9553.119730185499
-9123.725161687376
-8523.17159285352
-7627.757435028143
-6165.204598432033
-3426.3509987682855
3910.2388492804093
15000.0
13453.43917423857
11271.441541175536
9157.657889040356
15000.0
-4923.394225103126
-2661.274230655341
-2500.253133533225
-3366.7047657462144
-3185.4866603148366
-701.7553950176098
3063.244166681906
4052.051434495582
4756.402151715356
15000.0
3956.3678653613106
15000.0
-5903.391279566829
-5257.640989813987
-3505.660107515926
-3843.5032895294453
-5618.221594857325
-6581.899863173727
-3983.315603228366
-3334.743357592336
-3952.4735932400326
-3461.541308200319
1315.3095705445812
8139.828555181102
15000.0
9250.442249091291
15000.0
8553.369577165544
15000.0
-12994.134897360706
-13484.43840451953
-11797.620096539158
-10168.881309979046
-1125.7109234375184
15000.0
10531.495293502665
12565.624069251895
7265.536054196778
15000.0
15000.0
-14331.378299120235
-15000.0
15000.0
15000.0
-15000.0
-13403.902895511645
-10215.889173836036
-10778.293337394607
-5781.653946140974
4857.100334830688
15000.0
15000.0
15000.0
7780.447874359605
15000.0
15000.0
-10653.958944281527
-10112.134603016537
-9667.517172682125
-9189.232452537632
-8005.63344974408
15000.0
15000.0
15000.0
15000.0
15000.0
-15000.0
-15000.0
-15000.0
-13661.971830985916
-14455.264231171488
-15000.0
-15000.0
15000.0
15000.0
15000.0
15000.0
15000.0
15000.0
15000.0
15000.0
-13111.123384513423
-13649.395694369618
-14260.524462374819
-15000.0
-15000.0
-15000.0
-15000.0
-15000.0
15000.0
15000.0
15000.0
15000.0
15000.0
15000.0
15000.0
15000.0
-15000.0
-15000.0
-15000.0
-15000.0
-15000.0
-15000.0
-15000.0
15000.0
15000.0
15000.0
15000.0
15000.0
15000.0
15000.0
-15000.0
-15000.0
-15000.0
-15000.0
-15000.0
-15000.0
-15000.0
15000.0
15000.0
15000.0
15000.0
15000.0
15000.0
15000.0
15000.0
15000.0
-15000.0
-13891.984708093049
-13696.861005978932
-14444.671687080641
-15000.0
-15000.0
15000.0
15000.0
15000.0
15000.0
15000.0
15000.0
-15000.0
-15000.0
-15000.0
-13531.810378199203
-13728.483974729188
-15000.0
-15000.0
15000.0
15000.0
15000.0
15000.0
15000.0
15000.0
15000.0
-15000.0
-14585.471307669526
-15000.0
-15000.0
-15000.0
15000.0
15000.0
15000.0
15000.0
15000.0
15000.0
15000.0
-15000.0
-15000.0
-15000.0
-15000.0
15000.0
15000.0
15000.0
15000.0
-15000.0
-15000.0
-15000.0
-15000.0
-13852.733981885282
-13287.281216931773
-12755.45369154237
15000.0
15000.0
15000.0
15000.0
15000.0
15000.0
15000.0
-15000.0
-14249.691484985608
-15000.0
-15000.0
-15000.0
15000.0
15000.0
15000.0
15000.0
15000.0
-15000.0
-15000.0
-15000.0
-15000.0
15000.0
15000.0
15000.0
15000.0
15000.0
-15000.0
15000.0
15000.0
-15000.0
-15000.0
-15000.0
-15000.0
15000.0
15000.0
15000.0
15000.0
-14636.181271085989
-14528.316385781407
-14196.678928364785
15000.0
15000.0
15000.0
15000.0
15000.0
-15000.0
-15000.0
-15000.0
-15000.0
-15000.0
-15000.0
-15000.0
15000.0
15000.0
15000.0
15000.0
15000.0
15000.0
15000.0
-14672.196416721967
-15000.0
-15000.0
-15000.0
-15000.0
-15000.0
-15000.0
15000.0
15000.0
15000.0
15000.0
15000.0
15000.0
15000.0
-15000.0
-15000.0
15000.0
15000.0
15000.0
-15000.0
-15000.0
-15000.0
-15000.0
-15000.0
-14237.673029381367
-12307.582959812033
-15000.0
15000.0
15000.0
15000.0
15000.0
15000.0
15000.0
15000.0
15000.0
-15000.0
-15000.0
-15000.0
-15000.0
15000.0
15000.0
15000.0
15000.0
15000.0
-15000.0
-15000.0
-15000.0
-15000.0
-14437.936916727369
-15000.0
-15000.0
15000.0
15000.0
15000.0
15000.0
15000.0
15000.0
15000.0
15000.0
15000.0
-14672.03682393556
-15000.0
-15000.0
-15000.0
15000.0
15000.0
15000.0
15000.0
15000.0
-15000.0
-15000.0
-15000.0
-15000.0
-14513.444302176693
-15000.0
-15000.0
-15000.0
15000.0
15000.0
15000.0
15000.0
15000.0
15000.0
15000.0
15000.0
15000.0
-15000.0
-15000.0
-15000.0
-15000.0
-15000.0
-15000.0
-15000.0
-15000.0
15000.0
15000.0
15000.0
15000.0
15000.0
15000.0
15000.0
15000.0
-15000.0
-13961.5061197795
-13075.865704601449
-12360.650775211328
-11839.913326084745
-12248.135624764062
-12742.488554454074
-15000.0
15000.0
15000.0
15000.0
15000.0
15000.0
15000.0
15000.0
-13987.922456252145
-15000.0
-15000.0
-15000.0
-15000.0
15000.0
15000.0
15000.0
15000.0
15000.0
15000.0
-13306.5953654189
-11952.554672788814
-11457.03018598149
-12241.643298226081
-10886.334095492064
-6468.8891309483115
15000.0
15000.0
15000.0
15000.0
15000.0
15000.0
-15000.0
15000.0
-14686.662543805403
-15000.0
-15000.0
-15000.0
-15000.0
-15000.0
-15000.0
-15000.0
15000.0
15000.0
15000.0
15000.0
15000.0
15000.0
15000.0
15000.0
15000.0
-15000.0
15000.0
-15000.0
-15000.0
-15000.0
-15000.0
15000.0
15000.0
15000.0
15000.0
15000.0
-15000.0
-15000.0
-15000.0
-15000.0
-15000.0
-15000.0
-15000.0
15000.0
15000.0
15000.0
15000.0
15000.0
15000.0
15000.0
-15000.0
-15000.0
-15000.0
-15000.0
15000.0
15000.0
15000.0
15000.0
15000.0
-15000.0
15000.0
15000.0
-14311.004784688997
-14612.470178127744
-14542.756159201748
-13828.945537619118
-13227.813366337468
-7548.634867598263
15000.0
15000.0
15000.0
15000.0
15000.0
15000.0
15000.0
-15000.0
-15000.0
-15000.0
-15000.0
15000.0
15000.0
15000.0
15000.0
15000.0
-14696.614860549289
-15000.0
-15000.0
-15000.0
-15000.0
-15000.0
15000.0
15000.0
15000.0
15000.0
15000.0
-13985.927299860552
-14631.565496159521
-15000.0
-15000.0
-15000.0
-15000.0
-15000.0
15000.0
15000.0
15000.0
15000.0
15000.0
15000.0
15000.0
15000.0
15000.0