Demand
15000.0
15000.0
15000.0
15000.0
15000.0
15000.0
15000.0
15000.0
15000.0
15000.0
15000.0
15000.0
15000.0
15000.0
15000.0
15000.0
15000.0
15000.0
15000.0
15000.0
15000.0
15000.0
15000.0
15000.0
-15000.0
-15000.0
-15000.0
-15000.0
-15000.0
-12664.532650448153
3308.311736992129
15000.0
15000.0
15000.0
15000.0
15000.0
15000.0
15000.0
-15000.0
-15000.0
-15000.0
-15000.0
-15000.0
-14232.954545454551
-13491.15913555993
15000.0
15000.0
15000.0
15000.0
15000.0
15000.0
15000.0
15000.0
-11551.202541219187
-11369.969623472345
-11364.842842975719
-11523.896083977983
15000.0
15000.0
15000.0
15000.0
15000.0
-15000.0
-15000.0
15000.0
15000.0
15000.0
-12468.424705065929
-11361.301608270027
-10981.593305778897
-11115.102488430723
-2859.7122414973155
15000.0
15000.0
15000.0
15000.0
-13410.485220301172
-12178.274597372267
-10574.870619738434
-8789.471079901432
-7095.254478279824
-4174.749128504426
1442.830019694833
15000.0
15000.0
15000.0
15000.0
15000.0
-14679.144385026739
-15000.0
-15000.0
-15000.0
-14277.364505844846
-11975.959772722374
15000.0
15000.0
15000.0
15000.0
15000.0
15000.0
15000.0
-13382.703438883218
-13255.646883315349
-14233.33793744547
-15000.0
-15000.0
-15000.0
-15000.0
-15000.0
15000.0
15000.0
15000.0
15000.0
15000.0
15000.0
15000.0
15000.0
-15000.0
-15000.0
-15000.0
-15000.0
-15000.0
-9248.153614616334
15000.0
15000.0
15000.0
15000.0
15000.0
15000.0
15000.0
-15000.0
-15000.0
-15000.0
-15000.0
-15000.0
15000.0
15000.0
15000.0
15000.0
15000.0
15000.0
-15000.0
-15000.0
-15000.0
15000.0
15000.0
15000.0
-13321.950070654737
-12708.530339058467
-11336.532016318535
-10203.733616981255
-10106.775938207677
9693.943584172015
15000.0
15000.0
15000.0
15000.0
15000.0
-15000.0
-15000.0
-15000.0
15000.0
15000.0
15000.0
-15000.0
-15000.0
-15000.0
15000.0
15000.0
15000.0
15000.0
-14266.939956595132
-12725.439638255044
-11770.02315461653
-12057.600862693962
15000.0
15000.0
15000.0
15000.0
15000.0
-15000.0
-15000.0
-15000.0
-15000.0
-15000.0
-15000.0
-15000.0
-15000.0
15000.0
15000.0
15000.0
15000.0
15000.0
15000.0
15000.0
15000.0
15000.0
-14353.081375553287
-15000.0
-15000.0
-15000.0
-15000.0
-15000.0
-15000.0
-15000.0
15000.0
15000.0
15000.0
15000.0
15000.0
15000.0
15000.0
15000.0
-13157.165820566148
-13282.624948548124
15000.0
15000.0
15000.0
15000.0
-13777.392485611126
-13362.359047279639
-14287.762814075752
-14600.816801212051
-14532.892951056194
-15000.0
-15000.0
-15000.0
15000.0
15000.0
15000.0
15000.0
15000.0
15000.0
15000.0
15000.0
-13981.738785232235
-14115.139033601401
-14182.986488130362
15000.0
15000.0
15000.0
15000.0
-14671.090594345067
-11656.291227308328
-9442.289881304489
-8875.415178660107
-4253.440890199151
1488.35656938205
11449.906183014115
12953.614407044528
10726.437485911494
15000.0
1311.448709174164
15000.0
-9448.05194805195
-8871.079820791809
-6376.287717969343
-2740.3016612597357
1713.9645681541133
7233.658688754902
13993.062681541065
3940.0666894746346
15000.0
-3948.728996122365
-3447.8907099026337
-112.51766157526254
5905.000366894544
7670.6861122598575
9056.450272013542
15000.0
-3890.435751078934
-4690.042240799618
-4949.630667942057
-3237.0930233241806
875.4510220442762
2859.4623016982678
4712.937578314707
15000.0
-11212.121212121212
-3087.082728592166
4373.260973211246
15000.0
15000.0
-10022.800038808578
-9259.602236169649
-9471.381929603234
-9132.12638529171
-8984.967319564763
-9012.820565827977
-6155.874649551041
15000.0
15000.0
15000.0
15000.0
15000.0
15000.0
-9818.18181818182
-9883.971408988546
-8176.717009920812
15000.0
7576.565987184308
15000.0
15000.0
-15000.0
-15000.0
-13049.197860962566
-8159.17588189448
-6825.0825343556035
15000.0
15000.0
15000.0
15000.0
8799.013220193177
15000.0
-11651.604157252601
-10440.192996801918
-10423.534616667614
-9932.493910374786
-9645.11381674074
-9575.00996060514
-9753.78589087915
-11918.522473225301
15000.0
15000.0
15000.0
15000.0
15000.0
15000.0
-15000.0
-13417.765440666204
-12748.258496426515
15000.0
15000.0
15000.0
-15000.0
-15000.0
-15000.0
-15000.0
-15000.0
15000.0
15000.0
15000.0
15000.0
15000.0
15000.0
15000.0
-15000.0
-15000.0
-15000.0
15000.0
15000.0
15000.0
15000.0
-15000.0
-13998.829039812648
-14623.80078675854
-15000.0
-15000.0
-15000.0
-15000.0
15000.0
15000.0
15000.0
15000.0
15000.0
15000.0
-13439.654967233837
-13526.477153487875
-13495.436570629765
-15000.0
15000.0
15000.0
15000.0
15000.0
15000.0
-15000.0
-15000.0
15000.0
15000.0
-15000.0
-15000.0
-15000.0
15000.0
15000.0
15000.0
15000.0
-15000.0
-15000.0
-13339.769329147734
-12193.680696696592
-3412.131572412636
15000.0
15000.0
15000.0
15000.0
15000.0
-15000.0
-15000.0
-15000.0
-15000.0
-15000.0
-15000.0
15000.0
15000.0
15000.0
15000.0
15000.0
15000.0
15000.0
-15000.0
-15000.0
-15000.0
-15000.0
-15000.0
15000.0
15000.0
15000.0
15000.0
15000.0
15000.0
15000.0
-15000.0
-15000.0
-15000.0
-15000.0
15000.0
15000.0
15000.0
15000.0
-15000.0
-15000.0
-15000.0
-15000.0
-15000.0
-15000.0
-15000.0
15000.0
15000.0
15000.0
15000.0
15000.0
15000.0
15000.0
15000.0
15000.0
-15000.0
-15000.0
-15000.0
-14126.905108370993
-15000.0
-15000.0
-15000.0
15000.0
15000.0
15000.0
15000.0
15000.0
15000.0
15000.0
-15000.0
-15000.0
-14452.579814411627
-12768.322591868418
15000.0
15000.0
15000.0
15000.0
15000.0
-15000.0
-15000.0
-15000.0
15000.0
15000.0
15000.0
-15000.0
-15000.0
-15000.0
-14465.29080675422
-14290.25492278915
-13822.86925900538
-15000.0
15000.0
15000.0
15000.0
15000.0
15000.0
15000.0
15000.0
15000.0
-15000.0
-15000.0
-15000.0
-15000.0
-15000.0
15000.0
15000.0
15000.0
15000.0
15000.0
15000.0
15000.0
-15000.0
-15000.0
-15000.0
-15000.0
15000.0
15000.0
15000.0
15000.0
-14236.564540431948
-14036.20101532598
-14262.707812807159
-15000.0
15000.0
15000.0
15000.0
15000.0
15000.0
-15000.0
-15000.0
15000.0
15000.0
15000.0
-14660.896990370496
-14216.170129515518
-15000.0
-15000.0
-15000.0
15000.0
15000.0
15000.0
15000.0
15000.0
15000.0
-15000.0
-15000.0
-15000.0
-15000.0
-15000.0
15000.0
15000.0
15000.0
15000.0
15000.0
15000.0
-15000.0
-15000.0
-14609.550836676783
-15000.0
-15000.0
-15000.0
-15000.0
-15000.0
15000.0
15000.0
15000.0
15000.0
15000.0
15000.0
15000.0
15000.0
15000.0
-15000.0
-15000.0
-15000.0
15000.0
15000.0
15000.0
15000.0
-15000.0
-15000.0
-15000.0
-10589.941972920733
15000.0
15000.0
15000.0
15000.0
-14651.00787183371
-15000.0
-14510.76623695069
-15000.0
-15000.0
15000.0
15000.0
15000.0
15000.0
15000.0
15000.0
15000.0
-15000.0
-15000.0
-15000.0
-15000.0
-12884.972170686462
15000.0
15000.0
15000.0
15000.0
15000.0
15000.0
-15000.0
-15000.0
-13769.489086111778
-12601.06628698247
-11440.144807843822
-10107.7146741065
-9196.68425379521
15000.0
-15000.0
15000.0
15000.0
15000.0
15000.0
15000.0
15000.0
-15000.0
-13832.549780061443
-15000.0
-15000.0
-15000.0
-15000.0
15000.0
15000.0
15000.0
15000.0
15000.0
15000.0
15000.0
15000.0
-12432.01930812551
-13270.310124163036
-13086.705568156129
-13252.612460665416
-14472.709351308826
-15000.0
-15000.0
15000.0
15000.0
15000.0
15000.0
15000.0
15000.0
15000.0
15000.0
-15000.0
-15000.0
-15000.0
15000.0
15000.0
15000.0
-14337.080829618146
-12680.988440400102
-11645.824307101771
-10884.10320233857
-8447.07526026457
15000.0
15000.0
15000.0
15000.0
15000.0
-15000.0
-15000.0
-15000.0
-15000.0
-15000.0
15000.0
15000.0
15000.0
15000.0
15000.0
-15000.0
-15000.0
-15000.0
-15000.0
-15000.0
-15000.0
-15000.0
-15000.0
15000.0
15000.0
15000.0
15000.0
15000.0
15000.0
15000.0
15000.0
15000.0
-15000.0
-15000.0
-15000.0
-15000.0
15000.0
15000.0
15000.0
15000.0
15000.0
-14670.329670329673
-14627.410571713233
-14114.22396053344
-13850.24717698167
-12225.517897087237
195.96886895035914
15000.0
15000.0
15000.0
15000.0
15000.0
15000.0
-15000.0
-15000.0
15000.0
15000.0
15000.0
-14086.636043157781
-14319.382028821925
-14199.851574837663
-14484.244506402392
-14153.23472564972
-15000.0
15000.0
15000.0
15000.0
15000.0
15000.0
-13594.553716180388
-12875.925745661396
-12100.066000737006
-10436.965855313632
15000.0
15000.0
15000.0
15000.0
15000.0
-15000.0
-15000.0
-15000.0
-15000.0
-14257.08699902249
-15000.0
15000.0
15000.0
15000.0
15000.0
15000.0