Demand
15000.0
15000.0
15000.0
15000.0
15000.0
15000.0
15000.0
15000.0
15000.0
15000.0
15000.0
15000.0
15000.0
-15000.0
-15000.0
-15000.0
15000.0
15000.0
15000.0
15000.0
15000.0
15000.0
15000.0
-15000.0
-15000.0
-15000.0
-15000.0
-15000.0
-15000.0
-7100.714895200897
15000.0
15000.0
15000.0
15000.0
15000.0
15000.0
15000.0
-15000.0
15000.0
15000.0
-15000.0
-15000.0
15000.0
15000.0
15000.0
15000.0
-15000.0
-15000.0
-15000.0
-15000.0
15000.0
15000.0
15000.0
15000.0
15000.0
-12262.435677530022
-12163.344768009625
15000.0
15000.0
15000.0
-15000.0
-15000.0
-15000.0
-15000.0
15000.0
15000.0
15000.0
15000.0
15000.0
-12061.855670103098
-12837.146394559419
-12501.961005468955
-10888.613538538208
-10035.979015504388
-8124.177859759694
15000.0
15000.0
15000.0
15000.0
15000.0
15000.0
-11156.871558602092
-12173.150388028818
-11306.168663877364
-11935.33546205411
-11914.701392507974
-1541.7117444278047
15000.0
15000.0
15000.0
15000.0
15000.0
-14671.848013816929
-14259.073919853232
-15000.0
-15000.0
-15000.0
-15000.0
15000.0
15000.0
15000.0
15000.0
15000.0
15000.0
-15000.0
-15000.0
-15000.0
-15000.0
-15000.0
-15000.0
-15000.0
-15000.0
15000.0
15000.0
15000.0
15000.0
15000.0
15000.0
15000.0
15000.0
15000.0
-15000.0
-14647.869648276537
-14217.703322528992
-14104.730763967109
-14460.904219474713
-15000.0
-15000.0
-15000.0
15000.0
15000.0
15000.0
15000.0
15000.0
15000.0
15000.0
15000.0
-14680.685561512091
-14655.786444445745
-14622.166163173297
-15000.0
-15000.0
-15000.0
-15000.0
-15000.0
15000.0
15000.0
15000.0
15000.0
15000.0
15000.0
15000.0
15000.0
15000.0
-15000.0
-15000.0
15000.0
15000.0
-15000.0
-15000.0
-15000.0
15000.0
15000.0
15000.0
15000.0
-15000.0
-15000.0
-15000.0
-15000.0
-15000.0
15000.0
15000.0
15000.0
15000.0
15000.0
15000.0
-15000.0
-15000.0
15000.0
15000.0
15000.0
-15000.0
-15000.0
-15000.0
15000.0
15000.0
15000.0
15000.0
-15000.0
-15000.0
-15000.0
-15000.0
15000.0
15000.0
15000.0
15000.0
-14671.621154510889
-14284.82379490745
-15000.0
-15000.0
-15000.0
-15000.0
-15000.0
15000.0
15000.0
15000.0
15000.0
15000.0
15000.0
15000.0
15000.0
15000.0
-13773.534158149545
-13691.44998245396
-14291.859206881712
-15000.0
-15000.0
-15000.0
-12743.673927970896
-9994.676518519474
8619.534102284742
15000.0
5703.147329366748
15000.0
15000.0
15000.0
15000.0
15000.0
15000.0
-15000.0
-15000.0
-15000.0
-15000.0
-15000.0
-15000.0
15000.0
15000.0
240.64171122971584
15000.0
15000.0
15000.0
15000.0
15000.0
-12236.818481058115
-10540.678768618425
-10255.03768360334
-7096.734261839985
-3333.143701978315
5908.252969420506
15000.0
12153.948995959418
12157.040484430549
-12424.242424242426
-7790.944840046763
-5602.983638230686
-2069.6218428724205
12456.785823081453
14483.702334912408
7117.393955104387
15000.0
-10454.545454545456
-2115.732368896922
-1146.4735660859824
-633.9517637022036
4820.893825894355
15000.0
-10000.000000000002
-4559.382122056221
-5581.064334525371
-3636.8922319836056
-1556.0451695645606
-2597.557514493201
-3070.2231829894145
-1470.8555099625992
2080.017081455707
2412.1755205955706
797.0715555098686
2543.0728017528054
15000.0
8441.039399461031
15000.0
-12424.242424242426
140.6249999999891
15000.0
15000.0
15000.0
15000.0
-11503.06748466258
-12153.006100249786
-12455.500047159781
-12706.855953067658
-6991.7112968280235
15000.0
15000.0
15000.0
15000.0
15000.0
-11524.390243902442
3201.722123664149
15000.0
-14348.829034667608
-15000.0
-15000.0
-15000.0
-15000.0
-10474.682978894605
15000.0
13631.856738971746
15000.0
15000.0
3011.7434246905286
15000.0
15000.0
15000.0
-11534.954407294834
-10225.849390097545
-10132.427916218985
-9475.457918656586
-8921.598160503487
-8352.878104945023
-7212.47389021091
4743.489084895551
15000.0
15000.0
15000.0
15000.0
15000.0
-15000.0
-15000.0
-13824.09572273415
-14530.540422674632
-15000.0
-15000.0
15000.0
15000.0
15000.0
15000.0
15000.0
15000.0
15000.0
-14076.507650765077
-12898.424776830838
-13323.589895228924
-13853.995951225097
-15000.0
15000.0
15000.0
15000.0
15000.0
15000.0
-15000.0
-15000.0
-15000.0
15000.0
15000.0
15000.0
-15000.0
-15000.0
15000.0
15000.0
15000.0
-15000.0
-15000.0
-15000.0
-15000.0
15000.0
15000.0
15000.0
15000.0
15000.0
-15000.0
-15000.0
-15000.0
-15000.0
-15000.0
15000.0
15000.0
15000.0
15000.0
15000.0
-15000.0
-15000.0
-15000.0
-15000.0
-15000.0
-15000.0
15000.0
15000.0
15000.0
15000.0
15000.0
15000.0
15000.0
15000.0
-15000.0
-15000.0
-15000.0
-15000.0
-15000.0
-15000.0
-15000.0
15000.0
15000.0
15000.0
15000.0
15000.0
15000.0
15000.0
-15000.0
-15000.0
-15000.0
-15000.0
15000.0
15000.0
15000.0
15000.0
15000.0
15000.0
-15000.0
-15000.0
-15000.0
-15000.0
-15000.0
15000.0
15000.0
15000.0
15000.0
15000.0
-15000.0
15000.0
15000.0
-15000.0
-15000.0
-15000.0
15000.0
15000.0
15000.0
15000.0
15000.0
-14626.131444313265
-15000.0
-15000.0
15000.0
15000.0
15000.0
-15000.0
-15000.0
-15000.0
-13965.763225994418
-15000.0
-15000.0
-15000.0
15000.0
15000.0
15000.0
15000.0
15000.0
15000.0
15000.0
15000.0
-15000.0
-14520.869001453724
-13521.291916258368
-15000.0
15000.0
15000.0
15000.0
15000.0
15000.0
-15000.0
-15000.0
-15000.0
-15000.0
-15000.0
-15000.0
15000.0
15000.0
15000.0
15000.0
15000.0
15000.0
15000.0
15000.0
-15000.0
-15000.0
-15000.0
-15000.0
-15000.0
-15000.0
-15000.0
15000.0
15000.0
15000.0
15000.0
15000.0
15000.0
15000.0
-15000.0
-14630.435789376188
-14585.508883837261
-15000.0
-15000.0
-15000.0
-15000.0
15000.0
15000.0
15000.0
15000.0
15000.0
15000.0
15000.0
15000.0
15000.0
-15000.0
-15000.0
-15000.0
-15000.0
15000.0
15000.0
15000.0
15000.0
15000.0
-15000.0
-14647.655155361415
-14223.289028062078
-15000.0
-15000.0
-15000.0
-15000.0
-15000.0
15000.0
15000.0
15000.0
15000.0
15000.0
15000.0
15000.0
15000.0
15000.0
-15000.0
-15000.0
-15000.0
-15000.0
-15000.0
-15000.0
-15000.0
15000.0
15000.0
15000.0
15000.0
15000.0
15000.0
15000.0
15000.0
-15000.0
-15000.0
-14165.9045180172
-13903.333307525467
-13127.11396706355
7804.107438035875
15000.0
15000.0
15000.0
15000.0
15000.0
-15000.0
-15000.0
-15000.0
-15000.0
15000.0
15000.0
15000.0
15000.0
15000.0
-15000.0
-15000.0
-15000.0
-13729.946524064177
15000.0
15000.0
15000.0
15000.0
15000.0
-15000.0
-15000.0
15000.0
15000.0
15000.0
-15000.0
-15000.0
15000.0
15000.0
15000.0
-14380.90583251874
-14587.153551854055
-15000.0
15000.0
15000.0
15000.0
-15000.0
-15000.0
-15000.0
-12097.173741905517
15000.0
15000.0
15000.0
15000.0
15000.0
-15000.0
-15000.0
-15000.0
-15000.0
-15000.0
-15000.0
-15000.0
-15000.0
15000.0
15000.0
15000.0
15000.0
15000.0
15000.0
15000.0
15000.0
-15000.0
-15000.0
-15000.0
-12712.680577849122
-10542.883554522443
-9160.294999806421
-9297.221698832178
5973.955562170785
15000.0
15000.0
15000.0
15000.0
15000.0
15000.0
15000.0
-15000.0
-15000.0
-14564.55309396486
-15000.0
-15000.0
15000.0
15000.0
15000.0
15000.0
15000.0
-14337.917705796517
-14279.41367554228
-12593.764139009185
-11811.556955589302
-11772.080136217784
-12252.133251422398
-11846.264985429189
-8973.859369291251
15000.0
15000.0
15000.0
15000.0
15000.0
15000.0
15000.0
15000.0
-15000.0
-15000.0
-15000.0
-15000.0
15000.0
15000.0
15000.0
15000.0
15000.0
-15000.0
-15000.0
-15000.0
-15000.0
-15000.0
-15000.0
15000.0
15000.0
15000.0
15000.0
15000.0
15000.0
-15000.0
-15000.0
-15000.0
15000.0
15000.0
15000.0
15000.0
-15000.0
-15000.0
-14166.742804933765
-14452.48641817955
-14048.453381347743
15000.0
15000.0
15000.0
15000.0
15000.0
15000.0
-14027.540823787473
-14605.488389267786
-15000.0
-15000.0
15000.0
15000.0
15000.0
15000.0
-15000.0
-13564.814521352251
-13080.315552237462
15000.0
15000.0
15000.0
15000.0
-15000.0
-15000.0
-15000.0
15000.0
15000.0
15000.0
-13329.882408094705
-13190.019200780083
-13398.65187132181
-13627.260699341608
-14447.983440017459
-15000.0
-15000.0
-15000.0
15000.0
15000.0
15000.0
15000.0
15000.0
15000.0
15000.0
15000.0
-15000.0
-15000.0
-15000.0