Demand
15000.0
15000.0
15000.0
15000.0
15000.0
15000.0
15000.0
15000.0
15000.0
15000.0
15000.0
15000.0
15000.0
15000.0
15000.0
-15000.0
-15000.0
-15000.0
15000.0
15000.0
15000.0
15000.0
15000.0
15000.0
15000.0
15000.0
15000.0
15000.0
15000.0
15000.0
-14348.198970840484
-15000.0
-15000.0
-15000.0
-15000.0
-15000.0
-15000.0
15000.0
15000.0
15000.0
15000.0
15000.0
15000.0
15000.0
-14671.938289793274
-14633.951437103766
-15000.0
-15000.0
-15000.0
-15000.0
15000.0
15000.0
15000.0
15000.0
15000.0
15000.0
15000.0
-14220.779220779223
-15000.0
15000.0
15000.0
15000.0
15000.0
-15000.0
-12843.63177805801
-11323.742441382252
-11147.712789004443
-10053.215957631426
-5573.648550822589
3622.0496418104804
15000.0
15000.0
15000.0
15000.0
-2394.0829209034773
15000.0
-13391.88432959839
-12138.289165923114
-10496.905487184249
-8649.073107896038
-6855.195308296297
-3687.4689387727094
2751.109758400842
15000.0
15000.0
15000.0
15000.0
15000.0
-14674.09948542024
-15000.0
-15000.0
-15000.0
-14057.153939783053
-3369.341171088702
15000.0
15000.0
15000.0
15000.0
15000.0
15000.0
-13354.97835497836
-13063.912380424237
-12479.761119155755
-13292.957821397798
15000.0
15000.0
15000.0
15000.0
15000.0
-15000.0
-15000.0
15000.0
15000.0
15000.0
-15000.0
-15000.0
-13314.855875831501
15000.0
15000.0
15000.0
15000.0
-15000.0
-14651.594065236393
-14227.562052751407
-14118.606159945091
-14471.750785744873
-15000.0
-15000.0
-15000.0
15000.0
15000.0
15000.0
15000.0
15000.0
15000.0
15000.0
15000.0
-14667.536572846893
-14634.657378277221
-14587.1097352812
-15000.0
-15000.0
-15000.0
-15000.0
15000.0
15000.0
15000.0
15000.0
15000.0
15000.0
15000.0
15000.0
-13786.876378040219
-14336.832830594609
15000.0
15000.0
15000.0
15000.0
-15000.0
-15000.0
15000.0
15000.0
-15000.0
-15000.0
-15000.0
-15000.0
15000.0
15000.0
15000.0
15000.0
15000.0
-14354.156437662881
-13249.692067305703
-13075.672293626547
-14130.47834114786
-15000.0
-15000.0
-15000.0
-15000.0
15000.0
15000.0
15000.0
15000.0
15000.0
15000.0
15000.0
15000.0
-15000.0
-15000.0
-15000.0
15000.0
15000.0
15000.0
-15000.0
-15000.0
-14443.687112549778
-14114.236368167585
-6987.4658043392155
15000.0
15000.0
15000.0
15000.0
15000.0
15000.0
-15000.0
-15000.0
-13617.992287644054
-10744.188856575514
15000.0
15000.0
15000.0
15000.0
-13600.028166214917
-12663.9130791196
15000.0
15000.0
15000.0
-15000.0
-13941.932413136605
-13425.838496384415
-12730.905109629843
-13897.338972315156
-14236.027310330948
-13504.281442882919
15000.0
15000.0
15000.0
15000.0
15000.0
15000.0
15000.0
15000.0
-15000.0
-15000.0
15000.0
15000.0
15000.0
-14696.323921150772
-15000.0
-15000.0
-15000.0
-15000.0
-13176.078774221656
15000.0
15000.0
15000.0
15000.0
15000.0
15000.0
-9272.372620877177
-7842.428409131571
-3603.5930003706007
15000.0
15000.0
-12272.727272727274
-6325.301204819276
3290.4841402337634
15000.0
12122.840666296874
-10757.575757575758
-3260.5337681283845
-85.11427927326258
563.2321366143551
103.11173981185493
1830.9367811959328
8953.888296355331
12193.234833627535
2130.9910156706064
15000.0
-5004.848484848487
-3339.308978502785
-4366.974241891262
-4975.460596850159
-3985.9485609181693
-1593.2946069113204
-1596.4557514806984
-3216.5582971020203
-3380.3560286432376
3382.2788411119955
7619.483411903086
7897.135588443395
15000.0
1071.3198081896498
15000.0
-9999.451694264724
-10244.675029096416
-10034.088914198226
-10011.429588303065
-10167.510826565129
-8175.4851817969175
15000.0
15000.0
15000.0
15000.0
15000.0
-9930.141200014827
-10317.05065459562
-11058.892198027937
-11464.957351306271
-12331.065265301808
-13931.403192403039
-15000.0
-15000.0
15000.0
15000.0
15000.0
15000.0
15000.0
15000.0
15000.0
15000.0
-12866.310160427809
-12048.759428208563
-10264.961705591231
1140.0475519091988
15000.0
15000.0
15000.0
-10909.090909090912
-11191.819464033855
-11866.454978572503
-13829.481640833492
-15000.0
15000.0
15000.0
15000.0
15000.0
15000.0
15000.0
-13715.251690458303
15000.0
15000.0
-15000.0
-15000.0
-15000.0
-15000.0
-15000.0
-15000.0
-15000.0
-15000.0
15000.0
15000.0
15000.0
15000.0
15000.0
15000.0
15000.0
15000.0
15000.0
-15000.0
15000.0
-15000.0
-15000.0
-15000.0
-13696.187683284457
-14491.506450270896
-15000.0
-15000.0
-15000.0
15000.0
15000.0
15000.0
15000.0
15000.0
15000.0
15000.0
15000.0
15000.0
-14384.947396816835
-15000.0
-15000.0
-15000.0
15000.0
15000.0
15000.0
15000.0
15000.0
-15000.0
15000.0
-15000.0
15000.0
15000.0
-15000.0
-15000.0
15000.0
15000.0
15000.0
-15000.0
-13914.65677179963
-13782.636700328956
-14526.67669040135
-15000.0
-15000.0
-15000.0
15000.0
15000.0
15000.0
15000.0
15000.0
15000.0
15000.0
15000.0
-14045.454545454548
-14308.694496144646
-15000.0
-15000.0
-15000.0
-15000.0
-15000.0
15000.0
15000.0
15000.0
15000.0
15000.0
15000.0
15000.0
15000.0
-15000.0
-15000.0
-15000.0
-15000.0
-15000.0
-15000.0
15000.0
15000.0
15000.0
15000.0
15000.0
15000.0
-15000.0
-15000.0
-15000.0
-15000.0
-15000.0
15000.0
15000.0
15000.0
15000.0
15000.0
15000.0
-15000.0
-15000.0
15000.0
15000.0
-15000.0
-15000.0
-15000.0
-15000.0
-13891.05058365759
-15000.0
-15000.0
-15000.0
15000.0
15000.0
15000.0
15000.0
15000.0
15000.0
15000.0
15000.0
-15000.0
-14464.721401225881
-13180.457245623325
-15000.0
15000.0
15000.0
15000.0
15000.0
15000.0
-15000.0
-15000.0
-15000.0
-15000.0
-15000.0
-15000.0
-15000.0
15000.0
15000.0
15000.0
15000.0
15000.0
15000.0
15000.0
15000.0
-15000.0
-15000.0
-15000.0
-15000.0
-15000.0
-15000.0
15000.0
15000.0
15000.0
15000.0
15000.0
15000.0
15000.0
15000.0
-14681.11888111888
-14501.16507015553
15000.0
15000.0
15000.0
-15000.0
-15000.0
-15000.0
-15000.0
-14453.394706559266
-13476.511618727556
-12117.198900647949
15000.0
15000.0
15000.0
15000.0
15000.0
15000.0
15000.0
15000.0
-15000.0
-15000.0
-15000.0
-15000.0
-15000.0
15000.0
15000.0
15000.0
15000.0
15000.0
-15000.0
-15000.0
-15000.0
-15000.0
-14003.496503496506
15000.0
15000.0
15000.0
15000.0
15000.0
15000.0
-15000.0
-15000.0
15000.0
15000.0
-15000.0
-15000.0
15000.0
15000.0
-14665.68914956012
-15000.0
-15000.0
-15000.0
-15000.0
-15000.0
15000.0
15000.0
15000.0
15000.0
15000.0
15000.0
15000.0
15000.0
-15000.0
-15000.0
-15000.0
-15000.0
15000.0
15000.0
15000.0
15000.0
15000.0
-15000.0
15000.0
-14651.44720750102
-15000.0
-15000.0
15000.0
15000.0
15000.0
15000.0
-14680.463421470617
-15000.0
-15000.0
-15000.0
-15000.0
-15000.0
15000.0
15000.0
15000.0
15000.0
15000.0
15000.0
15000.0
-15000.0
-14273.364672137679
-14550.6817510916
-15000.0
-15000.0
15000.0
15000.0
15000.0
15000.0
15000.0
-14053.80107657157
-13299.603687054216
-12767.662984916722
-12502.781180537757
-13068.605165675297
-13795.64286853512
-15000.0
-15000.0
15000.0
15000.0
15000.0
15000.0
15000.0
15000.0
15000.0
15000.0
-15000.0
-15000.0
-15000.0
-15000.0
-15000.0
-15000.0
-15000.0
15000.0
15000.0
15000.0
15000.0
15000.0
15000.0
15000.0
15000.0
-14442.81524926686
15000.0
15000.0
-15000.0
15000.0
-15000.0
-15000.0
-15000.0
-14559.71479500892
-15000.0
-15000.0
-15000.0
-15000.0
15000.0
15000.0
15000.0
15000.0
15000.0
15000.0
15000.0
15000.0
15000.0
-14088.917513656834
-14351.842132149231
-15000.0
-15000.0
-15000.0
-15000.0
-15000.0
-15000.0
-15000.0
15000.0
15000.0
15000.0
15000.0
15000.0
15000.0
15000.0
15000.0
-15000.0
-15000.0
-15000.0
-15000.0
15000.0
15000.0
15000.0
15000.0
15000.0
15000.0
15000.0
-15000.0
-15000.0
15000.0
15000.0
15000.0
-15000.0
-15000.0
-15000.0
15000.0
15000.0
15000.0
-15000.0
-14064.653757794556
-14069.118908577442
15000.0
15000.0
15000.0
15000.0
-13722.689075630253
-13933.461387151161
-12932.271822635932
-13463.303251196445
-14251.816120412925
-15000.0
15000.0
15000.0
15000.0
15000.0
15000.0
15000.0
15000.0
15000.0
-14351.259069568932
-14615.508854602114
-14486.761392983157
-15000.0
15000.0
15000.0
15000.0
15000.0
15000.0
-13698.217344414137
-13125.654101248896
-12690.246820901906
-12351.367561501651
-10072.239462792357
15000.0
15000.0
15000.0
15000.0
15000.0
-15000.0
-15000.0
15000.0
15000.0
15000.0
15000.0
-15000.0
-15000.0
-15000.0
-15000.0