Demand
3000.0
3000.0
3000.0
3000.0
3000.0
3000.0
3000.0
3000.0
3000.0
3000.0
3000.0
-3000.0
3000.0
3000.0
3000.0
3000.0
548.4189723320158
-2531.691634480143
3000.0
3000.0
-3000.0
-3000.0
3000.0
3000.0
3000.0
3000.0
3000.0
3000.0
-3000.0
-3000.0
-3000.0
-3000.0
-3000.0
3000.0
3000.0
3000.0
3000.0
3000.0
3000.0
3000.0
3000.0
3000.0
3000.0
-1879.2740236590514
-2645.9099306847675
-3000.0
-3000.0
-3000.0
-3000.0
3000.0
3000.0
3000.0
3000.0
3000.0
3000.0
3000.0
3000.0
3000.0
3000.0
3000.0
3000.0
3000.0
3000.0
3000.0
0.0
-1060.6060606060607
233.81770145310475
-1359.66083734996
-1965.2142920350543
-2580.9998573834846
-2861.9278062074136
3000.0
3000.0
3000.0
3000.0
-3000.0
-3000.0
-3000.0
-2573.4478935698453
430.92242971895234
2293.1899070046184
1512.2342921711806
3000.0
3000.0
3000.0
724.2857514740908
3000.0
3000.0
-3000.0
-3000.0
-3000.0
-3000.0
-3000.0
-3000.0
-3000.0
-3000.0
3000.0
3000.0
3000.0
3000.0
3000.0
3000.0
3000.0
3000.0
3000.0
3000.0
-1897.4854932302076
3000.0
3000.0
3000.0
3000.0
3000.0
-1395.5572796504614
-380.7248666767359
-1565.5768277917994
-2402.131059027877
-3000.0
3000.0
3000.0
3000.0
3000.0
-3000.0
-3000.0
-3000.0
3000.0
3000.0
3000.0
3000.0
3000.0
3000.0
3000.0
3000.0
3000.0
3000.0
3000.0
3000.0
3000.0
3000.0
3000.0
3000.0
-3000.0
-3000.0
3000.0
3000.0
3000.0
3000.0
3000.0
3000.0
3000.0
3000.0
-2936.613844870726
-2719.1448966256958
-3000.0
-2511.978839413123
-673.4128508860417
3000.0
3000.0
3000.0
3000.0
3000.0
-454.54545454545456
1428.571428571431
-1545.4545454545457
-304.9897215473752
-1678.9916658630736
-2099.3748824408776
-2270.030816275951
3000.0
3000.0
3000.0
3000.0
3000.0
3000.0
3000.0
3000.0
-3000.0
3000.0
3000.0
3000.0
3000.0
3000.0
3000.0
1109.0573012939012
-340.5195736620958
212.99090131147204
316.6441881127714
-1001.9084745181268
-2235.1154309295543
3000.0
3000.0
3000.0
3000.0
3000.0
3000.0
-3000.0
-3000.0
-3000.0
-3000.0
-2017.4430535604358
3000.0
3000.0
3000.0
3000.0
3000.0
1026.4884216084622
0.0
3000.0
3000.0
3000.0
3000.0
-458.5087936586601
-1169.6694835543822
3000.0
3000.0
-3000.0
-3000.0
-3000.0
-3000.0
-3000.0
-3000.0
3000.0
3000.0
3000.0
3000.0
3000.0
3000.0
3000.0
3000.0
3000.0
3000.0
3000.0
3000.0
3000.0
3000.0
3000.0
3000.0
3000.0
-3000.0
-3000.0
-3000.0
-3000.0
3000.0
3000.0
3000.0
3000.0
3000.0
3000.0
3000.0
3000.0
3000.0
3000.0
3000.0
3000.0
3000.0
3000.0
3000.0
65.30089628681026
-1549.993892756811
-1780.0166685167842
3000.0
3000.0
3000.0
3000.0
3000.0
-3000.0
-3000.0
-3000.0
-3000.0
-3000.0
-3000.0
3000.0
3000.0
3000.0
3000.0
3000.0
3000.0
3000.0
3000.0
3000.0
3000.0
3000.0
3000.0
3000.0
225.1980384760477
-695.8054258057778
571.2875188131254
3000.0
3000.0
3000.0
-3000.0
-3000.0
-3000.0
-3000.0
-3000.0
3000.0
3000.0
3000.0
3000.0
3000.0
3000.0
3000.0
3000.0
3000.0
3000.0
3000.0
3000.0
-3000.0
-3000.0
-3000.0
-3000.0
-3000.0
3000.0
3000.0
3000.0
3000.0
3000.0
3000.0
3000.0
3000.0
3000.0
3000.0
3000.0
3000.0
-2403.531720078484
3000.0
3000.0
3000.0
3000.0
3000.0
3000.0
-757.5757575757576
66.49282920469386
-994.6113038115785
-2063.8444877712664
-2272.7570916288114
-2391.6788918043767
-207.6911255855166
3000.0
3000.0
3000.0
-3000.0
-3000.0
-2915.9137009035585
-2217.2877247752112
715.9654025446271
-1360.3141876907612
3000.0
3000.0
3000.0
3000.0
3000.0
-173.55371900826458
-2692.192604627514
-3000.0
-3000.0
-3000.0
-3000.0
3000.0
3000.0
3000.0
3000.0
3000.0
3000.0
3000.0
3000.0
3000.0
3000.0
-3000.0
-3000.0
-3000.0
3000.0
3000.0
3000.0
3000.0
3000.0
3000.0
-2632.4951644100584
-3000.0
3000.0
3000.0
-3000.0
-3000.0
-3000.0
-3000.0
-3000.0
-3000.0
3000.0
3000.0
3000.0
3000.0
3000.0
3000.0
3000.0
3000.0
3000.0
3000.0
3000.0
3000.0
3000.0
3000.0
3000.0
3000.0
3000.0
3000.0
3000.0
3000.0
3000.0
3000.0
3000.0
3000.0
3000.0
3000.0
-3000.0
2607.378129117245
3000.0
3000.0
3000.0
3000.0
3000.0
3000.0
0.0
0.0
3000.0
0.0
3000.0
3000.0
3000.0
1090.9090909090887
-342.5605536332191
827.7404488507593
1373.3847690935288
1725.0619642619072
-1515.1515151515152
3000.0
3000.0
3000.0
1331.7249698431845
2476.538686277002
3000.0
3000.0
0.0
0.0
0.0
-181.8181818181818
3000.0
3000.0
0.0
0.0
0.0
0.0
-1454.5454545454545
-1827.906976744186
-2332.892808917747
-2806.260127333444
-3000.0
3000.0
3000.0
3000.0
3000.0
-3000.0
-3000.0
-3000.0
-3000.0
-3000.0
-3000.0
-1749.6953448696104
3000.0
3000.0
3000.0
3000.0
3000.0
3000.0
3000.0
3000.0
-181.8181818181818
3000.0
-486.27429144161806
-1489.4541397935418
-2296.199538591708
-1935.4086887712592
-1745.5295573046023
-2105.2690443518386
3000.0
1665.1310060393998
3000.0
3000.0
3000.0
3000.0
3000.0
1350.9143917307174
3000.0
3000.0
0.0
0.0
0.0
0.0
3000.0
581.5891916647572
136.32942418964785
-1153.6602712533438
-479.2053890270058
2311.0764277508497
392.91499618251055
-968.2506302626944
-1001.2279000810931
-1155.1927020194562
-1318.816313535911
-654.0867664094267
3000.0
3000.0
3000.0
3000.0
3000.0
3000.0
3000.0
3000.0
3000.0
3000.0
3000.0
3000.0
3000.0
-309.44055944055935
3000.0
-3000.0
3000.0
3000.0
3000.0
3000.0
3000.0
3000.0
3000.0
-3000.0
-3000.0
-734.0222933631858
1719.8798355285799
3000.0
3000.0
3000.0
3000.0
3000.0
3000.0
2669.8109966704696
-318.217564960245
1377.992466407667
-1454.5454545454545
3000.0
-239.7713260845203
13.915283571435793
-1364.2298110440897
-1717.730827893346
-2557.4963041326237
-3000.0
-3000.0
3000.0
3000.0
3000.0
3000.0
3000.0
3000.0
-3000.0
153.9136241394117
-424.5647810330738
-3000.0
1435.825779523612
3000.0
3000.0
3000.0
-129.98214541654943
1705.6026378900724
-1030.3030303030305
230.7692307692207
3000.0
-2361.145703611458
-2676.813790797146
-3000.0
-3000.0
-3000.0
3000.0
3000.0
3000.0
3000.0
3000.0
3000.0
-877.4921900997047
3000.0
3000.0
0.0
0.0
0.0
0.0
0.0
3000.0
3000.0
3000.0
3000.0
3000.0
-2486.1006761833214
-3000.0
-3000.0
3000.0
3000.0
3000.0
3000.0
3000.0
-3000.0
-3000.0
-3000.0
-2861.5544760582934
1256.9787690469257
3000.0
3000.0
3000.0
3000.0
3000.0
-393.939393939394
1564.426110167435
657.6221396686997
-674.0008226335835
-1455.7587239591041
-1053.197739483399
-782.1388488588545
-222.97262593292908
1156.7809988382726
3000.0
3000.0
2647.1693444352413
-1545.4545454545457
1973.0226150843719
1069.8714924679016
857.1396414690919
3000.0
3000.0
3000.0
3000.0
3000.0
0.0
0.0
0.0
3000.0
3000.0
3000.0
0.0
0.0
-1151.5151515151515
-1227.4325908558033
-645.3925413770044
1602.1828424176217
882.5098100582663
520.5982268583803
763.5502067357056
0.0
0.0
0.0
0.0
3000.0
3000.0
0.0
0.0
0.0
0.0
0.0
0.0
0.0
0.0
0.0
0.0
0.0
0.0
1921.2321067226262
-961.9073549445548
-1100.4439258801713
1738.5484449440107
935.0139170994537
921.0673593577994
3000.0
0.0
0.0
0.0
0.0
0.0
0.0
0.0
0.0
0.0
0.0
3000.0
3000.0
-200.81847413037212
-1319.4635724748061
-2221.2909456846564
-2499.8816998411003
-2749.136498892798
-3000.0
-3000.0
3000.0
3000.0
3000.0
3000.0
3000.0
3000.0
3000.0
3000.0
3000.0
3000.0
3000.0
3000.0
3000.0
0.0
0.0
0.0
0.0
0.0
0.0
0.0
-1545.4545454545457
-250.00000000000227
3000.0
3000.0
3000.0
3000.0
-3000.0
-3000.0
-3000.0
-3000.0
-3000.0
3000.0
3000.0
3000.0
3000.0
3000.0
3000.0
3000.0
3000.0
3000.0
3000.0
3000.0
2320.3694701020913
-1821.3550467219266
-2470.256074962772
-2911.810450111755
-3000.0
-3000.0
-3000.0
3000.0