Demand
-3000.0
-3000.0
-3000.0
3000.0
3000.0
3000.0
3000.0
3000.0
3000.0
3000.0
3000.0
3000.0
3000.0
-2691.405368824724
3000.0
98.82673002049796
-935.2891643092762
-2774.4867096704565
3000.0
3000.0
-3000.0
-3000.0
-3000.0
3000.0
3000.0
3000.0
3000.0
3000.0
-3000.0
-3000.0
-3000.0
-3000.0
-3000.0
-3000.0
3000.0
3000.0
3000.0
3000.0
3000.0
3000.0
3000.0
3000.0
3000.0
-1648.6028789161728
-2547.4541015942596
-3000.0
-3000.0
3000.0
3000.0
3000.0
3000.0
3000.0
3000.0
3000.0
3000.0
3000.0
3000.0
3000.0
3000.0
3000.0
3000.0
0.0
0.0
0.0
0.0
-1060.6060606060607
503.81679389313126
-1263.0572436360544
-689.0525247870792
3000.0
-2886.113886113885
3000.0
3000.0
3000.0
-3000.0
-3000.0
-3000.0
3000.0
3000.0
3000.0
3000.0
3000.0
3000.0
3000.0
3000.0
-390.97266369994213
1471.2013165112326
3000.0
-3000.0
3000.0
3000.0
3000.0
-3000.0
-3000.0
-3000.0
3000.0
3000.0
3000.0
3000.0
3000.0
3000.0
-3000.0
-2759.154929577465
-2145.6414708346338
-1598.1520154563425
-1917.9021558106779
-2716.632066876673
3000.0
3000.0
3000.0
3000.0
3000.0
3000.0
3000.0
-353.9651837524166
-1598.174854009253
3000.0
3000.0
3000.0
3000.0
3000.0
-3000.0
-3000.0
-3000.0
3000.0
3000.0
3000.0
3000.0
3000.0
3000.0
3000.0
3000.0
3000.0
3000.0
3000.0
1818.5172760818566
-862.700688687311
3000.0
3000.0
3000.0
3000.0
3000.0
3000.0
-3000.0
-3000.0
-3000.0
3000.0
3000.0
3000.0
3000.0
3000.0
3000.0
3000.0
3000.0
3000.0
3000.0
3000.0
3000.0
3000.0
3000.0
-454.54545454545456
3000.0
528.046421663443
-1310.0689087730125
-154.77926367376813
3000.0
3000.0
3000.0
3000.0
3000.0
-3000.0
-3000.0
-3000.0
-3000.0
-3000.0
-3000.0
3000.0
3000.0
3000.0
3000.0
3000.0
3000.0
3000.0
3000.0
3000.0
-1245.9996483207324
-1979.3105163234559
-2694.0818538906033
-3000.0
3000.0
3000.0
3000.0
3000.0
-3000.0
-3000.0
-3000.0
-3000.0
-3000.0
1513.1964809384253
3000.0
3000.0
3000.0
3000.0
3000.0
3000.0
3000.0
3000.0
0.0
3000.0
3000.0
205.24835988753603
-1205.2553654608773
-2259.739204028747
3000.0
3000.0
3000.0
3000.0
3000.0
-3000.0
-3000.0
-3000.0
3000.0
3000.0
3000.0
3000.0
3000.0
3000.0
3000.0
502.8063419230609
3000.0
3000.0
-1303.030303030303
-223.70936902485664
-1659.0289365512199
-2106.722072062542
-2455.7363031059967
-3000.0
-3000.0
-3000.0
3000.0
3000.0
3000.0
3000.0
3000.0
-3000.0
-2717.5721772859297
-1252.8120347186814
-1088.9143685086428
1080.804910409713
-953.047087728502
-447.4342536060544
1060.858297991917
3000.0
3000.0
2569.073839291247
1799.6852727816104
-2181.818181818182
3000.0
-2598.6975270615167
-3000.0
-3000.0
-3000.0
-3000.0
-3000.0
-3000.0
3000.0
3000.0
3000.0
3000.0
3000.0
3000.0
3000.0
3000.0
3000.0
3000.0
3000.0
3000.0
3000.0
0.0
0.0
0.0
0.0
-1424.2424242424245
-1067.1140939597317
-1762.2490577647868
-1968.3245115516347
-2275.052895786578
-2584.7735116291733
3000.0
3000.0
3000.0
3000.0
-3000.0
-3000.0
-2715.508021390375
-2008.9780771281858
-2662.870951654526
3000.0
3000.0
3000.0
3000.0
3000.0
-2876.3780950659684
-3000.0
-3000.0
-3000.0
-3000.0
-3000.0
-3000.0
-3000.0
3000.0
3000.0
3000.0
3000.0
3000.0
3000.0
3000.0
3000.0
-3000.0
-3000.0
-3000.0
-3000.0
3000.0
3000.0
3000.0
3000.0
3000.0
3000.0
0.0
0.0
-757.5757575757576
55.42725173210215
-1002.1567844086721
-2076.572153207807
-2309.5086015932766
-2489.825870297006
-2362.001934677851
3000.0
3000.0
3000.0
3000.0
-3000.0
-2929.669942272948
-2453.2834256701735
-1153.2394962012077
-2322.256736089107
-1932.889803856463
-1426.8219663228474
-2269.662421514172
-3000.0
3000.0
3000.0
3000.0
3000.0
3000.0
3000.0
3000.0
-3000.0
3000.0
3000.0
3000.0
3000.0
3000.0
3000.0
3000.0
-2612.5743415463066
-3000.0
3000.0
3000.0
3000.0
3000.0
3000.0
3000.0
3000.0
-1292.1773940178327
-2486.8798075251634
-2568.0364813759634
-3000.0
-3000.0
3000.0
3000.0
3000.0
3000.0
3000.0
3000.0
-3000.0
-3000.0
-3000.0
-3000.0
-3000.0
-1804.195804195805
3000.0
3000.0
3000.0
3000.0
3000.0
3000.0
3000.0
3000.0
1987.1959026888608
-1333.3333333333335
74.81898632341063
-739.1452015036557
-1129.173502537319
-1985.1316249946576
-2327.1541959202223
-2648.67921137766
-3000.0
-3000.0
3000.0
3000.0
3000.0
3000.0
3000.0
3000.0
1094.2760942760956
2455.028799291099
3000.0
3000.0
0.0
0.0
3000.0
3000.0
3000.0
3000.0
3000.0
2321.8673218673184
-1545.4545454545457
-658.5365853658541
640.1869158878533
1937.2858245619082
-1727.2727272727275
1099.6797437950336
1296.7421766495731
1594.5508272909074
1695.7376431609673
255.79405325210018
1261.7050020788347
2270.6889818508944
0.0
0.0
0.0
0.0
-181.8181818181818
3000.0
3000.0
0.0
0.0
0.0
0.0
-1454.5454545454545
-1560.0
3000.0
3000.0
3000.0
3000.0
3000.0
-3000.0
-3000.0
3000.0
3000.0
3000.0
3000.0
3000.0
3000.0
3000.0
3000.0
-409.09090909090946
-870.9008017607298
1805.184470862091
3000.0
0.0
0.0
-878.7878787878788
3000.0
-696.969696969697
-394.73684210526426
3000.0
-2380.6151159406236
-2013.4645249565428
-1646.4065889120227
-919.2693241958
3000.0
3000.0
3000.0
3000.0
-2573.978035387432
-1304.7294761995915
-268.1047259533052
347.5430531320103
3000.0
3000.0
0.0
0.0
0.0
0.0
-454.54545454545456
127.6595744680858
-243.77770201159092
-1128.931624314454
3000.0
3000.0
3000.0
3000.0
3000.0
-1536.0782715042799
-1940.1592180256475
-2300.1227391361563
-2757.896880004857
-2324.3464289187086
-593.4245476196088
1727.1096666616288
3000.0
3000.0
3000.0
3000.0
3000.0
3000.0
3000.0
-1666.6666666666667
3000.0
3000.0
3000.0
-3000.0
-3000.0
-3000.0
-3000.0
-3000.0
-3000.0
-3000.0
3000.0
3000.0
3000.0
3000.0
3000.0
3000.0
3000.0
3000.0
3000.0
0.0
0.0
-1000.0000000000001
-454.54545454545496
824.1758241758241
226.50166852057896
-1055.7780412226557
-395.8300042195774
334.0817528120417
-540.6807072273691
3000.0
3000.0
-3000.0
3000.0
3000.0
3000.0
-3000.0
-3000.0
-2813.3971291866037
-2664.678486804478
-3000.0
3000.0
3000.0
-3000.0
3000.0
3000.0
3000.0
3000.0
3000.0
3000.0
3000.0
-1939.3939393939395
-700.0672494956289
-1821.4356894064013
-2304.137385481584
-3000.0
3000.0
3000.0
3000.0
3000.0
3000.0
3000.0
3000.0
3000.0
3000.0
3000.0
3000.0
3000.0
3000.0
0.0
0.0
0.0
-545.4545454545455
171.03323665065773
-1650.2737195856919
-1925.68108328149
-1967.789772555726
-2392.7982074217607
-3000.0
-3000.0
3000.0
3000.0
3000.0
3000.0
3000.0
3000.0
3000.0
-3000.0
-2860.9756097560985
-227.40254590537324
3000.0
3000.0
3000.0
3000.0
3000.0
3000.0
3000.0
432.0944643521609
-868.5489816604545
3000.0
3000.0
3000.0
-1460.499662390277
-1394.8738777150427
2159.292941249051
3000.0
594.7503725609049
772.290280186488
-35.59420090705953
-299.4653068111038
-25.738822997058833
3000.0
1441.1318361426893
-939.3939393939395
3000.0
3000.0
3000.0
3000.0
3000.0
3000.0
3000.0
0.0
0.0
0.0
-1151.5151515151515
-1187.0503597122306
-487.00024105513285
2152.6585723243174
864.7123164476313
-1303.030303030303
3000.0
0.0
3000.0
3000.0
3000.0
3000.0
3000.0
3000.0
0.0
0.0
0.0
0.0
0.0
0.0
0.0
0.0
0.0
0.0
3000.0
3000.0
454.54545454544086
3000.0
1339.772727272728
593.6871330836696
-1212.1212121212122
3000.0
0.0
0.0
0.0
0.0
0.0
0.0
0.0
3000.0
0.0
0.0
0.0
-727.2727272727273
-726.315789473686
-1590.703588584348
-2269.1304113044343
-2260.215541493656
3000.0
3000.0
3000.0
-3000.0
3000.0
3000.0
3000.0
3000.0
3000.0
3000.0
3000.0
3000.0
3000.0
0.0
0.0
0.0
0.0
0.0
0.0
0.0
0.0
0.0
0.0
-1545.4545454545457
3000.0
71.95735860230843
1882.1722892355792
-964.8654591722297
3000.0
3000.0
3000.0
3000.0
3000.0
-3000.0
-3000.0
-3000.0
-3000.0
3000.0
3000.0
3000.0
3000.0
3000.0
3000.0
3000.0
3000.0
3000.0
3000.0
1145.4545454545432
3000.0
3000.0
3000.0
3000.0
-3000.0