Demand
-3000.0
-3000.0
-3000.0
-3000.0
3000.0
3000.0
3000.0
3000.0
3000.0
3000.0
3000.0
3000.0
3000.0
3000.0
3000.0
3000.0
-602.7145202500028
-2847.3026820772648
-3000.0
3000.0
3000.0
3000.0
3000.0
-3000.0
-3000.0
-3000.0
-3000.0
-3000.0
-3000.0
-3000.0
3000.0
3000.0
3000.0
3000.0
3000.0
3000.0
3000.0
3000.0
3000.0
3000.0
2252.7955483545757
1751.6284509222978
-743.8690385590276
-1748.1446227022514
-2587.2144191054986
-3000.0
-3000.0
-3000.0
3000.0
3000.0
3000.0
3000.0
3000.0
3000.0
3000.0
3000.0
3000.0
3000.0
3000.0
3000.0
0.0
0.0
0.0
0.0
0.0
-1060.6060606060607
326.0869565217399
-1321.5016665692074
-1821.739248982718
-2143.272280701178
3000.0
3000.0
-3000.0
-3000.0
-3000.0
-3000.0
-3000.0
3000.0
3000.0
3000.0
3000.0
3000.0
3000.0
3000.0
3000.0
3000.0
3000.0
-2933.029813482156
-3000.0
-3000.0
-3000.0
-3000.0
-3000.0
-3000.0
-3000.0
3000.0
3000.0
3000.0
3000.0
3000.0
3000.0
3000.0
3000.0
3000.0
3000.0
3000.0
3000.0
3000.0
3000.0
3000.0
309.3964858670738
779.0083097757029
-995.6904561446144
402.47185143813226
-1137.6611923578885
-2131.671550994195
-3000.0
3000.0
3000.0
3000.0
3000.0
-3000.0
-3000.0
-3000.0
-3000.0
-2872.191722986534
-2608.228417594336
3000.0
3000.0
3000.0
3000.0
3000.0
3000.0
1900.7001627845611
644.9049303232127
3000.0
-2342.7365386595284
-3000.0
-3000.0
-3000.0
-3000.0
-3000.0
3000.0
3000.0
3000.0
3000.0
3000.0
3000.0
3000.0
3000.0
3000.0
3000.0
3000.0
-2566.3489321694633
-336.7972358736929
3000.0
3000.0
3000.0
0.0
3000.0
3000.0
1168.5061926025774
62.49990814850116
-1523.4559039695805
-2245.3622013037793
-2379.038039634077
3000.0
3000.0
3000.0
-3000.0
-3000.0
-3000.0
-3000.0
3000.0
3000.0
3000.0
3000.0
3000.0
3000.0
3000.0
-1401.869158878505
3000.0
521.1106368595442
-675.7851611154456
-129.13194517403372
84.92674461851902
-1005.5609857942172
-1863.6398674072623
3000.0
3000.0
3000.0
3000.0
-3000.0
-3000.0
-3000.0
-3000.0
-3000.0
-3000.0
2407.1146245059226
3000.0
3000.0
3000.0
3000.0
3000.0
3000.0
3000.0
0.0
3000.0
3000.0
1179.3168138825918
-1181.1808656227468
-2059.7003764203255
-2731.0513318158964
-3000.0
-3000.0
-3000.0
-3000.0
-3000.0
3000.0
3000.0
3000.0
3000.0
3000.0
3000.0
-1374.8367624936882
-919.326313128227
-1179.462626764154
-1110.0384171436717
3000.0
3000.0
3000.0
3000.0
3000.0
-332.62644866466235
-751.4900239998865
383.75220518907804
3000.0
3000.0
3000.0
3000.0
-3000.0
-3000.0
-3000.0
-3000.0
-3000.0
604.7430830039386
3000.0
3000.0
3000.0
3000.0
3000.0
3000.0
3000.0
3000.0
3000.0
3000.0
3000.0
-624.9999999999973
3000.0
3000.0
3000.0
-3000.0
-3000.0
-3000.0
-3000.0
-3000.0
3000.0
3000.0
3000.0
3000.0
3000.0
3000.0
3000.0
3000.0
153.23621611654085
3000.0
0.0
0.0
0.0
0.0
0.0
0.0
-1424.2424242424245
3000.0
-1519.4805194805203
-1648.373983739837
-1756.8908566200444
3000.0
3000.0
3000.0
3000.0
-3000.0
-3000.0
-3000.0
3000.0
3000.0
3000.0
3000.0
3000.0
3000.0
3000.0
-3000.0
-2762.664816099931
3000.0
3000.0
3000.0
3000.0
3000.0
3000.0
3000.0
3000.0
3000.0
3000.0
3000.0
3000.0
3000.0
-3000.0
-3000.0
-3000.0
-3000.0
-3000.0
-3000.0
-1197.628458498033
3000.0
3000.0
3000.0
3000.0
3000.0
3000.0
3000.0
3000.0
3000.0
3000.0
120.23460410557163
3000.0
1742.3510466988937
3000.0
3000.0
-3000.0
-3000.0
-3000.0
-3000.0
3000.0
3000.0
3000.0
3000.0
3000.0
3000.0
3000.0
3000.0
3000.0
3000.0
3000.0
-3000.0
3000.0
3000.0
3000.0
3000.0
-3000.0
-3000.0
-3000.0
-3000.0
-3000.0
-2664.7058823529433
-2129.378750192799
-118.4184076202323
3000.0
3000.0
3000.0
3000.0
3000.0
3000.0
3000.0
3000.0
3000.0
-2387.8020713463766
-2068.5503888796984
3000.0
3000.0
3000.0
-3000.0
-3000.0
-3000.0
-3000.0
-3000.0
-3000.0
3000.0
3000.0
3000.0
3000.0
3000.0
3000.0
3000.0
3000.0
3000.0
3000.0
3000.0
3000.0
3000.0
1978.4310592746451
-1333.3333333333335
144.3850267379671
-687.2413172575134
-1037.9102148729603
-1871.7130330053942
-2092.696872277377
-1971.5634207338862
3000.0
3000.0
3000.0
-3000.0
-3000.0
-3000.0
1478.114478114477
3000.0
3000.0
3000.0
3000.0
0.0
3000.0
3000.0
3000.0
0.0
0.0
0.0
0.0
-696.969696969697
-3.9011703511064297
-993.6443351302875
-457.631835590867
-240.43032251965315
179.35992740297615
938.1359965554184
1001.9929773132535
800.5033199345871
-1151.5151515151515
220.3389830508463
1200.0444112481546
2289.570867453179
3000.0
0.0
0.0
0.0
-181.8181818181818
3000.0
0.0
3000.0
3000.0
3000.0
0.0
-1454.5454545454545
-1827.906976744186
-2332.892808917747
-2806.260127333444
-3000.0
3000.0
3000.0
3000.0
3000.0
-3000.0
-3000.0
-3000.0
-3000.0
3000.0
3000.0
3000.0
3000.0
3000.0
3000.0
3000.0
3000.0
3000.0
0.0
-878.7878787878788
2806.4516129032245
-696.969696969697
-940.1820546163854
-1751.1228786395623
-2402.721273058837
-2012.8238628809559
-1440.139798410627
3000.0
3000.0
3000.0
3000.0
-3000.0
-2496.212121212122
-925.5651869618791
415.83602730788516
1188.521809815786
3000.0
3000.0
3000.0
0.0
0.0
0.0
-454.54545454545456
213.11475409836112
-165.85629389519636
3000.0
-940.1468097120264
1744.3085282547402
-1666.6666666666667
545.4545454545569
3000.0
-1253.8647000425472
-1684.0202987179337
-2060.949563498064
-2614.6284001469885
-978.2290769761377
3000.0
3000.0
3000.0
3000.0
3000.0
3000.0
3000.0
3000.0
3000.0
3000.0
3000.0
3000.0
-2674.5182012847963
-3000.0
-3000.0
-3000.0
-3000.0
3000.0
3000.0
3000.0
3000.0
3000.0
3000.0
3000.0
-487.9647466473011
2889.2351515923892
3000.0
3000.0
3000.0
3000.0
3000.0
-1000.0000000000001
-402.5974025974033
980.3921568627431
243.04586611251307
-1063.3849974755872
724.3925025232488
3000.0
1764.8902821316524
1201.5250544662224
3000.0
-3000.0
3000.0
-3000.0
-3000.0
-3000.0
-3000.0
3000.0
3000.0
3000.0
3000.0
3000.0
-3000.0
329.52709106567363
3000.0
3000.0
3000.0
-284.7597853809957
1332.3832581956285
-1030.3030303030305
-679.5580110497249
-1503.5825831343018
-1825.529854164598
3000.0
3000.0
-3000.0
-3000.0
-3000.0
-3000.0
-3000.0
-3000.0
-3000.0
3000.0
3000.0
3000.0
3000.0
3000.0
3000.0
3000.0
3000.0
3000.0
3000.0
2727.272727272727
-869.1588785046729
-827.4111675126883
1297.6614980769327
3000.0
-3000.0
3000.0
3000.0
-3000.0
-3000.0
3000.0
3000.0
3000.0
3000.0
3000.0
3000.0
3000.0
-285.03616297657527
3000.0
3000.0
3000.0
3000.0
2650.0872462893094
-1181.818181818182
361.34453781512457
-866.0689268702727
-1313.944812896938
3000.0
3000.0
3000.0
3000.0
3000.0
3000.0
1592.7482921702594
1534.8193017816525
325.4990473039402
270.1756984811743
3000.0
-1454.5454545454545
807.5546719681909
1548.9713523874525
3000.0
0.0
0.0
0.0
0.0
0.0
0.0
0.0
0.0
0.0
-1151.5151515151515
3000.0
3000.0
3000.0
1996.5642120902603
1407.1676289165139
1639.2463773110958
3000.0
0.0
0.0
0.0
0.0
0.0
3000.0
0.0
0.0
0.0
0.0
0.0
0.0
0.0
0.0
0.0
0.0
0.0
2024.793388429752
-1014.0561369707061
-1073.1875360970485
2170.702454372229
852.0950973814365
656.0058769005373
0.0
0.0
0.0
3000.0
3000.0
3000.0
3000.0
3000.0
3000.0
0.0
0.0
0.0
-727.2727272727273
-707.0063694267533
-1554.50210993588
-2183.345162130896
-803.7930553818214
3000.0
3000.0
-3000.0
-3000.0
-3000.0
3000.0
3000.0
3000.0
3000.0
3000.0
3000.0
3000.0
3000.0
3000.0
3000.0
0.0
0.0
0.0
0.0
0.0
0.0
3000.0
3000.0
3000.0
-1259.541984732824
-1692.622253947462
-636.9243161299946
3000.0
3000.0
3000.0
-3000.0
-3000.0
-3000.0
-3000.0
-3000.0
-3000.0
-3000.0
3000.0
3000.0
3000.0
3000.0
3000.0
3000.0
3000.0
3000.0
-818.1818181818182
3000.0
3000.0
3000.0
3000.0
3000.0
-3000.0
3000.0