Demand
-3000.0
3000.0
3000.0
3000.0
3000.0
3000.0
3000.0
3000.0
3000.0
3000.0
-3000.0
3000.0
3000.0
3000.0
3000.0
3000.0
-1171.1229946524072
-2898.430714863288
-3000.0
-3000.0
3000.0
3000.0
3000.0
3000.0
3000.0
-3000.0
-3000.0
-3000.0
-3000.0
-3000.0
3000.0
3000.0
3000.0
3000.0
3000.0
3000.0
3000.0
3000.0
3000.0
3000.0
3000.0
2493.975903614454
-826.1293790294449
-1273.4184387559778
3000.0
3000.0
-3000.0
-3000.0
-3000.0
-3000.0
-3000.0
-3000.0
3000.0
3000.0
3000.0
3000.0
3000.0
3000.0
3000.0
3000.0
3000.0
3000.0
3000.0
3000.0
3000.0
2255.7268405128953
900.4600074659663
-1040.1571330151655
-1748.660668525552
-2480.901138002493
-2819.151843768481
3000.0
3000.0
3000.0
3000.0
3000.0
-3000.0
-3000.0
-2691.405368824724
-891.0762531804949
350.84804272168685
2239.120539721969
3000.0
3000.0
3000.0
-1099.1930129081722
3000.0
3000.0
3000.0
-3000.0
-3000.0
-3000.0
3000.0
3000.0
3000.0
3000.0
3000.0
3000.0
-3000.0
-3000.0
-3000.0
-3000.0
-2380.434782608697
802.1582299131062
3000.0
1834.8230805712747
-1647.1243908757287
3000.0
3000.0
3000.0
3000.0
3000.0
3000.0
3000.0
-1089.903628500248
-2295.0888574677947
-3000.0
-3000.0
3000.0
3000.0
3000.0
3000.0
3000.0
3000.0
3000.0
3000.0
3000.0
-1967.7850676117623
-1328.4797330794106
-264.55974095442343
1015.1707448212825
3000.0
726.5079831190799
636.6041615174711
400.7989985396939
-951.0998823510486
-1738.4521743345804
3000.0
3000.0
3000.0
3000.0
-3000.0
-3000.0
-3000.0
-3000.0
3000.0
3000.0
3000.0
3000.0
3000.0
3000.0
3000.0
3000.0
3000.0
-1004.8614487117162
3000.0
3000.0
3000.0
3000.0
3000.0
2844.3984621309546
-1121.2121212121212
208.91364902507053
-1448.8232531440788
-2000.691047656839
3000.0
3000.0
-3000.0
-3000.0
-3000.0
3000.0
3000.0
3000.0
3000.0
3000.0
3000.0
3000.0
-2169.631601064576
-2322.609859570086
-3000.0
-1147.4065965423042
3000.0
1196.348392769377
-283.8854760713957
493.72079750579564
836.1954173337635
-485.9116728973713
2956.605096695821
-3000.0
3000.0
3000.0
-3000.0
-3000.0
-3000.0
-3000.0
-3000.0
-3000.0
-3000.0
3000.0
3000.0
3000.0
3000.0
3000.0
3000.0
3000.0
3000.0
3000.0
3000.0
3000.0
3000.0
3000.0
3000.0
-2878.787878787879
3000.0
3000.0
3000.0
-3000.0
-3000.0
-3000.0
3000.0
3000.0
3000.0
3000.0
3000.0
3000.0
3000.0
3000.0
3000.0
3000.0
3000.0
3000.0
3000.0
19.867549668873608
-1542.1395213782762
-2025.9955014018994
-2404.686726555744
-3000.0
-3000.0
-3000.0
3000.0
3000.0
3000.0
3000.0
3000.0
3000.0
-2612.4462075773718
-162.29160833102287
450.64999103195623
3000.0
430.49274955990063
2341.2455194174017
3000.0
3000.0
812.5150468053928
-1272.7272727272727
3000.0
-627.0925110132134
-1894.474472796982
-2237.3515764753247
-3000.0
3000.0
3000.0
3000.0
3000.0
-3000.0
-3000.0
-3000.0
-3000.0
-3000.0
-3000.0
3000.0
3000.0
3000.0
3000.0
3000.0
3000.0
3000.0
3000.0
3000.0
3000.0
3000.0
3000.0
-1424.2424242424245
-1049.5356037151696
-1735.2774118699172
-1904.805621761724
-2135.1021197125165
-1547.462569411785
3000.0
3000.0
3000.0
-3000.0
-3000.0
-3000.0
3000.0
3000.0
3000.0
3000.0
3000.0
3000.0
3000.0
3000.0
3000.0
-3000.0
-3000.0
-3000.0
-3000.0
-3000.0
3000.0
3000.0
3000.0
3000.0
3000.0
3000.0
3000.0
3000.0
-3000.0
-3000.0
-3000.0
-3000.0
3000.0
3000.0
3000.0
3000.0
3000.0
3000.0
3000.0
3000.0
3000.0
3000.0
3000.0
567.8092399403888
-699.8857839818461
-1127.173831239441
3000.0
-2134.761342553552
-1990.2213262869725
3000.0
3000.0
3000.0
3000.0
3000.0
3000.0
3000.0
3000.0
-2526.289009497965
-2337.0451380140557
-2184.3884066085075
-2721.7883219186206
-3000.0
-2833.779307036277
3000.0
-2048.0118010594724
3000.0
3000.0
3000.0
3000.0
3000.0
3000.0
3000.0
-3000.0
-3000.0
-3000.0
-2503.8684719535804
993.7264158268587
3000.0
3000.0
3000.0
3000.0
3000.0
3000.0
3000.0
3000.0
3000.0
3000.0
-2372.289021238342
-2381.6194276787
-3000.0
3000.0
3000.0
3000.0
3000.0
3000.0
-3000.0
-3000.0
-3000.0
-3000.0
-3000.0
3000.0
3000.0
3000.0
3000.0
3000.0
3000.0
3000.0
3000.0
3000.0
3000.0
3000.0
3000.0
1493.243243243243
906.0282238060815
-149.72671847648417
-623.6753537928953
-1687.7869138616534
-2085.03394804619
-2471.6000549939426
-3000.0
3000.0
3000.0
3000.0
3000.0
3000.0
3000.0
3000.0
-647.9690522243718
-24.81994532646422
3000.0
3000.0
3000.0
0.0
0.0
0.0
0.0
0.0
0.0
-696.969696969697
291.4285714285702
-757.4584529132976
3000.0
3000.0
3000.0
-1515.1515151515152
1179.062389848432
1456.6712970391436
1516.2662438857487
87.2727013844783
1080.2070839804883
1924.2998945127604
0.0
0.0
0.0
3000.0
3000.0
3000.0
3000.0
3000.0
0.0
0.0
0.0
-1454.5454545454545
-1698.7951807228912
-1850.3270488649468
3000.0
3000.0
-3000.0
-3000.0
-3000.0
-3000.0
-3000.0
-3000.0
-3000.0
-3000.0
3000.0
3000.0
3000.0
3000.0
3000.0
3000.0
3000.0
3000.0
3000.0
3000.0
1751.0877032287624
3000.0
-696.969696969697
-952.4301964839716
-1773.5631913944155
-2434.4976060282424
-2159.502084329788
-2016.5135522286398
-2267.8251678431207
3000.0
3000.0
3000.0
3000.0
3000.0
-923.2790331056231
356.8733181165958
1092.5561278007585
3000.0
3000.0
3000.0
3000.0
0.0
0.0
-454.54545454545456
46.63212435233163
-321.0884792924235
-1386.8493389414434
-464.5310798941896
3000.0
-1666.6666666666667
3000.0
-1268.545014307726
-1543.3305227814078
-1918.3166192720475
-2248.9937581352315
-2709.1860118332042
-1814.436597613525
3000.0
3000.0
3000.0
3000.0
3000.0
3000.0
3000.0
2135.135135135134
2246.3451251330034
-43.724193326072964
-1781.8112938128852
725.9493898742139
3000.0
-3000.0
-3000.0
-3000.0
-3000.0
-3000.0
-3000.0
-3000.0
-3000.0
3000.0
3000.0
3000.0
3000.0
3000.0
3000.0
3000.0
3000.0
3000.0
3000.0
-1000.0000000000001
-511.96172248803896
669.2563817980019
171.90861608968225
-1078.2418180819705
-667.0555294036476
-439.1693766027711
-1597.138879224679
-1872.661586031956
-2580.8195472230327
-3000.0
3000.0
3000.0
3000.0
3000.0
-3000.0
-2659.588586595888
-1896.5241121869512
3000.0
3000.0
3000.0
3000.0
3000.0
3000.0
3000.0
3000.0
3000.0
3000.0
3000.0
1305.3682222821708
-413.4663397611007
1069.6321167859273
3000.0
3000.0
-3000.0
-3000.0
-3000.0
-3000.0
-3000.0
3000.0
3000.0
3000.0
3000.0
3000.0
3000.0
3000.0
3000.0
3000.0
3000.0
3000.0
3000.0
-1636.3636363636365
3000.0
3000.0
3000.0
-1358.837643295121
-3000.0
3000.0
3000.0
3000.0
3000.0
3000.0
3000.0
3000.0
3000.0
-3000.0
-2931.3843767694116
-2014.074528428263
-747.4211243292975
2802.425791909987
2813.112529925411
3000.0
3000.0
-393.939393939394
717.7280550774522
-1484.848484848485
-786.7435158501453
-1378.6519916414666
404.6088078596349
3000.0
3000.0
-1372.652141247183
2003.9054233994302
3000.0
791.1183876371506
956.400966947995
109.2790033842291
-291.0909815350533
-370.05768368147665
2123.454787413969
2180.5046120497063
2633.679407452957
3000.0
0.0
0.0
0.0
0.0
3000.0
3000.0
0.0
0.0
0.0
-1151.5151515151515
-999.2022337455123
-347.3390638600431
2152.704159620369
1335.346700733715
931.1290622923093
1211.0930889316069
3000.0
0.0
0.0
0.0
0.0
0.0
3000.0
3000.0
0.0
0.0
0.0
0.0
0.0
0.0
0.0
0.0
0.0
3000.0
1864.7761466216843
-1001.7165639154449
-1123.6712235219566
1735.9815825176647
880.5203124220138
841.7428176065921
3000.0
0.0
0.0
0.0
0.0
0.0
0.0
0.0
3000.0
0.0
0.0
0.0
-727.2727272727273
-677.4193548387116
-1491.8918918918935
-1945.4435869015588
3000.0
3000.0
3000.0
3000.0
3000.0
3000.0
3000.0
-3000.0
-3000.0
3000.0
3000.0
3000.0
3000.0
3000.0
3000.0
3000.0
3000.0
3000.0
0.0
0.0
3000.0
3000.0
3000.0
3000.0
-1545.4545454545457
-1594.2492012779558
-2108.446640941681
-2146.7508362757453
-2719.3565529341686
-3000.0
-3000.0
3000.0
3000.0
3000.0
3000.0
3000.0
-3000.0
-3000.0
3000.0
3000.0
3000.0
3000.0
3000.0
3000.0
3000.0
0.0
-818.1818181818182
1818.897637795273
-614.276768941771
3000.0
3000.0
3000.0
3000.0
3000.0