Demand
-3000.0
-3000.0
-3000.0
-3000.0
-3000.0
-3000.0
3000.0
3000.0
3000.0
3000.0
3000.0
3000.0
3000.0
-2633.0051506037
3000.0
842.5168736767837
-632.3087670470504
-2835.8590553248505
3000.0
3000.0
3000.0
3000.0
-3000.0
-3000.0
-3000.0
-3000.0
-3000.0
3000.0
3000.0
3000.0
3000.0
3000.0
3000.0
3000.0
3000.0
3000.0
3000.0
3000.0
3000.0
-393.939393939394
609.9585062240656
-1333.3333333333335
-1079.0513833992104
-1580.9768637532143
3000.0
3000.0
-3000.0
-3000.0
-3000.0
-3000.0
-3000.0
-3000.0
-3000.0
3000.0
3000.0
3000.0
3000.0
3000.0
3000.0
3000.0
3000.0
3000.0
0.0
0.0
0.0
-1060.6060606060607
217.28971962616833
-1366.8567410147825
-1983.9763200471389
-2604.9105836802155
-2889.1479626106084
-3000.0
3000.0
3000.0
3000.0
3000.0
-3000.0
-3000.0
-2146.302745897742
3000.0
3000.0
3000.0
3000.0
3000.0
3000.0
3000.0
-592.1541910526939
3000.0
-3000.0
-3000.0
-3000.0
-3000.0
-3000.0
3000.0
3000.0
3000.0
3000.0
3000.0
3000.0
3000.0
3000.0
-3000.0
-2702.8347996089933
-1724.633530196884
75.33519451618258
1777.227214054299
3000.0
-3000.0
3000.0
3000.0
3000.0
2015.4167470366256
-448.0209556695231
1166.4195777060715
-849.4715502146028
-2154.5838574550844
-3000.0
3000.0
3000.0
3000.0
3000.0
3000.0
3000.0
3000.0
3000.0
-2931.967376168689
-2850.9501678509823
-1914.4148404895614
-1227.7101440249971
-77.65252876811883
1295.356230489423
3000.0
944.7685574080685
820.7172165396687
548.2431099849514
-873.2253977875407
-1667.6096035807523
3000.0
3000.0
3000.0
3000.0
-3000.0
-3000.0
-3000.0
-3000.0
-3000.0
-3000.0
3000.0
3000.0
3000.0
3000.0
3000.0
3000.0
-2622.944622944624
-1487.619101052478
3000.0
3000.0
3000.0
3000.0
3000.0
-454.54545454545456
854.9222797927462
-1545.4545454545457
-1400.0000000000002
-2099.0990990991013
-1097.0341162352233
3000.0
3000.0
-3000.0
-3000.0
-3000.0
-3000.0
-3000.0
3000.0
3000.0
3000.0
3000.0
3000.0
3000.0
3000.0
3000.0
3000.0
-461.1694837825494
-1269.0152897545267
-637.8642514289841
500.7269138373008
3000.0
-2909.090909090909
-3000.0
-3000.0
-3000.0
3000.0
3000.0
3000.0
3000.0
3000.0
3000.0
3000.0
-2493.708364174686
-403.7451785790595
-236.6752511753598
395.05518745058043
3000.0
3000.0
3000.0
3000.0
3000.0
0.0
0.0
-969.6969696969697
3000.0
3000.0
3000.0
-3000.0
3000.0
3000.0
3000.0
-3000.0
-3000.0
-3000.0
3000.0
3000.0
3000.0
3000.0
3000.0
3000.0
3000.0
-2048.01670146138
1773.6311907310126
3000.0
3000.0
1469.0338051975407
409.70512508743013
-1355.5353908452144
-1872.2423303927615
-2272.239194018559
-3000.0
-3000.0
3000.0
3000.0
3000.0
3000.0
3000.0
3000.0
-3000.0
-2719.8906124173564
-1186.722662922312
-919.8984269527887
1802.2497550305097
-711.8090378924794
454.6614658568262
3000.0
3000.0
1270.723111809692
-1272.7272727272727
3000.0
-819.147993977504
-2013.308111692334
-2405.5327196750777
-3000.0
3000.0
3000.0
3000.0
3000.0
3000.0
-3000.0
-3000.0
-3000.0
-3000.0
-3000.0
3000.0
3000.0
3000.0
3000.0
3000.0
3000.0
3000.0
3000.0
3000.0
3000.0
0.0
0.0
-1424.2424242424245
-936.9627507163314
-1521.089734367437
-767.7379404284002
3000.0
3000.0
-3000.0
-3000.0
3000.0
3000.0
3000.0
3000.0
3000.0
3000.0
3000.0
3000.0
-3000.0
-3000.0
-3000.0
-3000.0
3000.0
3000.0
3000.0
3000.0
-3000.0
-3000.0
-3000.0
3000.0
3000.0
3000.0
3000.0
3000.0
3000.0
3000.0
3000.0
3000.0
-3000.0
-3000.0
-3000.0
3000.0
3000.0
3000.0
3000.0
3000.0
3000.0
3000.0
0.0
3000.0
2052.5775401069513
187.66112134933292
-917.1771151985586
-2054.1743049475353
-2333.4456081319695
-2574.2216314271955
-2680.1303774027792
-3000.0
-3000.0
3000.0
3000.0
3000.0
3000.0
3000.0
3000.0
-1784.606722859884
856.9138124475539
3000.0
2420.4034046596635
3000.0
3000.0
3000.0
3000.0
-3000.0
-3000.0
-3000.0
-3000.0
-3000.0
-3000.0
-3000.0
3000.0
3000.0
3000.0
3000.0
3000.0
3000.0
3000.0
3000.0
3000.0
3000.0
-205.88235294117703
-3000.0
-2509.6406094249833
-2072.614001796951
-841.0337107656601
-2341.177013791237
-2414.6235926450763
-3000.0
-3000.0
3000.0
3000.0
3000.0
3000.0
3000.0
3000.0
3000.0
-3000.0
-3000.0
-3000.0
3000.0
3000.0
3000.0
3000.0
3000.0
3000.0
3000.0
0.0
0.0
0.0
3000.0
3000.0
3000.0
3000.0
3000.0
3000.0
3000.0
3000.0
3000.0
-3000.0
-3000.0
-3000.0
-3000.0
3000.0
3000.0
3000.0
3000.0
3000.0
3000.0
3000.0
3000.0
3000.0
3000.0
3000.0
3000.0
3000.0
3000.0
3000.0
546.3383020090728
-636.4720530736327
-36.144202765251976
161.36852517302282
538.8019925879398
1227.6382445791633
1348.2344167740569
1496.183540198237
1312.1036407290912
-1636.3636363636365
3000.0
-696.969696969697
3000.0
3000.0
0.0
0.0
-181.8181818181818
3000.0
0.0
0.0
0.0
0.0
0.0
-1454.5454545454545
3000.0
-2120.0686106346493
-2773.9771260684847
-3000.0
-3000.0
-3000.0
3000.0
3000.0
3000.0
3000.0
3000.0
3000.0
3000.0
3000.0
3000.0
3000.0
828.0098280098296
113.73175850456346
3000.0
3000.0
3000.0
3000.0
-878.7878787878788
2987.1244635193107
-696.969696969697
-832.1167883211688
-1454.6578934349172
3000.0
-2696.9696969696975
-2029.2670619402045
-2497.3485431764775
-2359.399133026277
-2303.6359116005597
-3000.0
3000.0
3000.0
3000.0
3000.0
3000.0
3000.0
3000.0
3000.0
3000.0
3000.0
3000.0
3000.0
829.2554313435974
341.7139100275681
-1032.7804386835674
-279.1641247760608
2784.5546552454684
577.5788390687917
-860.5161805309631
-838.1565237898408
-893.482679170058
-747.5779157381885
3000.0
2724.798534235799
3000.0
3000.0
3000.0
3000.0
3000.0
3000.0
3000.0
3000.0
3000.0
3000.0
1017.6211453744485
-1448.3641596478617
-2375.338137619735
-2458.5457048996586
-3000.0
-3000.0
3000.0
3000.0
3000.0
3000.0
3000.0
3000.0
3000.0
-3000.0
-1353.1449251294707
500.2837097805027
3000.0
3000.0
3000.0
3000.0
3000.0
0.0
-1000.0000000000001
3000.0
1405.0632911392404
748.313770486719
-744.1221131818411
-206.16834898160369
112.92025916121747
-1275.1525781514947
-1480.178219760599
-2252.931717745798
3000.0
3000.0
3000.0
3000.0
-3000.0
-3000.0
-2776.6457680250796
-2532.648063237176
-3000.0
3000.0
3000.0
3000.0
3000.0
3000.0
3000.0
3000.0
3000.0
1182.9134720700993
-1030.3030303030305
-803.347280334729
-1699.5621879518567
-2360.382810931761
-2662.9966431312523
-3000.0
-3000.0
3000.0
3000.0
3000.0
3000.0
3000.0
-3000.0
212.72727272727252
-26.7706556366752
3000.0
3000.0
3000.0
3000.0
3000.0
0.0
0.0
-545.4545454545455
333.33333333333076
3000.0
-1827.3328434974292
-1854.6802097742639
-2308.3439683637816
-3000.0
-3000.0
3000.0
3000.0
3000.0
3000.0
3000.0
3000.0
3000.0
-3000.0
-2928.0098353614685
-1918.4205947814899
-391.1162239282826
3000.0
3000.0
3000.0
3000.0
-393.939393939394
802.8169014084497
-1484.848484848485
839.9999999999886
3000.0
-1661.4481409001955
-1669.0636977011682
-1668.1506378616969
-1655.2040038587666
1126.7532374279126
2836.752109962852
118.92361995906413
285.07856905069957
-391.13668280044476
-695.3232115365031
-697.8493697863187
1783.5207625256044
1672.4063584994283
1746.281296690813
0.0
0.0
3000.0
3000.0
3000.0
3000.0
0.0
0.0
0.0
0.0
-1151.5151515151515
3000.0
3000.0
3000.0
3000.0
3000.0
797.9580870499735
0.0
0.0
0.0
0.0
0.0
0.0
0.0
0.0
0.0
0.0
0.0
3000.0
3000.0
3000.0
3000.0
3000.0
3000.0
0.0
-818.1818181818182
-881.8029249580441
-838.9026375938533
3000.0
777.0796255508872
-1212.1212121212122
3000.0
3000.0
3000.0
3000.0
3000.0
0.0
0.0
0.0
0.0
0.0
0.0
3000.0
3000.0
-15.272727272728389
-1202.750377492489
-2154.5623806893127
-2436.6135318124743
-2694.125429166783
-3000.0
3000.0
3000.0
3000.0
3000.0
3000.0
3000.0
3000.0
3000.0
3000.0
0.0
0.0
0.0
0.0
0.0
0.0
0.0
0.0
0.0
0.0
0.0
0.0
1011.7302052785925
-1178.7013852376667
-1786.9001261617695
-1703.7654739346863
-2463.201261279347
-3000.0
3000.0
3000.0
3000.0
3000.0
3000.0
-3000.0
-3000.0
-3000.0
3000.0
3000.0
3000.0
3000.0
3000.0
3000.0
3000.0
3000.0
-818.1818181818182
-1807.0175438596486
395.74468085110425
3000.0
-3000.0
-3000.0
-3000.0
-3000.0