Demand
-3000.0
-3000.0
-3000.0
-3000.0
-3000.0
-3000.0
3000.0
3000.0
3000.0
3000.0
3000.0
3000.0
3000.0
-2619.683069224354
3000.0
1981.6733422671357
-387.8429639323763
3000.0
3000.0
-3000.0
-3000.0
3000.0
3000.0
3000.0
3000.0
3000.0
3000.0
3000.0
-3000.0
-3000.0
-3000.0
-3000.0
3000.0
3000.0
3000.0
3000.0
3000.0
3000.0
3000.0
3000.0
3000.0
3000.0
-290.8336476801228
-1374.0961881915346
-2275.5209639328123
3000.0
3000.0
3000.0
3000.0
3000.0
-3000.0
-3000.0
-3000.0
-3000.0
3000.0
3000.0
3000.0
3000.0
3000.0
0.0
0.0
0.0
3000.0
3000.0
3000.0
1409.5693779904295
391.3818154821879
-1278.965161324422
-1941.4885433723784
-2601.4324631064346
-2899.3551892692294
-3000.0
-3000.0
3000.0
3000.0
3000.0
3000.0
3000.0
-2378.93187618553
3000.0
3000.0
1751.836593679439
3000.0
3000.0
3000.0
416.62896043697174
3000.0
3000.0
-3000.0
-3000.0
-3000.0
3000.0
3000.0
3000.0
3000.0
3000.0
-3000.0
-3000.0
-3000.0
-3000.0
-3000.0
-3000.0
3000.0
3000.0
3000.0
3000.0
3000.0
3000.0
3000.0
3000.0
3000.0
3000.0
-1522.6781857451406
-743.1010511524996
-1830.9050728241598
-2603.555916516002
-3000.0
-3000.0
-3000.0
-3000.0
3000.0
3000.0
3000.0
3000.0
3000.0
3000.0
3000.0
3000.0
-769.3099897013394
837.6258027834328
2600.2484283742633
3000.0
1637.3297467404136
1321.1342905477923
915.3675052248138
-652.9004374034175
-1016.0992342165754
3000.0
3000.0
3000.0
-3000.0
-3000.0
-3000.0
3000.0
3000.0
3000.0
3000.0
3000.0
3000.0
3000.0
3000.0
-2707.59137769447
-3000.0
-2515.168956272815
-834.1474721940886
3000.0
3000.0
3000.0
3000.0
3000.0
2417.577488868516
-1121.2121212121212
577.639751552799
-1297.60171634357
3000.0
-2515.7179269328817
-2624.1724468613656
3000.0
3000.0
3000.0
3000.0
-3000.0
-3000.0
-3000.0
-3000.0
-3000.0
-3000.0
3000.0
3000.0
3000.0
3000.0
3000.0
3000.0
-991.5433403805499
-629.7353120261696
-577.4211275545194
-1552.818209377889
-2524.3171110413086
-3000.0
3000.0
3000.0
3000.0
3000.0
3000.0
-3000.0
-3000.0
-3000.0
-3000.0
3000.0
3000.0
3000.0
3000.0
3000.0
3000.0
699.6317639482038
0.0
0.0
0.0
0.0
-969.6969696969697
-1105.2631578947367
-1991.235462666442
-2686.830944706995
-3000.0
-3000.0
3000.0
3000.0
3000.0
3000.0
-3000.0
-3000.0
-3000.0
-3000.0
-2719.1236058398435
3000.0
3000.0
3000.0
3000.0
3000.0
3000.0
3000.0
3000.0
-1666.6666666666667
-1021.4876033057857
-1672.4276934137915
-2183.0798213082808
-3000.0
-3000.0
-3000.0
3000.0
3000.0
3000.0
3000.0
3000.0
3000.0
3000.0
3000.0
3000.0
3000.0
-1176.231589639412
-899.4179668441452
-13.631684614917049
1780.759315917461
2561.974527568841
2861.6623093961043
3000.0
-994.3118866748023
-2029.5513787518505
-2151.4552120954677
3000.0
3000.0
3000.0
-3000.0
-3000.0
-3000.0
3000.0
3000.0
3000.0
3000.0
3000.0
3000.0
3000.0
3000.0
-3000.0
3000.0
3000.0
3000.0
0.0
0.0
3000.0
3000.0
3000.0
215.4480364504218
-1169.1859343478563
-1732.8135099734836
-1432.1875636177017
3000.0
3000.0
-3000.0
-3000.0
-3000.0
-3000.0
-3000.0
-3000.0
-2420.6662902315084
335.0011194284075
280.0639722091164
3000.0
3000.0
3000.0
3000.0
3000.0
3000.0
3000.0
3000.0
3000.0
3000.0
3000.0
-3000.0
-3000.0
-3000.0
-3000.0
3000.0
3000.0
3000.0
3000.0
3000.0
3000.0
3000.0
3000.0
3000.0
-3000.0
-2736.6771159874625
-1056.8997607019446
3000.0
3000.0
3000.0
3000.0
3000.0
3000.0
3000.0
1967.7865612648236
80.82016959767634
-1538.1701708104981
-1716.7096329999067
-1450.806403675424
3000.0
3000.0
3000.0
3000.0
3000.0
-3000.0
-2679.002413515689
3000.0
3000.0
3000.0
3000.0
3000.0
3000.0
3000.0
-2898.3050847457644
829.5967471182873
-2576.728009377355
-3000.0
-3000.0
3000.0
3000.0
3000.0
3000.0
3000.0
3000.0
3000.0
-3000.0
-2722.0224523505976
-2370.699241404367
-2007.340892336504
3000.0
3000.0
3000.0
3000.0
3000.0
3000.0
3000.0
3000.0
3000.0
-2510.3006925572026
-2617.2331149192805
-3000.0
-3000.0
-3000.0
-3000.0
-3000.0
3000.0
3000.0
3000.0
3000.0
3000.0
3000.0
3000.0
3000.0
-2728.9437164117207
-2002.6235659036047
-560.6766702425357
2563.464078873025
3000.0
3000.0
3000.0
3000.0
3000.0
-515.1515151515152
1024.3902439024464
-1515.1515151515152
169.7238849198693
-303.870901910213
-1424.4205164618115
-1627.5268929366703
-819.013501000929
3000.0
3000.0
3000.0
3000.0
-3000.0
-3000.0
-1789.9924184988622
-721.1245266781698
579.3833502818625
1646.4944731723099
3000.0
3000.0
3000.0
3000.0
0.0
0.0
0.0
0.0
3000.0
-696.969696969697
789.473684210524
-2030.3030303030305
276.8532526475035
534.8429743715992
989.3792962379637
1713.6512226284278
1520.895793509828
1322.8710585940998
-1151.5151515151515
3000.0
1004.8455481526347
2123.5839438639787
3000.0
0.0
0.0
0.0
-181.8181818181818
3000.0
0.0
0.0
0.0
0.0
3000.0
1332.339791356195
-2454.5454545454545
-2200.8901251738534
-2798.559768834897
-3000.0
-3000.0
-3000.0
3000.0
3000.0
3000.0
3000.0
3000.0
3000.0
3000.0
3000.0
3000.0
3000.0
611.1254184908576
-35.220246890842645
3000.0
3000.0
3000.0
0.0
-878.7878787878788
3000.0
-696.969696969697
3000.0
-1245.7987446851594
-2115.285135613957
-1293.6687857522093
896.7843509896747
3000.0
3000.0
3000.0
3000.0
3000.0
-2436.2875618105745
-627.9219672107374
943.4766382119219
1787.2757245440007
3000.0
3000.0
3000.0
3000.0
0.0
0.0
-454.54545454545456
213.11475409836112
-165.85629389519636
3000.0
-448.95104895104896
2410.006869994852
410.0463460293613
-954.5886863139608
-947.327246081787
-1022.808910762603
-948.1630559640098
3000.0
-617.3101913625565
3000.0
3000.0
-2429.6036715197906
3000.0
3000.0
3000.0
3000.0
3000.0
747.7682191617178
1266.0194479387067
-234.99515478800458
-1905.8597011290522
-2526.667693244033
-2409.0900565367547
3000.0
3000.0
3000.0
3000.0
3000.0
3000.0
-3000.0
-3000.0
-3000.0
-3000.0
3000.0
3000.0
3000.0
3000.0
3000.0
3000.0
3000.0
3000.0
3000.0
3000.0
3000.0
3000.0
-918.3192617317891
-439.44372996040784
-156.86270393671384
-1425.1115845194445
-1650.1538248195238
-2391.216348761568
3000.0
3000.0
3000.0
3000.0
-3000.0
-3000.0
-1683.9826839826947
3000.0
3000.0
3000.0
3000.0
3000.0
3000.0
3000.0
3000.0
3000.0
1629.9881936245604
3000.0
1389.8070491421086
-1939.3939393939395
3000.0
3000.0
3000.0
3000.0
3000.0
3000.0
-3000.0
-3000.0
-3000.0
-3000.0
-3000.0
3000.0
3000.0
3000.0
3000.0
3000.0
3000.0
3000.0
3000.0
3000.0
-545.4545454545455
1001.1699327288676
-1313.1483585849392
-1650.430399479459
-1696.2421339589055
-2232.612176125781
-3000.0
-3000.0
3000.0
3000.0
3000.0
3000.0
3000.0
3000.0
3000.0
3000.0
3000.0
3000.0
3000.0
3000.0
3000.0
3000.0
3000.0
3000.0
2391.487125591174
941.6566070015292
-543.385178190988
-1160.3896125476197
1520.489579140118
3000.0
-2393.939393939394
3000.0
3000.0
3000.0
-122.37058715931926
18.76399652567079
-604.3939353629071
-939.7671489126033
-1063.3565267966728
582.2274659204077
904.8042894422031
1627.889078770918
3000.0
0.0
0.0
0.0
0.0
0.0
0.0
0.0
3000.0
3000.0
2413.5455410431605
-718.6338393650349
151.76203511966696
3000.0
1752.776189901324
1057.2907348323163
1177.4889890353697
0.0
0.0
0.0
3000.0
3000.0
3000.0
3000.0
3000.0
0.0
0.0
0.0
0.0
0.0
0.0
0.0
3000.0
0.0
0.0
-818.1818181818182
-1045.0450450450453
-1107.0902908186563
2063.2333112235237
802.5905527576881
617.7611047016869
0.0
0.0
0.0
3000.0
3000.0
3000.0
3000.0
3000.0
0.0
0.0
0.0
0.0
2337.84757239591
-586.8086431818497
-1549.8021379474349
-2329.6823219251
-2571.230293281562
-2784.684841946417
-3000.0
-3000.0
3000.0
3000.0
3000.0
3000.0
3000.0
3000.0
-1291.9128001128904
3000.0
3000.0
3000.0
3000.0
3000.0
3000.0
0.0
0.0
3000.0
0.0
0.0
0.0
0.0
-1545.4545454545457
3000.0
-1873.2486151840994
-1776.878341930511
-2458.2384877441564
3000.0
3000.0
3000.0
3000.0
3000.0
-3000.0
-3000.0
-3000.0
-3000.0
3000.0
3000.0
3000.0
3000.0
3000.0
3000.0
3000.0
0.0
-818.1818181818182
-1807.0175438596486
395.74468085110425
3000.0
-3000.0
-3000.0
-3000.0
-3000.0