Demand
-3000.0
-3000.0
3000.0
3000.0
3000.0
3000.0
3000.0
3000.0
3000.0
3000.0
3000.0
-3000.0
-3000.0
-1465.0254707030833
3000.0
3000.0
3000.0
3000.0
3000.0
3000.0
3000.0
3000.0
3000.0
-3000.0
-3000.0
-3000.0
3000.0
3000.0
3000.0
3000.0
3000.0
3000.0
-3000.0
3000.0
3000.0
3000.0
3000.0
3000.0
3000.0
3000.0
3000.0
3000.0
3000.0
-469.3446088794999
3000.0
3000.0
3000.0
-3000.0
-3000.0
-3000.0
3000.0
3000.0
3000.0
3000.0
3000.0
3000.0
0.0
0.0
0.0
0.0
0.0
0.0
0.0
0.0
3000.0
3000.0
1428.027418126428
-797.4899277179456
-1610.5527399071295
-2442.9194254148097
-2832.8032469517793
-3000.0
3000.0
3000.0
3000.0
3000.0
3000.0
3000.0
-2445.328837135383
3000.0
3000.0
1129.2619903074674
3000.0
3000.0
3000.0
959.7264555073173
3000.0
-2932.3270013568526
-3000.0
-3000.0
-3000.0
-3000.0
-3000.0
-3000.0
3000.0
3000.0
3000.0
3000.0
3000.0
3000.0
3000.0
3000.0
-2769.1106088052657
-2227.791698016199
-1839.4200323718244
-2220.7701448219905
-2860.9082841639065
-3000.0
-3000.0
3000.0
3000.0
3000.0
3000.0
3000.0
3000.0
3000.0
3000.0
3000.0
-3000.0
3000.0
3000.0
3000.0
3000.0
3000.0
3000.0
3000.0
-2872.3165951092033
-2101.9370486088183
-1585.3196468210772
-750.680126843702
246.6083327049828
1929.3131049827778
258.5290651858702
195.19082947087918
-8.267047243577508
-1219.7989546353974
-2065.6304102482727
-3000.0
3000.0
3000.0
3000.0
3000.0
3000.0
3000.0
3000.0
3000.0
3000.0
-3000.0
-3000.0
-3000.0
-2279.549312480175
3000.0
3000.0
3000.0
3000.0
3000.0
3000.0
3000.0
3000.0
3000.0
2917.3400096503883
1041.5508674179532
46.453599107542914
-1535.7012569668125
-2318.829014442518
-2611.1667340612394
-2805.5837449055125
-3000.0
-3000.0
3000.0
3000.0
3000.0
3000.0
3000.0
-3000.0
-3000.0
-3000.0
-1757.783631720834
-1896.9853914472624
-3000.0
2432.485417901061
3000.0
3000.0
2618.1301930419368
2488.0300822643776
1590.7030229656066
-220.6430178662231
3000.0
3000.0
3000.0
-3000.0
3000.0
3000.0
3000.0
-3000.0
-3000.0
-3000.0
-3000.0
3000.0
3000.0
3000.0
3000.0
3000.0
0.0
3000.0
3000.0
3000.0
3000.0
0.0
-969.6969696969697
-313.4328358208877
3000.0
3000.0
3000.0
3000.0
3000.0
3000.0
3000.0
-3000.0
-3000.0
-3000.0
-3000.0
-3000.0
-2801.5473887814323
3000.0
3000.0
2802.549698573515
1451.138274138662
3000.0
3000.0
3000.0
3000.0
-1666.6666666666667
3000.0
3000.0
-38.96103896101022
3000.0
3000.0
-3000.0
-3000.0
-3000.0
3000.0
3000.0
3000.0
3000.0
3000.0
-1084.033613445377
-823.9345544226876
1912.421849556058
-660.888216420914
261.0259795428776
2999.777726573363
3000.0
2250.1493370010858
919.6924985868009
-939.3939393939395
-293.95780051150996
-1799.6196068141207
-2310.2360533934907
-3000.0
-3000.0
3000.0
3000.0
3000.0
3000.0
3000.0
3000.0
3000.0
-3000.0
-3000.0
-3000.0
-3000.0
-3000.0
3000.0
3000.0
3000.0
3000.0
3000.0
3000.0
3000.0
3000.0
3000.0
1995.1052012559242
-420.68800451208654
-1051.2626456379653
1789.708033051098
3000.0
3000.0
-3000.0
-3000.0
-3000.0
-3000.0
3000.0
3000.0
3000.0
3000.0
3000.0
3000.0
3000.0
3000.0
3000.0
-3000.0
-2850.209411185022
-3000.0
-3000.0
-3000.0
3000.0
3000.0
3000.0
3000.0
3000.0
-3000.0
-3000.0
-3000.0
-3000.0
-3000.0
3000.0
3000.0
3000.0
3000.0
3000.0
3000.0
3000.0
3000.0
3000.0
3000.0
3000.0
3000.0
3000.0
3000.0
1588.4282556837231
-1515.1515151515152
-945.3032104637332
-2054.59302393662
-2305.1514326203724
-2512.10709891652
-2518.803791712895
-3000.0
3000.0
3000.0
3000.0
3000.0
-2839.163480354746
-219.7868704517764
3000.0
3000.0
3000.0
3000.0
3000.0
3000.0
3000.0
-119.37264013941422
-2681.622276971796
-3000.0
-3000.0
-3000.0
3000.0
3000.0
3000.0
3000.0
3000.0
3000.0
3000.0
3000.0
-2588.38703522153
-2572.9321851449286
-3000.0
3000.0
3000.0
3000.0
3000.0
3000.0
3000.0
3000.0
3000.0
-2181.476175787817
-1597.6509811390242
3000.0
3000.0
3000.0
3000.0
-3000.0
-3000.0
-3000.0
-3000.0
-3000.0
-3000.0
-3000.0
-3000.0
3000.0
3000.0
3000.0
3000.0
3000.0
3000.0
3000.0
3000.0
3000.0
3000.0
2181.81818181818
-1333.3333333333335
818.1818181818139
-365.85365853658186
3000.0
-1218.2860119822874
-1573.0562621117151
-1736.742021021234
3000.0
3000.0
3000.0
3000.0
3000.0
3000.0
-1848.4848484848499
-878.0164802825184
268.6755421106491
1235.207496321887
3000.0
3000.0
3000.0
3000.0
0.0
0.0
0.0
0.0
0.0
2431.974921630095
-1545.4545454545457
-658.5365853658541
640.1869158878533
1937.2858245619082
-1727.2727272727275
310.5491900434606
512.9632226293211
809.4385339127753
948.5711969768518
-236.17435886749536
647.2287690762141
-696.969696969697
3000.0
0.0
0.0
3000.0
2859.077093119645
0.0
0.0
0.0
0.0
0.0
0.0
2308.203991130821
-1209.6937355747987
-1995.8212994149062
-2725.2526342848378
-3000.0
-3000.0
3000.0
3000.0
3000.0
3000.0
3000.0
3000.0
3000.0
3000.0
3000.0
3000.0
3000.0
3000.0
-2000.0000000000002
2114.287970934365
3000.0
3000.0
0.0
-878.7878787878788
2790.566037735848
-696.969696969697
-947.0046082949311
-1763.8069479016694
-2421.231720208644
-2103.6806723048567
-1842.3003374097882
-1692.5469472975283
3000.0
3000.0
3000.0
3000.0
-2549.407114624507
-1192.2184099838041
-71.60453447551663
591.3856677649615
3000.0
3000.0
0.0
0.0
0.0
0.0
-454.54545454545456
127.6595744680858
-243.77770201159092
-1128.931624314454
3000.0
3000.0
3000.0
773.8731856378915
1143.4589910861068
1502.7408960427153
3000.0
-1137.1932285539197
3000.0
-2593.618218760297
-2028.369308340708
-2092.9764835727774
3000.0
3000.0
3000.0
3000.0
3000.0
3000.0
3000.0
426.18081405302087
-1629.516554377884
-1978.7933284719684
3000.0
3000.0
-3000.0
-3000.0
3000.0
3000.0
3000.0
3000.0
-3000.0
-3000.0
-3000.0
231.42336505365415
3000.0
3000.0
3000.0
3000.0
3000.0
3000.0
3000.0
1697.945268819979
-1787.878787878788
3000.0
3000.0
3000.0
3000.0
3000.0
-85.79645310752358
-416.4040816542174
-1746.1735981033826
3000.0
3000.0
3000.0
3000.0
3000.0
3000.0
-2781.2425041976503
-2492.0606307605494
-3000.0
3000.0
3000.0
3000.0
3000.0
3000.0
3000.0
3000.0
3000.0
3000.0
1210.227272727273
-820.7058734282855
-1704.7505894280375
-2354.853273321841
-2648.0964802132785
-3000.0
-3000.0
3000.0
3000.0
3000.0
3000.0
-3000.0
-3000.0
3000.0
3000.0
3000.0
3000.0
3000.0
3000.0
3000.0
3000.0
3000.0
3000.0
3000.0
-339.06633906634033
1119.0448510776796
3000.0
3000.0
3000.0
-3000.0
-3000.0
3000.0
3000.0
3000.0
3000.0
3000.0
3000.0
3000.0
3000.0
3000.0
3000.0
3000.0
3000.0
3000.0
3000.0
3000.0
1873.1832430891986
612.4615320428907
-726.8664139002558
-1159.6236187281584
3000.0
3000.0
3000.0
3000.0
3000.0
3000.0
347.80388151174543
517.4446902344146
-215.15771851246518
-551.3508097718404
-581.5389363618087
1880.5588618554898
1859.9310800641717
2122.9495921523567
0.0
0.0
0.0
3000.0
3000.0
3000.0
3000.0
3000.0
3000.0
0.0
-1151.5151515151515
3000.0
-636.9558779982235
1969.1205209828959
-1212.1212121212122
2694.9152542372985
-1121.2121212121212
3000.0
3000.0
3000.0
3000.0
0.0
0.0
0.0
0.0
0.0
0.0
0.0
0.0
0.0
0.0
3000.0
3000.0
3000.0
0.0
-818.1818181818182
3000.0
-846.5171192443922
2660.0335459744856
1296.7268067503992
1118.7379576427902
3000.0
0.0
0.0
0.0
0.0
3000.0
3000.0
3000.0
3000.0
3000.0
0.0
0.0
-727.2727272727273
3000.0
-1592.0013443118812
-2362.575014409923
-2610.5333781259505
-2821.4269973063892
-3000.0
-3000.0
-3000.0
3000.0
3000.0
3000.0
3000.0
3000.0
3000.0
3000.0
3000.0
3000.0
3000.0
3000.0
3000.0
3000.0
0.0
0.0
3000.0
3000.0
0.0
0.0
-1545.4545454545457
-1204.0816326530621
3000.0
-2666.666666666667
-2623.1404958677685
-3000.0
-3000.0
3000.0
3000.0
3000.0
3000.0
3000.0
3000.0
3000.0
3000.0
3000.0
3000.0
3000.0
3000.0
3000.0
0.0
0.0
-818.1818181818182
-1927.9279279279283
-2499.382550335571
-2906.8029943982083
-3000.0
3000.0
3000.0
3000.0