Demand
3000.0
3000.0
3000.0
3000.0
3000.0
3000.0
3000.0
3000.0
3000.0
3000.0
3000.0
3000.0
3000.0
3000.0
3000.0
3000.0
3000.0
3000.0
3000.0
3000.0
3000.0
3000.0
3000.0
3000.0
3000.0
3000.0
3000.0
3000.0
3000.0
3000.0
3000.0
3000.0
3000.0
3000.0
3000.0
3000.0
3000.0
3000.0
3000.0
3000.0
3000.0
3000.0
3000.0
3000.0
-2566.954856943158
-3000.0
-3000.0
3000.0
3000.0
3000.0
3000.0
3000.0
3000.0
3000.0
3000.0
3000.0
3000.0
3000.0
3000.0
0.0
0.0
0.0
0.0
0.0
0.0
-1060.6060606060607
390.5817174515246
-1297.495843200484
-1647.3471147732644
3000.0
3000.0
-3000.0
-3000.0
-3000.0
-3000.0
3000.0
3000.0
3000.0
3000.0
3000.0
3000.0
3000.0
3000.0
3000.0
-1282.4638720918317
-1943.2461347483777
-2202.883128936527
-2880.1980126668723
-3000.0
-3000.0
3000.0
3000.0
3000.0
3000.0
3000.0
3000.0
3000.0
3000.0
3000.0
-3000.0
-3000.0
-3000.0
-2374.428388512896
1402.9434197587161
3000.0
2097.2784261583993
-1709.1234158223288
3000.0
3000.0
3000.0
3000.0
3000.0
3000.0
-867.6714680972491
-1875.1348935253727
-2597.6002260094365
-3000.0
-3000.0
3000.0
3000.0
3000.0
3000.0
3000.0
-3000.0
-3000.0
-2895.492742551568
-2733.0076068839126
-444.35623776980356
2356.496759276012
3000.0
3000.0
3000.0
3000.0
2214.098209217894
1114.3502613930677
-370.5447871563588
3000.0
3000.0
-3000.0
-3000.0
-3000.0
-3000.0
3000.0
3000.0
3000.0
3000.0
-3000.0
-3000.0
-3000.0
-3000.0
-2578.7139689578744
3000.0
3000.0
3000.0
3000.0
3000.0
3000.0
3000.0
3000.0
3000.0
3000.0
1379.569797291315
193.46669537002663
-1461.501248139396
-2203.344916859757
-2305.283394864645
3000.0
3000.0
3000.0
-3000.0
-3000.0
-3000.0
-3000.0
3000.0
3000.0
3000.0
3000.0
3000.0
3000.0
3000.0
3000.0
2711.169804890518
-1818.1818181818182
-1275.8620689655165
-795.1425554382245
-331.8604791245193
-342.6658718750423
3000.0
3000.0
-3000.0
-3000.0
-3000.0
-3000.0
-3000.0
-3000.0
3000.0
3000.0
3000.0
3000.0
3000.0
3000.0
3000.0
3000.0
3000.0
3000.0
3000.0
3000.0
3000.0
3000.0
2604.7289033836096
-723.2566958220241
-1763.772406021687
-2591.3855089853114
-3000.0
3000.0
3000.0
3000.0
3000.0
3000.0
-3000.0
-3000.0
-3000.0
-3000.0
-2877.498388136687
-261.9597392667047
1336.1042930812773
1096.6756278496641
2619.484853126344
3000.0
3000.0
3000.0
3000.0
1558.6333737161895
-2363.636363636364
-2124.1781783260694
-2498.3475283059033
-3000.0
-3000.0
-3000.0
-3000.0
-3000.0
-3000.0
3000.0
3000.0
3000.0
3000.0
3000.0
3000.0
3000.0
3000.0
3000.0
-359.90698991117733
1099.995933405078
1918.4397810029377
2519.2920865880296
3000.0
-809.9748890068017
-2022.252314654791
-2438.9261695601826
-3000.0
3000.0
3000.0
3000.0
3000.0
3000.0
3000.0
-3000.0
-3000.0
-3000.0
3000.0
3000.0
3000.0
3000.0
3000.0
3000.0
3000.0
3000.0
3000.0
3000.0
3000.0
3000.0
0.0
-1424.2424242424245
-868.3287884690294
-1620.1143019239116
-1816.4114979790538
-2111.9234967062903
-2291.749580345743
3000.0
3000.0
3000.0
3000.0
-3000.0
-3000.0
-2752.3347332547746
-2322.8962198354902
-2881.577922404733
-1790.671701971879
-3000.0
3000.0
3000.0
3000.0
3000.0
3000.0
3000.0
3000.0
3000.0
-3000.0
-3000.0
-3000.0
-3000.0
3000.0
3000.0
3000.0
3000.0
3000.0
3000.0
3000.0
3000.0
3000.0
3000.0
-3000.0
-2827.1286678292518
-2246.8058721239777
3000.0
3000.0
3000.0
3000.0
3000.0
0.0
-757.5757575757576
972.9729729729767
-2030.3030303030305
780.497433872873
1494.5911497200782
3000.0
2195.448574640506
3000.0
3000.0
3000.0
-3000.0
-3000.0
-2904.7459893048135
-2131.110623824379
793.5886067601075
-1475.89339740596
3000.0
3000.0
-1406.9178888844326
3000.0
3000.0
3000.0
3000.0
-3000.0
-3000.0
-3000.0
-3000.0
3000.0
3000.0
3000.0
3000.0
3000.0
3000.0
3000.0
3000.0
3000.0
-3000.0
-3000.0
-3000.0
-3000.0
3000.0
3000.0
3000.0
3000.0
3000.0
-2365.7208737583214
-2473.4925147926388
-3000.0
-3000.0
-3000.0
3000.0
3000.0
3000.0
3000.0
3000.0
3000.0
3000.0
3000.0
3000.0
-3000.0
-2766.891028371816
-2115.643504529631
-633.5314901263919
3000.0
3000.0
3000.0
3000.0
0.0
0.0
3000.0
1157.549234135666
610.1380198844024
-358.0830457409643
-757.9539385695284
-1711.958963239922
-1976.2903352232051
-2035.4577211363464
3000.0
3000.0
3000.0
3000.0
-3000.0
-3000.0
-1615.5447605829286
-266.8688956652222
1431.4016670049432
2555.3022006846104
3000.0
3000.0
3000.0
3000.0
0.0
0.0
0.0
3000.0
3000.0
3000.0
498.72122762148206
-666.8774549942941
-76.60878616211085
117.93987961381845
491.0752131258962
1175.207846198389
1306.111582131639
1465.0801655279784
1293.6727737532165
-1636.3636363636365
3000.0
-696.969696969697
3000.0
3000.0
3000.0
3000.0
3000.0
3000.0
3000.0
0.0
0.0
0.0
0.0
-1454.5454545454545
-1729.306857119268
-2324.292685605501
-2834.5926122800447
-3000.0
-3000.0
-3000.0
-3000.0
3000.0
3000.0
3000.0
3000.0
3000.0
3000.0
3000.0
3000.0
3000.0
1585.3499018966636
647.593434697329
3000.0
3000.0
3000.0
3000.0
1851.0365656620136
2793.660819996309
-696.969696969697
-832.1167883211688
-1454.6578934349172
3000.0
-2696.9696969696975
-2088.7425061061367
-2513.9703698328713
-2335.5771230747814
-2124.9944990328913
-3000.0
3000.0
3000.0
3000.0
3000.0
3000.0
3000.0
3000.0
3000.0
3000.0
3000.0
3000.0
3000.0
866.6529161669619
159.09138152455398
3000.0
-1014.153511159499
1079.5385815213067
-264.07612057123333
-1367.498361970138
-1485.9047113818287
-1736.168138197966
-2071.966297227581
-2367.0833803199885
-2762.5521330238344
-2119.7917224699167
3000.0
3000.0
3000.0
3000.0
3000.0
3000.0
3000.0
3000.0
3000.0
3000.0
-983.3506763787742
-2152.7774108003096
-2152.529718601022
-3000.0
3000.0
3000.0
3000.0
3000.0
3000.0
3000.0
3000.0
3000.0
-3000.0
318.0784608521535
3000.0
3000.0
3000.0
3000.0
3000.0
3000.0
3000.0
-1000.0000000000001
3000.0
1301.1871849081151
706.1993461632433
-760.5202746098657
-296.5502480040341
-57.706201908985804
-1407.6864149902704
-1771.0832153637311
-2589.418432227978
-3000.0
-3000.0
3000.0
3000.0
3000.0
3000.0
3000.0
3000.0
3000.0
-565.1697699890465
-1000.5881614016162
-3000.0
549.4989227736851
3000.0
3000.0
-363.6363636363636
-34.48275862068613
3000.0
1927.3297235679674
-455.03699198883714
-1497.9517746520105
-2266.900638257188
-2622.908789830294
-3000.0
-3000.0
-3000.0
3000.0
3000.0
3000.0
3000.0
3000.0
3000.0
3000.0
3000.0
3000.0
3000.0
3000.0
3000.0
3000.0
0.0
-545.4545454545455
-209.3023255813955
-1805.5555555555568
-2010.8137097909157
-1953.9531255480415
-2202.977253479842
-3000.0
3000.0
3000.0
3000.0
-3000.0
-3000.0
-3000.0
-3000.0
-3000.0
-3000.0
3000.0
3000.0
3000.0
3000.0
3000.0
3000.0
3000.0
3000.0
3000.0
3000.0
230.22432113341165
-737.8037780583982
721.4165378079422
2668.16895896426
1305.8766869115716
3000.0
3000.0
3000.0
706.3344818446849
876.5810431498971
40.18204319511324
-275.0424172469334
-150.14162054361304
3000.0
1790.8293735922864
-939.3939393939395
3000.0
3000.0
0.0
0.0
0.0
0.0
0.0
0.0
0.0
0.0
-1151.5151515151515
-900.0000000000009
3000.0
-1030.3030303030305
1230.1886792452797
786.3294117331052
1014.5650994563667
0.0
0.0
0.0
0.0
3000.0
3000.0
0.0
0.0
0.0
0.0
0.0
0.0
0.0
0.0
0.0
0.0
0.0
0.0
3000.0
728.503604712502
744.0428195528468
3000.0
3000.0
1722.839324578289
0.0
0.0
3000.0
0.0
0.0
0.0
0.0
0.0
0.0
0.0
0.0
0.0
-727.2727272727273
242.9869616752262
-1043.1515512369742
-2060.6371365226596
-2338.0027853367947
-2585.6757918828207
-3000.0
3000.0
3000.0
3000.0
3000.0
3000.0
3000.0
3000.0
-2162.891157246224
3000.0
3000.0
3000.0
3000.0
0.0
0.0
0.0
0.0
0.0
0.0
0.0
3000.0
3000.0
3000.0
3000.0
3000.0
-2302.7522935779816
-2790.043424142923
-3000.0
-3000.0
-3000.0
3000.0
3000.0
3000.0
3000.0
3000.0
3000.0
3000.0
3000.0
2636.9778869778866
3000.0
3000.0
3000.0
0.0
0.0
-818.1818181818182
-1927.9279279279283
-2499.382550335571
-2906.8029943982083
-3000.0
3000.0
3000.0
3000.0