Demand
3000.0
3000.0
3000.0
3000.0
3000.0
3000.0
3000.0
3000.0
3000.0
3000.0
3000.0
3000.0
3000.0
3000.0
3000.0
3000.0
457.28567356079634
-2818.48122938892
-3000.0
-3000.0
3000.0
3000.0
3000.0
3000.0
3000.0
3000.0
3000.0
3000.0
3000.0
3000.0
3000.0
3000.0
-3000.0
-3000.0
-3000.0
-1437.700218944221
3000.0
3000.0
3000.0
3000.0
3000.0
2184.514687139832
-775.8283791300291
-1488.6839091920865
-421.50616116765286
3000.0
3000.0
-3000.0
-3000.0
-3000.0
-3000.0
-3000.0
-3000.0
-3000.0
3000.0
3000.0
3000.0
3000.0
3000.0
3000.0
3000.0
3000.0
0.0
0.0
0.0
-1060.6060606060607
204.18848167539295
-1372.6233895486794
-1997.8309275860192
-2620.6052726596918
-2902.1827520630713
-3000.0
3000.0
3000.0
3000.0
3000.0
3000.0
-3000.0
-2770.4697986577185
-1750.3832076188146
-1533.3017041637615
-1556.7637664590736
313.6668411469748
2677.2361179003346
2423.0370524935834
-34.94104511453088
3000.0
3000.0
3000.0
3000.0
-3000.0
-3000.0
3000.0
3000.0
3000.0
-3000.0
3000.0
3000.0
3000.0
3000.0
-3000.0
-3000.0
-554.6475995914125
3000.0
3000.0
3000.0
3000.0
3000.0
3000.0
3000.0
-593.7789298278103
-291.8224467285472
-1562.9235289368453
-792.0766107672875
-1850.144091702503
-2604.38926649128
-3000.0
-3000.0
-3000.0
3000.0
3000.0
3000.0
3000.0
3000.0
3000.0
3000.0
-2802.3077436136873
-1433.8112249424164
-221.442628324829
1869.4843351037234
3000.0
3000.0
2323.3891726932447
1667.6153898017428
1101.0453824226915
-583.03237300202
-917.2277682768481
3000.0
3000.0
3000.0
-3000.0
3000.0
3000.0
3000.0
3000.0
-3000.0
-3000.0
-3000.0
-3000.0
-3000.0
-2763.26718966313
2063.6322001057306
-3000.0
3000.0
3000.0
3000.0
3000.0
3000.0
3000.0
3000.0
2762.350262148495
993.4906851012529
24.458788082451974
-1547.0046218408652
-2333.106600132326
-2631.300565391495
-2827.98109770852
-3000.0
-3000.0
-3000.0
3000.0
3000.0
3000.0
3000.0
3000.0
3000.0
3000.0
3000.0
3000.0
3000.0
3000.0
3000.0
545.4545454545455
-668.3937823834194
-169.95349784460905
-28.31203330541848
-1153.1193691864955
-2226.4539244519847
3000.0
3000.0
3000.0
3000.0
3000.0
-3000.0
-3000.0
-3000.0
-3000.0
-3000.0
3000.0
3000.0
3000.0
3000.0
3000.0
3000.0
3000.0
3000.0
3000.0
3000.0
3000.0
-969.6969696969697
-1121.0855949895613
-2014.6035454868695
-2707.5499001688577
-3000.0
-3000.0
-3000.0
3000.0
3000.0
3000.0
3000.0
3000.0
-3000.0
-3000.0
-2859.7203890651863
247.7124666764728
1927.7309157787697
1134.9762288866268
2169.9841860358265
3000.0
3000.0
3000.0
3000.0
3000.0
-966.8058006247439
3000.0
3000.0
-3000.0
3000.0
3000.0
3000.0
3000.0
3000.0
-3000.0
-3000.0
-3000.0
-2217.838765008578
3000.0
3000.0
3000.0
2334.538574731976
2523.882756040797
3000.0
3000.0
3000.0
2357.749613067742
-939.3939393939395
3000.0
-2317.993557294064
-2667.4545666199374
-3000.0
-3000.0
-3000.0
-3000.0
-3000.0
3000.0
3000.0
3000.0
3000.0
3000.0
3000.0
3000.0
-3000.0
3000.0
3000.0
3000.0
3000.0
3000.0
3000.0
3000.0
3000.0
0.0
0.0
-1424.2424242424245
-1049.5356037151696
-1735.2774118699172
-1904.805621761724
-2135.1021197125165
-1547.462569411785
3000.0
3000.0
3000.0
-3000.0
-3000.0
-3000.0
-2659.0093722035344
-1834.7052332290923
-2673.897318897639
3000.0
3000.0
3000.0
3000.0
3000.0
3000.0
3000.0
-3000.0
-3000.0
-3000.0
-3000.0
-3000.0
3000.0
3000.0
3000.0
3000.0
3000.0
-3000.0
-3000.0
-3000.0
-3000.0
3000.0
3000.0
3000.0
3000.0
3000.0
3000.0
3000.0
3000.0
3000.0
3000.0
3000.0
3000.0
3000.0
1802.0631850418995
-195.20800047985767
-1318.671042833352
3000.0
3000.0
-2701.269905261037
-3000.0
-3000.0
-3000.0
-3000.0
3000.0
3000.0
3000.0
3000.0
3000.0
3000.0
3000.0
3000.0
3000.0
-2911.7665917963413
146.88526260839126
-2646.8856544080045
-3000.0
-3000.0
3000.0
3000.0
3000.0
3000.0
3000.0
3000.0
3000.0
-3000.0
-2861.1940107673154
-2769.889559511893
-2825.770620025927
-3000.0
-3000.0
-3000.0
-3000.0
3000.0
3000.0
3000.0
3000.0
3000.0
3000.0
3000.0
3000.0
-3000.0
-3000.0
-3000.0
-3000.0
-3000.0
3000.0
3000.0
3000.0
3000.0
3000.0
3000.0
3000.0
3000.0
-2259.7402597402606
-1435.7521087783725
79.94199160317703
1473.0969837563355
3000.0
3000.0
3000.0
3000.0
2323.1179869737507
-1333.3333333333335
340.9090909090892
-547.7767265846746
-635.4417604528089
308.36255679766055
3000.0
-2495.1408537335474
-3000.0
-3000.0
3000.0
3000.0
3000.0
3000.0
3000.0
3000.0
3000.0
1481.0785376731249
3000.0
3000.0
3000.0
3000.0
0.0
0.0
0.0
0.0
0.0
3000.0
3000.0
3000.0
3000.0
3000.0
3000.0
1745.9643160577807
-1424.2424242424245
1139.3328700486454
1318.88937436155
68.32345955235405
1004.4986543986822
2071.766053001482
0.0
0.0
0.0
0.0
-181.8181818181818
3000.0
0.0
3000.0
3000.0
3000.0
3000.0
-1454.5454545454545
-1846.9750889679717
-2367.542474874568
-2833.966146458787
-3000.0
-3000.0
3000.0
3000.0
3000.0
3000.0
3000.0
-3000.0
-3000.0
-3000.0
-3000.0
1909.0909090908845
3000.0
3000.0
3000.0
3000.0
3000.0
3000.0
3000.0
3000.0
-181.8181818181818
2901.237370870698
-642.8673242761006
-1581.7179931042447
-2338.025055884744
-1992.5233664933821
-1787.235471310915
-2063.1453511548925
3000.0
3000.0
3000.0
3000.0
3000.0
3000.0
-228.44490752800175
458.63400719896754
3000.0
0.0
0.0
0.0
0.0
0.0
3000.0
3000.0
2757.57575757575
-222.898903775882
2250.828822268845
3000.0
106.82101899739837
3000.0
-1344.69696969697
-1591.935345525938
-1930.9087613566153
-2218.2002035295263
-2646.807343922418
3000.0
3000.0
3000.0
3000.0
3000.0
0.0
3000.0
3000.0
2846.1538461538466
3000.0
547.5763016158005
-1604.9261402258478
-2325.8726145583823
-1098.0398805866616
3000.0
3000.0
3000.0
-3000.0
-3000.0
-3000.0
-3000.0
-3000.0
-3000.0
3000.0
3000.0
3000.0
3000.0
3000.0
3000.0
3000.0
3000.0
3000.0
1339.4131641554313
-512.044614072609
732.8655989600798
157.63170841903457
-1095.9313053023175
-464.5553425334688
228.4066825097416
-589.5660035048281
3000.0
-2748.7603305785124
-3000.0
-3000.0
3000.0
3000.0
3000.0
-3000.0
-2772.9808727251193
-2539.571802064451
-3000.0
3000.0
3000.0
-3000.0
3000.0
3000.0
3000.0
3000.0
3000.0
3000.0
3000.0
195.81425155826537
-1040.4886275757344
-1846.658637123176
-1705.548421365942
3000.0
3000.0
3000.0
3000.0
-3000.0
-3000.0
-3000.0
-3000.0
3000.0
3000.0
3000.0
3000.0
3000.0
3000.0
3000.0
3000.0
0.0
3000.0
3000.0
3000.0
3000.0
3000.0
-2516.0948001414927
-3000.0
-3000.0
-3000.0
3000.0
3000.0
3000.0
3000.0
3000.0
-3000.0
-3000.0
2341.059430178835
3000.0
3000.0
3000.0
3000.0
3000.0
3000.0
3000.0
1007.4211502782923
260.08064516129025
-917.180951323322
-1637.3281531424736
-1348.7841860654817
-1221.8418806499758
-981.4862966052823
-470.1415768946654
3000.0
3000.0
1982.2022209345166
730.2291991967811
-1848.4848484848487
-250.4979811574699
-401.0907818226424
1843.5019298739917
2133.584925661354
2901.3006084547824
3000.0
3000.0
3000.0
0.0
0.0
0.0
0.0
0.0
0.0
0.0
3000.0
3000.0
845.1654352714409
3000.0
817.4292000168484
-1303.030303030303
2896.141814389988
3000.0
3000.0
3000.0
3000.0
0.0
0.0
0.0
0.0
0.0
0.0
0.0
0.0
3000.0
3000.0
3000.0
0.0
0.0
0.0
-818.1818181818182
-1045.0450450450453
-1107.0902908186563
2063.2333112235237
802.5905527576881
617.7611047016869
0.0
0.0
0.0
3000.0
0.0
0.0
0.0
0.0
0.0
0.0
0.0
0.0
-727.2727272727273
-707.0063694267533
-1554.50210993588
-2183.345162130896
-803.7930553818214
3000.0
3000.0
-3000.0
-3000.0
-3000.0
-3000.0
3000.0
3000.0
3000.0
3000.0
3000.0
3000.0
3000.0
3000.0
3000.0
3000.0
0.0
0.0
0.0
0.0
0.0
0.0
3000.0
1284.7075405214946
-1070.0288522530013
-1703.3558540330034
-1582.9592183447303
-2382.1294469121267
3000.0
3000.0
3000.0
3000.0
3000.0
3000.0
-3000.0
-3000.0
-3000.0
3000.0
3000.0
2304.8287024548126
3000.0
0.0
0.0
0.0
0.0
3000.0
3000.0
3000.0
3000.0
3000.0
3000.0
-3000.0
3000.0