Demand
-3000.0
-3000.0
-3000.0
-3000.0
-3000.0
3000.0
3000.0
3000.0
3000.0
3000.0
3000.0
3000.0
3000.0
3000.0
3000.0
-1909.0909090909095
-1617.283950617284
-2927.1629520200404
-3000.0
-3000.0
3000.0
3000.0
3000.0
3000.0
3000.0
-3000.0
-3000.0
-3000.0
-3000.0
-3000.0
-3000.0
3000.0
3000.0
3000.0
3000.0
3000.0
3000.0
3000.0
3000.0
2806.3369854900793
611.2179605366573
363.2274455377981
-2181.818181818182
-2066.666666666667
-2696.092619392185
-3000.0
-3000.0
3000.0
3000.0
3000.0
3000.0
3000.0
-3000.0
-3000.0
2895.6829232355935
3000.0
3000.0
3000.0
3000.0
3000.0
0.0
0.0
0.0
0.0
3000.0
1658.631973820737
482.0441012638498
-1240.8110294795904
-1852.382171550712
-2482.731837514906
-2647.458625062186
3000.0
3000.0
3000.0
-3000.0
-3000.0
-3000.0
-3000.0
3000.0
3000.0
3000.0
3000.0
3000.0
-2393.939393939394
3000.0
3000.0
3000.0
3000.0
-3000.0
-3000.0
-3000.0
-3000.0
-3000.0
-3000.0
-3000.0
3000.0
3000.0
3000.0
3000.0
3000.0
3000.0
3000.0
3000.0
-2299.453765119002
-1964.9176995723083
-2319.3177953812647
-2883.164365523132
-3000.0
-3000.0
3000.0
3000.0
3000.0
3000.0
3000.0
3000.0
3000.0
3000.0
3000.0
-3000.0
-3000.0
-3000.0
-3000.0
3000.0
3000.0
3000.0
3000.0
3000.0
-754.5454545454563
1832.2596837613928
3000.0
3000.0
3000.0
3000.0
1434.201586394411
1019.2925693157376
256.7931016089251
3000.0
3000.0
3000.0
3000.0
3000.0
-3000.0
-3000.0
-3000.0
-3000.0
-3000.0
-3000.0
3000.0
3000.0
3000.0
3000.0
3000.0
3000.0
3000.0
3000.0
3000.0
3000.0
3000.0
3000.0
3000.0
3000.0
3000.0
-1545.4545454545457
3000.0
-2375.6845564074483
-2661.8386681741986
-2847.9135432921858
-3000.0
-3000.0
-3000.0
-3000.0
3000.0
3000.0
3000.0
3000.0
3000.0
3000.0
-1807.309946359161
-1965.0866196552606
-3000.0
1086.3970278076838
3000.0
3000.0
2220.177078774487
2541.3523404498906
1679.5134529300735
-326.4098014229485
3000.0
-3000.0
3000.0
3000.0
-3000.0
-3000.0
-3000.0
3000.0
3000.0
3000.0
3000.0
3000.0
3000.0
3000.0
3000.0
2135.639965274967
3000.0
1267.059526145642
3000.0
3000.0
0.0
0.0
-969.6969696969697
-1056.1555075593947
-1906.263328849371
-2569.4814446536056
3000.0
3000.0
3000.0
-3000.0
-3000.0
-3000.0
-3000.0
-3000.0
3000.0
3000.0
3000.0
3000.0
3000.0
3000.0
-1315.270935960589
3000.0
3000.0
3000.0
1593.9074118493636
517.640809603758
-1309.2247403679312
-1867.6258735745187
-2306.254519357989
-3000.0
-3000.0
-3000.0
3000.0
3000.0
3000.0
3000.0
3000.0
3000.0
3000.0
3000.0
3000.0
3000.0
3000.0
1051.6225036254432
3000.0
3000.0
-1515.1515151515152
2629.2232168639957
2790.672602327822
-1123.8212962819389
-2053.9749121458917
-1588.7534024140887
3000.0
3000.0
-3000.0
-3000.0
3000.0
3000.0
3000.0
3000.0
3000.0
3000.0
-3000.0
-3000.0
-3000.0
-3000.0
-3000.0
3000.0
3000.0
3000.0
3000.0
3000.0
3000.0
3000.0
3000.0
1458.3225606837866
-2090.909090909091
3000.0
3000.0
-2374.6081504702206
-2734.025221746215
-3000.0
3000.0
3000.0
3000.0
3000.0
-3000.0
-2734.0399140321597
-2258.3419954500923
-2866.489643151087
-1522.3360607586362
-3000.0
3000.0
3000.0
3000.0
3000.0
3000.0
3000.0
3000.0
3000.0
-3000.0
-3000.0
-3000.0
3000.0
3000.0
3000.0
3000.0
3000.0
3000.0
-3000.0
-3000.0
-3000.0
-3000.0
-3000.0
-3000.0
3000.0
3000.0
3000.0
3000.0
3000.0
3000.0
3000.0
3000.0
3000.0
229.36840583899425
-890.4201240610619
-2049.172091366766
-2344.044282392668
-2597.243684308347
-2720.7852889666883
-3000.0
-3000.0
-3000.0
3000.0
3000.0
3000.0
3000.0
3000.0
3000.0
3000.0
3000.0
-2554.2521994134904
-3000.0
3000.0
3000.0
3000.0
3000.0
3000.0
3000.0
3000.0
-3000.0
-3000.0
-3000.0
-3000.0
-3000.0
-3000.0
3000.0
3000.0
3000.0
3000.0
3000.0
3000.0
3000.0
3000.0
3000.0
3000.0
3000.0
1080.171796707205
1128.9875738441233
3000.0
-3000.0
-3000.0
-3000.0
-3000.0
3000.0
3000.0
3000.0
3000.0
3000.0
3000.0
3000.0
3000.0
-3000.0
-2775.6326148078724
-2126.6447844722816
-472.7927957512088
3000.0
3000.0
3000.0
3000.0
0.0
3000.0
3000.0
1237.918215613382
690.6333814730765
-300.2134698781979
-734.2314581523401
-1732.230477324195
-2081.9961231776106
-2409.9741289528074
-3000.0
3000.0
3000.0
3000.0
3000.0
3000.0
-2020.2592621997474
-1254.8434869296443
-387.7621762331805
358.66186518310747
3000.0
3000.0
3000.0
0.0
0.0
0.0
0.0
0.0
0.0
-696.969696969697
1401.190380439154
-127.69635488500808
659.7571609487477
889.2055081930857
1301.4485654241082
1975.3383202403738
1769.849794045247
1641.5152729972679
1153.933743304464
-1636.3636363636365
3000.0
3000.0
3000.0
3000.0
3000.0
3000.0
-181.8181818181818
3000.0
0.0
0.0
0.0
0.0
0.0
-1454.5454545454545
-1560.0
3000.0
3000.0
-3000.0
-3000.0
-3000.0
-3000.0
3000.0
3000.0
3000.0
3000.0
3000.0
3000.0
3000.0
3000.0
3000.0
3000.0
3000.0
3000.0
3000.0
3000.0
3000.0
3000.0
3000.0
3000.0
-402.53164556962156
-1348.2324540844284
-2047.586949806615
2139.5037751711016
3000.0
621.8427900052732
3000.0
-2797.6730427923485
-3000.0
-3000.0
-2325.4370870732982
3.0920827053496396
2079.2243805043227
2862.5623599564415
3000.0
3000.0
3000.0
3000.0
0.0
0.0
-454.54545454545456
500.00000000000136
-1696.9696969696972
3000.0
3000.0
3000.0
3000.0
3000.0
3000.0
3000.0
3000.0
3000.0
-2775.8846657929244
-2451.4766630582617
-1557.7422149479578
-1469.4391522695166
3000.0
3000.0
3000.0
3000.0
3000.0
3000.0
3000.0
3000.0
-729.2625868566802
3000.0
-947.3706519903171
3000.0
-3000.0
-3000.0
-3000.0
3000.0
3000.0
3000.0
3000.0
3000.0
-3000.0
-1389.4071880268466
65.01368757371483
3000.0
3000.0
3000.0
3000.0
3000.0
3000.0
1864.257873656194
-339.1367075462813
1084.6275680523822
307.1230775989379
-1028.801909341341
873.2408585083558
3000.0
-1384.8878394332942
-1787.3443113329295
-2615.6641605958894
-3000.0
-3000.0
-3000.0
-3000.0
3000.0
3000.0
3000.0
3000.0
3000.0
3000.0
3000.0
3000.0
3000.0
3000.0
3000.0
3000.0
112.83871636656727
1911.4394189301834
1533.5692523003167
-661.1627842839248
-1610.1525486324415
-2308.7210987977587
-2626.4515587799524
-3000.0
-3000.0
3000.0
3000.0
3000.0
3000.0
3000.0
-3000.0
647.264000656884
321.2464626348599
3000.0
3000.0
3000.0
3000.0
3000.0
3000.0
0.0
-545.4545454545455
-96.77419354838821
-1710.4542966611925
932.3155203666099
3000.0
-2475.258918296893
-3000.0
-3000.0
-3000.0
-3000.0
3000.0
3000.0
3000.0
3000.0
3000.0
3000.0
3000.0
3000.0
3000.0
3000.0
3000.0
3000.0
3000.0
3000.0
3000.0
3000.0
-2030.3030303030305
-1070.5762883980706
-563.6683939442405
-275.8030054071314
207.13762559043926
1029.4233590591389
3000.0
3000.0
3000.0
2500.260787768738
-415.87169743910135
3000.0
-119.37264013941513
2554.896468517016
2521.07666542639
2967.829373688889
3000.0
0.0
0.0
0.0
0.0
0.0
3000.0
3000.0
3000.0
0.0
3000.0
3000.0
3000.0
3000.0
-1212.1212121212122
3000.0
1535.6149732620315
3000.0
3000.0
3000.0
0.0
0.0
0.0
0.0
0.0
0.0
0.0
0.0
0.0
0.0
0.0
0.0
3000.0
3000.0
3000.0
2821.9647712495575
-883.1660806318132
-840.5537035906027
3000.0
773.3269084697299
-1212.1212121212122
3000.0
3000.0
3000.0
3000.0
3000.0
0.0
0.0
0.0
0.0
0.0
0.0
0.0
-727.2727272727273
-626.3736263736287
-1356.482476886691
2645.1410444605153
3000.0
-2828.700225394441
-3000.0
-3000.0
-3000.0
3000.0
3000.0
3000.0
3000.0
3000.0
3000.0
3000.0
3000.0
3000.0
3000.0
3000.0
0.0
0.0
0.0
0.0
0.0
3000.0
3000.0
3000.0
454.54545454545996
3000.0
-1992.5220938137325
-2039.1311647212724
-2688.8128337132794
-3000.0
-3000.0
3000.0
3000.0
3000.0
3000.0
3000.0
3000.0
3000.0
3000.0
3000.0
2169.331872946328
0.0
0.0
0.0
3000.0
3000.0
3000.0
-1799.4424655412722
-2305.6340234278705
-1117.523369678046
3000.0
3000.0
3000.0
3000.0