Demand
3000.0
3000.0
3000.0
3000.0
3000.0
3000.0
3000.0
3000.0
3000.0
3000.0
3000.0
3000.0
3000.0
3000.0
3000.0
3000.0
3000.0
3000.0
3000.0
3000.0
3000.0
3000.0
3000.0
3000.0
3000.0
3000.0
3000.0
3000.0
3000.0
3000.0
3000.0
3000.0
3000.0
3000.0
-3000.0
-403.26004756135353
3000.0
3000.0
3000.0
3000.0
-1242.4242424242425
3000.0
3000.0
3000.0
3000.0
-3000.0
3000.0
3000.0
3000.0
3000.0
-3000.0
-3000.0
-3000.0
3000.0
3000.0
3000.0
3000.0
3000.0
3000.0
3000.0
3000.0
3000.0
3000.0
0.0
0.0
-1060.6060606060607
233.81770145310475
-1359.66083734996
-1965.2142920350543
-2580.9998573834846
-2861.9278062074136
3000.0
3000.0
3000.0
3000.0
-3000.0
-3000.0
-3000.0
-2366.568914956011
2637.4729383979493
2528.5041760691083
1355.4623140468757
3000.0
3000.0
3000.0
1384.323624738652
3000.0
-2374.856880511027
3000.0
3000.0
3000.0
-3000.0
-3000.0
-3000.0
-3000.0
-3000.0
-3000.0
-3000.0
3000.0
3000.0
3000.0
3000.0
3000.0
3000.0
3000.0
3000.0
3000.0
-3000.0
-3000.0
-3000.0
3000.0
3000.0
2215.6862745098106
3000.0
173.01788711064046
-930.5039806673303
3000.0
3000.0
3000.0
3000.0
-3000.0
-3000.0
-3000.0
-3000.0
-3000.0
-1683.9826839826865
3000.0
3000.0
3000.0
3000.0
3000.0
3000.0
3000.0
3000.0
261.52267379111527
-1063.2731961556842
-1952.6034088622673
-3000.0
3000.0
3000.0
3000.0
3000.0
3000.0
3000.0
3000.0
3000.0
-3000.0
-3000.0
-3000.0
-3000.0
-2295.6751985878236
3000.0
3000.0
3000.0
3000.0
3000.0
3000.0
3000.0
3000.0
0.0
-454.54545454545456
1428.571428571431
-1545.4545454545457
-1527.2617853560687
-2328.999049345158
-2635.105116756041
-2835.1292234199027
-3000.0
-3000.0
-3000.0
-3000.0
3000.0
3000.0
3000.0
3000.0
3000.0
3000.0
3000.0
3000.0
3000.0
3000.0
3000.0
3000.0
3000.0
-766.5595521923915
-811.8830256747519
-1777.086168114759
-2674.2034464606268
-3000.0
-3000.0
-3000.0
3000.0
3000.0
3000.0
3000.0
3000.0
3000.0
3000.0
3000.0
-150.16346157202406
340.9879666521001
1739.021121425868
3000.0
3000.0
847.577241275299
0.0
3000.0
3000.0
0.0
-969.6969696969697
-1056.1555075593947
-1906.263328849371
-2569.4814446536056
3000.0
3000.0
3000.0
-3000.0
-3000.0
-3000.0
-3000.0
-3000.0
-3000.0
-3000.0
3000.0
3000.0
3000.0
3000.0
3000.0
3000.0
3000.0
3000.0
985.0187265917607
66.27580162591812
-1516.0300235710292
-1985.592508355372
-2347.5552385644423
-3000.0
-3000.0
3000.0
3000.0
3000.0
3000.0
3000.0
-3000.0
-3000.0
-2601.2572291518873
-349.4767074491242
-19.001443926806132
3000.0
-73.23160978743226
691.7730821453447
2603.470743894635
3000.0
3000.0
3000.0
3000.0
-1353.5285445526636
-1757.4838137813394
3000.0
3000.0
3000.0
3000.0
-3000.0
-3000.0
-3000.0
3000.0
3000.0
3000.0
3000.0
3000.0
3000.0
3000.0
-3000.0
-3000.0
2342.0805998125597
3000.0
3000.0
3000.0
0.0
0.0
0.0
0.0
379.55532166820194
-1060.4897689690429
-1787.367873926526
-2050.752974661391
-2422.9263748311787
-2798.350041054592
-3000.0
-3000.0
3000.0
3000.0
3000.0
3000.0
3000.0
3000.0
-2935.9214930119406
-2502.0136518956806
-3000.0
-3000.0
-3000.0
-3000.0
3000.0
3000.0
3000.0
3000.0
3000.0
3000.0
3000.0
-3000.0
-3000.0
-3000.0
-3000.0
-3000.0
-3000.0
3000.0
3000.0
3000.0
3000.0
3000.0
3000.0
3000.0
3000.0
-2546.1857177674883
3000.0
3000.0
0.0
0.0
0.0
0.0
-757.5757575757576
3000.0
3000.0
-759.6855699045509
406.7218822388902
3000.0
3000.0
3000.0
3000.0
-3000.0
-3000.0
-3000.0
-2862.318840579711
-1531.0160192406977
3000.0
-536.4468515289418
3000.0
3000.0
1571.8640850293632
3000.0
3000.0
3000.0
3000.0
3000.0
3000.0
3000.0
3000.0
-3000.0
-3000.0
-3000.0
-3000.0
-3000.0
3000.0
3000.0
3000.0
3000.0
3000.0
3000.0
3000.0
-3000.0
2577.981651376145
-3000.0
-1820.293522884941
290.1571851495803
3000.0
-265.7842866595747
3000.0
3000.0
3000.0
3000.0
3000.0
3000.0
3000.0
-3000.0
-3000.0
-3000.0
-3000.0
-3000.0
3000.0
3000.0
3000.0
3000.0
3000.0
3000.0
3000.0
3000.0
3000.0
3000.0
3000.0
-515.1515151515152
3000.0
2073.569482288827
559.3706997211639
-24.5564080018994
-1311.8315268578156
-1669.9847932374496
-1893.1402093274994
3000.0
3000.0
3000.0
3000.0
3000.0
3000.0
-1332.2884012539198
443.1262452454248
2558.332724029162
3000.0
3000.0
3000.0
3000.0
3000.0
0.0
0.0
0.0
3000.0
3000.0
1919.3110844741643
-1545.4545454545457
-906.5420560747666
-333.7704918032787
-97.27612651042273
350.40027961266696
1132.6422030307185
1110.672595538529
823.2722015962484
-1151.5151515151515
-94.85606418121779
778.3788983819081
1851.9959734539489
0.0
0.0
0.0
0.0
-181.8181818181818
3000.0
0.0
0.0
0.0
0.0
3000.0
1239.669421487607
-1636.6683779784362
3000.0
-2939.3939393939395
-3000.0
-3000.0
-3000.0
-3000.0
-3000.0
3000.0
3000.0
3000.0
3000.0
3000.0
3000.0
3000.0
3000.0
3000.0
3000.0
3000.0
3000.0
3000.0
0.0
-878.7878787878788
3000.0
-696.969696969697
3000.0
-1737.7622377622374
-2297.2764721571875
985.7998615948806
3000.0
3000.0
-2562.485008395299
-2506.4245117153496
-3000.0
3000.0
3000.0
3000.0
3000.0
3000.0
3000.0
3000.0
3000.0
3000.0
3000.0
3000.0
3000.0
486.16600790513576
34.518026080284244
-921.9360918670027
3000.0
1975.502281907358
267.6389216804978
-1048.5351799278205
-1149.4836097415164
-1403.4292215056284
-1757.259205039687
-2040.789640938805
-2486.2869030117554
3000.0
3000.0
3000.0
3000.0
3000.0
3000.0
3000.0
0.0
-1333.3333333333335
1141.7565485362084
-304.64626654745916
-1934.4468334520168
-2543.9977186382603
-2457.9781327673854
3000.0
3000.0
3000.0
-3000.0
-3000.0
-3000.0
3000.0
3000.0
3000.0
3000.0
3000.0
3000.0
931.0344827586202
3000.0
3000.0
3000.0
0.0
0.0
-1000.0000000000001
-355.371900826447
1138.3783783783774
206.88808104279292
-1114.8620709177187
3000.0
288.6695767697845
-1234.9294297164286
-1663.69191570594
-2570.327683391699
-3000.0
-3000.0
-3000.0
3000.0
3000.0
3000.0
3000.0
3000.0
3000.0
3000.0
3000.0
3000.0
3000.0
3000.0
3000.0
3000.0
56.95676274944435
1854.6435743367074
1370.3651822537634
-792.8958940193093
-1653.8581116538899
-2260.630812731595
-2392.6106556106406
3000.0
3000.0
3000.0
-3000.0
-3000.0
-3000.0
-3000.0
3000.0
3000.0
3000.0
3000.0
3000.0
3000.0
3000.0
3000.0
3000.0
3000.0
3000.0
3000.0
-442.7390791027169
-663.4225292863634
23.264864627593397
154.43897646230062
3000.0
3000.0
3000.0
3000.0
3000.0
3000.0
-3000.0
-3000.0
-3000.0
-3000.0
-2891.5937618866483
-1044.8464872602754
2745.4154292007524
3000.0
3000.0
3000.0
3000.0
3000.0
-1181.818181818182
1999.9999999999854
-2030.3030303030305
2475.5043227665574
2722.300029588724
1548.3811850211787
3000.0
238.35391828587535
3000.0
2671.1965853897846
118.82332377626471
276.58561921464275
-400.1908646615675
-740.5301073940782
-829.5567914009885
1159.4794124214332
1438.2693154116423
2065.881315364498
3000.0
0.0
0.0
0.0
0.0
3000.0
3000.0
3000.0
3000.0
0.0
-1151.5151515151515
-1227.4325908558033
-645.3925413770044
1602.1828424176217
882.5098100582663
520.5982268583803
763.5502067357056
0.0
0.0
0.0
0.0
3000.0
3000.0
3000.0
3000.0
3000.0
3000.0
0.0
0.0
0.0
0.0
0.0
0.0
0.0
0.0
-818.1818181818182
3000.0
-1197.6284584980249
1559.0664252182842
731.7398286556531
692.0044079726108
0.0
0.0
0.0
0.0
0.0
0.0
0.0
3000.0
3000.0
3000.0
3000.0
3000.0
2612.0774532326823
-1909.0909090909095
3000.0
-1686.2996158770811
-1946.9773627453833
-1969.4538752092355
3000.0
3000.0
3000.0
3000.0
3000.0
3000.0
3000.0
3000.0
-1777.1520514883368
3000.0
3000.0
3000.0
3000.0
3000.0
0.0
0.0
0.0
3000.0
3000.0
3000.0
3000.0
3000.0
2029.026575783102
-783.775907614593
-1529.144987449964
-1440.298132800256
-2385.435264915448
-3000.0
3000.0
3000.0
3000.0
3000.0
3000.0
3000.0
3000.0
-3000.0
3000.0
3000.0
1342.4858202870691
3000.0
0.0
0.0
0.0
0.0
-818.1818181818182
-1920.6349206349214
-2480.99329175003
-2892.7356415452314
-3000.0
3000.0
3000.0
3000.0