Demand
3000.0
3000.0
3000.0
3000.0
3000.0
3000.0
3000.0
3000.0
3000.0
3000.0
3000.0
3000.0
3000.0
3000.0
3000.0
3000.0
3000.0
3000.0
3000.0
-3000.0
-3000.0
-3000.0
-3000.0
3000.0
3000.0
3000.0
3000.0
3000.0
-3000.0
-3000.0
-3000.0
-3000.0
-3000.0
3000.0
3000.0
3000.0
3000.0
3000.0
3000.0
3000.0
3000.0
3000.0
-69.96668253212965
-1325.8996646947026
-2378.301050180332
-3000.0
3000.0
3000.0
3000.0
3000.0
3000.0
3000.0
3000.0
-3000.0
3000.0
3000.0
3000.0
3000.0
3000.0
0.0
0.0
0.0
0.0
3000.0
3000.0
3000.0
811.6258741258757
-1149.7488779413254
-159.4537007634517
3000.0
-2890.909090909092
-3000.0
3000.0
3000.0
3000.0
3000.0
-3000.0
-3000.0
-2697.56519346788
-1066.9267926650605
-244.92602101929378
723.8401168771152
3000.0
3000.0
3000.0
1611.1634499705326
3000.0
3000.0
-3000.0
3000.0
3000.0
3000.0
3000.0
3000.0
-3000.0
-3000.0
-3000.0
-3000.0
-3000.0
-3000.0
-3000.0
3000.0
3000.0
3000.0
3000.0
3000.0
3000.0
3000.0
3000.0
3000.0
1189.555125725337
1665.6693566393396
-593.1336653183357
914.4185497384383
-960.5690728845934
-2205.9308531451343
-3000.0
3000.0
3000.0
3000.0
3000.0
3000.0
3000.0
3000.0
3000.0
-2901.1538718068423
-2757.7255212938244
-878.1401714446406
1124.7017829662864
3000.0
3000.0
3000.0
3000.0
2174.8546952412753
1229.21080931303
-485.1151810295255
3000.0
-3000.0
3000.0
3000.0
3000.0
3000.0
-3000.0
-3000.0
-3000.0
-3000.0
-3000.0
3000.0
3000.0
3000.0
3000.0
3000.0
3000.0
3000.0
3000.0
3000.0
3000.0
3000.0
3000.0
3000.0
3000.0
1110.9753969638805
76.35000469397846
-1520.258932093068
-2296.37389846311
-2573.588641102514
-2748.109949864499
-3000.0
3000.0
3000.0
3000.0
3000.0
-3000.0
-3000.0
-3000.0
-3000.0
-3000.0
3000.0
3000.0
-3000.0
3000.0
3000.0
3000.0
3000.0
3000.0
3000.0
3000.0
-2775.089882901123
-3000.0
-3000.0
-3000.0
-3000.0
-3000.0
-3000.0
3000.0
3000.0
3000.0
3000.0
3000.0
3000.0
3000.0
3000.0
3000.0
3000.0
3000.0
3000.0
3000.0
3000.0
3000.0
1404.8442906574392
-1107.7621038956113
-2006.9859750404023
-2704.827868510599
-3000.0
-3000.0
-3000.0
3000.0
3000.0
3000.0
3000.0
3000.0
-3000.0
-3000.0
-2862.906862906306
592.5118362544699
2902.3012013630414
974.6672220238632
3000.0
3000.0
3000.0
3000.0
3000.0
-1666.6666666666667
1067.9694137638103
3000.0
3000.0
-3000.0
3000.0
3000.0
3000.0
3000.0
3000.0
3000.0
3000.0
-3000.0
-2120.3279479141556
3000.0
3000.0
3000.0
3000.0
3000.0
3000.0
1990.6338772122945
-1515.1515151515152
615.1645207439203
1257.7735693112866
-2181.818181818182
-2286.1356932153394
-2643.941224043946
-3000.0
-3000.0
-3000.0
-3000.0
3000.0
3000.0
3000.0
3000.0
3000.0
3000.0
-3000.0
-3000.0
-3000.0
-3000.0
-3000.0
3000.0
3000.0
3000.0
3000.0
3000.0
3000.0
3000.0
3000.0
458.7360752197908
-1135.7006002566986
3000.0
-539.2278953922787
-850.6325110689445
3000.0
-3000.0
3000.0
3000.0
3000.0
3000.0
3000.0
-2759.7669322492075
-2306.1762228804864
-2864.1519725237413
-821.0492360774706
3000.0
3000.0
3000.0
3000.0
3000.0
3000.0
-3000.0
-3000.0
3000.0
3000.0
3000.0
3000.0
3000.0
-3000.0
-3000.0
3000.0
3000.0
3000.0
-3000.0
-3000.0
-3000.0
-3000.0
-3000.0
-3000.0
-1640.8345752608075
3000.0
3000.0
3000.0
3000.0
3000.0
3000.0
3000.0
3000.0
969.7151916033462
-427.96882407780095
-1819.4214430388329
-2134.0966699328474
-2405.549533393646
-2477.916353911325
-3000.0
3000.0
3000.0
3000.0
3000.0
3000.0
3000.0
3000.0
-2479.3010335034714
-2270.1098348143523
-2102.4129597796164
-2695.09921287374
-3000.0
-2827.0097930612374
3000.0
-2143.9132733614206
-3000.0
3000.0
3000.0
3000.0
3000.0
3000.0
3000.0
3000.0
3000.0
-3000.0
-2666.578753375875
-2063.085462166001
3000.0
-3000.0
3000.0
3000.0
3000.0
3000.0
3000.0
3000.0
3000.0
2738.204916222162
-1554.5885160141042
3000.0
-3000.0
3000.0
3000.0
3000.0
3000.0
-3000.0
-3000.0
-3000.0
-3000.0
-3000.0
-3000.0
3000.0
3000.0
3000.0
3000.0
3000.0
3000.0
3000.0
3000.0
3000.0
3000.0
3000.0
-515.1515151515152
386.1940298507466
-17.482431452855508
-806.2837580390838
-1169.7699291398249
-1988.6953980910275
-2293.0869446195
-2576.956680578468
-3000.0
3000.0
3000.0
3000.0
3000.0
-3000.0
-1743.3070866141752
-615.4849331736568
761.2394679951494
1855.4778975758609
3000.0
3000.0
3000.0
3000.0
0.0
0.0
0.0
0.0
3000.0
3000.0
732.2420344928375
-517.6029811255971
76.23504701305683
246.2510932137577
589.5343492296538
1250.6327657330903
1419.5260950671282
1670.2098648254905
1685.0226589375093
173.98017079203214
1191.826462385465
2021.9326120557896
0.0
0.0
0.0
3000.0
-181.8181818181818
3000.0
0.0
0.0
0.0
0.0
0.0
-1454.5454545454545
-882.3529411764694
3000.0
-2872.5782414307014
-3000.0
-3000.0
3000.0
3000.0
3000.0
3000.0
-3000.0
-3000.0
-3000.0
-3000.0
-3000.0
2454.5454545454286
3000.0
3000.0
3000.0
3000.0
3000.0
3000.0
3000.0
3000.0
3000.0
-696.969696969697
-362.83764837835406
-1427.9530961890696
-2282.0278007038823
-1963.7417771701103
-1881.3644339921611
-2351.209335201631
-1882.734163885908
1472.2060939335424
3000.0
3000.0
3000.0
3000.0
3000.0
3000.0
3000.0
3000.0
3000.0
3000.0
3000.0
3000.0
-454.54545454545456
11.173184357541686
-354.8464697493
-1438.6904652377482
-861.2663530070645
1550.0695037691685
-82.40278239363624
-1232.067073619446
-1169.3667095567107
-1023.7382406908637
1620.9339426802492
3000.0
3000.0
-2701.288303369968
-2282.1930113591734
-2301.2623467652293
3000.0
3000.0
3000.0
3000.0
3000.0
-1333.3333333333335
3000.0
3000.0
-530.1614273576865
3000.0
243.50196104502538
3000.0
-3000.0
-3000.0
-3000.0
-3000.0
-3000.0
3000.0
3000.0
3000.0
3000.0
3000.0
-610.3896103896113
3000.0
3000.0
3000.0
3000.0
0.0
0.0
-1000.0000000000001
3000.0
1797.7609619570849
922.5492744059006
-672.1313669320089
104.26509903589294
742.4598243954395
-783.2921929101558
3000.0
3000.0
-3000.0
-3000.0
-3000.0
3000.0
3000.0
3000.0
3000.0
3000.0
3000.0
3000.0
1524.9679897567
3000.0
964.6125686394143
3000.0
3000.0
3000.0
313.3341196323763
2266.925857091959
1587.4612081180849
-734.4923266071473
-1589.2063775787058
-2141.9047015000006
-487.87962565654334
3000.0
3000.0
-3000.0
-3000.0
-3000.0
-3000.0
-3000.0
3000.0
3000.0
3000.0
3000.0
3000.0
3000.0
3000.0
3000.0
3000.0
3000.0
2348.9736070381223
-172.28724141977818
-1797.8012346548014
-2066.060045867219
-2137.77624122411
-2524.332011549289
-3000.0
-3000.0
-3000.0
-3000.0
3000.0
3000.0
3000.0
3000.0
3000.0
3000.0
3000.0
3000.0
3000.0
1498.406434967368
1630.2452609014524
0.0
0.0
-393.939393939394
802.8169014084497
-1484.848484848485
839.9999999999886
3000.0
-762.7118644067805
-599.2249313741336
-340.2688989777189
82.8806910942892
3000.0
3000.0
3000.0
2772.6341348736632
561.401876419689
441.3084716386811
3000.0
-1454.5454545454545
3000.0
3000.0
3000.0
3000.0
0.0
0.0
3000.0
3000.0
3000.0
3000.0
3000.0
0.0
-1151.5151515151515
-1054.0540540540546
354.19814375134865
3000.0
-1212.1212121212122
2916.589434661725
2924.1728364799524
3000.0
3000.0
3000.0
0.0
0.0
0.0
0.0
0.0
0.0
3000.0
3000.0
0.0
0.0
0.0
0.0
0.0
0.0
0.0
-818.1818181818182
-933.3333333333326
-603.4236804564907
3000.0
-1242.4242424242425
3000.0
3000.0
3000.0
3000.0
3000.0
3000.0
0.0
0.0
0.0
0.0
0.0
0.0
0.0
-727.2727272727273
891.2768647281907
-676.5137098915134
-1863.618302215962
-2142.0210717927157
-2337.960017795168
3000.0
3000.0
3000.0
3000.0
3000.0
3000.0
3000.0
3000.0
-1909.0909090909108
3000.0
3000.0
3000.0
3000.0
3000.0
3000.0
0.0
0.0
0.0
0.0
3000.0
3000.0
3000.0
3000.0
-637.3056994818635
-1329.8476312184987
-848.1922276669925
-1422.1865810299678
3000.0
3000.0
3000.0
3000.0
3000.0
-3000.0
-3000.0
-3000.0
-3000.0
3000.0
3000.0
3000.0
3000.0
3000.0
0.0
0.0
0.0
-818.1818181818182
3000.0
-2542.2999713220543
-2923.803906945139
-3000.0
-3000.0
3000.0
3000.0