Demand
-3000.0
3000.0
3000.0
3000.0
3000.0
3000.0
3000.0
3000.0
3000.0
-3000.0
-3000.0
-3000.0
-3000.0
-1341.818181818183
3000.0
3000.0
3000.0
3000.0
3000.0
3000.0
3000.0
3000.0
3000.0
-3000.0
-3000.0
-3000.0
3000.0
3000.0
3000.0
3000.0
3000.0
3000.0
3000.0
3000.0
3000.0
-2191.489361702127
3000.0
3000.0
3000.0
-393.939393939394
573.8125802310644
-1333.3333333333335
-1232.7272727272732
-1976.4086566582175
-2609.912313931477
-3000.0
3000.0
3000.0
3000.0
-3000.0
-3000.0
-3000.0
3000.0
3000.0
3000.0
3000.0
3000.0
3000.0
3000.0
0.0
0.0
0.0
0.0
0.0
0.0
-1060.6060606060607
255.3191489361709
-1350.4443361205904
-1938.3308696325867
-2540.0465206819517
-2769.4507219394663
3000.0
3000.0
3000.0
-3000.0
-3000.0
-3000.0
3000.0
3000.0
3000.0
3000.0
3000.0
3000.0
3000.0
3000.0
3000.0
-2129.889600654219
-2834.0031137969445
-3000.0
3000.0
3000.0
3000.0
3000.0
3000.0
-3000.0
-3000.0
3000.0
3000.0
3000.0
3000.0
3000.0
3000.0
-2793.5368508976444
-2305.267077930117
-1941.069037014916
-2268.683019543365
-2860.0620595808887
-3000.0
3000.0
3000.0
3000.0
3000.0
3000.0
3000.0
3000.0
-2668.7972109238826
-3000.0
-3000.0
-3000.0
-3000.0
-3000.0
3000.0
3000.0
3000.0
3000.0
3000.0
3000.0
-1651.2146895493715
-584.7914079767811
1384.8500421528079
3000.0
3000.0
1620.6712599864732
1275.559525528333
939.3687592901715
-390.82373766530145
3000.0
3000.0
-3000.0
3000.0
3000.0
3000.0
3000.0
-3000.0
-3000.0
-3000.0
-3000.0
-3000.0
-3000.0
-3000.0
-2703.896103896106
3000.0
3000.0
3000.0
3000.0
3000.0
3000.0
3000.0
3000.0
3000.0
3000.0
3000.0
3000.0
-453.3799533799561
-1471.1995976841063
3000.0
-456.61494729229616
3000.0
3000.0
-3000.0
-3000.0
-3000.0
-3000.0
-3000.0
-3000.0
3000.0
3000.0
3000.0
3000.0
3000.0
3000.0
3000.0
-260.1450601730826
-1207.8835793513617
-952.0432460389637
-984.908472050378
-1865.156411971054
-2692.4649505174402
-3000.0
-3000.0
3000.0
3000.0
3000.0
3000.0
3000.0
3000.0
3000.0
-3000.0
-2604.8363801427804
-1140.2368730055332
-1112.878458646539
-821.8051986093596
2549.2205599993704
3000.0
1324.2390461394461
3000.0
0.0
0.0
0.0
-969.6969696969697
-831.3253012048172
-725.3349573690457
3000.0
-3000.0
-3000.0
-3000.0
-3000.0
-3000.0
3000.0
3000.0
3000.0
3000.0
3000.0
3000.0
3000.0
3000.0
3000.0
3000.0
944.0068128592713
3000.0
3000.0
648.2309285017309
-182.7844678360275
-1634.8013099444415
-2067.3133613872524
-2397.394850612437
-3000.0
-3000.0
3000.0
3000.0
3000.0
3000.0
-3000.0
-3000.0
-3000.0
-1575.9899334102354
3000.0
3000.0
3000.0
3000.0
3000.0
3000.0
228.17922817922863
910.2917971635575
1521.9608274019736
2251.1866677615362
-1027.0901010677321
-2148.3397392050874
-2560.4765154082806
-3000.0
-3000.0
-3000.0
3000.0
3000.0
3000.0
3000.0
3000.0
3000.0
3000.0
-3000.0
-3000.0
-3000.0
-3000.0
-3000.0
3000.0
3000.0
3000.0
3000.0
3000.0
3000.0
3000.0
3000.0
3000.0
3000.0
3000.0
-1971.5475364330332
-2396.0375814464824
-2803.8972332643116
-3000.0
-3000.0
-3000.0
-3000.0
3000.0
3000.0
3000.0
3000.0
3000.0
3000.0
3000.0
3000.0
3000.0
-3000.0
-2441.8575147465353
-3000.0
3000.0
3000.0
3000.0
3000.0
3000.0
3000.0
3000.0
3000.0
-3000.0
-3000.0
-3000.0
-3000.0
-3000.0
3000.0
3000.0
3000.0
3000.0
3000.0
3000.0
3000.0
3000.0
3000.0
3000.0
3000.0
3000.0
3000.0
2509.0907216353476
40.564350853962424
-1007.6713516992631
-1928.952398614971
3000.0
3000.0
-2774.1580453444867
-3000.0
-3000.0
-3000.0
-3000.0
-3000.0
605.022928169763
3000.0
3000.0
3000.0
3000.0
3000.0
3000.0
3000.0
3000.0
3000.0
-2814.567142598952
-3000.0
3000.0
3000.0
-3000.0
-3000.0
-3000.0
-3000.0
-3000.0
3000.0
3000.0
3000.0
3000.0
3000.0
3000.0
3000.0
3000.0
-3000.0
1120.4819277108388
-3000.0
3000.0
3000.0
-1321.225211074024
-2330.4222623534015
3000.0
3000.0
-3000.0
-3000.0
-3000.0
-3000.0
-3000.0
-3000.0
3000.0
3000.0
3000.0
3000.0
3000.0
3000.0
3000.0
3000.0
3000.0
3000.0
3000.0
3000.0
3000.0
3000.0
3000.0
-515.1515151515152
1312.2420907840442
715.4001518493476
-288.61720887852925
-675.4783830076194
-1627.3535919126907
-1766.6390459919085
1037.656863747395
3000.0
3000.0
3000.0
-3000.0
-3000.0
-3000.0
-1078.266104756171
2404.1194054297584
3000.0
3000.0
3000.0
0.0
0.0
3000.0
3000.0
0.0
0.0
0.0
0.0
-696.969696969697
-13.824884792627472
-1001.4150886828888
-492.52581362166256
-306.4424149062056
57.27937134108129
733.0803301762624
896.5418275062914
1004.710106028255
-1151.5151515151515
3000.0
3000.0
3000.0
3000.0
3000.0
3000.0
3000.0
-181.8181818181818
3000.0
0.0
3000.0
3000.0
0.0
0.0
-1454.5454545454545
-1698.7951807228912
-1850.3270488649468
3000.0
3000.0
-3000.0
-3000.0
-3000.0
-3000.0
-3000.0
3000.0
3000.0
3000.0
3000.0
3000.0
3000.0
3000.0
1606.0606060606078
635.2843732744336
3000.0
3000.0
3000.0
0.0
-878.7878787878788
3000.0
-696.969696969697
-847.3862753913436
-1723.26468767968
-2426.8116951686543
-2200.7949178393555
-2174.557214495341
-2553.196464159172
-2360.3805111243655
-1977.9854317197332
3000.0
3000.0
3000.0
3000.0
3000.0
3000.0
3000.0
3000.0
3000.0
0.0
0.0
0.0
-454.54545454545456
127.6595744680858
-243.77770201159092
-1128.931624314454
3000.0
3000.0
3000.0
356.73839184597955
254.848301620053
-84.52088416507513
-512.9930786187515
-458.39475262405176
3000.0
3000.0
3000.0
3000.0
3000.0
3000.0
0.0
3000.0
0.0
3000.0
3000.0
3000.0
-455.8582212011861
-668.6504599912323
3000.0
3000.0
3000.0
-3000.0
-3000.0
-3000.0
-3000.0
-3000.0
-3000.0
-3000.0
3000.0
3000.0
3000.0
3000.0
3000.0
3000.0
3000.0
3000.0
3000.0
3000.0
1457.4780058651013
3000.0
1205.081542661165
-661.4803075835343
2647.628567092595
-1848.4848484848487
-1540.8000000000002
-1909.6022190214992
-2656.919248645614
-3000.0
-3000.0
-3000.0
-3000.0
3000.0
3000.0
3000.0
3000.0
3000.0
3000.0
3000.0
3000.0
-566.1563949111437
3000.0
0.0
-363.6363636363636
-358.3617747440271
1186.5511496167956
-1030.3030303030305
-750.0000000000005
-1624.6418338108888
-2238.462762370663
-2349.9901271797507
3000.0
3000.0
3000.0
-3000.0
-3000.0
-3000.0
-3000.0
3000.0
3000.0
3000.0
3000.0
3000.0
3000.0
3000.0
3000.0
3000.0
3000.0
3000.0
3000.0
3000.0
3000.0
-1711.9991630923741
-2171.4835948222253
-3000.0
3000.0
3000.0
3000.0
3000.0
3000.0
3000.0
3000.0
-3000.0
-3000.0
-2896.363636363636
-1284.5381133076162
1515.4644073948366
3000.0
3000.0
3000.0
3000.0
3000.0
1648.499065450107
393.9482565279668
-856.8818013727378
-687.9090277200999
3000.0
3000.0
3000.0
3000.0
3000.0
3000.0
3000.0
2922.0779220779027
-592.1867555978997
3000.0
-1111.936036550543
485.0231300149794
803.5405106910316
1517.2372060317393
3000.0
0.0
0.0
0.0
0.0
0.0
0.0
0.0
3000.0
3000.0
3000.0
3000.0
3000.0
3000.0
3000.0
3000.0
1135.7519016969
3000.0
0.0
0.0
0.0
0.0
0.0
0.0
0.0
0.0
0.0
0.0
3000.0
3000.0
3000.0
0.0
0.0
0.0
3000.0
2617.4289950952457
-927.7899849046253
-894.5992521076173
3000.0
650.5277479515346
-1212.1212121212122
3000.0
3000.0
3000.0
0.0
0.0
0.0
0.0
0.0
0.0
0.0
0.0
0.0
-727.2727272727273
-120.00000000000955
3000.0
-2028.409090909092
-2104.6710255050966
3000.0
3000.0
3000.0
3000.0
3000.0
-3000.0
-3000.0
-3000.0
3000.0
3000.0
3000.0
3000.0
3000.0
3000.0
3000.0
3000.0
3000.0
3000.0
3000.0
3000.0
3000.0
0.0
0.0
-1545.4545454545457
-1560.7476635514015
-2047.80376497433
-1984.3585143792207
-2551.2172443626996
3000.0
3000.0
3000.0
3000.0
-3000.0
-3000.0
-3000.0
-3000.0
-3000.0
3000.0
3000.0
3000.0
3000.0
3000.0
3000.0
3000.0
3000.0
1454.8168249660805
-2484.848484848485
3000.0
-2908.9768449868834
-3000.0
-3000.0
-3000.0
-3000.0