Demand
-15000.0
-15000.0
-15000.0
-15000.0
-15000.0
-15000.0
15000.0
15000.0
15000.0
15000.0
15000.0
15000.0
15000.0
-15000.0
-15000.0
-15000.0
-15000.0
15000.0
15000.0
15000.0
15000.0
15000.0
-15000.0
15000.0
15000.0
-15000.0
-15000.0
-13662.75659824047
-11993.530585339111
-12895.838846919334
15000.0
15000.0
15000.0
15000.0
15000.0
15000.0
-15000.0
-15000.0
15000.0
15000.0
-15000.0
-13903.318903318908
-13909.100851211202
15000.0
15000.0
15000.0
15000.0
15000.0
-15000.0
-15000.0
-15000.0
-15000.0
15000.0
15000.0
15000.0
15000.0
15000.0
-15000.0
-15000.0
-15000.0
-15000.0
-15000.0
-15000.0
-15000.0
15000.0
15000.0
15000.0
15000.0
15000.0
15000.0
15000.0
15000.0
-15000.0
-15000.0
-15000.0
-14541.025847491746
-11467.978143120665
-9929.080239846364
-6208.991632840157
15000.0
15000.0
15000.0
15000.0
15000.0
15000.0
15000.0
-15000.0
-15000.0
-13630.356427713257
-9387.092109702615
-8855.573555766128
15000.0
4648.2261157205785
15000.0
15000.0
15000.0
15000.0
-15000.0
-15000.0
-12729.485704169256
-13250.577304658098
-9402.749655703574
-3759.200556146693
15000.0
15000.0
15000.0
15000.0
15000.0
15000.0
-15000.0
-15000.0
-15000.0
-14500.681331516447
-14306.423219540477
-15000.0
15000.0
15000.0
15000.0
15000.0
15000.0
15000.0
15000.0
-15000.0
-15000.0
-15000.0
-15000.0
15000.0
15000.0
15000.0
15000.0
15000.0
-15000.0
-15000.0
-15000.0
-15000.0
-15000.0
-15000.0
-15000.0
15000.0
15000.0
15000.0
15000.0
15000.0
15000.0
15000.0
-15000.0
-15000.0
-14604.90535857105
-13635.869117890805
-13904.957170579513
-11358.72337037076
-10461.724563974825
-8135.843732448397
15000.0
15000.0
15000.0
15000.0
15000.0
15000.0
15000.0
15000.0
-15000.0
-13608.285179457966
-14239.51187666006
-14144.336181727736
-14499.457983685978
-14370.858052317035
-14092.768244780142
-13052.846965537981
15000.0
15000.0
15000.0
15000.0
15000.0
15000.0
15000.0
15000.0
15000.0
-15000.0
-15000.0
-15000.0
-15000.0
-15000.0
15000.0
15000.0
15000.0
15000.0
15000.0
15000.0
-15000.0
-15000.0
-15000.0
-15000.0
-15000.0
15000.0
15000.0
15000.0
15000.0
15000.0
-13006.99300699302
15000.0
15000.0
-15000.0
-15000.0
-15000.0
-15000.0
-15000.0
15000.0
15000.0
15000.0
15000.0
15000.0
15000.0
-15000.0
-14658.153830776151
-14615.09815863776
-13187.0422471284
-13297.844874148945
-14169.84186308202
-12825.65003217242
15000.0
15000.0
15000.0
15000.0
15000.0
15000.0
15000.0
-15000.0
-15000.0
-15000.0
15000.0
15000.0
15000.0
15000.0
-15000.0
-15000.0
-15000.0
-15000.0
15000.0
15000.0
15000.0
15000.0
15000.0
-14326.55070561208
-14210.898634846897
-13483.736046022488
-13417.598288288256
-11244.943159738159
15000.0
15000.0
15000.0
15000.0
15000.0
-15000.0
-15000.0
-14169.13964310503
-13041.703676079978
-11932.39017086201
-13264.927970691078
-11150.074824451709
15000.0
15000.0
15000.0
15000.0
15000.0
15000.0
15000.0
15000.0
-13944.281524926686
-13716.819973718793
-13208.579293555758
-12397.19137520136
15000.0
15000.0
15000.0
15000.0
15000.0
-14109.143005991147
3122.712986440517
15000.0
15000.0
-14621.765096217652
-15000.0
15000.0
15000.0
-15000.0
-15000.0
15000.0
15000.0
-15000.0
-12614.46898336177
-11225.71276736031
-9589.229623344534
-7022.450828311135
-1239.5377552439604
15000.0
15000.0
15000.0
15000.0
15000.0
15000.0
-15000.0
-8384.912959381076
15000.0
15000.0
-13523.977107595681
-13182.361772351713
-11740.719687799316
-7473.342840311037
15000.0
15000.0
15000.0
15000.0
15000.0
-15000.0
-15000.0
-15000.0
-14081.23791102515
15000.0
15000.0
15000.0
15000.0
15000.0
-15000.0
-15000.0
15000.0
15000.0
-15000.0
-12848.876216034892
-13377.561182045814
-14181.2369468428
-15000.0
15000.0
15000.0
15000.0
15000.0
15000.0
15000.0
-14680.959977706047
-13867.644505622531
-13523.928465080076
-10776.503852977025
15000.0
9151.105884745557
15000.0
15000.0
15000.0
-14679.234665166012
-15000.0
-15000.0
-15000.0
-11483.980500857844
4653.029327094716
15000.0
15000.0
15000.0
15000.0
15000.0
15000.0
-15000.0
-15000.0
-15000.0
-14085.561497326205
-10784.842397662189
-9482.919273310436
-1525.8130817018164
15000.0
15000.0
15000.0
15000.0
15000.0
15000.0
-15000.0
-15000.0
-14544.121567581973
-11997.761875267417
12693.57579347509
15000.0
-15000.0
15000.0
15000.0
-14639.909591299249
-15000.0
-15000.0
-15000.0
15000.0
15000.0
15000.0
15000.0
15000.0
15000.0
-14605.645496056455
-13702.50043850247
15000.0
15000.0
15000.0
15000.0
-15000.0
15000.0
-13668.483550710534
-11140.816906814514
-11261.381757066869
-11087.505979663722
-4890.35571579104
15000.0
15000.0
15000.0
15000.0
15000.0
-15000.0
-15000.0
-14589.10692831398
-14480.31380788219
-13428.420658139203
-12739.247577621398
15000.0
15000.0
15000.0
15000.0
15000.0
15000.0
-15000.0
-14602.179684431023
-10530.948042934284
-10997.709516844861
-7459.93528324044
15000.0
15000.0
15000.0
15000.0
15000.0
15000.0
-15000.0
-15000.0
-15000.0
-15000.0
-15000.0
15000.0
15000.0
15000.0
15000.0
15000.0
-15000.0
-15000.0
15000.0
15000.0
15000.0
-15000.0
-15000.0
15000.0
15000.0
15000.0
-15000.0
-15000.0
-15000.0
-15000.0
-15000.0
15000.0
15000.0
15000.0
15000.0
15000.0
15000.0
-12793.232004588474
-12820.83616623225
-13855.749247625099
-15000.0
15000.0
15000.0
15000.0
15000.0
15000.0
15000.0
-15000.0
15000.0
15000.0
-15000.0
-14317.861264264651
-15000.0
-15000.0
-15000.0
-15000.0
-13902.096122621413
-1949.27146319224
15000.0
15000.0
15000.0
15000.0
15000.0
15000.0
15000.0
15000.0
-15000.0
-15000.0
-14080.150618612162
-13495.783885071836
15000.0
15000.0
15000.0
-1804.200129302194
15000.0
-14656.12458028426
-15000.0
15000.0
15000.0
-15000.0
-15000.0
-15000.0
-14084.32752704055
-14432.704774161019
-12578.977118727169
-8706.902098098686
15000.0
15000.0
15000.0
15000.0
15000.0
15000.0
15000.0
15000.0
-12050.997782705108
-3032.4810709974336
15000.0
15000.0
-14317.283507006829
-15000.0
-15000.0
15000.0
15000.0
15000.0
-14670.477217357078
-14281.9199669257
-13003.12407775838
-12726.425165220444
-13373.61068828619
-13576.3250473667
-15000.0
-15000.0
15000.0
15000.0
15000.0
15000.0
15000.0
15000.0
15000.0
15000.0
-14352.065061939033
-15000.0
-15000.0
-15000.0
-15000.0
-15000.0
-15000.0
-15000.0
15000.0
15000.0
15000.0
15000.0
15000.0
15000.0
15000.0
15000.0
15000.0
-15000.0
-15000.0
-15000.0
-15000.0
-15000.0
15000.0
15000.0
15000.0
15000.0
15000.0
-14506.493506493505
15000.0
-15000.0
-15000.0
-15000.0
-15000.0
15000.0
15000.0
15000.0
15000.0
15000.0
-12659.824046920825
-13038.629282698712
-13972.265279236934
-14057.007030731176
15000.0
15000.0
15000.0
15000.0
15000.0
-15000.0
-14166.144200626964
-14421.570891683641
-15000.0
15000.0
15000.0
15000.0
15000.0
15000.0
-15000.0
-15000.0
-14616.161616161622
-14122.5782175339
-15000.0
-15000.0
-15000.0
-15000.0
15000.0
15000.0
15000.0
15000.0
15000.0
15000.0
15000.0
15000.0
-13913.224778235806
-14567.175322005598
-15000.0
-15000.0
15000.0
15000.0
15000.0
15000.0
15000.0
15000.0
-15000.0
-13966.815393195764
-14235.051691746256
-13676.981276771709
-13926.694396167219
-15000.0
-15000.0
15000.0
15000.0
15000.0
15000.0
15000.0
15000.0
15000.0
15000.0
-13696.39794168096
-13122.293338057127
-14536.904644204762
-15000.0
-15000.0
15000.0
15000.0
15000.0
15000.0
15000.0
-13060.492099884184
-13260.014271264965
-13471.173320908423
-13702.672490186447
-14486.815013455212
-15000.0
-15000.0
-15000.0
15000.0
15000.0
15000.0
15000.0
15000.0
15000.0
15000.0
15000.0
-14266.150881413047
-14525.276564923926
-15000.0
15000.0
15000.0
15000.0
15000.0
15000.0
-14665.296535525544
-14620.328335358921
-15000.0
-15000.0
-15000.0
-15000.0
15000.0
15000.0
15000.0
15000.0
15000.0
15000.0
-15000.0
15000.0
15000.0
-15000.0
-15000.0
-15000.0
-15000.0
-15000.0
-15000.0
15000.0
15000.0
15000.0
15000.0
15000.0
15000.0
-12603.503483590426
-11332.778621310765
-8815.81903090882
15000.0
15000.0
15000.0
15000.0
-11363.636363636366
-4971.485773220901
-3256.3142547168463
-2126.6156884269267
-2454.8766864381614
-580.8359423140992
2948.173990170101
4353.947912836084
5767.353987140097