Demand
-15000.0
15000.0
15000.0
15000.0
15000.0
15000.0
15000.0
15000.0
15000.0
15000.0
15000.0
-15000.0
-15000.0
15000.0
15000.0
15000.0
-15000.0
-15000.0
-15000.0
-15000.0
-15000.0
15000.0
15000.0
15000.0
15000.0
15000.0
-15000.0
-13913.74929418408
-12837.266818545435
-13868.313462982547
-14003.303690157558
15000.0
15000.0
15000.0
15000.0
15000.0
15000.0
-15000.0
-15000.0
-15000.0
-15000.0
-14024.807527801546
-14381.731073198061
-15000.0
-15000.0
15000.0
15000.0
15000.0
15000.0
15000.0
15000.0
15000.0
15000.0
-15000.0
-15000.0
-15000.0
-15000.0
-15000.0
15000.0
15000.0
15000.0
15000.0
15000.0
15000.0
15000.0
-14344.666173934467
-15000.0
-15000.0
-15000.0
-15000.0
-15000.0
-15000.0
15000.0
15000.0
15000.0
15000.0
15000.0
15000.0
15000.0
15000.0
-14680.660968692915
-15000.0
-15000.0
-15000.0
-15000.0
-15000.0
-15000.0
15000.0
15000.0
15000.0
15000.0
15000.0
15000.0
15000.0
-15000.0
-15000.0
15000.0
15000.0
15000.0
-13260.097051101966
-13801.066448459285
-12034.06727354526
-12264.632434503274
-7921.298043918335
15000.0
15000.0
15000.0
15000.0
15000.0
15000.0
-15000.0
-15000.0
-14621.765096217652
-14563.657033483487
-15000.0
-15000.0
-15000.0
15000.0
15000.0
15000.0
15000.0
15000.0
15000.0
15000.0
15000.0
-15000.0
-15000.0
-14621.339874290978
-15000.0
-15000.0
-15000.0
-15000.0
-15000.0
15000.0
15000.0
15000.0
15000.0
15000.0
15000.0
15000.0
15000.0
-14572.123894738848
-15000.0
15000.0
15000.0
-15000.0
-15000.0
-14534.509187644166
-13198.211317218967
-13177.988358408875
-1446.4285071207341
15000.0
15000.0
15000.0
15000.0
15000.0
15000.0
15000.0
-15000.0
-15000.0
-15000.0
-15000.0
-12749.753262419126
-13382.743860218055
-11163.433614199967
15000.0
15000.0
15000.0
15000.0
15000.0
15000.0
15000.0
-15000.0
-15000.0
-15000.0
-15000.0
-15000.0
15000.0
15000.0
15000.0
15000.0
15000.0
-15000.0
-15000.0
15000.0
15000.0
-15000.0
15000.0
15000.0
-15000.0
-15000.0
-15000.0
-15000.0
-15000.0
15000.0
15000.0
15000.0
15000.0
15000.0
15000.0
-14652.226967663213
-15000.0
-15000.0
-15000.0
-15000.0
-15000.0
-15000.0
15000.0
15000.0
15000.0
15000.0
15000.0
15000.0
15000.0
15000.0
15000.0
-13685.373822794543
-13907.338983762733
-14580.570056941677
-14480.793947127597
-14262.562963758668
-11825.84304376781
15000.0
15000.0
15000.0
15000.0
15000.0
15000.0
15000.0
-15000.0
-15000.0
-13957.380647521499
-15000.0
15000.0
15000.0
15000.0
15000.0
-15000.0
15000.0
15000.0
15000.0
-15000.0
-15000.0
-13928.427554720027
-13209.131161685527
15000.0
1173.0724770051957
15000.0
15000.0
15000.0
15000.0
-15000.0
15000.0
-15000.0
-15000.0
15000.0
15000.0
-13374.877810361686
-14294.076973605872
-14210.175939393197
-14540.906780378304
-14427.304165911046
-15000.0
-15000.0
15000.0
15000.0
15000.0
15000.0
15000.0
15000.0
15000.0
15000.0
-14671.517072467945
-15000.0
-15000.0
-15000.0
15000.0
15000.0
15000.0
15000.0
15000.0
-14656.833232992172
-15000.0
-15000.0
15000.0
15000.0
15000.0
15000.0
-15000.0
-15000.0
-12381.030521824749
-10206.239266772303
-4927.574226441127
15000.0
15000.0
15000.0
-3034.902947373973
15000.0
-15000.0
-15000.0
-15000.0
15000.0
15000.0
15000.0
15000.0
-13704.005456819134
-13599.356054911641
-13070.629888058735
-12819.308888171254
-13457.508940211752
-14339.20616924746
-15000.0
-15000.0
15000.0
15000.0
15000.0
15000.0
15000.0
15000.0
15000.0
15000.0
-15000.0
-15000.0
15000.0
15000.0
15000.0
-15000.0
-15000.0
-13149.350649350654
-13741.812031476198
-14497.613585197778
-15000.0
-15000.0
-15000.0
15000.0
15000.0
15000.0
15000.0
15000.0
15000.0
15000.0
-13318.750658867644
-13489.63373264697
-14109.61274990076
-13841.570930553255
-13124.998951486574
-10309.431789135979
15000.0
15000.0
15000.0
15000.0
15000.0
15000.0
-14030.478338844208
-14276.690961106113
-14151.336754515072
-14459.33277476515
-14158.19641649739
-15000.0
15000.0
15000.0
15000.0
15000.0
15000.0
15000.0
-13390.27574029093
-13925.558455322313
-14165.03767478266
-15000.0
-15000.0
-15000.0
15000.0
15000.0
15000.0
15000.0
15000.0
15000.0
-13711.315143218082
-15000.0
-15000.0
-15000.0
-14461.908111961664
-15000.0
-15000.0
-15000.0
15000.0
15000.0
15000.0
15000.0
15000.0
15000.0
15000.0
15000.0
-15000.0
-15000.0
-15000.0
-15000.0
-15000.0
15000.0
15000.0
15000.0
15000.0
15000.0
-10961.213691585377
15000.0
15000.0
15000.0
-15000.0
-15000.0
-15000.0
15000.0
15000.0
15000.0
15000.0
-14670.786646644337
-15000.0
-15000.0
-15000.0
-15000.0
15000.0
15000.0
15000.0
15000.0
15000.0
15000.0
-13167.52991605644
-8932.625283151949
15000.0
15000.0
-13023.284617290068
-13568.660826506832
-14201.185144205898
-15000.0
-15000.0
-15000.0
-15000.0
15000.0
15000.0
15000.0
15000.0
15000.0
15000.0
15000.0
15000.0
-15000.0
-15000.0
-15000.0
-15000.0
-15000.0
15000.0
15000.0
15000.0
15000.0
15000.0
-15000.0
15000.0
15000.0
15000.0
-15000.0
-15000.0
-14538.710547612623
-14385.183380363174
-11792.556116158059
15000.0
15000.0
-2747.1121466980885
15000.0
15000.0
15000.0
15000.0
-15000.0
-15000.0
-13794.926004228335
15000.0
15000.0
15000.0
15000.0
-14212.888377445342
-15000.0
15000.0
15000.0
-15000.0
-14606.236761973752
-13570.11212789997
-11824.684853899573
-9772.799077840784
-550.6218945700202
15000.0
15000.0
15000.0
15000.0
15000.0
15000.0
-15000.0
-14305.724725943972
-14207.621409748815
-12129.916429325862
-10017.982566215953
-9279.679050881281
-5.367914695982108
15000.0
15000.0
15000.0
15000.0
15000.0
15000.0
-15000.0
-15000.0
-14051.383399209491
-14331.765356945216
-10525.03067414937
15000.0
15000.0
15000.0
15000.0
15000.0
15000.0
-15000.0
-14609.970674486809
-13425.634156700038
-8242.637113260193
15000.0
15000.0
15000.0
15000.0
-15000.0
-15000.0
-15000.0
-15000.0
-15000.0
15000.0
15000.0
15000.0
15000.0
15000.0
-14365.39202672034
-15000.0
-15000.0
-15000.0
-15000.0
-15000.0
-15000.0
15000.0
15000.0
15000.0
15000.0
15000.0
15000.0
15000.0
-15000.0
-15000.0
-15000.0
-15000.0
15000.0
15000.0
15000.0
15000.0
15000.0
15000.0
-12693.832053505084
-12624.503306871426
-13898.355035410455
-13529.247675237097
15000.0
15000.0
15000.0
15000.0
-15000.0
-13227.287882175282
-11803.653610532598
15000.0
15000.0
15000.0
-14643.452877397827
-15000.0
-15000.0
15000.0
15000.0
15000.0
15000.0
-14693.053311793217
-13635.015887191803
-11478.975313257564
-11740.26153225033
-10662.348256426707
-9690.940309614401
15000.0
3288.950619349979
15000.0
15000.0
15000.0
15000.0
-15000.0
-15000.0
-14138.75598086125
-14447.87504540502
-15000.0
-10747.51937952987
15000.0
15000.0
15000.0
15000.0
15000.0
15000.0
-14658.59895782041
-14221.646913148394
-15000.0
-15000.0
-15000.0
15000.0
15000.0
15000.0
15000.0
15000.0
15000.0
15000.0
-12679.782903663505
15000.0
-7007.673526333914
15000.0
-15000.0
-15000.0
-15000.0
-15000.0
-15000.0
-15000.0
-15000.0
-15000.0
15000.0
15000.0
15000.0
15000.0
15000.0
15000.0
15000.0
15000.0
15000.0
-15000.0
-15000.0
-14221.949221949224
15000.0
15000.0
15000.0
15000.0
15000.0
-14665.689149560116
-15000.0
-15000.0
15000.0
15000.0
15000.0
15000.0
-14055.208466148157
-12936.182255404281
-13086.34690905477
-13227.095353195069
-13348.814129607774
-14209.10674070862
-15000.0
15000.0
15000.0
15000.0
15000.0
15000.0
15000.0
15000.0
-15000.0
-15000.0
15000.0
15000.0
-14672.813374470836
-15000.0
-15000.0
-15000.0
-15000.0
-15000.0
-15000.0
-11755.278149966769
15000.0
15000.0
15000.0
15000.0
15000.0
15000.0
15000.0
15000.0
15000.0
-15000.0
-15000.0
-15000.0
-15000.0
-15000.0
-15000.0
-15000.0
15000.0
15000.0
15000.0
15000.0
15000.0
15000.0
15000.0
15000.0
-12093.013842791228
-11870.268337564798
-12712.247622469124
-11965.546311445803
-11399.699758327828
-11039.57170683971
-8928.802445226836
6197.293996462079
15000.0
15000.0
15000.0
15000.0
15000.0
15000.0
-10303.030303030304
-2399.2197659297826
-1991.8783893573482
-1733.165668628324