Demand
15000.0
15000.0
15000.0
15000.0
15000.0
15000.0
15000.0
15000.0
15000.0
15000.0
15000.0
15000.0
15000.0
15000.0
15000.0
15000.0
15000.0
15000.0
-15000.0
-15000.0
-15000.0
-15000.0
-15000.0
-15000.0
-15000.0
-15000.0
15000.0
15000.0
15000.0
15000.0
15000.0
15000.0
15000.0
15000.0
15000.0
-15000.0
-15000.0
-15000.0
15000.0
15000.0
15000.0
-14293.38842975207
-14600.296025504093
-15000.0
-15000.0
-15000.0
-15000.0
15000.0
15000.0
15000.0
15000.0
15000.0
15000.0
15000.0
-15000.0
-15000.0
-15000.0
-15000.0
-15000.0
-15000.0
-15000.0
15000.0
15000.0
15000.0
15000.0
15000.0
15000.0
15000.0
15000.0
15000.0
-15000.0
15000.0
-15000.0
-15000.0
-15000.0
-14513.190358701842
-10998.271726700757
-8306.983713801561
11140.11819334852
15000.0
-1599.091466741269
15000.0
15000.0
15000.0
15000.0
-15000.0
-15000.0
-15000.0
15000.0
15000.0
15000.0
-13119.932366842299
-12978.223241136347
15000.0
15000.0
15000.0
-15000.0
-15000.0
-15000.0
-10216.783216783228
5711.437409160629
15000.0
15000.0
15000.0
15000.0
15000.0
-15000.0
-15000.0
-15000.0
-15000.0
-15000.0
15000.0
15000.0
15000.0
15000.0
15000.0
-15000.0
-15000.0
-15000.0
-15000.0
15000.0
15000.0
15000.0
15000.0
15000.0
-15000.0
-15000.0
-14562.510660071643
-15000.0
-15000.0
-15000.0
15000.0
15000.0
15000.0
15000.0
15000.0
15000.0
-15000.0
-14438.26607801798
-10344.438036202595
15000.0
15000.0
15000.0
-15000.0
-15000.0
-15000.0
-15000.0
-14474.57810967667
-12982.192223620757
-13038.888857188485
-3833.039112047388
15000.0
15000.0
15000.0
15000.0
15000.0
15000.0
15000.0
15000.0
15000.0
-15000.0
-15000.0
-13353.790613718415
-14023.925358139775
-13723.854314942
-13972.47844027702
-10041.718468971449
15000.0
15000.0
15000.0
15000.0
15000.0
15000.0
15000.0
-15000.0
-15000.0
-15000.0
-15000.0
-15000.0
-15000.0
15000.0
15000.0
15000.0
15000.0
15000.0
15000.0
15000.0
15000.0
-15000.0
-15000.0
-15000.0
-15000.0
-15000.0
-15000.0
15000.0
15000.0
15000.0
15000.0
15000.0
15000.0
-14630.749298207731
-15000.0
15000.0
15000.0
-15000.0
-15000.0
-15000.0
-15000.0
-15000.0
-15000.0
15000.0
15000.0
15000.0
15000.0
15000.0
15000.0
-13594.007614400569
-13781.532062272
-14494.535852901063
-14250.39404567147
-12933.281433773394
15000.0
15000.0
15000.0
15000.0
15000.0
15000.0
-15000.0
-15000.0
15000.0
15000.0
15000.0
-15000.0
-15000.0
15000.0
15000.0
15000.0
-15000.0
-15000.0
15000.0
15000.0
15000.0
-15000.0
-14287.500000000004
-14181.466535533778
-13501.167452714926
-13637.57474397953
-13714.061949315452
15000.0
15000.0
15000.0
15000.0
15000.0
15000.0
15000.0
-14350.242234254776
-13556.420444088388
-12933.66027180057
-14002.878968510959
-13629.120291576623
-13697.172974180226
15000.0
15000.0
15000.0
15000.0
15000.0
15000.0
15000.0
-13991.150442477876
-13860.72228190906
-13648.859253244205
-13830.44058607412
-14046.018481019611
-15000.0
15000.0
15000.0
15000.0
15000.0
15000.0
15000.0
-10911.781120914733
15000.0
15000.0
-15000.0
-15000.0
-15000.0
-15000.0
-15000.0
-15000.0
-15000.0
-5672.727272727279
15000.0
15000.0
15000.0
13192.301170086552
3962.290060012253
15000.0
15000.0
15000.0
15000.0
-15000.0
-15000.0
-12855.799373040758
15000.0
15000.0
15000.0
15000.0
-13393.809338015351
-13246.730744478271
-13821.744269670355
-14538.462642497714
-15000.0
-15000.0
-15000.0
15000.0
15000.0
15000.0
15000.0
15000.0
15000.0
15000.0
-15000.0
-15000.0
-15000.0
-15000.0
15000.0
15000.0
15000.0
15000.0
15000.0
15000.0
-15000.0
-15000.0
-15000.0
-15000.0
-15000.0
-15000.0
-15000.0
-13612.012987012993
15000.0
15000.0
15000.0
15000.0
15000.0
15000.0
6100.644521566897
15000.0
15000.0
-15000.0
-15000.0
-15000.0
-12371.541501976288
-5930.473884469062
15000.0
15000.0
15000.0
15000.0
15000.0
-15000.0
-15000.0
-15000.0
-15000.0
-14042.821158690182
-10781.808595201102
-10056.209062975551
-7606.866797728981
15000.0
12465.278154168453
15000.0
15000.0
15000.0
15000.0
15000.0
15000.0
-14672.554933218442
-13436.070196557048
-12424.38010439293
-11437.679389154146
15000.0
15000.0
15000.0
15000.0
15000.0
-15000.0
-15000.0
-15000.0
-15000.0
-15000.0
-8654.916512059444
15000.0
15000.0
15000.0
15000.0
15000.0
15000.0
-15000.0
-15000.0
-15000.0
-14017.524223721663
-12501.335889871145
-5962.276878472142
-3029.6851624349374
15000.0
15000.0
-507.54800282906217
15000.0
15000.0
15000.0
15000.0
15000.0
-15000.0
-14611.641035623907
-14478.714178612707
-13009.824800934632
15000.0
15000.0
15000.0
15000.0
15000.0
-15000.0
-15000.0
-15000.0
-14546.449174457925
-10039.502575125873
-10847.459282532229
-8837.406341015492
10011.973666994374
8131.423747348071
15000.0
15000.0
2585.077646029774
15000.0
15000.0
15000.0
15000.0
-15000.0
-15000.0
-14570.736955352342
-13163.538042026568
-10839.662875361551
15000.0
15000.0
15000.0
15000.0
15000.0
-15000.0
-15000.0
-15000.0
15000.0
15000.0
15000.0
15000.0
-15000.0
-15000.0
-15000.0
-15000.0
-15000.0
15000.0
15000.0
15000.0
15000.0
15000.0
-13908.742820676453
-12487.482160487609
-12476.614013072616
-13642.725048924978
-15000.0
15000.0
15000.0
15000.0
15000.0
15000.0
15000.0
15000.0
-15000.0
-15000.0
-15000.0
-7178.387650085773
15000.0
15000.0
15000.0
15000.0
-14680.159948529803
-13944.766775373682
-13017.863178577456
-12683.458755146668
-13257.338378916695
-13275.29093982141
-12709.696106587617
15000.0
15000.0
15000.0
15000.0
15000.0
15000.0
15000.0
-12922.656408179795
-11424.370111852819
-10533.619612296206
15000.0
15000.0
15000.0
15000.0
-15000.0
-15000.0
15000.0
15000.0
15000.0
15000.0
-14667.120887677636
-13829.843410945577
-13023.647057252001
-10501.297654611371
-10819.436658202096
15000.0
15000.0
15000.0
15000.0
15000.0
-13991.864166961444
-12305.35287264701
-11776.515903072119
-11341.996657666394
-9724.286114250153
15000.0
-15000.0
15000.0
15000.0
15000.0
15000.0
-14666.649302280213
-14260.885894877585
-12887.370799876415
-12487.271668254882
-13050.751132452016
-12916.754590774319
-15000.0
15000.0
15000.0
15000.0
15000.0
15000.0
15000.0
15000.0
-15000.0
-15000.0
-14166.15201650099
-15000.0
-15000.0
-15000.0
-15000.0
15000.0
15000.0
15000.0
15000.0
15000.0
15000.0
15000.0
15000.0
15000.0
-12964.588602886477
-14196.798514504408
-14454.889913302355
-15000.0
15000.0
15000.0
15000.0
15000.0
15000.0
-14039.415785038855
-14646.171658676307
-14592.939349760265
-14003.096884396367
-14314.788998242038
-15000.0
15000.0
15000.0
15000.0
15000.0
15000.0
15000.0
15000.0
-12227.326775483736
-12704.889104370886
-12513.959132491535
-13036.091093180064
-14097.745907907058
-14443.884344568076
-14217.67814336747
-11848.114970995495
15000.0
15000.0
15000.0
15000.0
15000.0
15000.0
15000.0
15000.0
-15000.0
-15000.0
-15000.0
-15000.0
-15000.0
-15000.0
15000.0
15000.0
15000.0
15000.0
15000.0
15000.0
-15000.0
-15000.0
-15000.0
-13751.369112814904
15000.0
15000.0
15000.0
15000.0
15000.0
15000.0
-15000.0
-15000.0
-15000.0
-15000.0
-15000.0
-15000.0
-15000.0
15000.0
15000.0
15000.0
15000.0
15000.0
15000.0
15000.0
-15000.0
-15000.0
-15000.0
-15000.0
-15000.0
-11161.616161616203
15000.0
15000.0
15000.0
15000.0
15000.0
15000.0
-15000.0
-15000.0
-15000.0
-15000.0
-15000.0
-15000.0
-10175.170467905009
15000.0
15000.0
15000.0
15000.0
15000.0
15000.0
15000.0
15000.0
-15000.0
-15000.0
-15000.0
-15000.0
-15000.0
-15000.0
-15000.0
-15000.0
15000.0
15000.0
15000.0
15000.0
15000.0
15000.0
15000.0
15000.0
15000.0
-14676.809676809677
-15000.0
-15000.0
-15000.0
-15000.0
15000.0
15000.0
15000.0
15000.0
15000.0
-15000.0
-15000.0
-15000.0
-15000.0
-15000.0
-15000.0
-15000.0
-15000.0
15000.0
15000.0
15000.0
15000.0
15000.0
15000.0
15000.0
15000.0
15000.0
-12676.524017266358
-12080.29921560609
-11019.810674451011
15000.0
15000.0
15000.0
-11363.636363636366
-4454.2396473726985
-2677.7058137897793
-1548.9707985679497
-1984.3365160788635
-240.8735646698151
2973.9245740375554
3956.7177979348644
4762.4794327398695