Demand
15000.0
15000.0
15000.0
15000.0
15000.0
15000.0
15000.0
15000.0
15000.0
15000.0
15000.0
15000.0
15000.0
15000.0
15000.0
15000.0
15000.0
15000.0
15000.0
15000.0
15000.0
15000.0
15000.0
15000.0
15000.0
15000.0
15000.0
-13978.293358433617
-13141.694673853064
-14174.014661809393
-14521.135351525194
-15000.0
-15000.0
-15000.0
15000.0
15000.0
15000.0
15000.0
15000.0
15000.0
15000.0
15000.0
15000.0
-15000.0
-15000.0
-15000.0
-15000.0
-15000.0
-15000.0
-15000.0
-15000.0
15000.0
15000.0
15000.0
15000.0
15000.0
15000.0
15000.0
15000.0
15000.0
-15000.0
-15000.0
-15000.0
-15000.0
-15000.0
-13578.376356154142
-15000.0
-15000.0
15000.0
15000.0
15000.0
15000.0
15000.0
15000.0
15000.0
15000.0
-12820.027542789692
-12476.974761645397
-12395.484540295722
-13499.61468148006
-13039.869819937605
15000.0
15000.0
15000.0
15000.0
15000.0
15000.0
-15000.0
-13896.367324359213
-10738.256117367637
-10719.454789545882
-187.08304417998443
15000.0
15000.0
15000.0
15000.0
-15000.0
-15000.0
-15000.0
-12871.943251820052
-13504.277042010188
-11200.60029466444
-11409.993255012047
-5516.018224022606
15000.0
15000.0
15000.0
15000.0
15000.0
15000.0
15000.0
15000.0
-14672.628815228094
-14641.250001420096
-15000.0
-15000.0
-15000.0
-15000.0
-15000.0
15000.0
15000.0
15000.0
15000.0
15000.0
15000.0
15000.0
15000.0
-14442.815249266863
15000.0
-15000.0
-15000.0
-15000.0
15000.0
15000.0
15000.0
15000.0
-15000.0
-15000.0
-14504.932810809103
-14275.98721323103
-13141.045303223887
15000.0
15000.0
15000.0
15000.0
15000.0
15000.0
-14682.396811109684
-13953.53253207483
-14215.173534981572
-12685.649803220236
-12679.43949370497
-13302.210133722605
-12810.810519993294
15000.0
15000.0
15000.0
15000.0
15000.0
15000.0
15000.0
-15000.0
-13502.094111850209
-14072.39906667209
-13620.177280282758
-12916.953427363402
15000.0
15000.0
15000.0
15000.0
15000.0
-15000.0
-15000.0
-15000.0
-15000.0
-15000.0
-15000.0
-15000.0
15000.0
15000.0
15000.0
15000.0
15000.0
15000.0
15000.0
15000.0
-15000.0
-15000.0
-15000.0
-15000.0
-15000.0
15000.0
15000.0
15000.0
15000.0
15000.0
15000.0
-14692.5500272217
-14337.373214157884
-13547.560768742867
-14593.514919670928
-15000.0
-15000.0
-15000.0
-15000.0
15000.0
15000.0
15000.0
15000.0
15000.0
15000.0
15000.0
15000.0
-15000.0
-14624.608780579689
-14552.716390937261
-12650.4905023022
-12213.655378584484
-11128.412755494664
15000.0
15000.0
15000.0
15000.0
15000.0
15000.0
-15000.0
-15000.0
15000.0
15000.0
-15000.0
-15000.0
-14108.289219854905
-15000.0
-15000.0
-15000.0
15000.0
15000.0
15000.0
15000.0
15000.0
15000.0
15000.0
15000.0
-14391.090695438525
-14345.830786029834
-13926.988392340867
-14199.529346746865
-14533.076528165275
-15000.0
-15000.0
-15000.0
15000.0
15000.0
15000.0
15000.0
15000.0
15000.0
15000.0
15000.0
-14365.232562455923
-14656.871595330194
-14620.73185407009
-15000.0
-15000.0
-15000.0
-15000.0
-3235.11752471581
15000.0
15000.0
15000.0
15000.0
15000.0
15000.0
15000.0
15000.0
-15000.0
-15000.0
-13395.721925133697
15000.0
15000.0
15000.0
15000.0
15000.0
-15000.0
-15000.0
15000.0
15000.0
-15000.0
15000.0
-15000.0
-12744.06332453826
-11544.641609333616
-10321.333491705442
-8868.129995127849
-7451.020175655103
466.71927734459223
15000.0
15000.0
15000.0
15000.0
15000.0
15000.0
-14059.987631416203
-14328.407735614353
-13168.388468960464
-13376.048740152895
-13137.94237178009
-12192.099319867793
-11324.968498927134
-11544.589348674548
-10947.361965092852
15000.0
15000.0
15000.0
15000.0
15000.0
15000.0
15000.0
15000.0
-13803.022645499335
-14186.68050252341
15000.0
15000.0
15000.0
-15000.0
-15000.0
-15000.0
-15000.0
-12382.920110192845
-12935.940891023925
-13846.4500651813
-15000.0
15000.0
15000.0
15000.0
15000.0
15000.0
15000.0
15000.0
-13992.051621972325
-13861.977633939558
-12751.336322354891
-12698.932910685231
-13208.07483049695
-7532.900906613031
15000.0
15000.0
15000.0
15000.0
15000.0
15000.0
-13729.22735855067
-12572.22325173634
-13843.47150439219
-14098.616093747089
-13859.77865934511
-14152.296082046712
-12684.995465183707
15000.0
15000.0
15000.0
15000.0
15000.0
15000.0
15000.0
-13476.533266811592
-14022.459851721913
-14289.229982202309
-15000.0
-15000.0
-15000.0
-15000.0
-15000.0
15000.0
15000.0
15000.0
15000.0
15000.0
15000.0
15000.0
15000.0
-14527.49378281294
15000.0
15000.0
15000.0
-15000.0
-15000.0
-15000.0
-14554.890349450117
-13386.905445563123
-13592.78348886206
-13863.929228961431
-4821.735651598307
15000.0
15000.0
15000.0
15000.0
15000.0
15000.0
15000.0
15000.0
-12568.648360437215
-12926.71473451361
-12024.194813118924
-12551.571337921418
-7406.836331232727
15000.0
15000.0
15000.0
15000.0
-15000.0
-14585.927770859282
-14422.87487647151
-12451.14259350906
15000.0
15000.0
15000.0
15000.0
15000.0
-15000.0
-15000.0
-15000.0
-13062.871707731523
15000.0
15000.0
15000.0
15000.0
-9478.856664365812
15000.0
-13030.700807537214
-13462.163643882344
-13995.45635804217
-15000.0
15000.0
15000.0
15000.0
15000.0
15000.0
-14008.695652173916
-13885.07173130416
-13686.31324840336
-14438.27545856493
-15000.0
-15000.0
15000.0
15000.0
15000.0
15000.0
15000.0
15000.0
-15000.0
-15000.0
-15000.0
-15000.0
-15000.0
-15000.0
-15000.0
15000.0
15000.0
15000.0
15000.0
15000.0
15000.0
15000.0
15000.0
-13360.063986176938
15000.0
15000.0
-15000.0
-15000.0
-15000.0
15000.0
15000.0
15000.0
-15000.0
-15000.0
-15000.0
-13258.631919361567
-15000.0
15000.0
15000.0
15000.0
15000.0
15000.0
-13235.000535363153
-12965.358682799178
-13496.668378728198
-13555.997551549663
-13241.99262113138
15000.0
15000.0
15000.0
15000.0
15000.0
15000.0
-14383.399209486168
-12983.324267493688
-12021.592187607741
-12457.760394527442
-12437.434965231863
-12917.442968961273
-13699.478644134106
15000.0
15000.0
15000.0
15000.0
15000.0
15000.0
15000.0
-14664.607237422773
-13871.900306737753
-13253.344953154246
-11763.594963569401
-13518.132811407031
-15000.0
15000.0
15000.0
15000.0
15000.0
15000.0
15000.0
15000.0
-12076.090054146487
15000.0
-4969.936839782959
15000.0
-15000.0
-15000.0
-15000.0
-15000.0
-13935.269801641945
15000.0
15000.0
15000.0
15000.0
4168.459711900102
15000.0
15000.0
-15000.0
-15000.0
15000.0
15000.0
-15000.0
-15000.0
-15000.0
-15000.0
-13990.554899645813
-15000.0
-15000.0
-15000.0
15000.0
15000.0
15000.0
15000.0
15000.0
15000.0
15000.0
15000.0
15000.0
-12765.540414411054
-11352.391475028558
15000.0
15000.0
-15000.0
-15000.0
-15000.0
-15000.0
15000.0
15000.0
15000.0
15000.0
-14660.107334525943
-14225.94431186406
-14536.279114172816
-15000.0
-15000.0
15000.0
15000.0
15000.0
15000.0
15000.0
15000.0
15000.0
-12543.607633901094
-9376.446595856705
15000.0
15000.0
-14682.826737149615
-14658.43411012318
-14251.147415639392
-14160.078782752262
-14511.00377777232
-15000.0
-15000.0
-11286.857621256982
15000.0
15000.0
15000.0
15000.0
15000.0
15000.0
15000.0
15000.0
15000.0
-14683.391964451028
-14269.271910607418
-15000.0
-15000.0
-15000.0
15000.0
15000.0
15000.0
15000.0
15000.0
-14678.139893424355
-14301.308428900986
-13067.122560662498
-12377.417255636738
-13460.161635525412
-14340.786194013817
-15000.0
-15000.0
15000.0
15000.0
15000.0
15000.0
15000.0
15000.0
15000.0
15000.0
-14370.175285429123
-13957.161514437583
-14208.667503427369
-15000.0
-15000.0
-15000.0
15000.0
15000.0
15000.0
15000.0
15000.0
15000.0
15000.0
-13749.862923566183
-12932.448068908776
-14149.692930404097
15000.0
15000.0
15000.0
-15000.0
-15000.0
-15000.0
-12884.972170686455
-2372.8468737284666
15000.0
15000.0
15000.0
15000.0
15000.0
-15000.0
-15000.0
-15000.0
-15000.0
-15000.0
-15000.0
-15000.0
15000.0
15000.0
15000.0
15000.0
15000.0
15000.0
15000.0
-15000.0
-15000.0
-15000.0
-15000.0
-14385.113268608417
-14124.707229402447
-15000.0
15000.0
15000.0
15000.0
15000.0
15000.0
15000.0
15000.0
15000.0
15000.0
-15000.0
-15000.0
-15000.0
-15000.0
-15000.0
15000.0
15000.0
15000.0
15000.0
15000.0
15000.0
-12783.049108860112
-13282.529487748583
-11552.077352422242
-11064.968956180088
-11848.958491327085
-10013.543604608876
-6444.695031880435
15000.0
14714.515598850896
15000.0
15000.0
15000.0
15000.0
-10151.515151515152
9750.000000000004
6089.6309314587015
15000.0
-9848.484848484848
-4264.641320572485
-4586.594059716331