Demand
15000.0
15000.0
15000.0
15000.0
15000.0
15000.0
15000.0
15000.0
15000.0
15000.0
15000.0
15000.0
15000.0
-15000.0
15000.0
15000.0
15000.0
15000.0
15000.0
15000.0
15000.0
15000.0
-15000.0
-15000.0
-15000.0
-15000.0
-15000.0
-12131.893163523524
-4979.613875217503
15000.0
15000.0
-15000.0
15000.0
15000.0
15000.0
15000.0
15000.0
15000.0
-15000.0
-15000.0
-15000.0
-14051.339851843393
-14418.221632501089
-15000.0
-15000.0
15000.0
15000.0
15000.0
15000.0
15000.0
15000.0
15000.0
15000.0
15000.0
-15000.0
-15000.0
-15000.0
-15000.0
-15000.0
15000.0
15000.0
15000.0
15000.0
15000.0
15000.0
-13688.147295742234
15000.0
-15000.0
15000.0
15000.0
15000.0
-15000.0
-15000.0
-15000.0
-15000.0
-14388.936535162953
-9545.094324954
-4331.971361469595
15000.0
15000.0
5292.883786321952
15000.0
15000.0
15000.0
15000.0
15000.0
-15000.0
-15000.0
15000.0
15000.0
15000.0
-12055.785123966954
15000.0
15000.0
-15000.0
-15000.0
-15000.0
-15000.0
-15000.0
-10409.806728704374
-9303.821746892256
15000.0
15000.0
15000.0
15000.0
15000.0
15000.0
15000.0
15000.0
-15000.0
-15000.0
-15000.0
-14543.116692271731
-14443.472674891626
-15000.0
-15000.0
-15000.0
15000.0
15000.0
15000.0
15000.0
15000.0
15000.0
15000.0
15000.0
-15000.0
-15000.0
-14571.628800733131
-15000.0
-15000.0
-15000.0
-15000.0
15000.0
15000.0
15000.0
15000.0
15000.0
15000.0
15000.0
15000.0
15000.0
-14660.049416375565
-15000.0
-15000.0
-15000.0
15000.0
15000.0
15000.0
15000.0
-14335.611285355499
-13097.173124875295
-13168.041723761606
-13757.838654111169
-13786.3962422843
15000.0
15000.0
15000.0
15000.0
15000.0
15000.0
-15000.0
-15000.0
-13448.225571220224
-14128.368218649768
-13975.272849874942
-14354.699000591834
-14055.559084486933
-12855.1266040341
15000.0
15000.0
15000.0
15000.0
15000.0
15000.0
15000.0
15000.0
15000.0
-15000.0
-15000.0
15000.0
15000.0
15000.0
-15000.0
-15000.0
-15000.0
-15000.0
-15000.0
15000.0
15000.0
15000.0
15000.0
15000.0
15000.0
-15000.0
-15000.0
-15000.0
-15000.0
15000.0
15000.0
15000.0
15000.0
15000.0
-15000.0
-15000.0
-15000.0
-15000.0
-15000.0
-15000.0
-15000.0
15000.0
15000.0
15000.0
15000.0
15000.0
15000.0
15000.0
15000.0
-13993.821712268316
-14599.404619172667
-14452.660705918628
-13884.560097331396
15000.0
15000.0
15000.0
15000.0
15000.0
-15000.0
-15000.0
-15000.0
-15000.0
-15000.0
-13829.568788501034
-15000.0
-15000.0
15000.0
15000.0
15000.0
15000.0
15000.0
15000.0
15000.0
15000.0
15000.0
-14338.491295938107
-14262.394298792762
-13717.31871991371
-13945.561496086404
-14252.523197365972
-15000.0
15000.0
15000.0
15000.0
15000.0
15000.0
15000.0
15000.0
-13679.791546033583
-13186.114625367172
-14181.462961992638
-14022.353787235828
-14360.44934570682
-13949.17713603246
-15000.0
15000.0
15000.0
15000.0
15000.0
15000.0
15000.0
15000.0
-13837.152921810623
-14020.624639760052
-14241.494134977747
-15000.0
15000.0
15000.0
15000.0
15000.0
15000.0
-14325.704704468466
15000.0
15000.0
15000.0
-15000.0
-15000.0
-15000.0
15000.0
15000.0
15000.0
-15000.0
-12747.035573122532
-11417.390413240078
-9772.759117401787
-6820.958144126231
4426.8573310557795
15000.0
15000.0
15000.0
15000.0
15000.0
-15000.0
-15000.0
-11208.425720620839
15000.0
15000.0
15000.0
15000.0
-13347.985701864556
-13171.709177539193
-13743.979757450845
-14487.509169917106
-15000.0
-15000.0
15000.0
15000.0
15000.0
15000.0
15000.0
15000.0
15000.0
-14683.069224353632
-15000.0
-15000.0
-15000.0
-15000.0
-15000.0
-15000.0
-15000.0
15000.0
15000.0
15000.0
15000.0
15000.0
15000.0
15000.0
15000.0
15000.0
-15000.0
-14640.151515151512
-13784.009007340686
-13582.047895537933
-12056.217405175434
-11736.9379492138
-11893.478801296515
15000.0
15000.0
15000.0
15000.0
15000.0
15000.0
15000.0
15000.0
-12611.391430770549
-13753.4219409982
-13767.528235910737
-10518.006243597487
15000.0
15000.0
15000.0
15000.0
-15000.0
-15000.0
-14138.220795322599
-11249.417787016722
-10645.279008188805
-8495.099425841057
15000.0
15000.0
-15000.0
15000.0
15000.0
15000.0
15000.0
-15000.0
-14572.797964200858
-12870.088736471844
-11286.21856386873
-9386.218156560164
15000.0
15000.0
15000.0
15000.0
15000.0
15000.0
15000.0
-15000.0
-15000.0
-15000.0
-14318.181818181823
-10283.842794759836
15000.0
15000.0
15000.0
15000.0
15000.0
15000.0
-15000.0
-15000.0
-14110.417479516196
-12582.387290805524
-4117.714855671637
15000.0
3353.526622328055
15000.0
15000.0
15000.0
15000.0
-15000.0
-15000.0
-15000.0
-15000.0
-13897.485493230179
15000.0
15000.0
15000.0
15000.0
15000.0
15000.0
15000.0
-15000.0
-15000.0
-15000.0
-14560.289579871827
-10316.900278940375
-11226.831569241836
-9881.431590272052
844.7848292406297
5421.413225841148
15000.0
15000.0
4480.338804399579
15000.0
15000.0
15000.0
15000.0
15000.0
-15000.0
-14654.545454545456
-13842.72575307422
-13667.322466871949
-13374.456719098045
-14263.079591775986
-15000.0
15000.0
15000.0
15000.0
15000.0
15000.0
15000.0
15000.0
15000.0
-15000.0
-15000.0
-15000.0
-15000.0
-15000.0
-15000.0
-15000.0
15000.0
15000.0
15000.0
15000.0
15000.0
15000.0
15000.0
15000.0
-15000.0
-15000.0
-15000.0
-15000.0
-15000.0
-15000.0
15000.0
15000.0
15000.0
15000.0
15000.0
15000.0
15000.0
-15000.0
-15000.0
-15000.0
15000.0
15000.0
15000.0
15000.0
15000.0
-14370.947716926476
-14631.06397523337
-15000.0
-15000.0
15000.0
15000.0
15000.0
15000.0
15000.0
-8654.916512059412
15000.0
-13117.92100539272
-13284.981498077294
-13839.320521585054
-14538.515459371756
-15000.0
-15000.0
15000.0
15000.0
15000.0
15000.0
15000.0
15000.0
15000.0
-13777.152051488334
-12334.611564775987
-9591.83592472399
15000.0
15000.0
-15000.0
-15000.0
-14513.756701418377
-12722.400856331933
4399.925589399739
15000.0
15000.0
15000.0
15000.0
15000.0
-15000.0
-15000.0
-15000.0
-15000.0
-14482.680381182876
-13683.446858107549
-10192.281451144827
-5736.244800503499
15000.0
15000.0
-15000.0
15000.0
15000.0
15000.0
15000.0
15000.0
15000.0
-15000.0
-15000.0
-15000.0
-13968.21144324539
-15000.0
-15000.0
-15000.0
15000.0
15000.0
15000.0
15000.0
15000.0
15000.0
15000.0
15000.0
15000.0
-12764.392772096933
-12782.582931962937
-14064.603775687665
-14222.947941363862
-15000.0
15000.0
15000.0
15000.0
15000.0
-13545.286801827293
-13778.249358844663
-14524.523761084394
-14399.013341046619
-13230.353252433724
-12980.228363660302
15000.0
15000.0
15000.0
15000.0
15000.0
15000.0
15000.0
15000.0
-12077.922077922081
-12464.05980448534
-12021.397638836032
-12277.547746814977
-13249.451932838194
-7188.922785307124
15000.0
15000.0
15000.0
15000.0
15000.0
-15000.0
-14149.741001444065
-14403.141153902678
-15000.0
15000.0
15000.0
15000.0
15000.0
15000.0
-15000.0
-15000.0
-14622.26640159046
-14115.20687837081
-15000.0
-15000.0
-15000.0
15000.0
15000.0
15000.0
15000.0
15000.0
15000.0
15000.0
-13412.427322151783
-12907.60565740211
-13819.043541552608
-14527.879960869548
-15000.0
-15000.0
15000.0
15000.0
15000.0
15000.0
15000.0
15000.0
15000.0
-14065.062875888467
-14308.010613650149
-13797.563867622164
-14007.3795750992
-15000.0
-15000.0
15000.0
15000.0
15000.0
15000.0
15000.0
15000.0
-13371.502823728293
-13600.854473377105
-13469.57438152063
-12856.753433852424
-14504.118626970667
-15000.0
-15000.0
-15000.0
15000.0
15000.0
15000.0
15000.0
15000.0
15000.0
15000.0
15000.0
15000.0
-15000.0
-15000.0
-15000.0
-15000.0
-15000.0
15000.0
15000.0
15000.0
15000.0
15000.0
-15000.0
-14272.530924798746
-14590.449194307734
-15000.0
-15000.0
-15000.0
-15000.0
15000.0
15000.0
15000.0
15000.0
15000.0
15000.0
15000.0
15000.0
-15000.0
-15000.0
-15000.0
-15000.0
-15000.0
-15000.0
-15000.0
15000.0
15000.0
15000.0
15000.0
15000.0
15000.0
15000.0
15000.0
-14364.713749674931
-13626.190644747254
-12359.625509419773
-12890.717396039243
-10562.474829991566
-9606.252911335945
-10209.62865002346
-5220.892924945075
15000.0
13171.267742173693
15000.0
15000.0
15000.0
15000.0
15000.0
-10151.515151515152
-2559.52380952382
-2234.1276453924365
1581.812437069184
10597.077131214737
4550.8021944748325
15000.0