Demand
15000.0
15000.0
15000.0
15000.0
15000.0
15000.0
15000.0
15000.0
15000.0
-15000.0
-15000.0
15000.0
15000.0
15000.0
15000.0
15000.0
15000.0
15000.0
-15000.0
-15000.0
-15000.0
-15000.0
-15000.0
-15000.0
15000.0
15000.0
15000.0
15000.0
15000.0
15000.0
15000.0
-15000.0
-15000.0
-15000.0
-15000.0
15000.0
15000.0
15000.0
15000.0
-15000.0
-15000.0
-14188.101634197104
-14524.61146549354
-15000.0
-15000.0
-15000.0
15000.0
15000.0
15000.0
15000.0
15000.0
15000.0
15000.0
15000.0
-15000.0
-15000.0
-15000.0
-15000.0
-15000.0
-15000.0
-15000.0
-15000.0
15000.0
15000.0
15000.0
15000.0
15000.0
15000.0
15000.0
15000.0
-15000.0
-15000.0
-15000.0
-15000.0
-15000.0
-14330.985915492958
-8993.566125315847
-3536.7447986325124
15000.0
7130.190191312041
15000.0
15000.0
15000.0
15000.0
15000.0
15000.0
15000.0
-15000.0
-13895.348837209305
-11172.933641802621
-11959.230385604897
-11618.088718372837
-11483.38508601165
-15000.0
15000.0
15000.0
15000.0
15000.0
15000.0
15000.0
-13951.92262768648
-12685.731495730633
-13261.694215694843
-12429.368473342776
-13698.006485574602
-15000.0
-15000.0
15000.0
15000.0
15000.0
15000.0
15000.0
15000.0
15000.0
15000.0
-15000.0
-15000.0
-15000.0
15000.0
15000.0
15000.0
15000.0
15000.0
-15000.0
-15000.0
-15000.0
-15000.0
-14450.337512054004
-15000.0
-15000.0
-15000.0
15000.0
15000.0
15000.0
15000.0
15000.0
15000.0
15000.0
15000.0
-14626.274976489261
-14416.9980052293
-7293.869252141832
15000.0
15000.0
15000.0
-15000.0
-15000.0
-14534.437344541559
-13197.814528010247
-13177.321680568617
-1430.3208676159038
15000.0
15000.0
15000.0
15000.0
15000.0
15000.0
15000.0
-15000.0
-15000.0
15000.0
15000.0
-13688.147295742234
-14285.249440485077
-14198.224656016646
-14532.11324956487
-14412.210653950431
-14146.289168793737
-13062.966994404833
15000.0
15000.0
15000.0
15000.0
15000.0
15000.0
15000.0
15000.0
-15000.0
15000.0
15000.0
-15000.0
-15000.0
-15000.0
-15000.0
-15000.0
15000.0
15000.0
15000.0
15000.0
15000.0
-15000.0
15000.0
15000.0
-15000.0
-15000.0
-15000.0
-15000.0
-14452.975047984648
-13532.553548058422
-10103.343685791115
-10626.551274135389
15000.0
15000.0
15000.0
15000.0
15000.0
15000.0
15000.0
15000.0
-15000.0
-15000.0
-15000.0
-15000.0
-15000.0
-13420.481258382923
15000.0
15000.0
15000.0
15000.0
15000.0
15000.0
15000.0
-14679.678381532878
-15000.0
-15000.0
-15000.0
-15000.0
-15000.0
-15000.0
15000.0
15000.0
15000.0
15000.0
15000.0
15000.0
15000.0
-15000.0
-15000.0
15000.0
15000.0
15000.0
-15000.0
-15000.0
-13846.324376890614
-13138.922770395064
-1486.1009314457979
15000.0
15000.0
15000.0
15000.0
15000.0
15000.0
-15000.0
-15000.0
-15000.0
-13923.657944429466
-11387.61645810643
14813.824283942622
-4969.639575578836
15000.0
15000.0
15000.0
15000.0
-15000.0
-15000.0
-15000.0
-13568.205868988003
-9846.74318808199
15000.0
15000.0
15000.0
15000.0
15000.0
15000.0
-15000.0
-15000.0
-15000.0
-13822.314049586781
-11754.891671578713
15000.0
15000.0
15000.0
15000.0
15000.0
15000.0
-15000.0
15000.0
-15000.0
-15000.0
-15000.0
-10942.458846210888
-5853.385077155291
15000.0
14320.94837169513
5211.534788790278
15000.0
15000.0
15000.0
15000.0
-15000.0
-15000.0
-15000.0
-13798.508269376285
-14081.303749381845
-12211.814471831436
-12088.684061038439
-10372.739224074216
3198.542873074608
15000.0
15000.0
15000.0
15000.0
15000.0
15000.0
15000.0
15000.0
-15000.0
-14645.384555564196
-14563.52747053562
-13111.958446796107
-13507.042705990694
15000.0
15000.0
15000.0
15000.0
15000.0
-15000.0
-15000.0
-13189.98366902559
-13798.961112572346
-14540.865221314223
-15000.0
-15000.0
-15000.0
15000.0
15000.0
15000.0
15000.0
15000.0
15000.0
15000.0
15000.0
15000.0
-14332.096474953618
-14253.738231493451
-14132.112058991388
-14458.98456959737
-14212.164839777211
-15000.0
15000.0
15000.0
15000.0
15000.0
15000.0
15000.0
15000.0
-14404.388714733544
15000.0
-15000.0
-15000.0
-15000.0
15000.0
15000.0
15000.0
15000.0
-13313.685928679926
-13826.773586580417
-14008.113585127408
-15000.0
-15000.0
15000.0
15000.0
15000.0
15000.0
15000.0
-13656.089194077722
-13184.804713913803
-13405.34035068952
-15000.0
-15000.0
-15000.0
-13897.22543730506
-15000.0
15000.0
15000.0
15000.0
15000.0
15000.0
15000.0
15000.0
15000.0
15000.0
-14264.286959464174
-15000.0
15000.0
15000.0
15000.0
-15000.0
-13971.351229415752
-6449.920439706362
15000.0
15000.0
15000.0
-12615.51493465772
-13453.676646604214
-13119.993847493875
-14353.934947763693
-15000.0
15000.0
15000.0
15000.0
15000.0
15000.0
15000.0
-14687.842278203723
-15000.0
-15000.0
-15000.0
-15000.0
-15000.0
15000.0
15000.0
15000.0
15000.0
15000.0
15000.0
15000.0
-12549.967762733719
-12630.834234057187
-12660.003950049293
-13059.282578112881
-13546.267244347753
-15000.0
15000.0
15000.0
15000.0
15000.0
15000.0
-14032.276052635498
-13938.480472233758
-13802.05535343253
-14528.54051836524
-15000.0
-15000.0
-15000.0
15000.0
15000.0
15000.0
15000.0
15000.0
15000.0
15000.0
-15000.0
-15000.0
-15000.0
-15000.0
-15000.0
15000.0
15000.0
15000.0
15000.0
15000.0
-13870.312573094212
-12264.793264471893
-11969.878829416979
-12863.749919086516
15000.0
15000.0
15000.0
15000.0
15000.0
15000.0
-14430.56943056943
15000.0
-15000.0
-15000.0
-15000.0
-10367.767718601099
15000.0
15000.0
15000.0
15000.0
-14670.8125164355
-13818.544251649982
-12376.384433572013
-10380.462775709773
15000.0
15000.0
15000.0
15000.0
15000.0
-15000.0
-15000.0
-15000.0
15000.0
15000.0
15000.0
15000.0
-13157.57575757576
-13366.390207665245
-13941.265190222068
-14609.643748827384
-15000.0
-15000.0
-15000.0
-15000.0
-15000.0
15000.0
15000.0
15000.0
15000.0
15000.0
15000.0
15000.0
15000.0
-15000.0
-15000.0
-15000.0
-14521.469411724189
-13180.970737140284
-8879.037813565556
-3886.928978094751
15000.0
15000.0
-3687.613453250724
15000.0
15000.0
15000.0
15000.0
15000.0
-14690.24144088192
-14327.550928439912
-13137.373480750684
-12886.432625052606
-13491.502601233009
-13678.337338715031
-15000.0
-15000.0
15000.0
15000.0
15000.0
15000.0
15000.0
15000.0
15000.0
-15000.0
-14129.827920779946
-15000.0
-15000.0
15000.0
15000.0
15000.0
15000.0
15000.0
15000.0
-13460.846084608464
-12214.418721748065
-11703.610529380305
-10680.924531905443
-8594.068337902481
15000.0
6978.738497511542
15000.0
15000.0
15000.0
-15000.0
-15000.0
-15000.0
15000.0
15000.0
15000.0
15000.0
-13654.07319952775
15000.0
15000.0
-15000.0
-15000.0
-15000.0
-15000.0
-13413.828495431942
15000.0
15000.0
15000.0
15000.0
15000.0
-13361.66543483617
-14287.412542033384
-14600.57940795939
-14532.539324897654
-13825.893682950227
-13316.582692529755
-13207.438654401063
15000.0
15000.0
15000.0
15000.0
15000.0
15000.0
15000.0
15000.0
-15000.0
-15000.0
-15000.0
-15000.0
-10454.545454545474
15000.0
15000.0
15000.0
15000.0
15000.0
-15000.0
-15000.0
-15000.0
-14042.821158690182
15000.0
15000.0
15000.0
15000.0
15000.0
15000.0
-15000.0
15000.0
15000.0
-15000.0
-15000.0
-15000.0
15000.0
15000.0
15000.0
15000.0
-14347.172512526846
-13836.71938322
-13975.08742551913
-15000.0
15000.0
15000.0
15000.0
15000.0
15000.0
-14669.947886508398
15000.0
15000.0
-13725.259979872528
-13292.407406255898
-10231.41446378057
15000.0
15000.0
15000.0
-15000.0
-15000.0
-15000.0
-15000.0
-12961.251862891208
-7527.294609851859
15000.0
15000.0
3060.060522158031
15000.0
15000.0
15000.0
15000.0
-15000.0
-15000.0
-15000.0
-15000.0
-15000.0
15000.0
15000.0
15000.0
15000.0
15000.0
15000.0
-15000.0
-15000.0
-15000.0
-15000.0
-15000.0
-13110.795454545463
15000.0
15000.0
15000.0
15000.0
15000.0
15000.0
15000.0
-15000.0
-15000.0
-15000.0
15000.0
15000.0
15000.0
-15000.0
-15000.0
-15000.0
-15000.0
-15000.0
15000.0
15000.0
15000.0
15000.0
15000.0
15000.0
-12244.79931254252
-12070.066551630509
-12894.678604762623
-12282.621515193667
-11908.86810423039
-11840.445351977669
-10873.175069547618
-6343.187769022795
15000.0
15000.0
15000.0
15000.0
15000.0
7242.649932260367
15000.0
-9848.484848484848
-3109.987357774964
-2956.3888850193216