Demand
15000.0
15000.0
15000.0
15000.0
15000.0
15000.0
15000.0
15000.0
15000.0
15000.0
15000.0
15000.0
15000.0
15000.0
15000.0
15000.0
15000.0
-15000.0
-15000.0
15000.0
15000.0
15000.0
15000.0
15000.0
15000.0
15000.0
15000.0
15000.0
15000.0
15000.0
15000.0
15000.0
15000.0
15000.0
-15000.0
15000.0
15000.0
-15000.0
-15000.0
-15000.0
15000.0
15000.0
15000.0
15000.0
-15000.0
-15000.0
15000.0
15000.0
15000.0
-15000.0
-15000.0
-15000.0
-15000.0
-15000.0
-15000.0
-15000.0
15000.0
15000.0
15000.0
15000.0
15000.0
15000.0
15000.0
15000.0
-15000.0
-14347.925564368521
-15000.0
-15000.0
-15000.0
-15000.0
-15000.0
-15000.0
15000.0
15000.0
15000.0
15000.0
15000.0
15000.0
15000.0
15000.0
15000.0
-15000.0
15000.0
15000.0
15000.0
-15000.0
-15000.0
-15000.0
15000.0
15000.0
15000.0
15000.0
-14015.41807945749
-15000.0
-15000.0
-15000.0
-15000.0
15000.0
15000.0
15000.0
15000.0
15000.0
-13702.294124555221
-13163.948831174908
-14126.3062050745
-15000.0
-15000.0
15000.0
15000.0
15000.0
15000.0
15000.0
15000.0
-14674.099485420244
-15000.0
-15000.0
-15000.0
-15000.0
-15000.0
-15000.0
15000.0
15000.0
15000.0
15000.0
15000.0
15000.0
15000.0
15000.0
15000.0
15000.0
-15000.0
-15000.0
-15000.0
-15000.0
-15000.0
-15000.0
-15000.0
15000.0
15000.0
15000.0
15000.0
15000.0
15000.0
15000.0
15000.0
-15000.0
-15000.0
-14474.815724815722
-11963.62541302037
15000.0
15000.0
15000.0
15000.0
15000.0
-15000.0
-15000.0
-15000.0
-15000.0
-15000.0
-15000.0
-15000.0
15000.0
15000.0
15000.0
15000.0
15000.0
15000.0
15000.0
-14678.147939017505
-15000.0
-15000.0
-15000.0
-15000.0
-15000.0
-15000.0
15000.0
15000.0
15000.0
15000.0
15000.0
15000.0
15000.0
15000.0
-15000.0
15000.0
-15000.0
-15000.0
-15000.0
-15000.0
-15000.0
-15000.0
15000.0
15000.0
15000.0
15000.0
15000.0
15000.0
15000.0
15000.0
-13748.856777025794
-14643.635667190134
-15000.0
-15000.0
-15000.0
15000.0
15000.0
15000.0
15000.0
15000.0
-15000.0
-15000.0
15000.0
15000.0
15000.0
-14689.179714886657
-14662.42960183536
-13499.284872355933
-13716.697749608367
-14484.462606082401
-14302.901269482823
-13762.379106519093
15000.0
15000.0
-15000.0
15000.0
15000.0
15000.0
15000.0
15000.0
-15000.0
-15000.0
15000.0
15000.0
15000.0
-15000.0
-15000.0
-15000.0
-15000.0
-15000.0
15000.0
15000.0
15000.0
15000.0
15000.0
-14321.335101535286
-13827.052404158905
-14040.593661224186
-14319.598889830202
-15000.0
15000.0
15000.0
15000.0
15000.0
15000.0
15000.0
-14389.545660501713
-13671.299697904436
-13155.466789597118
-14153.390395807546
-13954.0899838236
-14261.992191969897
-13409.942107505278
15000.0
15000.0
15000.0
15000.0
15000.0
15000.0
15000.0
-14000.29231218942
-13886.281287410104
-14140.726640500852
-14466.335249407424
-15000.0
-15000.0
15000.0
15000.0
15000.0
15000.0
15000.0
15000.0
15000.0
-15000.0
-15000.0
-15000.0
-15000.0
15000.0
15000.0
15000.0
15000.0
15000.0
-12445.020310967924
-11860.708667755127
-11488.000019871986
-11818.031370660941
-12697.69214771318
-14103.208488286942
-15000.0
15000.0
15000.0
15000.0
15000.0
15000.0
15000.0
-10731.311106746085
15000.0
-13551.448797531564
-11851.517821218607
15000.0
15000.0
15000.0
-15000.0
-15000.0
-15000.0
-15000.0
15000.0
15000.0
15000.0
15000.0
15000.0
15000.0
-15000.0
-15000.0
-15000.0
-15000.0
15000.0
15000.0
15000.0
15000.0
15000.0
-14575.260804768997
-15000.0
15000.0
15000.0
15000.0
-15000.0
-15000.0
-15000.0
-14235.79898238404
-4432.612919869137
15000.0
15000.0
15000.0
15000.0
15000.0
-14352.272727272732
-14616.31756212602
-14488.432805918063
-15000.0
15000.0
15000.0
15000.0
15000.0
15000.0
-13704.54545454546
15000.0
15000.0
-14684.035476718404
15000.0
15000.0
-15000.0
-15000.0
-13912.905276541645
-7517.782020750943
15000.0
15000.0
15000.0
15000.0
15000.0
-15000.0
15000.0
15000.0
15000.0
-15000.0
-14660.844064771136
-13503.750479230857
-12893.460838806866
-13030.982947314205
-15000.0
-15000.0
-15000.0
15000.0
15000.0
15000.0
15000.0
15000.0
15000.0
15000.0
15000.0
-14038.852536611423
-14274.899489609765
-14564.831103779845
-13821.489695699463
-15000.0
15000.0
15000.0
15000.0
15000.0
15000.0
15000.0
-11937.459703417153
-12306.033519553072
-12683.292925067304
-11650.428909048846
-12262.038103459508
-7774.555728821626
15000.0
15000.0
15000.0
15000.0
15000.0
-14696.696819614426
-14669.67746671403
-14261.764813717069
-14571.976678040472
-15000.0
-15000.0
-15000.0
15000.0
15000.0
15000.0
15000.0
15000.0
15000.0
15000.0
-13015.089959373188
-10939.09490000004
-11632.517356300283
-11392.171639958215
-10677.022061198684
-9098.235012888435
15000.0
15000.0
15000.0
15000.0
15000.0
15000.0
-14648.093841642229
-13704.56354470682
-13181.0370765745
-10941.471200198786
15000.0
15000.0
15000.0
15000.0
15000.0
-15000.0
-15000.0
-15000.0
-15000.0
-15000.0
15000.0
15000.0
15000.0
15000.0
15000.0
-15000.0
-15000.0
-15000.0
-15000.0
15000.0
15000.0
15000.0
15000.0
15000.0
-14329.214474845547
-15000.0
-15000.0
-15000.0
-15000.0
-15000.0
15000.0
15000.0
15000.0
15000.0
15000.0
15000.0
15000.0
-15000.0
-15000.0
-15000.0
-15000.0
-11383.783384251525
15000.0
15000.0
15000.0
15000.0
15000.0
-14649.372963457103
-15000.0
-15000.0
-15000.0
-15000.0
15000.0
15000.0
15000.0
15000.0
15000.0
15000.0
-13417.08211109824
-13983.91924862639
-14630.717512055686
-15000.0
-15000.0
-15000.0
-15000.0
-15000.0
15000.0
15000.0
15000.0
15000.0
15000.0
15000.0
15000.0
15000.0
15000.0
-15000.0
-15000.0
-14605.778836548066
-13529.101110983363
-10119.595299708992
-5695.283852602645
15000.0
15000.0
15000.0
15000.0
15000.0
15000.0
-15000.0
-15000.0
-14626.71905697446
-14128.560918061212
-12279.694462904772
-11205.195217707816
-10602.631804953333
15000.0
15000.0
15000.0
15000.0
15000.0
15000.0
15000.0
-15000.0
-15000.0
-15000.0
-15000.0
15000.0
15000.0
15000.0
15000.0
-15000.0
-15000.0
-15000.0
15000.0
15000.0
15000.0
-12199.017199017198
-11811.001297877614
-11162.885381140877
-10514.202670615676
-8220.645481458727
15000.0
4831.6233552642725
15000.0
15000.0
15000.0
15000.0
-15000.0
-13679.190631853355
-13919.33302256712
-14596.320738165683
-14526.176178370573
-13803.800642716338
-14133.180543956369
-15000.0
15000.0
15000.0
15000.0
15000.0
15000.0
15000.0
15000.0
15000.0
-12722.788422339996
-12536.283922765946
-13056.874745302692
-14109.512888568555
-14453.596297386652
-14238.687874936953
-12031.090424422211
15000.0
15000.0
15000.0
15000.0
15000.0
15000.0
15000.0
15000.0
-15000.0
-15000.0
-15000.0
-15000.0
-15000.0
15000.0
15000.0
15000.0
15000.0
15000.0
15000.0
-15000.0
-15000.0
-15000.0
-15000.0
-14460.227272727272
-14252.806073681626
-12147.669662479791
15000.0
15000.0
15000.0
15000.0
15000.0
15000.0
15000.0
15000.0
-15000.0
-15000.0
-15000.0
-15000.0
-15000.0
-11574.00450788881
-2920.435353725039
15000.0
15000.0
15000.0
15000.0
15000.0
15000.0
15000.0
-15000.0
-14604.105571847507
-14013.58965860126
-11442.16395336096
-9030.094759306983
15000.0
15000.0
15000.0
15000.0
15000.0
15000.0
-15000.0
-15000.0
-15000.0
-13575.263840029624
-11209.823880906108
-9926.181665320823
1968.3506492649403
15000.0
15000.0
15000.0
15000.0
15000.0
15000.0
-15000.0
-15000.0
-15000.0
-15000.0
-15000.0
-15000.0
-15000.0
15000.0
15000.0
15000.0
15000.0
15000.0
15000.0
15000.0
15000.0
-14688.592657342659
-14648.173497049072
-15000.0
-15000.0
-15000.0
15000.0
15000.0
15000.0
15000.0
15000.0
15000.0
-15000.0
-15000.0
-15000.0
15000.0
15000.0
15000.0
15000.0
-15000.0
-15000.0
-15000.0
-13753.514526710409
-10107.83728183688
15000.0
15000.0
15000.0
15000.0
15000.0
15000.0
-12649.715295503636
-12683.657689790634
-12129.563526914018
-9459.461052576018
4802.971440704022
15000.0
15000.0
15000.0
15000.0
-10454.545454545456
-3794.2925089179516
-1775.452164196282
-1159.8807548523291
-582.8187648061667