Demand
15000.0
15000.0
15000.0
15000.0
15000.0
15000.0
15000.0
15000.0
15000.0
15000.0
15000.0
15000.0
15000.0
15000.0
15000.0
15000.0
15000.0
-15000.0
15000.0
15000.0
15000.0
15000.0
15000.0
15000.0
15000.0
15000.0
15000.0
15000.0
15000.0
15000.0
15000.0
15000.0
-15000.0
-15000.0
-15000.0
-15000.0
-15000.0
-15000.0
15000.0
15000.0
15000.0
15000.0
15000.0
15000.0
15000.0
15000.0
-15000.0
15000.0
15000.0
15000.0
-15000.0
-15000.0
-15000.0
-15000.0
-15000.0
15000.0
15000.0
15000.0
15000.0
15000.0
15000.0
-15000.0
-15000.0
15000.0
15000.0
15000.0
-15000.0
-15000.0
-15000.0
15000.0
15000.0
15000.0
15000.0
-15000.0
-15000.0
-14542.444310656236
-11176.56017972052
-8111.405181457303
15000.0
15000.0
6198.357491477124
15000.0
15000.0
15000.0
-15000.0
-15000.0
-15000.0
-15000.0
15000.0
15000.0
15000.0
15000.0
-14015.695153305962
-15000.0
-15000.0
-15000.0
-15000.0
-15000.0
-15000.0
15000.0
15000.0
15000.0
15000.0
15000.0
15000.0
15000.0
15000.0
15000.0
-15000.0
-15000.0
15000.0
15000.0
15000.0
-14661.319073083785
-15000.0
15000.0
15000.0
15000.0
-15000.0
-15000.0
-15000.0
-15000.0
-15000.0
-15000.0
-15000.0
15000.0
15000.0
15000.0
15000.0
15000.0
15000.0
15000.0
-15000.0
-15000.0
-15000.0
-15000.0
-15000.0
-15000.0
-13848.484848484855
-11149.804863404384
15000.0
15000.0
15000.0
15000.0
15000.0
15000.0
15000.0
15000.0
15000.0
-14359.197579486834
-13206.144927252575
-13338.53156495473
-13963.267459036408
-14227.474031777834
-15000.0
15000.0
15000.0
15000.0
15000.0
15000.0
15000.0
-15000.0
-13617.77690659852
-14245.535629198079
-14152.498285432834
-14505.457572185325
-14381.10643025392
-14115.811872396709
-13164.887581574429
15000.0
15000.0
15000.0
15000.0
15000.0
15000.0
15000.0
15000.0
15000.0
-15000.0
-15000.0
-15000.0
-15000.0
15000.0
15000.0
15000.0
15000.0
-15000.0
-15000.0
-15000.0
-15000.0
-15000.0
-15000.0
15000.0
15000.0
15000.0
15000.0
15000.0
15000.0
-14358.57246202074
-13601.915480439071
-14611.667127594286
-15000.0
-15000.0
-15000.0
-15000.0
15000.0
15000.0
15000.0
15000.0
15000.0
15000.0
15000.0
15000.0
-15000.0
-14617.57799396176
-14454.958092427423
-9059.808253029998
15000.0
15000.0
15000.0
15000.0
-14357.523735206141
-14647.16016982681
-15000.0
-15000.0
-15000.0
-15000.0
-15000.0
15000.0
15000.0
15000.0
15000.0
15000.0
15000.0
15000.0
-15000.0
15000.0
15000.0
-15000.0
-15000.0
-15000.0
15000.0
15000.0
15000.0
15000.0
-14000.934797849965
-14238.831904468843
-14535.297670765638
-15000.0
-15000.0
15000.0
15000.0
15000.0
15000.0
15000.0
15000.0
-13555.590750712701
-11871.717269584202
15000.0
15000.0
15000.0
-14663.76089663761
-15000.0
-15000.0
-15000.0
-15000.0
15000.0
15000.0
15000.0
15000.0
15000.0
-14317.01161806571
-14628.742070311484
-15000.0
-15000.0
-15000.0
-15000.0
-12327.93724857907
3333.5736895010505
15000.0
15000.0
15000.0
15000.0
15000.0
15000.0
15000.0
15000.0
15000.0
-15000.0
-15000.0
-12720.350715274577
-11585.733411501558
-10554.24846784028
-9593.463379212219
-9392.999652311766
-9548.082403129232
-71.96296684918889
15000.0
15000.0
15000.0
15000.0
15000.0
15000.0
15000.0
-13449.985357486512
-13654.561115458248
-13501.979132156852
-12835.652627202362
-12349.4812373288
-12810.403302982868
-13554.505640716736
15000.0
15000.0
15000.0
15000.0
15000.0
15000.0
15000.0
-14672.865013774106
-13876.890135388177
-14547.702538871876
-15000.0
-15000.0
15000.0
15000.0
15000.0
15000.0
15000.0
15000.0
-14006.226650062268
-14593.22610508864
-15000.0
-15000.0
15000.0
15000.0
15000.0
15000.0
-15000.0
-14642.401459830318
-13762.346810256935
-13492.606010845615
-11564.557892655957
-10171.690624429564
15000.0
15000.0
15000.0
-3521.5512022816065
15000.0
15000.0
15000.0
-15000.0
-12965.51088104153
-7387.302195458007
15000.0
15000.0
15000.0
15000.0
-14641.396665618122
-15000.0
15000.0
15000.0
15000.0
-14372.485921158492
-12598.036321307773
-12716.248628445668
-12807.23333342456
-13381.746329552534
-13467.53103640744
-15000.0
15000.0
15000.0
15000.0
15000.0
15000.0
15000.0
15000.0
-13414.653528289895
-13628.082803721365
-15000.0
-15000.0
-15000.0
-14237.610146574858
-15000.0
15000.0
15000.0
15000.0
15000.0
15000.0
15000.0
15000.0
15000.0
-14681.495809155385
-14300.002983065555
-15000.0
-15000.0
-15000.0
-15000.0
-15000.0
15000.0
15000.0
15000.0
15000.0
15000.0
15000.0
15000.0
-13675.645826771673
-14635.875699440057
-15000.0
-15000.0
-15000.0
-15000.0
15000.0
15000.0
15000.0
15000.0
-15000.0
15000.0
15000.0
15000.0
-15000.0
-15000.0
-15000.0
-9224.400311775094
15000.0
15000.0
15000.0
15000.0
15000.0
-12772.716262534697
-12962.670146771165
-13527.233582504428
-14181.042760399647
-15000.0
-15000.0
-15000.0
-15000.0
15000.0
15000.0
15000.0
15000.0
15000.0
15000.0
15000.0
15000.0
15000.0
-15000.0
15000.0
15000.0
15000.0
-15000.0
-15000.0
-15000.0
-15000.0
-15000.0
-15000.0
-15000.0
15000.0
15000.0
15000.0
15000.0
15000.0
15000.0
15000.0
15000.0
-13445.454545454551
-14333.136672719695
-15000.0
-15000.0
-15000.0
-15000.0
-15000.0
-15000.0
15000.0
15000.0
15000.0
15000.0
15000.0
15000.0
15000.0
15000.0
-15000.0
-15000.0
-14560.081852843887
-13202.360016620762
-9523.012788312524
15000.0
15000.0
15000.0
9271.51023151763
15000.0
15000.0
-15000.0
-15000.0
-15000.0
15000.0
15000.0
15000.0
15000.0
-12973.800276479495
-13048.460733537246
-13534.131672946063
-14254.516771314578
-15000.0
15000.0
15000.0
15000.0
15000.0
15000.0
-14318.81559354742
-14613.101141428077
-13603.327821868457
-12545.811613096823
-8981.821043272488
-7953.009828094985
15000.0
15000.0
15000.0
15000.0
15000.0
15000.0
-12631.449394047788
-12351.53599683864
-12354.63680955756
-12221.268182676784
-13334.597642736535
-15000.0
15000.0
15000.0
15000.0
15000.0
15000.0
15000.0
-13377.625615242818
-13099.080691680854
-13528.250986192805
-13320.493791456302
15000.0
15000.0
15000.0
15000.0
15000.0
-15000.0
-15000.0
-15000.0
-15000.0
15000.0
15000.0
15000.0
15000.0
-15000.0
-15000.0
-15000.0
-15000.0
15000.0
15000.0
15000.0
15000.0
-12355.090677081324
-12153.89708094182
-12273.669488071708
-12370.150336850566
-13969.87144480068
-14332.585208181637
-15000.0
-15000.0
15000.0
15000.0
15000.0
15000.0
15000.0
15000.0
15000.0
15000.0
-14686.90055316878
-15000.0
-15000.0
-15000.0
-15000.0
-15000.0
-13456.525050484335
15000.0
15000.0
15000.0
15000.0
15000.0
15000.0
15000.0
15000.0
-14691.354310811625
-14292.897411802933
-14134.900722962786
-14386.091006795636
-15000.0
15000.0
15000.0
15000.0
15000.0
15000.0
-15000.0
-15000.0
-15000.0
-15000.0
-15000.0
-15000.0
-14047.459893048133
-10618.097143234001
15000.0
15000.0
15000.0
15000.0
15000.0
15000.0
15000.0
15000.0
15000.0
-14383.450513791242
-13288.73181051957
-12651.620106763829
-13580.82382229996
-14341.079624152553
-15000.0
15000.0
15000.0
15000.0
15000.0
15000.0
15000.0
-15000.0
-15000.0
-13862.741085588583
-14141.114200299919
-13467.406920717898
-13690.182670373135
-15000.0
-15000.0
15000.0
15000.0
15000.0
15000.0
15000.0
15000.0
15000.0
15000.0
-13632.524637613918
-13002.669453802362
-14495.173240861015
-15000.0
-15000.0
15000.0
15000.0
15000.0
15000.0
15000.0
-12852.127576129224
-12967.530399699866
-13048.54327327705
-13045.13740920466
-13853.802043012969
15000.0
15000.0
15000.0
15000.0
15000.0
15000.0
15000.0
-15000.0
-15000.0
-15000.0
-15000.0
15000.0
15000.0
15000.0
15000.0
-15000.0
-15000.0
-15000.0
-15000.0
15000.0
15000.0
15000.0
15000.0
15000.0
-15000.0
-15000.0
-15000.0
-15000.0
-15000.0
-15000.0
-15000.0
-15000.0
15000.0
15000.0
15000.0
15000.0
15000.0
15000.0
15000.0
15000.0
15000.0
-13668.044758010154
-12433.812293270017
-12939.916143027236
-10620.685323433812
-9569.083604456791
-9952.369087908464
-2810.612979327034
15000.0
15000.0
15000.0
15000.0
15000.0
15000.0
-10606.060606060608
4733.141002524331
10324.19476568255
4017.117405988308
15000.0
-3778.2281412854672
-1688.8881376559257
9092.488367404323