Demand
15000.0
15000.0
15000.0
15000.0
15000.0
15000.0
15000.0
15000.0
15000.0
15000.0
15000.0
15000.0
15000.0
15000.0
15000.0
15000.0
-15000.0
-15000.0
-15000.0
-15000.0
15000.0
15000.0
15000.0
15000.0
15000.0
15000.0
15000.0
15000.0
15000.0
15000.0
15000.0
15000.0
15000.0
-15000.0
-15000.0
-15000.0
-15000.0
15000.0
15000.0
15000.0
15000.0
15000.0
-14676.08418619736
-15000.0
-15000.0
-15000.0
-15000.0
-15000.0
-15000.0
-15000.0
15000.0
15000.0
15000.0
15000.0
15000.0
15000.0
15000.0
15000.0
-15000.0
-15000.0
-15000.0
-15000.0
-15000.0
-15000.0
15000.0
15000.0
15000.0
15000.0
15000.0
15000.0
15000.0
-15000.0
-15000.0
-15000.0
-15000.0
-14509.338579588806
-11326.13434171585
-10071.050475000891
-8240.551730644613
-4640.168780371474
15000.0
15000.0
15000.0
15000.0
15000.0
15000.0
15000.0
15000.0
-13624.296057924377
15000.0
9513.796384396497
15000.0
-14016.525439975463
-15000.0
-15000.0
-15000.0
-15000.0
-15000.0
-15000.0
15000.0
15000.0
15000.0
15000.0
15000.0
15000.0
15000.0
15000.0
15000.0
-15000.0
15000.0
15000.0
-15000.0
-14114.219114219119
15000.0
15000.0
-15000.0
-15000.0
-15000.0
-15000.0
-15000.0
-15000.0
15000.0
15000.0
15000.0
15000.0
15000.0
15000.0
15000.0
-15000.0
-15000.0
-15000.0
-15000.0
15000.0
15000.0
15000.0
15000.0
15000.0
-15000.0
-14350.242234254776
15000.0
15000.0
15000.0
15000.0
-15000.0
-15000.0
-15000.0
-15000.0
-14402.863461762314
-12210.372719508523
-9650.399529579783
15000.0
15000.0
15000.0
15000.0
15000.0
15000.0
15000.0
-15000.0
-15000.0
15000.0
15000.0
15000.0
-13748.856777025794
-14313.361812244115
-14218.482091724833
-14530.348811060758
-14368.411814446848
-13871.955834623066
15000.0
15000.0
15000.0
15000.0
15000.0
15000.0
15000.0
-15000.0
-15000.0
-15000.0
-15000.0
-15000.0
-15000.0
15000.0
15000.0
15000.0
15000.0
15000.0
15000.0
-15000.0
-15000.0
-15000.0
-15000.0
-15000.0
15000.0
15000.0
15000.0
15000.0
15000.0
15000.0
15000.0
-13777.667151719386
-14670.743939978816
-15000.0
-15000.0
-15000.0
-15000.0
-15000.0
15000.0
15000.0
15000.0
15000.0
15000.0
15000.0
15000.0
15000.0
-14683.760006340653
-14655.53559291672
-13462.303879686591
-13677.55737193509
-14463.656303409229
-14260.036163105106
-13602.75397615329
15000.0
15000.0
15000.0
15000.0
15000.0
15000.0
15000.0
15000.0
-15000.0
-15000.0
15000.0
15000.0
15000.0
-15000.0
-15000.0
-15000.0
15000.0
15000.0
15000.0
15000.0
-15000.0
-15000.0
-13936.283657691285
-13234.105022160384
10688.538494161265
15000.0
15000.0
15000.0
15000.0
15000.0
-15000.0
15000.0
15000.0
-15000.0
-14189.28529098021
-12613.396944783435
-6323.828825903569
15000.0
15000.0
15000.0
15000.0
-15000.0
-15000.0
-15000.0
-15000.0
-13944.28152492669
-12983.574244415246
-12061.475422258154
-8655.538712824167
15000.0
15000.0
15000.0
15000.0
15000.0
15000.0
15000.0
15000.0
15000.0
-14669.947886508398
-12728.310770599091
-14547.271343225497
-15000.0
-15000.0
15000.0
15000.0
15000.0
15000.0
15000.0
15000.0
-13086.71328671329
-12038.391287491875
-10833.396440633842
-8816.004765755391
-1256.5087037563771
15000.0
15000.0
15000.0
15000.0
-15000.0
-15000.0
15000.0
15000.0
15000.0
-13457.792207792212
-13684.584667499108
-13575.149223848199
-13031.247343631221
-12765.276074393863
-13408.917262104107
-14309.898951827745
-15000.0
-15000.0
15000.0
15000.0
15000.0
15000.0
15000.0
15000.0
15000.0
15000.0
-15000.0
-15000.0
-15000.0
-15000.0
15000.0
15000.0
15000.0
15000.0
15000.0
-14675.91130204056
-15000.0
-15000.0
-15000.0
-15000.0
15000.0
15000.0
15000.0
15000.0
15000.0
-13985.361971639337
-12974.182521339535
-12842.241970772666
-12998.944496000135
15000.0
15000.0
15000.0
15000.0
15000.0
-15000.0
-15000.0
-13376.453833372892
-11484.810948779821
-12921.657566527298
-11970.79948686091
15000.0
15000.0
15000.0
15000.0
15000.0
15000.0
-15000.0
-14323.006878804379
-12344.810710157548
-12389.483492519124
-12346.427585733218
-12806.62810935677
-12098.20425193098
15000.0
15000.0
15000.0
15000.0
15000.0
15000.0
15000.0
-13773.534158149545
-13364.312478067448
-13586.291619029242
-15000.0
-15000.0
-15000.0
-14260.527084160072
-15000.0
-15000.0
15000.0
15000.0
15000.0
15000.0
15000.0
15000.0
15000.0
15000.0
-14143.707315563948
-15000.0
-15000.0
15000.0
15000.0
15000.0
15000.0
-13628.999328656544
-11285.552081232603
-11763.008623467587
-12283.38178220089
-11301.160319515831
-12400.07563410679
-11328.777300068512
-13236.408149185343
15000.0
15000.0
15000.0
15000.0
15000.0
15000.0
15000.0
15000.0
15000.0
-15000.0
-15000.0
-15000.0
-15000.0
-15000.0
-15000.0
-14180.092059838898
-978.5686140717135
6224.044785792375
15000.0
15000.0
15000.0
15000.0
15000.0
9178.261533722605
15000.0
15000.0
-15000.0
-15000.0
-15000.0
-15000.0
15000.0
15000.0
15000.0
15000.0
15000.0
-15000.0
-15000.0
15000.0
15000.0
15000.0
-15000.0
-15000.0
-15000.0
15000.0
15000.0
15000.0
15000.0
-15000.0
-15000.0
-15000.0
-15000.0
15000.0
15000.0
15000.0
15000.0
15000.0
-13120.259426184457
-13321.040563773553
-14266.81795610613
-15000.0
-15000.0
-15000.0
-15000.0
-15000.0
15000.0
15000.0
15000.0
15000.0
15000.0
15000.0
15000.0
15000.0
-15000.0
-15000.0
-15000.0
-14440.090930690541
-12499.275469384418
-5133.557814201828
15000.0
15000.0
15000.0
15000.0
15000.0
15000.0
15000.0
-15000.0
-15000.0
-14228.89610389611
-14077.22995533585
-11338.531553003973
-7344.51584955052
4.851920963274097
15000.0
15000.0
15000.0
15000.0
15000.0
15000.0
-15000.0
-15000.0
-15000.0
-13962.598962598968
-14302.713445508842
-11285.162468812228
15000.0
15000.0
-247.31900797803974
15000.0
15000.0
15000.0
15000.0
15000.0
-13900.604346148903
-11156.869289783132
-1285.4048326588381
15000.0
15000.0
15000.0
-15000.0
-15000.0
-15000.0
-15000.0
15000.0
15000.0
15000.0
15000.0
15000.0
-13979.510642530335
-14203.282571232772
-15000.0
-15000.0
-15000.0
15000.0
15000.0
15000.0
15000.0
15000.0
-15000.0
-15000.0
-13625.294042389181
-15000.0
15000.0
15000.0
15000.0
15000.0
15000.0
15000.0
-14335.66433566434
-13146.429984582013
-11592.881982454794
-10916.010719096896
-9634.607842539728
-7471.597472085973
8004.172742491375
15000.0
15000.0
-15000.0
15000.0
15000.0
15000.0
-15000.0
5495.28210028843
15000.0
15000.0
15000.0
-14279.302060943235
-14461.93109664215
-15000.0
15000.0
15000.0
15000.0
-15000.0
-14615.532689822285
-14554.594545739714
-12801.544115838435
-8293.729759284113
-6946.650216527105
8054.862078718626
15000.0
1738.228452769842
15000.0
15000.0
15000.0
15000.0
15000.0
-15000.0
-15000.0
15000.0
15000.0
-15000.0
-14096.194503171253
15000.0
15000.0
15000.0
-15000.0
-15000.0
-15000.0
-14394.824153948244
-12926.67445227347
-15000.0
15000.0
15000.0
15000.0
15000.0
15000.0
15000.0
-14669.217830432
-14620.319610981529
-14069.100513681402
-11756.999734758174
-7661.949667114495
15000.0
15000.0
15000.0
15000.0
15000.0
15000.0
-15000.0
-15000.0
-15000.0
-15000.0
-15000.0
-12167.115344791884
-9389.147373731725
15000.0
15000.0
15000.0
15000.0
15000.0
15000.0
15000.0
-15000.0
15000.0
-14350.242234254776
-13247.338797838092
-13469.010656077178
-13284.647711835867
-12509.531245886708
-14390.235562623257
-15000.0
-15000.0
15000.0
15000.0
15000.0
15000.0
15000.0
15000.0
15000.0
15000.0
15000.0
-14685.696430540753
-15000.0
-15000.0
-15000.0
-15000.0
-15000.0
-15000.0
-15000.0
15000.0
15000.0
15000.0
15000.0
15000.0
15000.0
15000.0
15000.0
-15000.0
-15000.0
-15000.0
-15000.0
-11605.168154892111
15000.0
15000.0
15000.0
15000.0
15000.0
15000.0
-15000.0
-15000.0
15000.0
15000.0
15000.0
-15000.0
-15000.0
-15000.0
-15000.0
-15000.0
-15000.0
-15000.0
15000.0
15000.0
15000.0
15000.0
15000.0
15000.0
15000.0
15000.0
15000.0
-12742.361373066771
-12524.410123305675
-12604.63051889279
-12154.19655542932
-10077.447843061356
-2841.2911703350765
15000.0
15000.0
15000.0
12814.744889866819
4489.9660954076235
15000.0
-9848.484848484848
-3710.3308575286983
-3737.7672195883088