Demand
-15000.0
-15000.0
-15000.0
-15000.0
-15000.0
-15000.0
-15000.0
15000.0
15000.0
15000.0
15000.0
15000.0
15000.0
15000.0
-15000.0
-15000.0
-15000.0
-15000.0
15000.0
15000.0
15000.0
15000.0
15000.0
-15000.0
-15000.0
-15000.0
-15000.0
-13264.528132303447
-10934.286770874638
-12016.386916922631
15000.0
15000.0
15000.0
15000.0
15000.0
15000.0
15000.0
15000.0
-15000.0
-15000.0
-15000.0
-14198.05194805195
-14538.416821756888
-15000.0
-15000.0
-15000.0
15000.0
15000.0
15000.0
15000.0
15000.0
15000.0
15000.0
15000.0
15000.0
-15000.0
15000.0
-15000.0
-15000.0
-15000.0
-15000.0
-15000.0
15000.0
15000.0
15000.0
15000.0
15000.0
15000.0
-15000.0
-15000.0
-15000.0
-15000.0
-15000.0
15000.0
15000.0
15000.0
15000.0
15000.0
-13280.662675762222
-14240.109968771754
-14562.636308948571
-15000.0
-15000.0
-15000.0
15000.0
15000.0
15000.0
15000.0
15000.0
15000.0
15000.0
15000.0
-14063.526834611173
-15000.0
-15000.0
-15000.0
-15000.0
-15000.0
-15000.0
15000.0
15000.0
15000.0
15000.0
15000.0
15000.0
15000.0
15000.0
-15000.0
-15000.0
-15000.0
-15000.0
-15000.0
15000.0
15000.0
15000.0
15000.0
15000.0
-15000.0
-15000.0
15000.0
15000.0
-15000.0
-15000.0
-15000.0
-15000.0
-15000.0
-15000.0
-11013.98601398604
15000.0
15000.0
15000.0
15000.0
15000.0
15000.0
15000.0
15000.0
-15000.0
-15000.0
-14340.820638274214
15000.0
15000.0
15000.0
15000.0
-15000.0
-15000.0
-15000.0
-15000.0
-8974.630021141678
15000.0
15000.0
15000.0
15000.0
15000.0
-14663.421265843645
-15000.0
-15000.0
-15000.0
15000.0
15000.0
15000.0
15000.0
-15000.0
15000.0
15000.0
15000.0
-14677.145284621922
-14640.985711992296
-14585.379352055832
-14488.916552821614
-15000.0
-15000.0
15000.0
15000.0
15000.0
15000.0
15000.0
15000.0
15000.0
-15000.0
15000.0
15000.0
15000.0
-15000.0
-15000.0
-15000.0
15000.0
15000.0
15000.0
-15000.0
-15000.0
-15000.0
15000.0
15000.0
15000.0
15000.0
15000.0
-15000.0
-14662.322274881517
-14232.237655863952
-13165.00998950821
-14403.97843858961
-15000.0
-15000.0
15000.0
15000.0
15000.0
15000.0
15000.0
15000.0
-15000.0
-15000.0
15000.0
15000.0
15000.0
-14688.664721424317
-14355.75475558608
15000.0
15000.0
-14681.904129323837
-14624.052713735477
-14504.22811120575
-13217.916675627814
15000.0
15000.0
15000.0
15000.0
15000.0
-15000.0
-15000.0
-15000.0
15000.0
15000.0
15000.0
15000.0
-15000.0
-15000.0
-15000.0
-15000.0
-15000.0
-15000.0
15000.0
15000.0
15000.0
15000.0
15000.0
15000.0
15000.0
-14692.169216921691
-15000.0
-15000.0
15000.0
15000.0
15000.0
15000.0
-15000.0
-14221.61529457667
-12923.374158665669
-10382.39941875551
15000.0
15000.0
15000.0
15000.0
15000.0
-15000.0
15000.0
15000.0
15000.0
-14080.150618612159
-13982.285162295917
-13831.254980562884
-13567.918832782962
-13663.342142159374
-13560.443112129404
15000.0
15000.0
15000.0
15000.0
15000.0
15000.0
-14022.29845626072
15000.0
-14631.937718160054
-15000.0
15000.0
15000.0
15000.0
-15000.0
-15000.0
15000.0
15000.0
-13125.799184071122
-12171.221316973588
-11215.519824478266
-10036.54656490465
-8484.106863154364
15000.0
-364.28842032623834
15000.0
15000.0
15000.0
-15000.0
-15000.0
-13848.484848484848
-14117.050639328569
-12298.865428185345
-12121.149166598127
-10105.789040223186
15000.0
14554.80743224416
1355.5313448071665
15000.0
15000.0
15000.0
15000.0
15000.0
-15000.0
-15000.0
-14593.40572243798
-14487.984875822396
-12701.698347699195
-13028.13726601229
15000.0
15000.0
15000.0
15000.0
15000.0
15000.0
-15000.0
15000.0
-14004.772436270516
-14639.498032775336
-15000.0
-15000.0
-15000.0
-15000.0
-15000.0
15000.0
15000.0
15000.0
15000.0
15000.0
15000.0
15000.0
15000.0
15000.0
-14369.352756776694
-14602.126635328772
-14339.317433654222
15000.0
15000.0
15000.0
15000.0
-12789.932839437792
-13990.20289820309
-14266.73858620652
-14181.02189937868
-14526.198382929437
-14415.865894850882
-15000.0
-15000.0
15000.0
15000.0
15000.0
15000.0
15000.0
15000.0
15000.0
15000.0
15000.0
-15000.0
15000.0
15000.0
-15000.0
-15000.0
-14505.14696762991
-11864.581962084598
-667.386705373332
15000.0
15000.0
15000.0
15000.0
15000.0
-15000.0
-15000.0
-15000.0
15000.0
15000.0
15000.0
15000.0
15000.0
-14378.068739770872
-14654.105018710034
-14195.947790695125
-15000.0
-15000.0
-15000.0
15000.0
15000.0
15000.0
15000.0
15000.0
15000.0
-12689.264739979604
-10110.213738469378
15000.0
15000.0
15000.0
-15000.0
-15000.0
-15000.0
-15000.0
-14500.438212094658
-14356.051901204857
-13015.6259360792
-12248.431594164726
15000.0
15000.0
15000.0
15000.0
15000.0
15000.0
15000.0
15000.0
-12234.501347708894
-12987.026744168303
-12716.654539870819
-9986.282193195118
-10354.571979601471
-8515.373792069306
8015.39614622869
15000.0
15000.0
15000.0
15000.0
15000.0
-15000.0
-15000.0
-14635.083226632523
-13748.316495949748
-13502.983747057195
-13039.102641039484
-13947.45201302418
-15000.0
15000.0
15000.0
15000.0
15000.0
15000.0
15000.0
15000.0
-15000.0
15000.0
15000.0
15000.0
-15000.0
-15000.0
-15000.0
15000.0
15000.0
15000.0
-14645.742697327532
-14592.316200786878
-13501.540436028063
-10914.255663500833
-9212.033800595367
1657.836685918238
15000.0
15000.0
15000.0
15000.0
15000.0
15000.0
-14669.647292598114
-15000.0
-15000.0
-15000.0
-15000.0
-13095.565570104045
-15000.0
15000.0
15000.0
15000.0
15000.0
15000.0
15000.0
15000.0
15000.0
-14308.608385376014
-14500.97865259559
-15000.0
15000.0
15000.0
15000.0
-15000.0
-13723.83871962695
-9725.584155724442
15000.0
15000.0
15000.0
15000.0
-14075.268370878039
-14670.404953094032
-15000.0
-15000.0
-15000.0
-15000.0
-15000.0
-15000.0
15000.0
15000.0
15000.0
15000.0
15000.0
15000.0
15000.0
15000.0
15000.0
-15000.0
-14585.927770859282
-13268.62462941452
-6621.305270891888
15000.0
15000.0
15000.0
15000.0
15000.0
-15000.0
-15000.0
-15000.0
-15000.0
-14373.798407031038
-12782.42516236929
15000.0
15000.0
15000.0
14840.441484859311
-15000.0
15000.0
15000.0
-15000.0
-15000.0
-15000.0
-15000.0
-15000.0
-15000.0
15000.0
15000.0
15000.0
15000.0
15000.0
15000.0
15000.0
-15000.0
-15000.0
-14180.79912978327
-12553.297069859593
-9990.934655520243
-7789.490764421269
-500.6626337031157
15000.0
15000.0
2695.212452071886
15000.0
15000.0
15000.0
15000.0
-15000.0
-15000.0
-13119.975262832413
-13061.775474865506
-13712.741225151189
15000.0
15000.0
15000.0
15000.0
15000.0
15000.0
-15000.0
-15000.0
-14608.247422680415
-14536.28850654707
-12610.69603205063
-6993.591614630004
-3204.726039934503
15000.0
15000.0
15000.0
5111.760660379221
15000.0
15000.0
15000.0
-14598.308668076112
-15000.0
15000.0
15000.0
15000.0
-15000.0
-14657.451923076926
-15000.0
-15000.0
-15000.0
-15000.0
15000.0
15000.0
15000.0
15000.0
15000.0
15000.0
15000.0
-15000.0
-15000.0
-15000.0
-15000.0
-14167.579408543268
-12808.15661980781
15000.0
15000.0
15000.0
15000.0
15000.0
15000.0
15000.0
-15000.0
-15000.0
-15000.0
-15000.0
-15000.0
-15000.0
-15000.0
15000.0
15000.0
15000.0
15000.0
15000.0
15000.0
15000.0
15000.0
-15000.0
-15000.0
-14599.437807449052
-14045.324516513916
-11909.24636535089
-11296.091208261285
-5190.519489805351
15000.0
15000.0
15000.0
15000.0
15000.0
15000.0
15000.0
-15000.0
-13974.273527059453
-12593.800045829877
-12477.992027360935
-11935.91175450592
-7133.301724614653
15000.0
15000.0
15000.0
15000.0
15000.0
-15000.0
-15000.0
-15000.0
-15000.0
-15000.0
15000.0
15000.0
15000.0
15000.0
15000.0
15000.0
-15000.0
-15000.0
-15000.0
-15000.0
15000.0
15000.0
15000.0
15000.0
15000.0
-15000.0
-15000.0
-15000.0
-15000.0
15000.0
15000.0
15000.0
15000.0
-15000.0
15000.0
15000.0
15000.0
-15000.0
-15000.0
-15000.0
-15000.0
-13852.733981885282
-11574.562433863535
-981.8503922854343
15000.0
15000.0
15000.0
15000.0
15000.0
15000.0
15000.0
-13109.154095253143
-12280.373666379735
-10161.120015610486
-5113.625485087337
-1982.9196476819352
532.1551242675932
2188.3358156783734
1745.494126501123
4325.286349221212
8363.65536176741
7694.985303400081
7094.67170929474