Demand
15000.0
15000.0
15000.0
15000.0
15000.0
15000.0
15000.0
15000.0
15000.0
15000.0
15000.0
15000.0
15000.0
15000.0
15000.0
15000.0
15000.0
15000.0
15000.0
-15000.0
-15000.0
-15000.0
-15000.0
-15000.0
15000.0
15000.0
15000.0
15000.0
15000.0
15000.0
15000.0
15000.0
15000.0
15000.0
-15000.0
-15000.0
-15000.0
-15000.0
-15000.0
-15000.0
15000.0
15000.0
15000.0
15000.0
15000.0
15000.0
15000.0
-15000.0
-15000.0
-15000.0
-15000.0
-15000.0
-15000.0
-15000.0
-15000.0
15000.0
15000.0
15000.0
15000.0
15000.0
15000.0
15000.0
15000.0
15000.0
-15000.0
-14003.496503496506
15000.0
15000.0
15000.0
15000.0
15000.0
-15000.0
-15000.0
-15000.0
-15000.0
-14444.01092469762
-10307.727286110126
-6919.984285664988
15000.0
-4268.332463057993
15000.0
15000.0
15000.0
15000.0
15000.0
15000.0
-15000.0
-15000.0
15000.0
15000.0
15000.0
-13277.648277648284
-13723.401540102539
-15000.0
-15000.0
15000.0
15000.0
15000.0
15000.0
-13330.258872935763
-13898.93216161666
-12494.092899717125
-13028.494914847612
-11813.662730059212
-13054.42572467375
-15000.0
15000.0
15000.0
15000.0
15000.0
15000.0
15000.0
15000.0
15000.0
15000.0
-15000.0
-15000.0
-15000.0
15000.0
15000.0
15000.0
15000.0
-15000.0
-15000.0
-15000.0
-15000.0
-15000.0
-14223.11571486984
-15000.0
15000.0
15000.0
15000.0
15000.0
15000.0
15000.0
15000.0
15000.0
15000.0
-14614.256711030906
-13415.28490170987
15000.0
15000.0
-15000.0
-15000.0
-15000.0
-15000.0
-15000.0
15000.0
15000.0
15000.0
15000.0
15000.0
15000.0
-12467.741264562996
15000.0
-15000.0
-15000.0
-15000.0
-15000.0
-15000.0
15000.0
15000.0
15000.0
15000.0
15000.0
15000.0
-14584.713647135366
-12203.947291452409
15000.0
15000.0
-15000.0
-15000.0
-15000.0
-15000.0
15000.0
15000.0
15000.0
15000.0
15000.0
-15000.0
-15000.0
-15000.0
-15000.0
-15000.0
-15000.0
15000.0
15000.0
15000.0
15000.0
15000.0
15000.0
15000.0
-15000.0
-15000.0
-15000.0
-15000.0
-15000.0
-14373.419808728155
-13104.763766117016
-5345.302478467128
15000.0
15000.0
15000.0
15000.0
15000.0
15000.0
15000.0
15000.0
-15000.0
15000.0
-15000.0
-15000.0
-15000.0
-15000.0
-14427.423405323956
-14240.534029311384
-10031.638588333146
-4386.724083095669
15000.0
15000.0
15000.0
15000.0
15000.0
15000.0
15000.0
15000.0
15000.0
-15000.0
-15000.0
-15000.0
-15000.0
-13940.323480200786
-15000.0
-15000.0
15000.0
15000.0
15000.0
15000.0
15000.0
15000.0
15000.0
15000.0
-15000.0
-14275.83286278939
-14131.164657232475
-13250.96210150786
-12927.958298976166
15000.0
15000.0
15000.0
15000.0
15000.0
15000.0
-15000.0
-15000.0
-14136.36363636364
-12689.066504495899
-10020.516433735513
4223.09688383972
15000.0
15000.0
15000.0
15000.0
15000.0
-15000.0
-15000.0
-13937.84107546919
-12358.525842425566
3856.0408951570344
15000.0
15000.0
15000.0
15000.0
15000.0
-15000.0
-15000.0
15000.0
15000.0
-13897.485493230175
-14545.77822990844
-10960.00541533286
-13437.354401554996
15000.0
15000.0
15000.0
15000.0
15000.0
-15000.0
-15000.0
-15000.0
-10427.80748663102
15000.0
12913.154806358834
15000.0
-1225.3510287631925
15000.0
-14476.584022038573
15000.0
15000.0
-15000.0
-15000.0
15000.0
15000.0
-14296.054888507722
-12908.50147419146
-12843.694503236151
-11501.23344179679
9288.613450642733
15000.0
15000.0
15000.0
15000.0
15000.0
-15000.0
-15000.0
-15000.0
-15000.0
15000.0
15000.0
15000.0
15000.0
15000.0
-15000.0
-15000.0
-15000.0
-15000.0
15000.0
15000.0
15000.0
15000.0
15000.0
-15000.0
15000.0
-15000.0
-15000.0
15000.0
15000.0
-15000.0
-14614.575507137492
-13574.455357513485
-13009.344780715553
-8161.979453970722
15000.0
15000.0
15000.0
15000.0
15000.0
15000.0
-15000.0
-15000.0
-15000.0
-12647.969052224376
-8486.38984902752
-7358.972742456932
15000.0
15000.0
15000.0
15000.0
15000.0
15000.0
-15000.0
-15000.0
-14224.278715296685
-11744.710059531335
-11436.334759252815
-10426.800364826318
-6259.542987650316
15000.0
15000.0
15000.0
15000.0
15000.0
15000.0
-15000.0
-14650.720007003103
-13450.503928755821
-12802.21284653261
-12922.931315124926
-15000.0
-15000.0
-15000.0
15000.0
15000.0
15000.0
15000.0
15000.0
15000.0
15000.0
15000.0
-13873.904783553833
-14064.191511302746
-14299.573049969695
-10283.681216208235
15000.0
15000.0
15000.0
15000.0
15000.0
-14275.730364950974
-13137.969768546827
-7535.980665614607
3381.4246960210503
15000.0
15000.0
15000.0
15000.0
-14652.226967663213
-15000.0
-15000.0
15000.0
15000.0
15000.0
15000.0
-14357.360291630655
-14651.94767363711
-15000.0
-15000.0
-15000.0
-15000.0
-15000.0
-15000.0
15000.0
15000.0
15000.0
15000.0
15000.0
15000.0
15000.0
15000.0
-12317.02726797758
-12300.291146247804
-9294.444586359474
15000.0
15000.0
15000.0
15000.0
-15000.0
-14648.176509546538
-13816.86939216363
-13630.02533793166
-13313.605437310394
-14221.482782946601
-15000.0
15000.0
15000.0
15000.0
15000.0
15000.0
15000.0
15000.0
15000.0
-15000.0
-15000.0
-15000.0
-15000.0
-15000.0
-15000.0
-15000.0
15000.0
15000.0
15000.0
15000.0
15000.0
15000.0
15000.0
-14236.84562859821
-15000.0
-15000.0
15000.0
15000.0
15000.0
15000.0
15000.0
-15000.0
15000.0
15000.0
-15000.0
-14296.358345824887
-15000.0
-15000.0
-15000.0
-15000.0
-13704.62287080787
15000.0
15000.0
15000.0
8705.423568594599
15000.0
15000.0
15000.0
15000.0
15000.0
-15000.0
-15000.0
-14254.414650098108
-14145.747261633467
-11897.852176109573
-9636.436264625623
-9002.919533696459
-2147.720436678984
15000.0
15000.0
15000.0
15000.0
15000.0
15000.0
15000.0
-15000.0
-14266.55085890755
-14567.926302682801
-13324.58815787794
-11540.402341437544
967.7935477997016
15000.0
15000.0
15000.0
15000.0
15000.0
15000.0
-14045.559199051142
-12608.266108206797
-12409.284408445204
-12546.964923704374
-12668.727013955719
-13880.40095443403
-15000.0
-15000.0
-15000.0
15000.0
15000.0
15000.0
15000.0
15000.0
15000.0
15000.0
15000.0
-15000.0
-15000.0
-15000.0
-15000.0
-15000.0
-15000.0
15000.0
15000.0
15000.0
15000.0
15000.0
15000.0
15000.0
15000.0
-15000.0
-15000.0
-15000.0
-15000.0
-13923.51274787536
-11447.2662436793
-6278.299358074658
2906.882078299416
15000.0
15000.0
15000.0
-6243.038871298475
15000.0
15000.0
15000.0
15000.0
-15000.0
-15000.0
-13476.092999877223
-13692.201480358814
-14471.485599663378
-14276.366403753902
-12331.74700548565
15000.0
15000.0
15000.0
15000.0
15000.0
15000.0
15000.0
15000.0
-13690.909090909092
-11811.848453156104
-12293.497315571789
-11958.522641594023
-12463.951486307062
-13721.65370607921
-14035.002511224946
-12277.752839444209
15000.0
15000.0
15000.0
15000.0
15000.0
15000.0
15000.0
15000.0
-14674.099485420236
15000.0
15000.0
-15000.0
-15000.0
-15000.0
-15000.0
-12959.914101646395
15000.0
15000.0
15000.0
15000.0
15000.0
-15000.0
15000.0
-15000.0
-14629.918651923199
-14584.809635143272
-14032.347042892692
-12013.330982946416
-10189.31306404591
-11104.223500396492
-8264.027013973446
15000.0
15000.0
15000.0
15000.0
15000.0
15000.0
15000.0
15000.0
-15000.0
-13868.872065843832
-14107.631844809657
-13256.747403750374
-13145.912345467259
-15000.0
15000.0
15000.0
15000.0
15000.0
15000.0
15000.0
-14312.824450591386
-13104.828124148753
-13292.703140864756
-12989.970307290805
-11821.851509531214
-14084.58655128846
-15000.0
15000.0
15000.0
15000.0
15000.0
15000.0
15000.0
15000.0
15000.0
-11363.636363636371
15000.0
-14678.837052062205
-15000.0
-15000.0
-15000.0
-15000.0
15000.0
15000.0
15000.0
15000.0
15000.0
15000.0
-15000.0
-14336.727272727276
-14630.00498802845
-15000.0
-15000.0
-15000.0
-15000.0
15000.0
15000.0
15000.0
15000.0
15000.0
15000.0
15000.0
-15000.0
-15000.0
-15000.0
-15000.0
-15000.0
-15000.0
15000.0
15000.0
15000.0
15000.0
15000.0
15000.0
15000.0
-15000.0
-15000.0
-15000.0
-14129.71563076532
-12921.455148193385
-10341.388200806581
-10238.513446214925
3469.319023320855
15000.0
11439.342495009194
15000.0
15000.0
15000.0
5751.818218036551
15000.0
15000.0
-7190.666476380764
-5178.366109599693
-3758.05141522171
-2991.25674283448
-3667.090866581605
-2671.34252029405
-697.121969640215
-382.47181994353195
-354.8457816633927