Demand
15000.0
15000.0
15000.0
15000.0
15000.0
15000.0
15000.0
15000.0
15000.0
15000.0
15000.0
15000.0
15000.0
15000.0
15000.0
15000.0
15000.0
15000.0
15000.0
15000.0
15000.0
15000.0
15000.0
15000.0
15000.0
15000.0
15000.0
15000.0
15000.0
15000.0
15000.0
15000.0
-15000.0
-15000.0
15000.0
15000.0
15000.0
15000.0
-15000.0
-15000.0
-15000.0
-11915.584415584428
15000.0
15000.0
15000.0
15000.0
15000.0
-15000.0
-15000.0
-15000.0
15000.0
15000.0
15000.0
-15000.0
-15000.0
-15000.0
-15000.0
-15000.0
-15000.0
15000.0
15000.0
15000.0
15000.0
15000.0
15000.0
15000.0
15000.0
-15000.0
-15000.0
-15000.0
-15000.0
-15000.0
-15000.0
-15000.0
15000.0
15000.0
15000.0
15000.0
15000.0
15000.0
15000.0
15000.0
-15000.0
-15000.0
-15000.0
15000.0
15000.0
15000.0
-13888.61808432854
-10865.93580585275
-11229.867092156044
-8383.02982490333
15000.0
15000.0
15000.0
15000.0
15000.0
-15000.0
-15000.0
-12967.914438502681
-13588.137119847412
-11487.938736574295
-11801.8870073668
-7537.623598950588
15000.0
-15000.0
15000.0
15000.0
15000.0
15000.0
15000.0
15000.0
-14569.820166792968
-13925.915517844558
15000.0
15000.0
15000.0
-15000.0
-15000.0
-15000.0
15000.0
15000.0
15000.0
15000.0
-15000.0
-15000.0
-15000.0
-14298.17360968603
-15000.0
15000.0
15000.0
15000.0
15000.0
15000.0
-15000.0
-15000.0
-15000.0
15000.0
15000.0
15000.0
-14669.480251554472
-14613.57426183586
-15000.0
-15000.0
-15000.0
15000.0
15000.0
15000.0
15000.0
15000.0
-13308.312325262348
-13520.66661882092
-14168.872073620074
-14510.224492401474
-15000.0
-15000.0
-15000.0
15000.0
15000.0
15000.0
15000.0
15000.0
15000.0
15000.0
15000.0
-14661.600658627362
-14145.19442668627
15000.0
15000.0
-15000.0
-15000.0
-15000.0
-15000.0
-15000.0
15000.0
15000.0
15000.0
15000.0
15000.0
15000.0
-15000.0
-15000.0
15000.0
15000.0
15000.0
-15000.0
-15000.0
-15000.0
-15000.0
-15000.0
-15000.0
-15000.0
15000.0
15000.0
15000.0
15000.0
15000.0
15000.0
15000.0
15000.0
15000.0
-15000.0
-15000.0
-15000.0
-15000.0
-15000.0
15000.0
15000.0
15000.0
15000.0
15000.0
15000.0
-15000.0
15000.0
15000.0
15000.0
15000.0
-14090.199694959741
-14674.884046516476
-14644.158165960442
-14600.151546417594
-14063.80337250293
-14415.385881627313
-15000.0
-15000.0
15000.0
15000.0
15000.0
15000.0
15000.0
15000.0
15000.0
15000.0
-15000.0
-15000.0
-15000.0
-15000.0
-15000.0
-15000.0
15000.0
15000.0
15000.0
15000.0
15000.0
15000.0
15000.0
-14324.600092159835
-14603.949909980329
-15000.0
-15000.0
-15000.0
15000.0
15000.0
15000.0
15000.0
15000.0
-13505.63007633041
-12446.12388567716
-12867.175434276483
15000.0
15000.0
15000.0
15000.0
-15000.0
-15000.0
-15000.0
-14140.769944341377
-13490.482475342713
-13122.949491945223
-12366.97166343861
-9974.865894965988
15000.0
15000.0
15000.0
15000.0
15000.0
15000.0
15000.0
15000.0
15000.0
-13077.41728236428
-14653.464520281621
-15000.0
-15000.0
-15000.0
-15000.0
-15000.0
15000.0
15000.0
15000.0
15000.0
15000.0
15000.0
15000.0
15000.0
-13515.94706009981
-13896.525276700351
15000.0
15000.0
-15000.0
-15000.0
-15000.0
-13481.720861656519
-13610.787031851025
-8298.792677604233
15000.0
15000.0
15000.0
15000.0
15000.0
-4712.46842839602
15000.0
-15000.0
-15000.0
-15000.0
-15000.0
-15000.0
-12723.204864225576
15000.0
15000.0
15000.0
15000.0
15000.0
15000.0
15000.0
-15000.0
-15000.0
-15000.0
-11358.159912376788
-10277.736188052106
15000.0
15000.0
15000.0
15000.0
15000.0
15000.0
-15000.0
-15000.0
-14469.438411417941
-11891.510920628465
15000.0
15000.0
15000.0
15000.0
15000.0
-14367.106176266487
-14628.054042853091
-14512.265169641621
-15000.0
15000.0
15000.0
15000.0
15000.0
15000.0
-14361.058177334384
-14308.525855115324
-14618.156069045268
-14564.101249758402
-15000.0
-15000.0
-15000.0
-15000.0
15000.0
15000.0
15000.0
15000.0
15000.0
15000.0
15000.0
15000.0
-15000.0
-15000.0
15000.0
15000.0
15000.0
15000.0
-13330.838810437956
-13456.109949986658
-15000.0
-15000.0
-15000.0
15000.0
15000.0
15000.0
15000.0
15000.0
-15000.0
-15000.0
-14374.207626229287
-11189.260756894073
15000.0
15000.0
15000.0
15000.0
15000.0
15000.0
-15000.0
-15000.0
-14096.569681874793
-12361.258808283004
1256.0974658422183
15000.0
15000.0
15000.0
15000.0
-14393.939393939396
-14393.778250465304
-15000.0
15000.0
15000.0
15000.0
-14641.340824883311
-14556.518645794116
-13707.143075843243
-13314.340473217148
15000.0
15000.0
15000.0
15000.0
15000.0
-15000.0
-15000.0
-14461.029312440904
-6700.342845145955
2318.842075874606
15000.0
15000.0
15000.0
15000.0
15000.0
-13760.330578512396
-14306.074766355145
-15000.0
-15000.0
-15000.0
15000.0
15000.0
15000.0
15000.0
15000.0
15000.0
-14680.314077397645
-15000.0
-15000.0
-15000.0
-15000.0
-15000.0
15000.0
15000.0
15000.0
15000.0
15000.0
15000.0
-15000.0
-15000.0
-15000.0
-15000.0
-15000.0
-15000.0
15000.0
15000.0
15000.0
15000.0
15000.0
15000.0
15000.0
-15000.0
-15000.0
-15000.0
15000.0
15000.0
15000.0
15000.0
-15000.0
-15000.0
15000.0
15000.0
-14356.295878035009
-15000.0
15000.0
15000.0
15000.0
-14677.34631495528
-13896.335953643531
-12790.881819728147
-12081.577015852887
-12017.315187866465
15000.0
15000.0
-15000.0
15000.0
15000.0
15000.0
-15000.0
-14194.053143028264
-13957.53705058424
-9900.182214243221
10299.872255489068
15000.0
12421.925124045554
15000.0
15000.0
15000.0
-15000.0
-15000.0
-15000.0
-15000.0
-15000.0
-13848.484848484855
-14216.214729662835
-10735.29059323094
15000.0
15000.0
2930.108789391885
15000.0
15000.0
15000.0
15000.0
15000.0
15000.0
-12758.966540961243
-12334.676933976709
-11921.280440074916
-9766.629649691735
15000.0
15000.0
15000.0
15000.0
-15000.0
-15000.0
-14577.85595260137
-13874.937116525667
-10074.912807083674
15000.0
5877.484130047203
15000.0
15000.0
15000.0
15000.0
-15000.0
-15000.0
-15000.0
-15000.0
-15000.0
15000.0
15000.0
15000.0
15000.0
15000.0
15000.0
-15000.0
-15000.0
-15000.0
-15000.0
-13380.681818181827
-5376.556423166227
15000.0
15000.0
15000.0
15000.0
15000.0
15000.0
15000.0
-15000.0
-15000.0
-15000.0
15000.0
15000.0
15000.0
15000.0
-14662.971175166298
-14593.283092271708
-13878.553530905923
-13849.830246002417
15000.0
15000.0
15000.0
15000.0
15000.0
-14672.727272727276
-14635.020350380466
-13306.445487361769
-10342.564228302315
-10260.735723989521
-7171.045956262944
6720.430678857636
15000.0
15000.0
15000.0
15000.0
15000.0
15000.0
-15000.0
15000.0
-13861.138861138865
15000.0
15000.0
-14634.224598930483
-15000.0
-15000.0
15000.0
15000.0
15000.0
15000.0
-14678.31489552372
-14297.137580140603
-15000.0
-15000.0
-15000.0
-15000.0
-15000.0
15000.0
15000.0
15000.0
15000.0
15000.0
15000.0
15000.0
15000.0
-14684.995855208621
-15000.0
-15000.0
-15000.0
-15000.0
-15000.0
15000.0
15000.0
15000.0
15000.0
15000.0
15000.0
15000.0
-14356.295878035009
-15000.0
-15000.0
15000.0
15000.0
15000.0
15000.0
-14693.124134748501
-14334.843840241687
-13161.47741853986
-13335.815404457124
-13020.340531466121
-11795.104706551065
-14017.934637681337
-15000.0
15000.0
15000.0
15000.0
15000.0
15000.0
15000.0
15000.0
-13221.766385513962
-13324.363680713534
-13367.773661166997
-14094.333130884843
-15000.0
15000.0
15000.0
15000.0
15000.0
15000.0
-15000.0
-15000.0
-15000.0
15000.0
15000.0
15000.0
15000.0
-15000.0
-15000.0
-15000.0
-15000.0
-15000.0
-15000.0
15000.0
15000.0
15000.0
15000.0
15000.0
15000.0
-15000.0
-15000.0
-15000.0
15000.0
15000.0
15000.0
15000.0
-15000.0
-15000.0
-15000.0
-15000.0
-15000.0
-15000.0
-15000.0
15000.0
15000.0
15000.0
15000.0
15000.0
15000.0
15000.0
15000.0
-12840.909090909092
4487.179487180058
15000.0
-13114.178583244498
-12303.767352257462
-10243.806061094103
-5393.267590481835
-2486.4945807565628
-216.27773942819476
1231.4176643221535
718.3697050128321
2894.2501525449516
6556.4258538344075
6693.545046684995
6458.748274774614