Demand
-15000.0
-15000.0
15000.0
15000.0
15000.0
15000.0
15000.0
15000.0
15000.0
-15000.0
-15000.0
-15000.0
15000.0
15000.0
15000.0
-15000.0
-15000.0
-15000.0
15000.0
15000.0
15000.0
15000.0
15000.0
-15000.0
-15000.0
-15000.0
15000.0
15000.0
15000.0
15000.0
-14692.824275587616
-15000.0
-15000.0
-15000.0
-15000.0
-15000.0
-15000.0
15000.0
15000.0
15000.0
15000.0
15000.0
15000.0
15000.0
-15000.0
-15000.0
-15000.0
-15000.0
-15000.0
-15000.0
-15000.0
-15000.0
15000.0
15000.0
15000.0
15000.0
15000.0
15000.0
15000.0
15000.0
-15000.0
15000.0
15000.0
-15000.0
-15000.0
3422.7659351048824
15000.0
15000.0
15000.0
15000.0
-15000.0
-15000.0
-15000.0
15000.0
15000.0
15000.0
-12948.410317936414
-12694.216629842853
-12741.961100401193
-13842.723695991266
-14064.191997878439
-15000.0
15000.0
15000.0
15000.0
15000.0
15000.0
15000.0
-13996.482217617548
-11407.522256071174
-11930.158075633706
-10691.403434423395
15000.0
-15000.0
15000.0
15000.0
15000.0
-15000.0
-15000.0
-12700.618876387085
-13274.853568810777
-9910.065936197429
-7911.685015233757
15000.0
15000.0
15000.0
15000.0
15000.0
15000.0
15000.0
-15000.0
-15000.0
15000.0
15000.0
15000.0
-15000.0
-15000.0
-15000.0
-15000.0
-15000.0
15000.0
15000.0
15000.0
15000.0
15000.0
-15000.0
-15000.0
-14145.854145854151
-15000.0
15000.0
15000.0
15000.0
15000.0
15000.0
-15000.0
-15000.0
15000.0
15000.0
15000.0
15000.0
-14682.097044060236
-14655.631705900996
-15000.0
-15000.0
-15000.0
-15000.0
-15000.0
-7919.791333308116
15000.0
15000.0
15000.0
15000.0
15000.0
15000.0
15000.0
15000.0
-15000.0
-15000.0
-15000.0
15000.0
15000.0
15000.0
-13714.719389958784
-14309.985312264216
-14243.838743068478
-14575.100831511165
-14501.846735329516
-14374.949059384904
-14102.017690147157
-15000.0
15000.0
15000.0
15000.0
15000.0
15000.0
15000.0
15000.0
15000.0
15000.0
-15000.0
-15000.0
-15000.0
-15000.0
15000.0
15000.0
15000.0
15000.0
15000.0
-15000.0
-15000.0
-15000.0
-15000.0
-15000.0
15000.0
15000.0
15000.0
15000.0
15000.0
15000.0
-13734.360988940607
-14654.819352460243
-15000.0
-15000.0
-15000.0
-15000.0
-15000.0
15000.0
15000.0
15000.0
15000.0
15000.0
15000.0
15000.0
-15000.0
-14637.488369252624
-14580.248273009678
-12920.992151715676
-12852.028705190314
-13612.731616547331
15000.0
15000.0
15000.0
15000.0
15000.0
15000.0
15000.0
-15000.0
15000.0
-15000.0
-15000.0
-15000.0
15000.0
15000.0
15000.0
15000.0
15000.0
-15000.0
-15000.0
-15000.0
-15000.0
-15000.0
15000.0
15000.0
15000.0
15000.0
15000.0
15000.0
-14675.629534784464
-15000.0
-15000.0
-15000.0
-15000.0
-15000.0
-15000.0
-15000.0
15000.0
15000.0
15000.0
15000.0
15000.0
15000.0
15000.0
15000.0
15000.0
-15000.0
-15000.0
-14233.501510094251
-13690.390675016584
-13441.722403169573
-12989.282756441196
-11918.65484813905
-9366.797846952755
15000.0
15000.0
15000.0
15000.0
15000.0
15000.0
15000.0
15000.0
-13037.544060988606
-14606.131086720678
-15000.0
-15000.0
15000.0
15000.0
15000.0
15000.0
-15000.0
-15000.0
-12621.90119640022
-11363.556413138991
-10108.558885951115
-8709.032293747048
-7688.928025941626
-4505.449184032888
15000.0
15000.0
15000.0
15000.0
15000.0
15000.0
15000.0
-14368.712505768344
-13257.0903920427
-13421.459763409268
-13113.913947109282
-11899.725898413562
-9988.649511762142
-2892.179174100671
15000.0
15000.0
15000.0
15000.0
15000.0
15000.0
-15000.0
-14646.292274278625
-14586.202055100937
-13425.277557202233
-14221.116208060987
-15000.0
15000.0
15000.0
15000.0
15000.0
15000.0
15000.0
-13143.075463448593
-11819.331825330188
15000.0
15000.0
-15000.0
-15000.0
-15000.0
15000.0
15000.0
15000.0
15000.0
-13978.95208240036
-13774.072952928713
-12222.11873331595
-10842.628115849435
15000.0
15000.0
15000.0
15000.0
15000.0
-15000.0
-15000.0
-15000.0
-12477.411027106773
-4910.650629600198
15000.0
15000.0
15000.0
15000.0
15000.0
-15000.0
-15000.0
-15000.0
-15000.0
-13618.181818181827
-5724.874471985346
15000.0
15000.0
1586.6135743385294
15000.0
15000.0
15000.0
15000.0
-15000.0
-15000.0
15000.0
15000.0
-13686.068289871779
-13231.041829653044
-13452.483265298048
-15000.0
-15000.0
-15000.0
-14012.585719196155
-15000.0
15000.0
15000.0
15000.0
15000.0
15000.0
15000.0
15000.0
15000.0
15000.0
-14281.96514801596
-15000.0
15000.0
15000.0
-15000.0
-15000.0
-14197.852833468289
-13095.497569791798
-8927.884164645537
-8303.840317820788
-5521.053716811518
15000.0
15000.0
15000.0
15000.0
15000.0
15000.0
15000.0
-15000.0
-14623.29270083713
-14539.544591813683
-13712.691485045823
-13683.809821187358
15000.0
15000.0
15000.0
15000.0
15000.0
15000.0
-15000.0
-13498.023715415024
15000.0
15000.0
-12971.099607743545
-10912.15189101646
-11690.504379520178
-11621.335214083978
-11366.462406836923
-11468.352949603377
-10676.197138442167
15000.0
15000.0
15000.0
15000.0
15000.0
15000.0
15000.0
-13591.046415819834
15000.0
-4763.442027019689
15000.0
-15000.0
-15000.0
-15000.0
-15000.0
-15000.0
-15000.0
15000.0
15000.0
15000.0
15000.0
15000.0
15000.0
-15000.0
-15000.0
-15000.0
-15000.0
-15000.0
15000.0
15000.0
15000.0
15000.0
15000.0
15000.0
-15000.0
-15000.0
15000.0
15000.0
-15000.0
-15000.0
15000.0
15000.0
15000.0
15000.0
-15000.0
-14197.860962566847
-15000.0
15000.0
15000.0
15000.0
15000.0
-14003.496503496503
-13103.226136741789
-12719.730239735272
-13164.888046556462
-12713.052136375849
15000.0
15000.0
15000.0
15000.0
15000.0
15000.0
-14188.22691668645
-10875.51541887673
15000.0
15000.0
-13031.61742038418
-13230.350831363849
-13830.41587286624
-14555.596609936154
-15000.0
-15000.0
-15000.0
-15000.0
15000.0
15000.0
15000.0
15000.0
15000.0
15000.0
15000.0
15000.0
-15000.0
-15000.0
-15000.0
-15000.0
-14228.445968999527
-9667.920594737858
15000.0
15000.0
15000.0
15000.0
15000.0
15000.0
15000.0
-15000.0
15000.0
15000.0
-14690.38565996741
-14310.254098178288
-13004.251337471876
-12559.039829273861
-12965.905746520537
-12123.341141040339
15000.0
15000.0
15000.0
15000.0
15000.0
15000.0
-15000.0
-15000.0
-15000.0
-15000.0
-13092.582264361412
-15000.0
15000.0
15000.0
15000.0
15000.0
15000.0
-15000.0
-14274.38983546216
-12958.596724185816
-11213.53193884642
-10421.685259650643
-8939.857008184401
-6533.289818931423
7378.332107282315
15000.0
9993.934167181342
15000.0
15000.0
15000.0
15000.0
15000.0
-13405.59440559441
-12622.731096630694
15000.0
15000.0
15000.0
-14674.392035253797
-15000.0
-15000.0
-15000.0
-15000.0
-15000.0
-12693.278055027055
15000.0
15000.0
15000.0
15000.0
15000.0
15000.0
15000.0
15000.0
-14696.716327151113
-14343.900338497253
-14276.508455322852
-14588.502551533249
-15000.0
-15000.0
-12721.50055699921
-7419.609675924457
15000.0
15000.0
15000.0
15000.0
15000.0
15000.0
15000.0
-15000.0
-14577.970780596923
-13875.400828300651
-15000.0
15000.0
15000.0
15000.0
15000.0
15000.0
15000.0
-14675.629534784464
-14649.513689779924
-14228.113948691793
-12822.05150286407
-11965.066381501569
-13145.174731760497
-14137.893490919254
-15000.0
15000.0
15000.0
15000.0
15000.0
15000.0
15000.0
15000.0
15000.0
15000.0
-14357.625845229155
-13932.133036121053
-14184.926239583114
-15000.0
-15000.0
-15000.0
15000.0
15000.0
15000.0
15000.0
15000.0
15000.0
15000.0
-13777.983920841067
-13343.524116363333
-14633.160916650166
-15000.0
-15000.0
-15000.0
-15000.0
15000.0
15000.0
15000.0
15000.0
15000.0
15000.0
15000.0
-14678.87323943662
-15000.0
-15000.0
-15000.0
-15000.0
-15000.0
15000.0
15000.0
15000.0
15000.0
15000.0
15000.0
-14336.547262114
-14603.673864570643
-15000.0
-15000.0
15000.0
15000.0
15000.0
15000.0
15000.0
-14694.187779433683
-15000.0
-15000.0
-15000.0
-15000.0
15000.0
15000.0
15000.0
15000.0
15000.0
-15000.0
-15000.0
15000.0
15000.0
15000.0
-15000.0
-15000.0
-15000.0
-15000.0
-15000.0
-13749.862923566187
-11278.406524035796
-611.6081516945196
15000.0
15000.0
15000.0
15000.0
15000.0
15000.0
-1884.4587452640917
15000.0
-12465.660976578009
-10570.180314445413
-6145.299375893293
-3555.2866604814044
-1549.5176982092844
-260.6004381988132
-708.1116645506154
1270.576980440499
4774.177298584719
5454.197658922874
5781.911669375131