Demand
15000.0
15000.0
15000.0
15000.0
15000.0
15000.0
15000.0
15000.0
15000.0
15000.0
-15000.0
-15000.0
-15000.0
15000.0
15000.0
15000.0
15000.0
15000.0
15000.0
15000.0
15000.0
15000.0
-15000.0
-15000.0
-15000.0
-15000.0
-15000.0
-12133.417657233618
-434.796786232273
15000.0
15000.0
15000.0
15000.0
15000.0
15000.0
15000.0
-15000.0
-15000.0
-15000.0
-15000.0
-15000.0
-10988.269794721422
15000.0
15000.0
15000.0
15000.0
15000.0
15000.0
-15000.0
-15000.0
-15000.0
-15000.0
-15000.0
15000.0
15000.0
15000.0
15000.0
15000.0
-15000.0
-15000.0
-15000.0
-15000.0
-15000.0
-15000.0
15000.0
15000.0
15000.0
15000.0
15000.0
15000.0
15000.0
-15000.0
-15000.0
-15000.0
-15000.0
-14475.620975160997
-10859.943651293299
-8865.984551627327
-3741.439789295342
15000.0
15000.0
15000.0
15000.0
15000.0
15000.0
15000.0
15000.0
-15000.0
-13987.816307403937
-11608.351679401
-12428.811251746742
-12399.020020616605
-12871.092302370162
-15000.0
15000.0
15000.0
15000.0
15000.0
15000.0
15000.0
15000.0
-12920.34052903618
-13346.93440654681
-12196.759786212922
-12880.733674118681
15000.0
15000.0
15000.0
15000.0
15000.0
-15000.0
-15000.0
-13328.44574780059
15000.0
15000.0
15000.0
-15000.0
-15000.0
-15000.0
15000.0
15000.0
15000.0
15000.0
-15000.0
-15000.0
-15000.0
-15000.0
-14078.901928076684
-15000.0
15000.0
15000.0
15000.0
15000.0
15000.0
15000.0
15000.0
-15000.0
-15000.0
-14469.036325579735
-13962.013876662957
15000.0
15000.0
15000.0
15000.0
15000.0
-15000.0
-15000.0
-14605.645496056455
-13567.232817174794
-13726.100603108058
-9391.132942290547
12457.75108052956
15000.0
-2292.525285094739
15000.0
15000.0
15000.0
15000.0
-15000.0
-15000.0
-15000.0
-15000.0
-11872.39542452943
-11758.918226274167
15000.0
15000.0
15000.0
15000.0
15000.0
15000.0
15000.0
-15000.0
-15000.0
-15000.0
-15000.0
-15000.0
-15000.0
-15000.0
15000.0
15000.0
15000.0
15000.0
15000.0
15000.0
15000.0
-15000.0
-15000.0
-15000.0
-15000.0
-15000.0
-15000.0
-15000.0
-15000.0
15000.0
15000.0
15000.0
15000.0
15000.0
15000.0
15000.0
15000.0
-15000.0
-15000.0
-15000.0
-15000.0
-15000.0
-15000.0
-15000.0
15000.0
15000.0
15000.0
15000.0
15000.0
15000.0
15000.0
15000.0
15000.0
-14087.095790115927
-14671.782288702361
-14637.243753003542
-14585.841357914524
-14002.542799791881
-14341.644521457925
-15000.0
-15000.0
15000.0
15000.0
15000.0
15000.0
15000.0
15000.0
15000.0
-15000.0
-15000.0
-15000.0
-15000.0
-15000.0
-15000.0
15000.0
15000.0
15000.0
15000.0
15000.0
15000.0
15000.0
-14028.765972541925
-14299.062141239578
-14611.948246109245
-15000.0
-15000.0
-15000.0
-15000.0
-15000.0
15000.0
15000.0
15000.0
15000.0
15000.0
15000.0
15000.0
15000.0
-14642.410725051646
-15000.0
-15000.0
15000.0
15000.0
15000.0
15000.0
15000.0
-14062.397192674638
-13990.409113974278
-14261.848456282227
-14583.123632857685
-15000.0
-15000.0
-15000.0
-15000.0
15000.0
15000.0
15000.0
15000.0
15000.0
15000.0
15000.0
15000.0
-15000.0
15000.0
15000.0
-15000.0
-15000.0
-12046.996422844459
-9197.620210285444
259.45468576192616
15000.0
15000.0
15000.0
15000.0
15000.0
-15000.0
-15000.0
-15000.0
-15000.0
15000.0
15000.0
15000.0
15000.0
-13643.664485425343
-13087.130786415903
-12745.443080241104
-13267.845683643704
-14083.367993837532
-15000.0
15000.0
15000.0
15000.0
15000.0
15000.0
15000.0
-14617.98927110454
-13544.28115418923
-14263.45309451023
-15000.0
15000.0
15000.0
15000.0
15000.0
15000.0
-15000.0
-13111.49102374952
-13724.948754681172
-14498.05314419759
-15000.0
-15000.0
-15000.0
15000.0
15000.0
15000.0
15000.0
15000.0
15000.0
15000.0
15000.0
-13650.329001376522
-14239.470423829101
-14093.873754029315
-13811.657291245367
-14017.621732127605
-6910.345192439671
15000.0
15000.0
15000.0
15000.0
15000.0
15000.0
-14266.425385560611
-13991.898959627797
-13870.510469001987
15000.0
15000.0
15000.0
15000.0
-15000.0
-14206.864564007428
-11557.918747709897
-10971.796635240898
-8634.207904547813
15000.0
15000.0
15000.0
15000.0
15000.0
15000.0
-15000.0
-15000.0
-14536.746778126097
-12213.333926493422
-5478.0352372426605
15000.0
15000.0
15000.0
15000.0
15000.0
-15000.0
-15000.0
-15000.0
-15000.0
-15000.0
15000.0
15000.0
15000.0
15000.0
15000.0
-14345.257630456192
-15000.0
-15000.0
-15000.0
-15000.0
-15000.0
-10164.637449253627
15000.0
15000.0
15000.0
15000.0
15000.0
15000.0
15000.0
15000.0
-15000.0
-15000.0
-15000.0
-15000.0
-11545.454545454566
15000.0
15000.0
15000.0
15000.0
15000.0
-15000.0
-15000.0
15000.0
15000.0
15000.0
-14663.077678555193
-11631.17803146797
-12480.8992186426
-12022.927524622668
-8032.576774699778
-7999.203070129293
-2996.05593883666
15000.0
15000.0
15000.0
-15000.0
15000.0
15000.0
15000.0
-15000.0
-14568.346543561885
-13254.124553281974
-11903.194940089532
15000.0
15000.0
15000.0
15000.0
15000.0
15000.0
-15000.0
-15000.0
-15000.0
-15000.0
-15000.0
-15000.0
-15000.0
-15000.0
15000.0
15000.0
15000.0
15000.0
15000.0
15000.0
15000.0
15000.0
15000.0
-13176.486270327914
-13347.623066364955
-14260.59857464023
-15000.0
-15000.0
-15000.0
-15000.0
15000.0
15000.0
15000.0
15000.0
15000.0
15000.0
-15000.0
15000.0
15000.0
15000.0
-15000.0
-15000.0
-14515.717926932877
-12738.957072272555
-1547.2598950016618
15000.0
15000.0
15000.0
15000.0
15000.0
-15000.0
15000.0
-15000.0
-15000.0
-13272.727272727283
-1251.8089725036443
15000.0
15000.0
15000.0
15000.0
15000.0
-14682.529859521012
-15000.0
-15000.0
-15000.0
-15000.0
15000.0
15000.0
15000.0
15000.0
15000.0
-13330.1133709292
-10821.898706555297
15000.0
-15000.0
15000.0
15000.0
-15000.0
-14496.41231264799
-12571.194271506065
11014.820021464275
15000.0
15000.0
6338.004743111807
15000.0
15000.0
-15000.0
-15000.0
-15000.0
-15000.0
15000.0
15000.0
15000.0
15000.0
15000.0
-14362.237762237764
-15000.0
-15000.0
-15000.0
-15000.0
-15000.0
-15000.0
-15000.0
15000.0
15000.0
15000.0
15000.0
15000.0
15000.0
15000.0
15000.0
15000.0
-15000.0
-15000.0
-14145.071244063001
-12268.220511672182
-8521.114405998673
-1162.4278807694445
15000.0
15000.0
15000.0
15000.0
15000.0
15000.0
-15000.0
-15000.0
-15000.0
-15000.0
15000.0
15000.0
15000.0
15000.0
-14267.06956409927
-14444.838019207298
-15000.0
15000.0
15000.0
15000.0
-15000.0
-14615.215386629396
-14559.9525638521
-12881.212874134108
-8849.405118410756
-8287.776735459145
-1862.3270569565793
15000.0
6706.139625488799
15000.0
15000.0
15000.0
15000.0
15000.0
15000.0
-15000.0
-14259.740259740265
-14570.486502080828
-15000.0
-14213.886564754837
-15000.0
15000.0
15000.0
15000.0
15000.0
15000.0
15000.0
15000.0
-15000.0
-15000.0
-15000.0
-15000.0
15000.0
15000.0
15000.0
15000.0
15000.0
-14301.327885597555
-12669.898524608965
-9829.557200023559
15000.0
15000.0
15000.0
15000.0
-15000.0
-15000.0
-15000.0
-15000.0
-15000.0
-15000.0
15000.0
15000.0
15000.0
15000.0
15000.0
15000.0
15000.0
-15000.0
-15000.0
-15000.0
-15000.0
-14385.555156306145
-13044.618455006555
2389.315039876117
15000.0
15000.0
15000.0
15000.0
15000.0
15000.0
15000.0
-15000.0
-15000.0
-15000.0
-13503.446012471282
-10699.402127282887
-7704.662512436012
15000.0
15000.0
15000.0
15000.0
15000.0
15000.0
-15000.0
-15000.0
-15000.0
15000.0
15000.0
15000.0
15000.0
-15000.0
-14304.064709772603
-14607.690278787872
-15000.0
-15000.0
-15000.0
-15000.0
15000.0
15000.0
15000.0
15000.0
15000.0
15000.0
15000.0
-15000.0
-15000.0
-15000.0
-15000.0
-15000.0
15000.0
15000.0
15000.0
15000.0
15000.0
15000.0
-15000.0
-15000.0
-15000.0
-15000.0
-15000.0
15000.0
15000.0
15000.0
15000.0
15000.0
15000.0
-14090.909090909092
-11729.061347178573
-9971.23357443489
1367.8846357654274
15000.0
15000.0
15000.0
15000.0
-5178.253119429592
-3322.2863045536724
-1931.4987085996108
-1872.0510847322985
1074.350604584306
6933.077662457201
7950.2375847522235
8399.06094794775