Demand
15000.0
15000.0
15000.0
15000.0
15000.0
15000.0
15000.0
15000.0
15000.0
15000.0
15000.0
15000.0
15000.0
15000.0
15000.0
15000.0
15000.0
15000.0
15000.0
15000.0
15000.0
15000.0
15000.0
15000.0
15000.0
-15000.0
-15000.0
-7713.407670778968
15000.0
15000.0
15000.0
15000.0
15000.0
15000.0
15000.0
15000.0
15000.0
15000.0
15000.0
-15000.0
-15000.0
-14257.973530049905
-14575.406059481593
-15000.0
-15000.0
-15000.0
15000.0
15000.0
15000.0
15000.0
15000.0
15000.0
15000.0
15000.0
-15000.0
-15000.0
-15000.0
-15000.0
-15000.0
-15000.0
15000.0
15000.0
15000.0
15000.0
15000.0
15000.0
-15000.0
-15000.0
-15000.0
-15000.0
-15000.0
-15000.0
-15000.0
-15000.0
15000.0
15000.0
15000.0
15000.0
15000.0
15000.0
15000.0
15000.0
15000.0
-15000.0
-15000.0
15000.0
15000.0
-15000.0
-8522.727272727283
15000.0
15000.0
15000.0
-13839.61591965528
-15000.0
15000.0
15000.0
15000.0
15000.0
-15000.0
-13272.727272727276
-13789.8731489836
-11888.626032219443
-11835.17669834822
-115.7064977950813
15000.0
15000.0
15000.0
15000.0
15000.0
-15000.0
-15000.0
-15000.0
-14488.636363636371
-14280.08998875141
-15000.0
15000.0
15000.0
15000.0
15000.0
15000.0
15000.0
15000.0
-15000.0
-15000.0
-15000.0
-15000.0
15000.0
15000.0
15000.0
15000.0
15000.0
-15000.0
-15000.0
-15000.0
-15000.0
15000.0
15000.0
15000.0
15000.0
15000.0
-14202.797202797203
15000.0
-15000.0
-15000.0
-15000.0
-15000.0
-15000.0
-13989.1307684175
-1331.4383586598851
15000.0
15000.0
15000.0
15000.0
15000.0
15000.0
15000.0
-15000.0
-15000.0
-15000.0
-15000.0
15000.0
15000.0
15000.0
15000.0
15000.0
-14685.678273199937
-14657.980256692594
-14618.86305197555
-14559.446596713391
-15000.0
-15000.0
-15000.0
15000.0
15000.0
15000.0
15000.0
15000.0
15000.0
15000.0
15000.0
-15000.0
-15000.0
-15000.0
-15000.0
-15000.0
-15000.0
15000.0
15000.0
15000.0
15000.0
15000.0
15000.0
-15000.0
-15000.0
-15000.0
-15000.0
-15000.0
-13351.239669421499
15000.0
15000.0
15000.0
15000.0
15000.0
15000.0
15000.0
-15000.0
-15000.0
-15000.0
15000.0
15000.0
15000.0
15000.0
-15000.0
-15000.0
-14602.233077459878
-14527.005495598423
-12541.983179721763
-12204.985386283024
-12309.369185724776
15000.0
15000.0
15000.0
15000.0
15000.0
15000.0
15000.0
-15000.0
-15000.0
-15000.0
-15000.0
-15000.0
15000.0
15000.0
15000.0
15000.0
15000.0
15000.0
-15000.0
15000.0
15000.0
-15000.0
-15000.0
-15000.0
-13985.200845665968
-13509.03987451499
-9226.945892882257
15000.0
15000.0
15000.0
15000.0
15000.0
15000.0
-15000.0
-15000.0
-15000.0
-13626.033057851248
-8833.102812355934
15000.0
15000.0
15000.0
15000.0
15000.0
15000.0
-15000.0
15000.0
-15000.0
-14170.079170079174
-13367.223799967804
-12281.270967281667
9238.072075404521
15000.0
15000.0
15000.0
15000.0
15000.0
-15000.0
-15000.0
-13961.559482601573
-11317.076934199293
15000.0
15000.0
15000.0
15000.0
-15000.0
15000.0
15000.0
15000.0
-15000.0
-15000.0
-15000.0
1151.1216056669828
15000.0
15000.0
15000.0
15000.0
-13722.51015548396
-14626.271422740738
-15000.0
-15000.0
15000.0
15000.0
15000.0
15000.0
15000.0
-13397.375820056237
-12429.492953653935
15000.0
15000.0
-13387.40098076198
-13786.238916341757
-14336.133521538355
15000.0
15000.0
15000.0
15000.0
-15000.0
-15000.0
-14590.909090909088
-14518.037096538632
-13162.818965475348
-14111.860656830846
-15000.0
15000.0
15000.0
15000.0
15000.0
15000.0
15000.0
15000.0
15000.0
-14688.013136289002
-15000.0
-15000.0
-15000.0
-15000.0
-15000.0
15000.0
15000.0
15000.0
15000.0
15000.0
15000.0
-13746.258468389646
-14304.850172457442
-14193.682375934648
-13993.780233367874
-14264.89639344503
-13054.594572585145
15000.0
15000.0
15000.0
15000.0
15000.0
15000.0
-14057.851239669428
15000.0
15000.0
-14680.134680134684
-15000.0
-15000.0
-15000.0
-15000.0
-11947.337102052974
15000.0
15000.0
15000.0
15000.0
15000.0
15000.0
15000.0
-15000.0
-15000.0
-15000.0
15000.0
15000.0
15000.0
15000.0
-13612.01298701299
-15000.0
-15000.0
15000.0
15000.0
15000.0
15000.0
-15000.0
-15000.0
-15000.0
-15000.0
-14474.460630647241
-12847.523136813452
-12506.71385338208
4138.405453538074
15000.0
15000.0
15000.0
15000.0
15000.0
15000.0
15000.0
-13460.083749831152
-9053.371767351226
1727.5469867060683
15000.0
15000.0
15000.0
-13712.591756070022
-14636.41366073551
-15000.0
-15000.0
-15000.0
15000.0
15000.0
15000.0
15000.0
15000.0
15000.0
-15000.0
-15000.0
-15000.0
15000.0
15000.0
15000.0
15000.0
-12228.150749696073
-13041.804600969954
-12888.995704870991
-10751.117451155751
-11570.284776285214
-11522.94845653648
-11321.309306217518
-11577.772001162331
-11575.601144685897
15000.0
15000.0
15000.0
15000.0
15000.0
15000.0
15000.0
15000.0
-14081.056874160324
-14664.405021777646
-15000.0
-15000.0
-15000.0
-15000.0
15000.0
15000.0
15000.0
15000.0
15000.0
15000.0
15000.0
-15000.0
15000.0
15000.0
-15000.0
-15000.0
-15000.0
-15000.0
-13841.126924194024
15000.0
15000.0
15000.0
15000.0
15000.0
15000.0
15000.0
-15000.0
-15000.0
-15000.0
-15000.0
-14296.585767174009
-15000.0
15000.0
15000.0
15000.0
15000.0
15000.0
15000.0
15000.0
15000.0
-14676.001364204785
-13943.868388396742
-13053.899200701348
-12796.407281836997
-13436.985837635646
-13653.825560023197
-13947.746733651784
-15000.0
15000.0
15000.0
15000.0
15000.0
15000.0
15000.0
15000.0
15000.0
-13112.986629814153
-13321.741651143562
-13907.910974405484
-14594.998703988695
-15000.0
-15000.0
-15000.0
-15000.0
15000.0
15000.0
15000.0
15000.0
15000.0
15000.0
15000.0
15000.0
15000.0
-15000.0
-15000.0
-15000.0
-4090.9090909092774
15000.0
15000.0
15000.0
15000.0
-13293.15765833209
-14186.547495954139
-15000.0
-15000.0
15000.0
15000.0
15000.0
15000.0
15000.0
-13464.49480981287
-13356.100202276371
-13926.900717541033
-14199.450571949441
-15000.0
-15000.0
-15000.0
-15000.0
15000.0
15000.0
15000.0
15000.0
15000.0
15000.0
15000.0
15000.0
-15000.0
-15000.0
-15000.0
-15000.0
-15000.0
-15000.0
15000.0
15000.0
15000.0
15000.0
15000.0
15000.0
15000.0
-14390.886191893751
-14670.906288888564
-15000.0
-15000.0
-15000.0
-15000.0
-15000.0
15000.0
15000.0
15000.0
15000.0
15000.0
15000.0
15000.0
15000.0
-15000.0
-15000.0
-15000.0
-14518.58108108108
-14388.567495034742
-11359.793968159847
2602.2100865412167
15000.0
15000.0
3343.485438158269
15000.0
15000.0
15000.0
15000.0
15000.0
-14682.804674457431
-15000.0
-15000.0
-13929.67498670147
-14184.548531354052
-15000.0
15000.0
15000.0
15000.0
15000.0
15000.0
15000.0
-15000.0
-14607.198298904139
-14069.350528969459
-15000.0
-15000.0
-15000.0
15000.0
15000.0
15000.0
15000.0
15000.0
15000.0
15000.0
-13254.577724865154
-12039.65908667268
-10830.340015563754
15000.0
15000.0
15000.0
-15000.0
-15000.0
-15000.0
-15000.0
-15000.0
-15000.0
-15000.0
15000.0
15000.0
15000.0
15000.0
15000.0
15000.0
15000.0
15000.0
15000.0
-15000.0
-14527.852557465318
-11963.258866718588
15000.0
15000.0
15000.0
-13420.178984803602
-14632.871327846387
-15000.0
-15000.0
15000.0
15000.0
15000.0
15000.0
15000.0
-13163.922691481748
-13334.2405208665
-13506.595574777963
-13683.760757010477
-14436.721298404573
-15000.0
-15000.0
15000.0
15000.0
15000.0
15000.0
15000.0
15000.0
-15000.0
-15000.0
-15000.0
-7646.285677338248
15000.0
15000.0
15000.0
15000.0
-15000.0
-15000.0
-15000.0
-14211.30019095642
-10766.196163232613
15000.0
15000.0
15000.0
15000.0
15000.0
-15000.0
-15000.0
-15000.0
15000.0
15000.0
15000.0
15000.0
-15000.0
-15000.0
-15000.0
-15000.0
-15000.0
-15000.0
15000.0
15000.0
15000.0
15000.0
15000.0
15000.0
-11656.758448061773
-12226.395478103794
-9992.627025123165
3775.3749832526664
15000.0
15000.0
15000.0
15000.0
-6961.722488038282
-4171.306911234853
-1498.726043767645
1056.4138645966996
2464.1141710077036
10881.538017484865
7826.937115127141
15000.0
-4702.797202797204