Demand
-15000.0
-15000.0
-15000.0
15000.0
15000.0
15000.0
15000.0
15000.0
15000.0
15000.0
15000.0
15000.0
15000.0
-15000.0
-15000.0
-15000.0
15000.0
15000.0
15000.0
15000.0
-15000.0
-15000.0
-15000.0
-15000.0
-15000.0
-15000.0
-15000.0
15000.0
15000.0
15000.0
15000.0
15000.0
15000.0
15000.0
15000.0
-15000.0
-15000.0
-15000.0
-15000.0
15000.0
15000.0
15000.0
15000.0
-15000.0
-15000.0
-15000.0
-15000.0
15000.0
15000.0
15000.0
15000.0
-15000.0
-15000.0
-15000.0
-15000.0
15000.0
15000.0
15000.0
15000.0
15000.0
15000.0
-15000.0
-15000.0
-15000.0
-15000.0
15000.0
15000.0
15000.0
15000.0
15000.0
-15000.0
-15000.0
-15000.0
-15000.0
-15000.0
15000.0
15000.0
15000.0
15000.0
15000.0
-14591.982820329278
-15000.0
15000.0
15000.0
15000.0
15000.0
-15000.0
-15000.0
-13827.098612356884
-10986.46032364375
-11885.601669542259
-11727.11935979714
-12126.771808275094
-15000.0
15000.0
15000.0
15000.0
15000.0
15000.0
15000.0
15000.0
15000.0
-13774.50102124915
-13357.935328707605
-14285.528074031066
-15000.0
-15000.0
-15000.0
-15000.0
-15000.0
15000.0
15000.0
15000.0
15000.0
15000.0
15000.0
15000.0
15000.0
-15000.0
-15000.0
-15000.0
-15000.0
-15000.0
-15000.0
-15000.0
-15000.0
15000.0
15000.0
15000.0
15000.0
15000.0
15000.0
15000.0
15000.0
15000.0
-15000.0
-15000.0
-15000.0
-14529.314616019816
-14407.362673318326
-14134.956946444381
-12997.204050150987
15000.0
15000.0
15000.0
15000.0
15000.0
15000.0
15000.0
15000.0
-13396.431155051847
-13609.827010282344
-14228.57499102084
-14554.31246160281
-15000.0
-15000.0
-15000.0
15000.0
15000.0
15000.0
15000.0
15000.0
15000.0
15000.0
15000.0
-14683.069224353632
-14648.93112078212
-14596.938633140238
-14508.16423648697
-15000.0
-15000.0
15000.0
15000.0
15000.0
15000.0
15000.0
15000.0
15000.0
-15000.0
-15000.0
-15000.0
-15000.0
-15000.0
-15000.0
-15000.0
15000.0
15000.0
15000.0
15000.0
15000.0
15000.0
15000.0
15000.0
-15000.0
-15000.0
-15000.0
-15000.0
-14421.672077922085
-13336.177270558706
-8019.960403609013
15000.0
15000.0
15000.0
15000.0
15000.0
15000.0
15000.0
15000.0
-15000.0
-15000.0
-15000.0
15000.0
15000.0
15000.0
15000.0
15000.0
-13765.417243246495
-13948.809535372908
-14574.791688832083
-14397.352270815772
-13566.779844208864
15000.0
15000.0
15000.0
15000.0
15000.0
-15000.0
-15000.0
15000.0
15000.0
-15000.0
15000.0
15000.0
-15000.0
-15000.0
-15000.0
15000.0
15000.0
15000.0
15000.0
-15000.0
-15000.0
-15000.0
-13964.671691944422
-13609.535690094883
-11391.638471349412
1566.9146719557502
15000.0
15000.0
15000.0
15000.0
15000.0
15000.0
15000.0
-15000.0
-14142.083082480436
-11949.407102366506
15000.0
15000.0
15000.0
15000.0
-14564.553093964867
15000.0
15000.0
-15000.0
-15000.0
-13950.138139718463
-12416.041937208636
1050.8816823062016
15000.0
15000.0
15000.0
15000.0
15000.0
-15000.0
-15000.0
-15000.0
-14056.993961452565
-13177.674478439683
-14071.618254322093
3907.0904293989724
15000.0
15000.0
15000.0
15000.0
15000.0
15000.0
15000.0
-15000.0
-15000.0
-12451.56482861401
-10886.775588532975
-8903.17466943634
-5382.745847469443
5324.000929309868
15000.0
15000.0
15000.0
15000.0
15000.0
15000.0
-15000.0
-13952.58026644888
-14214.302768965917
-12682.33759042506
-12674.921305426535
-11593.883714330303
-5124.73809143035
15000.0
15000.0
15000.0
15000.0
15000.0
15000.0
15000.0
-15000.0
-15000.0
-14399.789399789406
-13582.982350389128
15000.0
15000.0
15000.0
15000.0
15000.0
-15000.0
15000.0
15000.0
-15000.0
-13246.22579586479
-13850.912539501951
-14569.586902559735
-15000.0
-15000.0
-15000.0
-15000.0
15000.0
15000.0
15000.0
15000.0
15000.0
15000.0
15000.0
15000.0
15000.0
-14355.628827131419
-14285.421394168487
-14589.231000359065
-14495.372910671755
-15000.0
-15000.0
15000.0
15000.0
15000.0
15000.0
15000.0
15000.0
15000.0
-14687.465730891548
-15000.0
-15000.0
-15000.0
-15000.0
15000.0
15000.0
15000.0
15000.0
15000.0
15000.0
-15000.0
-15000.0
-15000.0
-15000.0
-15000.0
-15000.0
-14029.622063329934
-5813.388464672725
15000.0
15000.0
15000.0
15000.0
15000.0
15000.0
15000.0
15000.0
15000.0
-15000.0
-15000.0
-15000.0
-14558.994197292068
-13330.495162029656
-13390.301718755138
-13104.975971068423
15000.0
15000.0
15000.0
15000.0
15000.0
15000.0
15000.0
-13681.191554998557
-11343.890846472623
-11706.595504778903
-12067.691063010956
-10505.845229850089
-10912.01732986933
5893.178293353599
15000.0
15000.0
15000.0
15000.0
15000.0
15000.0
-14687.465730891548
-14293.154362460733
-14579.406806882776
-15000.0
-15000.0
15000.0
15000.0
15000.0
15000.0
15000.0
15000.0
-11615.64850244096
-11774.648113846419
-3391.7847892545915
15000.0
15000.0
15000.0
-12884.972170686458
-13309.183130748377
-13838.562363193527
-15000.0
15000.0
15000.0
15000.0
15000.0
15000.0
-13990.55489964581
-13792.931164767928
-13372.96543406599
-13962.874918504087
15000.0
15000.0
15000.0
15000.0
15000.0
-15000.0
15000.0
-15000.0
-15000.0
-15000.0
-15000.0
15000.0
15000.0
15000.0
15000.0
15000.0
-15000.0
-15000.0
-14612.184016329098
-14555.660422131346
-13390.567897224872
-10791.895756126309
-9757.679471817395
-9900.065781074689
15000.0
15000.0
15000.0
15000.0
15000.0
15000.0
15000.0
15000.0
-15000.0
-15000.0
-15000.0
-14170.398566950294
-15000.0
-15000.0
-15000.0
-15000.0
15000.0
15000.0
15000.0
15000.0
15000.0
15000.0
15000.0
15000.0
15000.0
-15000.0
-15000.0
-15000.0
-14102.067607482775
-13917.621942886035
-10703.156421170312
-6334.743267052894
-1723.4627450556209
15000.0
15000.0
15000.0
15000.0
15000.0
15000.0
15000.0
15000.0
-15000.0
-14324.844536570923
-14628.788470930685
-13736.936527585567
-13016.231243471968
-11253.847685516517
-13242.288287338048
-15000.0
15000.0
15000.0
15000.0
15000.0
15000.0
15000.0
15000.0
15000.0
-13360.184119677793
-14286.66433108407
-15000.0
-15000.0
-15000.0
-15000.0
-15000.0
15000.0
15000.0
15000.0
15000.0
15000.0
15000.0
15000.0
15000.0
-15000.0
-15000.0
-15000.0
-15000.0
-15000.0
-15000.0
15000.0
15000.0
15000.0
15000.0
15000.0
15000.0
15000.0
-15000.0
-15000.0
-15000.0
-14015.79901579902
-11771.318250623732
-7047.6018949668105
2514.15134631612
15000.0
15000.0
15000.0
-1682.2842708948374
15000.0
15000.0
15000.0
-15000.0
15000.0
15000.0
-13433.707350583929
-10732.537928910206
15000.0
15000.0
-14321.901842769897
-14601.871426092286
-15000.0
-15000.0
-15000.0
15000.0
15000.0
15000.0
15000.0
15000.0
-11898.866995898956
-12394.637400591855
-12119.150569933434
-12658.234328850318
-13873.924654255174
-14241.540381403283
-13666.958685325772
15000.0
15000.0
-1509.206851992326
15000.0
15000.0
15000.0
15000.0
15000.0
15000.0
-15000.0
15000.0
15000.0
-15000.0
-15000.0
-15000.0
-14363.636363636368
-12356.82819383261
15000.0
15000.0
15000.0
15000.0
15000.0
15000.0
-15000.0
-13949.631449631455
15000.0
15000.0
15000.0
-12711.026260610292
-13442.553028297647
-13814.387947259143
15000.0
15000.0
15000.0
15000.0
-15000.0
-15000.0
-15000.0
-15000.0
-15000.0
-5944.3954104148515
15000.0
15000.0
15000.0
15000.0
15000.0
15000.0
-15000.0
-15000.0
-15000.0
-14528.145695364241
-13810.662787421868
-10705.181859650547
-8364.579014323288
15000.0
15000.0
15000.0
15000.0
15000.0
15000.0
15000.0
15000.0
-15000.0
-13940.942269409421
-12657.016498996381
-12794.632001128582
-12913.85400131399
-12993.375045743625
-13976.334488648157
-15000.0
15000.0
15000.0
15000.0
15000.0
15000.0
15000.0
15000.0
15000.0
-15000.0
15000.0
-8148.425981114455
15000.0
15000.0
-15000.0
-15000.0
-15000.0
-15000.0
-15000.0
-2236.7882440577996
15000.0
15000.0
15000.0
15000.0
15000.0
15000.0
-15000.0
-15000.0
-15000.0
-15000.0
-15000.0
-15000.0
-15000.0
15000.0
15000.0
15000.0
15000.0
15000.0
15000.0
15000.0
15000.0
-13774.50102124915
-12701.109460190644
-13220.88480528137
-11438.748806117997
-10960.815079219261
-11808.25871228275
-10116.543756219748
-7406.840984793728
2174.018907873884
15000.0
15000.0
15000.0
15000.0
15000.0
15000.0
15000.0
-5444.87427466151
-4757.121846083643
-3302.0267779322485
-3191.049257081345
-3347.263379163054