Demand
-15000.0
-15000.0
-15000.0
15000.0
15000.0
15000.0
15000.0
15000.0
15000.0
15000.0
15000.0
15000.0
15000.0
15000.0
-15000.0
-15000.0
-15000.0
-15000.0
-15000.0
15000.0
15000.0
15000.0
15000.0
15000.0
-15000.0
-15000.0
-15000.0
-13469.038999664714
-11281.832621356865
-11695.340384425122
15000.0
15000.0
15000.0
15000.0
15000.0
15000.0
-15000.0
-15000.0
-15000.0
-15000.0
-15000.0
15000.0
15000.0
15000.0
15000.0
15000.0
-15000.0
-15000.0
-15000.0
15000.0
15000.0
15000.0
15000.0
-15000.0
-15000.0
-15000.0
-15000.0
15000.0
15000.0
15000.0
15000.0
15000.0
-15000.0
-15000.0
-15000.0
-12484.554280670804
15000.0
15000.0
15000.0
15000.0
15000.0
-15000.0
-15000.0
-15000.0
-15000.0
-14478.49954254346
-10892.58073317246
-8940.308534872023
-4024.48803982948
15000.0
15000.0
15000.0
15000.0
15000.0
15000.0
15000.0
15000.0
-15000.0
-13960.170264518092
-11560.845611791738
-12444.68856060171
-12515.670820314364
-13134.946042922049
-15000.0
-15000.0
15000.0
15000.0
15000.0
15000.0
15000.0
15000.0
15000.0
15000.0
5282.776208635871
15000.0
-15000.0
-15000.0
-15000.0
-15000.0
-15000.0
15000.0
15000.0
15000.0
15000.0
15000.0
15000.0
-15000.0
-15000.0
-15000.0
-15000.0
-15000.0
-15000.0
-15000.0
-15000.0
15000.0
15000.0
15000.0
15000.0
15000.0
15000.0
15000.0
15000.0
15000.0
-15000.0
15000.0
15000.0
15000.0
-15000.0
-14616.56736498174
-14488.948317013423
-14048.14970884097
15000.0
15000.0
15000.0
15000.0
15000.0
-15000.0
-14623.29270083713
-13618.633775441042
-13736.234461561926
-8692.22162244127
15000.0
15000.0
15000.0
15000.0
15000.0
15000.0
-15000.0
-15000.0
-15000.0
-15000.0
-15000.0
-11342.245989304818
-11046.269661546015
15000.0
15000.0
15000.0
15000.0
15000.0
15000.0
15000.0
15000.0
-15000.0
-15000.0
-15000.0
-15000.0
-15000.0
15000.0
15000.0
15000.0
15000.0
15000.0
15000.0
-15000.0
-15000.0
-15000.0
-15000.0
-15000.0
15000.0
15000.0
15000.0
15000.0
15000.0
-15000.0
-15000.0
-15000.0
-15000.0
15000.0
15000.0
15000.0
15000.0
15000.0
-15000.0
-15000.0
-15000.0
-15000.0
-15000.0
15000.0
15000.0
15000.0
15000.0
15000.0
15000.0
15000.0
-14511.149228130362
15000.0
15000.0
-14072.835712994758
-14660.829295446023
-14613.99892904784
-14535.881135376952
-13759.082956229297
-13934.014266183662
-15000.0
15000.0
15000.0
15000.0
15000.0
15000.0
15000.0
-15000.0
15000.0
15000.0
15000.0
-15000.0
-15000.0
-15000.0
-15000.0
15000.0
15000.0
15000.0
15000.0
15000.0
-14368.840659949066
-14286.466733529407
-13722.286369505699
-13876.823537493023
-14018.284049248497
15000.0
15000.0
15000.0
15000.0
15000.0
15000.0
-15000.0
-14266.409266409271
-13301.548486631731
-12402.525884508465
-13583.565302748866
-12204.240003394101
15000.0
15000.0
15000.0
15000.0
15000.0
15000.0
15000.0
-14075.77559182791
-13964.047796468814
-13781.162128007232
-13428.029851720159
-13311.016641830403
-9295.1164595447
15000.0
15000.0
15000.0
15000.0
15000.0
-13932.979158216
-14480.018193355729
-86.65685942759774
15000.0
15000.0
15000.0
-15000.0
15000.0
15000.0
-15000.0
-15000.0
-15000.0
15000.0
15000.0
15000.0
15000.0
-12673.167886995401
-13475.271403289382
-14524.546378359544
-15000.0
-15000.0
15000.0
15000.0
15000.0
15000.0
15000.0
-13416.956112242413
-13630.385201016692
-13484.283666680047
-12834.78652102951
-12406.369859780141
-12962.048500329762
-13872.7547608789
-15000.0
15000.0
15000.0
15000.0
15000.0
15000.0
15000.0
15000.0
-13991.690447687615
-14633.996303832842
-15000.0
-15000.0
-15000.0
-15000.0
-15000.0
15000.0
15000.0
15000.0
15000.0
15000.0
15000.0
15000.0
15000.0
15000.0
-15000.0
-15000.0
15000.0
15000.0
-13967.079432195711
-13841.28701272867
-12741.112618232903
-12754.455467018022
-13388.03372671514
-11196.064159216829
15000.0
15000.0
15000.0
15000.0
15000.0
15000.0
15000.0
-12707.160096540632
-13691.290338420276
-12900.081087851431
15000.0
15000.0
15000.0
-15000.0
-15000.0
15000.0
15000.0
-14242.301159441697
-11767.272624658039
-11326.755756963921
-9682.875956503074
15000.0
15000.0
-15000.0
15000.0
15000.0
15000.0
-15000.0
-15000.0
-13848.387894659594
15000.0
15000.0
15000.0
15000.0
15000.0
-15000.0
-14664.426237550902
-15000.0
-15000.0
-15000.0
-15000.0
-15000.0
15000.0
15000.0
15000.0
15000.0
15000.0
15000.0
15000.0
-15000.0
-15000.0
-15000.0
-15000.0
-11381.107380250818
15000.0
15000.0
15000.0
15000.0
15000.0
15000.0
-13367.931281317116
-13200.9319664492
15000.0
15000.0
-15000.0
-15000.0
-14577.88889588722
-14498.20720242323
-13703.974334031871
-14012.824376684246
-15000.0
15000.0
15000.0
15000.0
15000.0
15000.0
15000.0
15000.0
15000.0
15000.0
-14090.909090909092
-11154.890709185685
-11967.647236794797
-12038.491032941234
-12055.602381723209
-12570.341394583149
-13268.85510859749
-15000.0
15000.0
15000.0
15000.0
15000.0
15000.0
15000.0
15000.0
15000.0
-14616.161616161622
15000.0
-15000.0
-15000.0
-15000.0
-15000.0
-15000.0
-15000.0
-15000.0
15000.0
15000.0
15000.0
15000.0
15000.0
15000.0
15000.0
15000.0
-15000.0
-15000.0
-14606.6560241435
-14524.050686831953
-13066.743343484013
-8268.801357258351
11774.583109113322
9338.367023391576
15000.0
15000.0
15000.0
15000.0
15000.0
-15000.0
-14610.02309073805
-15000.0
-15000.0
-15000.0
15000.0
15000.0
15000.0
15000.0
15000.0
-15000.0
-14627.058614474528
-13669.682853692491
-12140.525031150817
-10634.640060165439
-7430.759274150023
15000.0
15000.0
15000.0
15000.0
15000.0
15000.0
-15000.0
-11906.377204884673
15000.0
15000.0
-12418.92503484857
-12701.769181669744
-12387.624422281348
-11614.526985555567
15000.0
15000.0
15000.0
15000.0
-15000.0
-15000.0
-15000.0
-14105.812220566324
-14436.209906548458
-12470.334880305953
-6869.79623866354
15000.0
15000.0
15000.0
15000.0
15000.0
15000.0
15000.0
-14069.830692867341
-12677.40973154016
-12494.830908136391
-12641.384847759968
-12776.884283879892
-13946.271023823876
-15000.0
-15000.0
-15000.0
15000.0
15000.0
15000.0
15000.0
15000.0
15000.0
15000.0
15000.0
-15000.0
-15000.0
-15000.0
-15000.0
-15000.0
-15000.0
-15000.0
15000.0
15000.0
15000.0
15000.0
15000.0
15000.0
15000.0
15000.0
15000.0
-15000.0
-15000.0
-14195.57803128308
-12650.783455097284
-10383.431463561948
-8869.48818289705
-5143.604403620918
8767.337348420542
15000.0
-517.051079873334
15000.0
15000.0
15000.0
15000.0
15000.0
-15000.0
-13593.171534348006
-13844.840806830252
-14566.850900744612
-14489.536625844175
-13707.43000296758
-14065.832662596993
-15000.0
15000.0
15000.0
15000.0
15000.0
15000.0
15000.0
15000.0
15000.0
15000.0
-12629.233511586455
-13080.850314686857
-14073.543149301542
-14356.25778183715
-13641.163153982816
15000.0
15000.0
15000.0
15000.0
15000.0
15000.0
-14687.633197345189
-15000.0
-14553.599937773004
-15000.0
-15000.0
15000.0
15000.0
15000.0
15000.0
15000.0
-14343.96184103786
-15000.0
-15000.0
-15000.0
-15000.0
-15000.0
-15000.0
15000.0
15000.0
15000.0
15000.0
15000.0
15000.0
15000.0
-14634.411212012008
-15000.0
-15000.0
-15000.0
-15000.0
15000.0
15000.0
15000.0
15000.0
15000.0
15000.0
15000.0
-14063.013698630137
-14306.16832533179
-15000.0
-15000.0
-15000.0
-15000.0
15000.0
15000.0
15000.0
15000.0
15000.0
15000.0
-13721.316619053829
-12992.067318880072
-14364.30864522958
15000.0
15000.0
15000.0
15000.0
-15000.0
-15000.0
-13858.350951374206
-12379.34006402364
-12390.53847903106
-12259.256694739448
-11637.754329354048
-9521.75045532265
15000.0
15000.0
15000.0
15000.0
15000.0
15000.0
15000.0
-15000.0
15000.0
15000.0
-15000.0
-14260.400616332823
-14539.3538312823
-15000.0
-15000.0
15000.0
15000.0
15000.0
15000.0
15000.0
-14672.407652846407
-15000.0
-15000.0
-15000.0
-15000.0
-15000.0
-15000.0
15000.0
15000.0
15000.0
15000.0
15000.0
15000.0
15000.0
15000.0
15000.0
-15000.0
-15000.0
-15000.0
-15000.0
-13808.777429467089
-11555.532402583878
-2850.717042454621
15000.0
15000.0
15000.0
15000.0
15000.0
5522.810631558837
15000.0
15000.0
-11974.12076974121
15000.0
15000.0
-6021.793740240344
-4799.367831582138
-4180.339577545635
-4864.96271262495
-4094.1327836233586
-2495.557618116549
-2337.083820777905
-2458.5262542274286