Demand
15000.0
15000.0
15000.0
15000.0
15000.0
15000.0
15000.0
15000.0
15000.0
15000.0
15000.0
15000.0
15000.0
15000.0
15000.0
15000.0
15000.0
15000.0
15000.0
15000.0
15000.0
15000.0
15000.0
15000.0
15000.0
15000.0
15000.0
15000.0
15000.0
15000.0
-14678.87323943662
-15000.0
-15000.0
-15000.0
-15000.0
-15000.0
15000.0
15000.0
15000.0
15000.0
15000.0
15000.0
-14676.225515624665
-15000.0
-15000.0
-15000.0
-15000.0
-15000.0
-15000.0
-15000.0
15000.0
15000.0
15000.0
15000.0
15000.0
15000.0
15000.0
15000.0
-15000.0
-15000.0
-15000.0
-15000.0
-15000.0
15000.0
15000.0
15000.0
15000.0
15000.0
15000.0
15000.0
-15000.0
-15000.0
-15000.0
-15000.0
-15000.0
15000.0
15000.0
15000.0
15000.0
15000.0
15000.0
-15000.0
-15000.0
15000.0
15000.0
15000.0
-15000.0
-15000.0
-13145.67142598952
-2197.614154718758
15000.0
15000.0
15000.0
15000.0
15000.0
-15000.0
-15000.0
-15000.0
-15000.0
15000.0
-539.1120507399737
15000.0
15000.0
15000.0
15000.0
-15000.0
-15000.0
-15000.0
-15000.0
-15000.0
15000.0
15000.0
15000.0
15000.0
15000.0
-15000.0
-15000.0
-15000.0
-15000.0
-15000.0
-15000.0
15000.0
15000.0
15000.0
15000.0
15000.0
15000.0
15000.0
-15000.0
-15000.0
-15000.0
-15000.0
-15000.0
15000.0
15000.0
15000.0
15000.0
15000.0
15000.0
15000.0
-14647.495361781075
-14477.926848074476
-15000.0
15000.0
15000.0
15000.0
-15000.0
-14631.775854045682
-13715.4299824829
-13943.458822287117
-11250.877286494411
-9278.673130760893
15000.0
15000.0
15000.0
15000.0
15000.0
15000.0
15000.0
-15000.0
-15000.0
-15000.0
-12507.02905342081
-12683.412242845778
15000.0
15000.0
15000.0
15000.0
15000.0
15000.0
-15000.0
-15000.0
-15000.0
-15000.0
15000.0
15000.0
15000.0
15000.0
15000.0
-15000.0
-15000.0
-15000.0
-15000.0
-15000.0
-15000.0
15000.0
15000.0
15000.0
15000.0
15000.0
15000.0
15000.0
-15000.0
-15000.0
-15000.0
-15000.0
-15000.0
-14264.99032882012
-12488.476742550909
13584.179101062913
-6336.846000990896
15000.0
15000.0
15000.0
15000.0
15000.0
15000.0
15000.0
-15000.0
-15000.0
-15000.0
-15000.0
-15000.0
15000.0
15000.0
15000.0
15000.0
15000.0
15000.0
-14662.921348314609
-14616.968166755134
-14081.24629087728
-14393.658430691477
-15000.0
-15000.0
15000.0
15000.0
15000.0
15000.0
15000.0
15000.0
-13824.963870457217
15000.0
15000.0
15000.0
-15000.0
-15000.0
-15000.0
15000.0
15000.0
15000.0
15000.0
-15000.0
-14283.784632782561
-14162.094214184312
-13407.058647791779
-13412.143050668059
-12661.952355287627
15000.0
15000.0
15000.0
15000.0
15000.0
15000.0
-15000.0
-14301.436018084827
-13440.18574082508
-12756.572069367317
-13913.610763227505
-13506.052187563877
-13615.265834130441
15000.0
15000.0
15000.0
15000.0
15000.0
15000.0
15000.0
15000.0
-14070.618500670316
-14000.565446172273
-14270.557058108367
-14589.099005131899
-15000.0
-15000.0
-15000.0
-15000.0
15000.0
15000.0
15000.0
15000.0
15000.0
15000.0
15000.0
15000.0
-15000.0
15000.0
-15000.0
-15000.0
-15000.0
10489.18885779547
15000.0
15000.0
15000.0
15000.0
-14393.939393939396
-14308.811641067103
15000.0
15000.0
15000.0
-15000.0
-15000.0
-13861.734499809816
-14148.898950883482
-12514.07718581679
-12566.749760323059
-11671.693609373942
-7683.345285608921
15000.0
3103.2021685158497
15000.0
15000.0
15000.0
15000.0
15000.0
15000.0
15000.0
-14673.551983505786
-14644.858810743051
-13814.556243788487
-14548.190560665327
-15000.0
-15000.0
-15000.0
-15000.0
15000.0
15000.0
15000.0
15000.0
15000.0
15000.0
15000.0
15000.0
-15000.0
15000.0
15000.0
-15000.0
-15000.0
-14588.59080098608
-13543.596131680522
-13168.381756740135
-10580.399148323591
-7973.560823716372
15000.0
15000.0
15000.0
15000.0
15000.0
15000.0
15000.0
15000.0
-13730.335514409024
-12405.050666014082
-13599.627604969697
-13476.029252078199
11928.83651178302
15000.0
15000.0
15000.0
15000.0
-15000.0
-15000.0
-14138.159138159142
-10968.577039278553
-9411.179163280609
8343.30453415906
15000.0
15000.0
15000.0
15000.0
15000.0
-15000.0
-15000.0
-15000.0
-14560.185185185182
-12838.6889942452
-11365.919299391862
-10138.456567397247
-15000.0
15000.0
15000.0
15000.0
15000.0
15000.0
15000.0
15000.0
-15000.0
-15000.0
-14468.533765301236
-12308.625367026718
-297.0267194718417
15000.0
15000.0
15000.0
15000.0
15000.0
-15000.0
-15000.0
-14212.16309606082
-13139.351893079573
-9120.424718481667
-8600.47015287181
-6265.70577895721
15000.0
15000.0
15000.0
8045.7292943446955
15000.0
15000.0
15000.0
-15000.0
-14622.0716074849
-14537.496845844616
-13703.575264983
-13661.95182189074
15000.0
15000.0
15000.0
15000.0
15000.0
15000.0
-15000.0
-14657.400450788882
-11526.521479158157
-12352.846147332119
-11756.411321862517
-6822.941651321042
-5605.239271621846
14419.665191842772
8077.937426468627
15000.0
15000.0
15000.0
15000.0
15000.0
-15000.0
-15000.0
-14543.739279588335
-12964.372589669354
-9424.456434481795
15000.0
15000.0
15000.0
15000.0
15000.0
-15000.0
15000.0
-15000.0
-15000.0
15000.0
15000.0
15000.0
-15000.0
-15000.0
-15000.0
-15000.0
-15000.0
-15000.0
-15000.0
15000.0
15000.0
15000.0
15000.0
15000.0
15000.0
15000.0
15000.0
15000.0
-15000.0
-15000.0
-15000.0
-15000.0
-14495.12843224092
-15000.0
-15000.0
-15000.0
15000.0
15000.0
15000.0
15000.0
15000.0
15000.0
15000.0
15000.0
-13260.817785622028
-12965.08593411843
-13444.966339232142
-13344.059738509335
-10054.132931495988
15000.0
15000.0
15000.0
15000.0
15000.0
-14332.330385631813
-14200.495027672285
-11752.873816658877
-7309.310738379449
15000.0
15000.0
5474.606362054022
15000.0
15000.0
-15000.0
-15000.0
-15000.0
-15000.0
15000.0
15000.0
15000.0
15000.0
-13686.762023615247
-12817.445128191059
-14170.810940443174
-15000.0
-15000.0
-15000.0
15000.0
15000.0
15000.0
15000.0
15000.0
15000.0
15000.0
-14049.20767306089
15000.0
15000.0
-15000.0
-15000.0
-15000.0
-14018.595041322318
15000.0
15000.0
15000.0
15000.0
15000.0
-15000.0
-15000.0
-15000.0
-15000.0
-15000.0
-15000.0
15000.0
15000.0
15000.0
15000.0
15000.0
15000.0
15000.0
-15000.0
-15000.0
-15000.0
-15000.0
-15000.0
-10711.598746081527
15000.0
15000.0
15000.0
15000.0
15000.0
15000.0
-14264.990328820117
-14325.222910684603
15000.0
15000.0
15000.0
-15000.0
-15000.0
-13505.244755244756
-13722.965906850619
-14487.759352946083
-14309.538882134595
-12570.850968683932
-1566.401647350479
15000.0
15000.0
15000.0
15000.0
15000.0
15000.0
15000.0
-13733.567857804115
-11865.141171510946
-12273.085497163851
-11797.146444999224
-12096.101761958187
-13208.216730574357
-11267.814894871117
15000.0
15000.0
15000.0
15000.0
15000.0
15000.0
-14314.95452132223
-14133.918911497192
15000.0
15000.0
-15000.0
-15000.0
-15000.0
-15000.0
-15000.0
-15000.0
-14175.571524367937
-11848.1817802603
15000.0
15000.0
15000.0
15000.0
15000.0
15000.0
15000.0
15000.0
15000.0
-14363.673575707962
-13279.48979644609
-12736.776557315752
-13730.697221256181
-14500.936285765216
-15000.0
-15000.0
-15000.0
15000.0
15000.0
15000.0
15000.0
15000.0
15000.0
15000.0
15000.0
-13880.273311906938
-14032.329588030596
-15000.0
15000.0
15000.0
15000.0
15000.0
15000.0
-14671.621154510889
-14284.82379490745
-13012.750770692975
-13191.79919751054
-12837.1500288604
-11483.66622034023
-13927.671299484246
-15000.0
15000.0
15000.0
15000.0
15000.0
15000.0
15000.0
15000.0
15000.0
-13670.333498995085
-13924.085804676179
-14605.206733821724
-15000.0
-15000.0
-15000.0
-15000.0
-15000.0
15000.0
15000.0
15000.0
15000.0
15000.0
15000.0
15000.0
15000.0
15000.0
-15000.0
-15000.0
-15000.0
-15000.0
15000.0
15000.0
15000.0
15000.0
15000.0
15000.0
15000.0
-15000.0
-15000.0
-15000.0
-15000.0
-15000.0
15000.0
15000.0
15000.0
15000.0
15000.0
15000.0
-15000.0
-15000.0
-15000.0
-15000.0
-13585.169097114496
-9422.349343269783
15000.0
15000.0
15000.0
15000.0
15000.0
15000.0
15000.0
-12327.429017973434
1596.2860738194713
15000.0
15000.0
-7346.853146853151
-5249.202046562466
-3676.7536900564473
-2702.658222132094
-3152.229739601571
-1657.2268218259414
1191.8952422363145
2257.405626547841
3349.3245602256666