Demand
15000.0
15000.0
15000.0
15000.0
15000.0
15000.0
15000.0
15000.0
15000.0
15000.0
15000.0
15000.0
15000.0
15000.0
15000.0
15000.0
15000.0
15000.0
15000.0
15000.0
15000.0
-15000.0
-15000.0
-15000.0
-15000.0
15000.0
15000.0
15000.0
15000.0
15000.0
15000.0
15000.0
15000.0
15000.0
15000.0
15000.0
15000.0
15000.0
15000.0
-15000.0
-15000.0
-12747.035573122539
15000.0
15000.0
15000.0
15000.0
-15000.0
-15000.0
-15000.0
15000.0
15000.0
15000.0
15000.0
-15000.0
-15000.0
-15000.0
-15000.0
15000.0
15000.0
15000.0
15000.0
15000.0
-15000.0
-15000.0
15000.0
15000.0
15000.0
-15000.0
-15000.0
-15000.0
-15000.0
-15000.0
-15000.0
-15000.0
-15000.0
15000.0
15000.0
15000.0
15000.0
15000.0
15000.0
15000.0
15000.0
-15000.0
-15000.0
15000.0
15000.0
15000.0
-13985.61471155272
-10048.58740931356
15000.0
15000.0
15000.0
-15000.0
-15000.0
-15000.0
-15000.0
-15000.0
15000.0
15000.0
15000.0
15000.0
15000.0
-12644.628099173562
15000.0
15000.0
-15000.0
-15000.0
-15000.0
15000.0
15000.0
15000.0
-14642.633228840125
-14357.822163746932
15000.0
15000.0
15000.0
-15000.0
-15000.0
-15000.0
-15000.0
-15000.0
-15000.0
15000.0
15000.0
15000.0
15000.0
15000.0
15000.0
-15000.0
15000.0
15000.0
-15000.0
-15000.0
-15000.0
15000.0
15000.0
15000.0
15000.0
-14676.361112863542
-14624.059664285702
-14525.831332521444
-15000.0
-15000.0
15000.0
15000.0
15000.0
15000.0
15000.0
-14314.944603157157
-13075.871892076859
-13214.898028441505
-13888.916730245779
-14187.391918900372
-15000.0
15000.0
15000.0
15000.0
15000.0
15000.0
15000.0
15000.0
-13717.900656044989
-14293.074081056751
-14189.501845940664
-14506.97065817927
-14319.898963063399
-13682.372864017572
15000.0
15000.0
15000.0
15000.0
15000.0
15000.0
15000.0
-15000.0
-15000.0
-15000.0
-15000.0
-15000.0
-15000.0
-15000.0
15000.0
15000.0
15000.0
15000.0
15000.0
15000.0
15000.0
15000.0
-15000.0
-15000.0
15000.0
15000.0
15000.0
-15000.0
-15000.0
-14562.920678197152
-13864.232119140877
-11381.14525459734
-11896.66274669645
15000.0
15000.0
15000.0
15000.0
15000.0
15000.0
-15000.0
-15000.0
-15000.0
-15000.0
-15000.0
-15000.0
-15000.0
15000.0
15000.0
15000.0
15000.0
15000.0
15000.0
15000.0
-14344.794027437769
-14619.345297538082
-15000.0
-15000.0
-15000.0
15000.0
15000.0
15000.0
15000.0
15000.0
-14366.228634806397
-15000.0
-15000.0
-15000.0
-15000.0
-15000.0
-15000.0
-15000.0
15000.0
15000.0
15000.0
15000.0
15000.0
15000.0
15000.0
15000.0
15000.0
-15000.0
-15000.0
-15000.0
-15000.0
-15000.0
15000.0
15000.0
15000.0
15000.0
15000.0
15000.0
-14370.811322242374
-14658.256049187086
-14619.233282884317
-15000.0
-15000.0
-15000.0
-15000.0
15000.0
15000.0
15000.0
15000.0
15000.0
15000.0
15000.0
15000.0
-15000.0
-15000.0
-15000.0
-14067.103109656306
-13254.565100523596
-14179.706981305302
-4455.540336177233
10741.471667203876
15000.0
15000.0
15000.0
15000.0
15000.0
15000.0
15000.0
-15000.0
-12637.917637917639
-11067.612004889907
-8651.417767679512
-1374.0589750498857
15000.0
15000.0
15000.0
15000.0
15000.0
-15000.0
-15000.0
15000.0
15000.0
-14320.268712485595
-13142.478708274692
-13348.854277067105
-13099.501798530448
-12116.591153131114
-11185.825046457969
-11325.58745612936
-9860.211058767261
15000.0
15000.0
15000.0
15000.0
15000.0
15000.0
15000.0
15000.0
-14036.93533210345
-14652.93020985759
-15000.0
-15000.0
-15000.0
-15000.0
-15000.0
-15000.0
15000.0
15000.0
15000.0
15000.0
15000.0
15000.0
15000.0
15000.0
-15000.0
-15000.0
15000.0
15000.0
15000.0
-13946.234573783764
-12866.802630565493
-12664.597037786072
-12613.586004026965
15000.0
15000.0
15000.0
15000.0
15000.0
-15000.0
-15000.0
-12965.064388626797
-9479.012658743737
-8249.179623926906
15000.0
15000.0
15000.0
15000.0
15000.0
-15000.0
-15000.0
-15000.0
-12910.557184750745
15000.0
15000.0
15000.0
15000.0
15000.0
-15000.0
-15000.0
-15000.0
-15000.0
-15000.0
15000.0
15000.0
15000.0
15000.0
15000.0
-15000.0
-15000.0
-15000.0
-14000.29231218942
15000.0
15000.0
15000.0
15000.0
15000.0
15000.0
-14681.5388299146
-13958.095814972086
-14227.319009221028
-14553.402390376934
-13896.790636921844
-15000.0
-15000.0
15000.0
15000.0
15000.0
15000.0
15000.0
15000.0
15000.0
15000.0
-12231.089521165857
-12593.808091936058
5729.92117465112
15000.0
15000.0
15000.0
-15000.0
-15000.0
-14535.560470259577
-14300.218630917218
-10300.880889736014
15000.0
15000.0
15000.0
15000.0
15000.0
-15000.0
-15000.0
15000.0
15000.0
15000.0
15000.0
-13148.502894265606
-11326.741828545852
-12080.632563969437
-12105.73699984156
-12036.632983754367
-12392.95977075542
-12759.284629709044
-15000.0
15000.0
15000.0
15000.0
15000.0
15000.0
15000.0
-13667.46636233361
-12575.712950179135
15000.0
15000.0
15000.0
15000.0
-15000.0
-15000.0
-15000.0
15000.0
15000.0
15000.0
15000.0
-15000.0
-15000.0
-15000.0
15000.0
15000.0
15000.0
15000.0
-15000.0
-14640.359640359642
-14590.252288883741
-13524.778705116798
-11159.44852469429
-10183.85747599848
-9936.623537747848
15000.0
15000.0
15000.0
15000.0
15000.0
15000.0
15000.0
-15000.0
-15000.0
-15000.0
-15000.0
-12682.253848388042
15000.0
15000.0
15000.0
15000.0
15000.0
15000.0
15000.0
-13455.670876578719
-13995.233670183072
-14252.978105090144
-14565.493576826197
-15000.0
-15000.0
-15000.0
15000.0
15000.0
15000.0
15000.0
15000.0
15000.0
15000.0
-13454.111520937298
-13964.880905466154
-14594.149282751194
-15000.0
-15000.0
-15000.0
15000.0
15000.0
15000.0
15000.0
15000.0
-13979.97944331557
-13516.208925848365
-12521.259687368361
-14055.598467596043
-15000.0
-15000.0
-15000.0
15000.0
15000.0
15000.0
15000.0
15000.0
15000.0
15000.0
15000.0
15000.0
-15000.0
-15000.0
-15000.0
-15000.0
-14426.366990942639
-13263.827276271571
-3324.113062204746
15000.0
15000.0
15000.0
15000.0
15000.0
15000.0
15000.0
-15000.0
-15000.0
-15000.0
15000.0
15000.0
15000.0
-12589.852008456674
15000.0
15000.0
-15000.0
-15000.0
-15000.0
-15000.0
-15000.0
15000.0
15000.0
15000.0
15000.0
15000.0
15000.0
-13122.246766347027
-14321.115490287506
-14619.396453454727
-15000.0
-15000.0
-15000.0
-15000.0
15000.0
15000.0
15000.0
15000.0
15000.0
15000.0
15000.0
-15000.0
-15000.0
-15000.0
15000.0
15000.0
15000.0
15000.0
-13684.946093438044
-11750.063363185727
-12184.273211889522
-11723.745736330606
-12094.269456461687
-13320.36863211507
-12875.838921801122
15000.0
15000.0
15000.0
15000.0
15000.0
15000.0
15000.0
-14520.202020202025
15000.0
15000.0
-15000.0
-15000.0
-15000.0
-15000.0
15000.0
15000.0
15000.0
15000.0
-15000.0
-15000.0
-15000.0
-15000.0
-15000.0
-15000.0
-15000.0
15000.0
15000.0
15000.0
15000.0
15000.0
15000.0
15000.0
15000.0
15000.0
-15000.0
-15000.0
-15000.0
-15000.0
-15000.0
15000.0
15000.0
15000.0
15000.0
15000.0
15000.0
-15000.0
-15000.0
-15000.0
-15000.0
-15000.0
-15000.0
-13608.907870652842
15000.0
15000.0
15000.0
15000.0
15000.0
15000.0
15000.0
15000.0
-15000.0
-15000.0
-15000.0
-15000.0
15000.0
15000.0
15000.0
15000.0
15000.0
-14639.316599873448
-15000.0
-15000.0
15000.0
15000.0
15000.0
15000.0
-15000.0
-15000.0
-15000.0
-15000.0
-15000.0
15000.0
15000.0
15000.0
15000.0
15000.0
-15000.0
-15000.0
-15000.0
-14566.210045662101
-14469.589680899753
-15000.0
-15000.0
15000.0
15000.0
15000.0
15000.0
15000.0
15000.0
15000.0
15000.0
-15000.0
-15000.0
-15000.0
-15000.0
-15000.0
-15000.0
-15000.0
-15000.0
15000.0
15000.0
15000.0
15000.0
15000.0
15000.0
15000.0
15000.0
15000.0
-12728.586442459276
-12880.037747696868
-12628.395485855468
-11322.01047747958
-7669.251595931929
2497.5960469620522
9688.634241485513
12218.959877657227
10612.854500557965
6910.181729006308
10154.540048181696
10844.266359753401
4220.877348979272
15000.0