Demand
-15000.0
-15000.0
15000.0
15000.0
15000.0
15000.0
15000.0
15000.0
15000.0
15000.0
-15000.0
15000.0
-15000.0
-15000.0
-15000.0
15000.0
15000.0
15000.0
15000.0
-15000.0
-15000.0
-15000.0
15000.0
15000.0
15000.0
15000.0
-15000.0
-13976.711713958011
-13090.663966005293
-14116.056445481394
-14445.141329356993
-15000.0
-15000.0
15000.0
15000.0
15000.0
15000.0
15000.0
15000.0
15000.0
-15000.0
-14310.02213693027
-14619.134754491508
-15000.0
-15000.0
-15000.0
-15000.0
-15000.0
15000.0
15000.0
15000.0
15000.0
15000.0
15000.0
15000.0
15000.0
-15000.0
15000.0
15000.0
15000.0
15000.0
15000.0
-15000.0
-15000.0
-15000.0
15000.0
15000.0
15000.0
15000.0
-15000.0
-15000.0
-15000.0
15000.0
15000.0
15000.0
-14685.36367882468
-12930.247254104292
-12695.700447445568
-12782.612210991385
-13904.901704777407
-14206.176131837005
-15000.0
15000.0
15000.0
15000.0
15000.0
15000.0
15000.0
15000.0
-11801.346801346805
-12063.187271903254
-8237.832158109642
15000.0
15000.0
15000.0
-15000.0
-15000.0
-15000.0
-15000.0
-12683.24075328547
-13334.000797260804
-10579.932220491555
-10469.913079128684
2068.5855798811253
15000.0
15000.0
15000.0
15000.0
15000.0
15000.0
15000.0
15000.0
-14678.94558972626
-14557.733285740556
-15000.0
15000.0
15000.0
15000.0
-15000.0
15000.0
15000.0
-15000.0
-15000.0
-15000.0
-15000.0
15000.0
15000.0
15000.0
15000.0
15000.0
15000.0
-15000.0
-15000.0
-15000.0
-15000.0
-15000.0
-15000.0
15000.0
15000.0
15000.0
15000.0
15000.0
15000.0
15000.0
-15000.0
-15000.0
-15000.0
-14535.61002104692
-13293.913839722292
-13475.360564452418
-8433.797499734366
3847.467317218983
15000.0
15000.0
15000.0
15000.0
15000.0
15000.0
15000.0
15000.0
-15000.0
-15000.0
-13283.455674760029
-13872.762686881455
-13022.327012888221
15000.0
15000.0
15000.0
15000.0
15000.0
15000.0
-15000.0
-15000.0
-15000.0
-15000.0
-15000.0
-15000.0
-15000.0
15000.0
15000.0
15000.0
15000.0
15000.0
15000.0
15000.0
-15000.0
-15000.0
-15000.0
-15000.0
-15000.0
-15000.0
-15000.0
15000.0
15000.0
15000.0
15000.0
15000.0
15000.0
15000.0
15000.0
-14685.187230752235
-15000.0
-15000.0
-15000.0
-15000.0
15000.0
15000.0
15000.0
15000.0
15000.0
15000.0
-15000.0
-15000.0
15000.0
15000.0
-14549.407114624511
15000.0
4105.21713786049
15000.0
-14676.001364204785
-14647.95612946558
-14217.932696886317
-14552.527248677969
-15000.0
-15000.0
-15000.0
-15000.0
15000.0
15000.0
15000.0
15000.0
15000.0
15000.0
15000.0
15000.0
-15000.0
-15000.0
-15000.0
-15000.0
-15000.0
-15000.0
-15000.0
15000.0
15000.0
15000.0
15000.0
15000.0
15000.0
15000.0
15000.0
-15000.0
-15000.0
15000.0
15000.0
15000.0
15000.0
-13746.650175221606
-13323.606333122774
-14272.872725811081
-14189.21454426807
-14532.091545482388
-14425.556934093453
-15000.0
-15000.0
15000.0
15000.0
15000.0
15000.0
15000.0
15000.0
15000.0
15000.0
15000.0
-15000.0
-15000.0
-15000.0
-15000.0
-13964.577656675752
-12983.215151675835
-13967.754248817448
5460.810980864435
13302.670540055624
15000.0
15000.0
15000.0
15000.0
15000.0
15000.0
15000.0
-15000.0
-12883.172147001937
-11614.50192983139
-9946.635677120594
-6342.308583493971
15000.0
8886.17938129032
15000.0
15000.0
15000.0
-15000.0
-15000.0
-15000.0
-13149.350649350654
-12671.942236160758
15000.0
15000.0
15000.0
15000.0
15000.0
15000.0
-14666.764104063142
-15000.0
-15000.0
-15000.0
-15000.0
-15000.0
15000.0
15000.0
15000.0
15000.0
15000.0
15000.0
15000.0
-15000.0
-15000.0
-15000.0
-15000.0
-15000.0
-10643.690391642736
-9068.587365943891
15000.0
15000.0
15000.0
15000.0
15000.0
15000.0
15000.0
-15000.0
-14626.400996264012
-13666.591498477846
-13278.608420351968
-10466.858212574261
-3669.655421422758
15000.0
15000.0
15000.0
15000.0
15000.0
15000.0
-15000.0
-15000.0
-539.1120507399937
15000.0
15000.0
15000.0
-14339.895773016797
-14470.387715567413
15000.0
15000.0
15000.0
-15000.0
-15000.0
-14190.340909090912
-11683.92607965774
-11541.74020662735
-11090.554462715561
-10841.031539459866
15000.0
-15000.0
15000.0
15000.0
15000.0
15000.0
15000.0
15000.0
-13481.441147562076
-12706.523323056103
-12532.025322539695
-15000.0
15000.0
15000.0
15000.0
15000.0
15000.0
15000.0
-15000.0
-15000.0
-15000.0
-14562.408035314442
-13422.492559973914
-13636.313634315597
-13924.235056844842
-7011.216948525937
15000.0
15000.0
15000.0
15000.0
15000.0
15000.0
15000.0
15000.0
-12542.594204700908
-13014.432971268085
-12441.733542196569
-13337.581178709352
-12980.597741768073
-14314.559454431223
-15000.0
15000.0
15000.0
15000.0
15000.0
15000.0
15000.0
15000.0
-15000.0
-15000.0
15000.0
15000.0
15000.0
-15000.0
-15000.0
-14634.224598930483
-11233.949797617643
-12075.45603835375
-11291.060751594105
-4971.950500388153
-2219.1533701722874
15000.0
15000.0
11965.869559632109
15000.0
15000.0
15000.0
15000.0
-15000.0
-15000.0
-14534.567229178017
-12653.912446250382
15000.0
14054.513673794878
4654.947603501014
15000.0
15000.0
-15000.0
-15000.0
-15000.0
-15000.0
-15000.0
-15000.0
-15000.0
-15000.0
15000.0
15000.0
15000.0
15000.0
15000.0
15000.0
15000.0
15000.0
-14686.457149143716
-14661.093513333595
-13878.791293869006
-12467.513442421514
-12543.294157382054
-13775.12359120425
-15000.0
-15000.0
15000.0
15000.0
15000.0
15000.0
15000.0
15000.0
15000.0
15000.0
-15000.0
-14300.092093145642
-15000.0
-15000.0
-15000.0
-15000.0
-13742.883831575953
13714.713128405972
15000.0
15000.0
12122.550072703536
15000.0
15000.0
15000.0
15000.0
15000.0
-15000.0
-15000.0
15000.0
15000.0
15000.0
-12410.562180579218
-12853.607967676144
-12938.247591686952
-13469.356383109392
-14256.617712780702
-15000.0
15000.0
15000.0
15000.0
15000.0
15000.0
15000.0
-14675.328367113172
-13867.48343226931
-13113.321536590778
-10841.018719516313
-11634.063926466737
15000.0
15000.0
15000.0
15000.0
15000.0
-14022.29845626072
-12527.837690918343
-12290.480109611213
-12389.543255485212
-12448.468421216065
-13711.09252701035
-15000.0
-15000.0
15000.0
15000.0
15000.0
15000.0
15000.0
15000.0
15000.0
15000.0
-14348.088353939496
-15000.0
-15000.0
-15000.0
-15000.0
15000.0
15000.0
15000.0
15000.0
15000.0
-15000.0
-13901.747995253412
-15000.0
15000.0
15000.0
15000.0
15000.0
15000.0
-15000.0
-14303.869933592858
-12883.579856871784
-10385.933753074401
-6697.913897033548
15000.0
15000.0
15000.0
15000.0
-14848.48484848485
-15000.0
15000.0
15000.0
-15000.0
-15000.0
-13276.288659793816
-13446.041292300059
-14310.207566821347
-13787.724045502528
15000.0
7568.417967210771
15000.0
15000.0
15000.0
15000.0
15000.0
15000.0
-14695.187165775402
-13659.986083165342
-11607.65020068633
-11953.077376171797
-11202.597620531917
-11103.470186919065
-11295.825218230406
15000.0
15000.0
15000.0
15000.0
15000.0
15000.0
-15000.0
-13856.951871657762
15000.0
15000.0
15000.0
-15000.0
-15000.0
-15000.0
-15000.0
15000.0
15000.0
15000.0
15000.0
15000.0
-15000.0
-15000.0
-15000.0
-15000.0
-15000.0
-15000.0
-14237.967914438505
-13654.799824156842
15000.0
15000.0
15000.0
15000.0
-4647.982626797694
15000.0
15000.0
15000.0
15000.0
-15000.0
-15000.0
-15000.0
-15000.0
-15000.0
-11336.525376206944
15000.0
15000.0
15000.0
15000.0
15000.0
15000.0
15000.0
-15000.0
-15000.0
-14563.636363636364
-13816.501352569885
-9535.22352583809
15000.0
15000.0
15000.0
6750.03853217674
15000.0
15000.0
-15000.0
-15000.0
-15000.0
-15000.0
-11761.36363636364
15000.0
15000.0
15000.0
15000.0
15000.0
15000.0
-15000.0
-15000.0
-15000.0
-15000.0
-15000.0
-15000.0
-15000.0
-15000.0
15000.0
15000.0
15000.0
15000.0
15000.0
15000.0
15000.0
15000.0
-15000.0
-15000.0
-14596.221959858325
-14492.974684257184
-15000.0
-15000.0
15000.0
15000.0
15000.0
15000.0
15000.0
15000.0
-15000.0
-15000.0
-15000.0
-15000.0
-15000.0
15000.0
15000.0
15000.0
15000.0
15000.0
-15000.0
-14289.911886058111
-13391.50961199504
-11683.833296729299
-12046.90815073569
-7248.017366751112
-660.2521253759114
15000.0
15000.0
14531.901970621118
6298.104070998311
15000.0
15000.0
15000.0
-7600.338970826877
-5704.873401917172
-4367.067122891546
-3641.244988298101
-4272.4447898052895
-3311.574491536052
-1396.0201191800043
-1021.6084720618364
-873.8114637034323