Demand
15000.0
15000.0
15000.0
15000.0
15000.0
15000.0
15000.0
15000.0
15000.0
15000.0
15000.0
15000.0
15000.0
15000.0
15000.0
15000.0
15000.0
15000.0
15000.0
15000.0
-15000.0
15000.0
15000.0
15000.0
15000.0
-15000.0
-15000.0
-13233.314481800146
-8714.236109697595
15000.0
15000.0
15000.0
15000.0
15000.0
-15000.0
-15000.0
-15000.0
-15000.0
-15000.0
-15000.0
-15000.0
15000.0
15000.0
15000.0
15000.0
15000.0
15000.0
15000.0
-15000.0
-15000.0
-15000.0
-15000.0
-15000.0
-15000.0
15000.0
15000.0
15000.0
15000.0
15000.0
15000.0
15000.0
-15000.0
-15000.0
-15000.0
-15000.0
15000.0
15000.0
15000.0
15000.0
15000.0
-15000.0
15000.0
15000.0
-15000.0
-15000.0
-14545.85292008605
-11520.441575238212
-10043.735654659245
-6616.950417512889
15000.0
15000.0
15000.0
15000.0
15000.0
15000.0
15000.0
-15000.0
-15000.0
-13700.212830647615
-10168.982702260444
-10725.536231595517
-8716.180445223468
15000.0
-15000.0
15000.0
15000.0
15000.0
15000.0
15000.0
-13337.73102621562
-13904.73898688244
-12510.357934982796
-13044.732235867385
-11850.44110030082
-13090.83291462787
-15000.0
15000.0
15000.0
15000.0
15000.0
15000.0
15000.0
15000.0
-14670.759758252836
-15000.0
-15000.0
-15000.0
-15000.0
-15000.0
15000.0
15000.0
15000.0
15000.0
15000.0
15000.0
15000.0
15000.0
-14694.041867954915
-15000.0
-15000.0
-15000.0
-15000.0
-15000.0
15000.0
15000.0
15000.0
15000.0
15000.0
15000.0
-14690.519453353329
-14637.640884473665
-14531.16105447874
-15000.0
15000.0
15000.0
15000.0
15000.0
15000.0
-13956.680902989629
-14179.84374009796
-12325.98094158792
-11608.826500503936
-6825.085004112461
15000.0
15000.0
15000.0
15000.0
15000.0
-15000.0
-15000.0
-15000.0
-15000.0
-13126.462327097226
-13867.856143949648
-13471.091921194125
-13679.885595395459
747.5322394039404
15000.0
15000.0
15000.0
15000.0
15000.0
15000.0
15000.0
15000.0
-15000.0
-15000.0
-15000.0
-15000.0
-15000.0
-15000.0
-15000.0
15000.0
15000.0
15000.0
15000.0
15000.0
15000.0
15000.0
15000.0
-15000.0
-15000.0
15000.0
15000.0
15000.0
15000.0
-15000.0
-14660.714285714286
-14227.670868746878
-13150.584343967847
-14397.249014754172
-15000.0
-15000.0
15000.0
15000.0
15000.0
15000.0
15000.0
15000.0
-15000.0
-15000.0
-15000.0
-15000.0
15000.0
15000.0
15000.0
15000.0
15000.0
15000.0
-14692.656098350046
-14668.818391554265
-14272.640574944937
-14590.524153511727
-15000.0
-15000.0
-15000.0
-15000.0
15000.0
15000.0
15000.0
15000.0
15000.0
15000.0
15000.0
15000.0
-15000.0
-15000.0
-15000.0
-15000.0
-15000.0
-15000.0
-15000.0
-15000.0
15000.0
15000.0
15000.0
15000.0
15000.0
15000.0
15000.0
15000.0
15000.0
-15000.0
-15000.0
-15000.0
6818.181818181447
15000.0
15000.0
15000.0
15000.0
-14695.187165775402
-14619.808562429083
-15000.0
-15000.0
15000.0
15000.0
15000.0
-13973.768042987907
-13818.842254139858
-13547.108448055296
-12948.902062923335
-12065.77110910114
15000.0
15000.0
15000.0
15000.0
15000.0
15000.0
-14088.243135163957
-14648.654232009729
-12313.571086021657
-14323.565983091605
-15000.0
15000.0
15000.0
15000.0
15000.0
-15000.0
-15000.0
-15000.0
-12238.697305175363
-10686.367185263993
-9037.58949218231
-7046.486068480874
-5256.013462351927
926.7115449282837
15000.0
15000.0
15000.0
15000.0
15000.0
15000.0
15000.0
15000.0
-11013.986013986007
15000.0
-10721.091381550435
15000.0
-13408.024082629763
-13972.137590019753
-14623.05324974946
-15000.0
-15000.0
-15000.0
-15000.0
-15000.0
15000.0
15000.0
15000.0
15000.0
15000.0
15000.0
15000.0
15000.0
-15000.0
-15000.0
-15000.0
-15000.0
-12002.592960071077
-12486.153830912575
-13295.53692427383
15000.0
15000.0
15000.0
15000.0
15000.0
15000.0
15000.0
15000.0
-14044.826141600333
-13879.190269564948
-12577.330045961276
-11833.44869631798
4386.3796121911255
15000.0
15000.0
15000.0
15000.0
-15000.0
-15000.0
15000.0
15000.0
15000.0
-13811.055101686077
-13401.93912276674
15000.0
15000.0
15000.0
-15000.0
-15000.0
-15000.0
-15000.0
-13758.019610216688
-8142.480518280542
-1340.8967411761314
15000.0
15000.0
15000.0
15000.0
15000.0
15000.0
15000.0
-15000.0
-15000.0
-14630.247428412567
-13341.01694845628
-12610.464229414069
-12688.490177424519
-15000.0
-15000.0
15000.0
15000.0
15000.0
15000.0
15000.0
15000.0
15000.0
15000.0
15000.0
-14012.359939933005
-14249.772412512848
-14544.361257869929
-13733.949417916327
-15000.0
15000.0
15000.0
15000.0
15000.0
15000.0
15000.0
-11887.173699348314
-12350.525964918612
-12848.597852612445
-12211.963820535908
-13177.457772434554
-12770.725976450016
-14239.44742037432
-15000.0
15000.0
15000.0
15000.0
15000.0
15000.0
15000.0
15000.0
15000.0
-15000.0
-15000.0
-15000.0
-15000.0
-15000.0
-15000.0
-13671.328671328676
15000.0
15000.0
15000.0
15000.0
15000.0
15000.0
10751.52041702884
15000.0
15000.0
-15000.0
-15000.0
-15000.0
-15000.0
-15000.0
-14281.301223048798
-11386.581603860064
-603.750503427058
15000.0
15000.0
15000.0
15000.0
15000.0
15000.0
15000.0
15000.0
-15000.0
-15000.0
-15000.0
-15000.0
15000.0
15000.0
15000.0
15000.0
-15000.0
-15000.0
-15000.0
-15000.0
-14162.292672685286
-11907.91135870575
15000.0
15000.0
15000.0
15000.0
15000.0
15000.0
-15000.0
-15000.0
-15000.0
15000.0
15000.0
15000.0
-15000.0
-15000.0
-15000.0
15000.0
15000.0
15000.0
15000.0
-15000.0
-14653.356910146416
-13848.321713922662
-12819.529177356286
-12429.509727343728
-13047.155247754956
-13041.739265696244
-12353.313593674968
15000.0
15000.0
15000.0
15000.0
15000.0
15000.0
15000.0
15000.0
-12475.835639770066
-12952.047799107702
-13103.946482192143
-13685.637405458063
-14455.004953877818
-15000.0
-15000.0
15000.0
15000.0
15000.0
15000.0
15000.0
15000.0
15000.0
-13543.75133063658
-12059.133895055667
-13116.79053294464
15000.0
15000.0
15000.0
15000.0
-14657.287157287159
-13808.175607777339
-11567.90098163197
-10320.680160206342
-7654.646784793334
15000.0
15000.0
15000.0
15000.0
15000.0
15000.0
-15000.0
-14604.872251931072
-13928.831337916807
-9832.97560995067
15000.0
15000.0
15000.0
15000.0
15000.0
-15000.0
-15000.0
-15000.0
15000.0
15000.0
15000.0
15000.0
-15000.0
-14313.16106573839
-15000.0
-15000.0
-15000.0
15000.0
15000.0
15000.0
15000.0
15000.0
15000.0
-12496.938732424103
-12295.759129801758
-12016.41607988434
-12027.741919788255
-11932.692106182069
-13630.116139441605
-13699.174108312058
15000.0
15000.0
15000.0
15000.0
15000.0
15000.0
15000.0
-14669.947886508398
-14604.770040682004
-13928.395240220016
-13965.64099231879
15000.0
15000.0
15000.0
15000.0
15000.0
-14690.329590727997
-14658.586597934343
-13443.223321101668
-10832.605861701075
-10928.289384925945
-8912.445723214998
-4241.417696105393
15000.0
15000.0
15000.0
15000.0
15000.0
15000.0
-15000.0
-15000.0
-14239.086904285145
-14546.636299929927
-15000.0
-13963.170547185004
-15000.0
15000.0
15000.0
15000.0
15000.0
15000.0
15000.0
-14315.988068419178
-15000.0
-15000.0
-15000.0
-15000.0
-15000.0
15000.0
15000.0
15000.0
15000.0
15000.0
15000.0
15000.0
15000.0
-14686.764013188884
-15000.0
-15000.0
-15000.0
-15000.0
-15000.0
-15000.0
15000.0
15000.0
15000.0
15000.0
15000.0
15000.0
15000.0
15000.0
-15000.0
-15000.0
-15000.0
-15000.0
15000.0
15000.0
15000.0
15000.0
15000.0
15000.0
-13466.917697686931
-14673.343057271162
-15000.0
-15000.0
-15000.0
-15000.0
-15000.0
-15000.0
15000.0
15000.0
15000.0
15000.0
15000.0
15000.0
15000.0
15000.0
15000.0
-15000.0
-15000.0
-15000.0
-15000.0
-15000.0
15000.0
15000.0
15000.0
15000.0
15000.0
15000.0
-15000.0
-15000.0
-15000.0
-15000.0
-15000.0
-14264.41066819616
-13619.956179083398
15000.0
15000.0
15000.0
15000.0
15000.0
15000.0
15000.0
15000.0
-15000.0
-15000.0
-15000.0
-15000.0
15000.0
15000.0
15000.0
15000.0
15000.0
-15000.0
-15000.0
-14053.549190535497
-12336.753027663872
-5665.415147533881
15000.0
15000.0
15000.0
15000.0
15000.0
15000.0
-13036.999426023227
-12855.032863540633
-11792.867408909864
-8965.952128951569
-1725.58239735397
3423.9981873217557
7298.426672729051
8709.151478654188
6529.393627023723
9296.167544072243
11501.474543841505
6434.369553249922
10947.325483381992