Demand
-15000.0
-15000.0
-15000.0
-15000.0
-15000.0
15000.0
15000.0
15000.0
15000.0
15000.0
15000.0
15000.0
15000.0
15000.0
15000.0
15000.0
-15000.0
-15000.0
-15000.0
-15000.0
-15000.0
15000.0
15000.0
15000.0
15000.0
15000.0
-15000.0
-13734.999178037157
-12337.267047296438
-13445.819217427143
-12818.087283215544
15000.0
15000.0
15000.0
15000.0
15000.0
15000.0
-15000.0
-15000.0
-15000.0
-15000.0
-14005.383430537579
-14380.236902906156
-15000.0
-15000.0
15000.0
15000.0
15000.0
15000.0
15000.0
15000.0
15000.0
15000.0
15000.0
-15000.0
-15000.0
-15000.0
-15000.0
-15000.0
-15000.0
-15000.0
15000.0
15000.0
15000.0
15000.0
15000.0
15000.0
15000.0
15000.0
-15000.0
-15000.0
-15000.0
15000.0
15000.0
15000.0
-14618.983957219254
-12099.510562897216
-10773.865374671546
-6222.440375637024
15000.0
15000.0
15000.0
15000.0
15000.0
-15000.0
-15000.0
-15000.0
-15000.0
-13302.897975387059
-7926.107339488225
-7507.974106367815
9054.032067246346
15000.0
-15000.0
15000.0
15000.0
15000.0
15000.0
15000.0
-13171.055517571796
-13722.833027800727
-11761.465138907792
-11865.903713742759
-5077.711388179061
15000.0
15000.0
15000.0
15000.0
15000.0
15000.0
-15000.0
-15000.0
15000.0
15000.0
-15000.0
-15000.0
-15000.0
15000.0
15000.0
15000.0
15000.0
15000.0
-15000.0
-15000.0
-15000.0
-15000.0
-15000.0
15000.0
15000.0
15000.0
15000.0
15000.0
15000.0
-15000.0
-15000.0
-15000.0
-15000.0
-15000.0
-13305.012744265088
15000.0
15000.0
15000.0
15000.0
15000.0
15000.0
15000.0
-15000.0
-14646.493358829914
-13796.647481594176
-14051.598857214773
-11938.102997147482
-11351.358952794792
-10291.093932036285
15000.0
15000.0
15000.0
15000.0
15000.0
15000.0
15000.0
-15000.0
-15000.0
-13542.701214415658
-14183.758477143772
-14042.755541645114
-14397.344535705946
-14111.182479092797
-12850.244163476706
15000.0
15000.0
15000.0
15000.0
15000.0
15000.0
15000.0
15000.0
-15000.0
-15000.0
-15000.0
-15000.0
-15000.0
-15000.0
15000.0
15000.0
15000.0
15000.0
15000.0
15000.0
15000.0
-15000.0
-15000.0
-15000.0
-15000.0
-15000.0
-15000.0
-15000.0
15000.0
15000.0
15000.0
15000.0
15000.0
15000.0
15000.0
15000.0
-15000.0
15000.0
-15000.0
-15000.0
-15000.0
-15000.0
-15000.0
-15000.0
15000.0
15000.0
15000.0
15000.0
15000.0
15000.0
-14650.092081031307
-14598.616380046526
-14510.926081000041
-13656.55979877523
-13751.177316496109
15000.0
15000.0
15000.0
15000.0
15000.0
15000.0
15000.0
-15000.0
-14283.018867924533
-15000.0
-15000.0
-15000.0
-15000.0
15000.0
15000.0
15000.0
15000.0
15000.0
15000.0
15000.0
-14314.574314574318
-14208.086005696961
-13527.965174612316
-13603.882569005491
-13393.555198072088
15000.0
15000.0
15000.0
15000.0
15000.0
15000.0
-15000.0
-14168.05671392828
-12694.767574436704
-9210.616161174054
15000.0
15000.0
15000.0
15000.0
15000.0
-15000.0
-15000.0
-15000.0
-14153.412958722696
-13495.580559744045
-13085.066971981018
-12154.189041371505
-8169.608682731471
15000.0
15000.0
15000.0
15000.0
15000.0
15000.0
15000.0
15000.0
-14650.888091696568
-12338.790156498806
-14334.4999972863
-15000.0
15000.0
15000.0
15000.0
15000.0
-15000.0
-15000.0
-15000.0
-11978.787031948916
-10082.742539443083
-7729.006777093564
-4020.7748458630813
2538.3687947455483
15000.0
-1709.2112383354943
15000.0
15000.0
15000.0
15000.0
15000.0
15000.0
-14290.161892901622
-12825.616325458068
-12593.955937712497
-9877.323898080103
15000.0
15000.0
15000.0
15000.0
15000.0
-15000.0
-15000.0
-15000.0
-15000.0
-15000.0
-14241.315053906568
-13666.194883500146
15000.0
871.2319553081707
15000.0
15000.0
15000.0
15000.0
15000.0
15000.0
15000.0
-13422.800221361376
-13951.742185781244
-14595.497082420388
-15000.0
-15000.0
-15000.0
15000.0
15000.0
15000.0
15000.0
15000.0
15000.0
-14043.378879683572
-13221.07564745525
-13356.031956135215
-13978.28268632116
-13492.14082088956
-11021.768453101133
15000.0
15000.0
15000.0
15000.0
15000.0
15000.0
-12770.771809402191
-13969.666825177566
-14237.575022442685
-14121.624660743513
-14463.504435305957
-14259.716961523074
-15000.0
15000.0
15000.0
15000.0
15000.0
15000.0
15000.0
15000.0
15000.0
-14352.85053929122
-15000.0
-15000.0
-15000.0
-15000.0
-15000.0
-15000.0
15000.0
15000.0
15000.0
15000.0
15000.0
15000.0
15000.0
15000.0
-15000.0
-15000.0
-15000.0
-15000.0
-15000.0
15000.0
15000.0
15000.0
15000.0
15000.0
-14294.030220460743
-15000.0
-15000.0
-15000.0
-15000.0
15000.0
15000.0
15000.0
15000.0
15000.0
15000.0
-12599.221234343568
-13478.394131062472
-13234.11808998192
-14452.556919800838
-15000.0
-15000.0
15000.0
15000.0
15000.0
15000.0
15000.0
15000.0
15000.0
-15000.0
15000.0
-15000.0
-15000.0
-15000.0
-15000.0
-14237.967914438505
494.7523382869813
15000.0
15000.0
15000.0
12436.780912217993
15000.0
4303.156813122086
15000.0
-13751.3691128149
15000.0
-15000.0
-15000.0
-15000.0
-15000.0
-13682.115014982755
15000.0
15000.0
15000.0
15000.0
15000.0
15000.0
15000.0
-15000.0
-15000.0
-15000.0
-15000.0
-15000.0
-15000.0
-15000.0
15000.0
15000.0
15000.0
15000.0
15000.0
15000.0
15000.0
15000.0
-14684.310467600288
-14656.237622323242
-13849.562674591343
-12354.236898576091
-12358.356660562851
-13605.599514001638
-15000.0
-15000.0
15000.0
15000.0
15000.0
15000.0
15000.0
15000.0
15000.0
-15000.0
-15000.0
-13783.977089927008
-15000.0
-15000.0
15000.0
15000.0
15000.0
15000.0
15000.0
15000.0
-13924.811297274267
-14122.708328981636
-14371.807262133374
-15000.0
15000.0
15000.0
15000.0
15000.0
15000.0
-14381.825779710216
-12991.278682073127
-12061.757394276301
-12529.848112364682
-12580.150047220402
-13150.026689109774
-14047.823003434733
-15000.0
15000.0
15000.0
15000.0
15000.0
15000.0
15000.0
15000.0
-14054.614382663127
-13611.447909649862
-12637.159500625901
-14067.984835123163
-15000.0
-15000.0
15000.0
15000.0
15000.0
15000.0
15000.0
15000.0
15000.0
-13385.391094157196
-14303.588108230699
-15000.0
-15000.0
-15000.0
-15000.0
-15000.0
-4464.004520553569
15000.0
15000.0
15000.0
15000.0
15000.0
15000.0
15000.0
15000.0
-15000.0
-15000.0
-15000.0
-15000.0
-15000.0
-15000.0
-15000.0
-8787.532978596333
15000.0
15000.0
15000.0
15000.0
15000.0
15000.0
15000.0
15000.0
-13279.100972827917
-11788.393348785914
-11009.768672358852
-9225.303361258368
-3265.107485262154
15000.0
15000.0
15000.0
15000.0
15000.0
-15000.0
-15000.0
-15000.0
-13277.945619335344
-13447.986531174083
-14311.461901238494
-13792.024432201317
15000.0
5804.068473160151
15000.0
15000.0
15000.0
15000.0
15000.0
15000.0
-14678.147939017505
-13569.339155353551
-11321.99140402428
-11627.214942277933
-10632.14484511215
-10126.614796783677
-7744.9085274031495
15000.0
15000.0
15000.0
15000.0
15000.0
15000.0
-15000.0
-13801.503232069019
15000.0
15000.0
15000.0
-15000.0
-15000.0
-15000.0
-15000.0
15000.0
15000.0
15000.0
15000.0
-15000.0
-15000.0
-15000.0
-15000.0
-15000.0
-15000.0
15000.0
15000.0
15000.0
15000.0
15000.0
15000.0
15000.0
-14646.050670640838
-15000.0
-15000.0
15000.0
15000.0
15000.0
-15000.0
-15000.0
-15000.0
-15000.0
-7419.010011325598
15000.0
15000.0
15000.0
15000.0
15000.0
15000.0
-15000.0
-15000.0
-15000.0
-14538.573625839872
-13813.716883086669
-10472.258141532275
-6332.689182711456
15000.0
15000.0
15000.0
15000.0
15000.0
15000.0
15000.0
-15000.0
-15000.0
-13766.233766233767
-12111.644894870195
-12038.93458654008
-11708.495728920421
-10258.209643312424
15000.0
15000.0
15000.0
15000.0
15000.0
15000.0
15000.0
15000.0
-15000.0
-15000.0
-15000.0
-15000.0
-13384.288317473176
-12521.038994583861
15000.0
15000.0
15000.0
15000.0
15000.0
15000.0
-14658.794434821655
-14604.967069616905
-15000.0
-15000.0
-15000.0
15000.0
15000.0
15000.0
15000.0
15000.0
15000.0
-15000.0
-15000.0
-15000.0
-15000.0
-15000.0
-15000.0
-15000.0
-15000.0
15000.0
15000.0
15000.0
15000.0
15000.0
15000.0
15000.0
15000.0
15000.0
-10439.469056241713
15000.0
15000.0
-13100.351786706167
-11867.36415114825
-7417.592005821894
15000.0
15000.0
1613.8015037831656
15000.0
-5603.821967153064
-4753.017512680515
-3014.050574781394
-2542.0706063172156
-2120.080145986358