Demand
15000.0
15000.0
15000.0
15000.0
15000.0
15000.0
15000.0
15000.0
15000.0
15000.0
15000.0
15000.0
15000.0
15000.0
15000.0
15000.0
15000.0
15000.0
15000.0
15000.0
15000.0
15000.0
15000.0
15000.0
15000.0
15000.0
15000.0
15000.0
-11706.957427690064
-12767.604706151822
15000.0
-15000.0
15000.0
15000.0
15000.0
15000.0
15000.0
-15000.0
15000.0
15000.0
15000.0
-14309.090909090912
-14581.086529254651
-15000.0
-15000.0
15000.0
15000.0
15000.0
15000.0
15000.0
-15000.0
-15000.0
-15000.0
-15000.0
-15000.0
-15000.0
-15000.0
15000.0
15000.0
15000.0
15000.0
15000.0
15000.0
15000.0
-15000.0
15000.0
15000.0
-15000.0
-15000.0
-15000.0
-15000.0
-15000.0
-15000.0
-15000.0
15000.0
15000.0
15000.0
15000.0
15000.0
15000.0
15000.0
15000.0
-15000.0
-15000.0
-15000.0
-15000.0
-15000.0
-15000.0
-6481.942714819447
15000.0
15000.0
15000.0
15000.0
15000.0
15000.0
15000.0
15000.0
-15000.0
-15000.0
-11878.422782037247
-10942.956128014273
15000.0
15000.0
15000.0
15000.0
15000.0
-15000.0
-15000.0
-15000.0
-15000.0
-15000.0
-15000.0
-12774.679308421652
15000.0
15000.0
15000.0
15000.0
15000.0
15000.0
15000.0
-15000.0
-15000.0
-15000.0
-15000.0
-15000.0
-15000.0
15000.0
15000.0
15000.0
15000.0
15000.0
15000.0
15000.0
-15000.0
15000.0
-15000.0
-15000.0
-15000.0
-14520.571949253525
-14406.537754869194
-14171.21534258427
-13406.57004487433
15000.0
15000.0
15000.0
15000.0
15000.0
15000.0
15000.0
15000.0
15000.0
-13786.992086187405
-14353.841892679324
-14649.740983750133
-15000.0
-15000.0
-15000.0
-15000.0
-15000.0
-15000.0
15000.0
15000.0
15000.0
15000.0
15000.0
15000.0
15000.0
15000.0
-14616.228223813603
-15000.0
-15000.0
-15000.0
15000.0
15000.0
15000.0
15000.0
15000.0
-15000.0
-15000.0
-15000.0
-15000.0
-15000.0
-15000.0
-15000.0
15000.0
15000.0
15000.0
15000.0
15000.0
15000.0
15000.0
15000.0
-15000.0
-15000.0
-15000.0
-15000.0
-15000.0
-14267.652172873022
-12505.484589613116
12476.685360375704
-3515.073053767268
15000.0
15000.0
15000.0
15000.0
15000.0
15000.0
15000.0
-15000.0
-15000.0
-15000.0
-15000.0
-15000.0
15000.0
15000.0
15000.0
15000.0
15000.0
15000.0
-14669.565217391308
-14626.338213681189
-14110.864125822824
-14421.964683988648
-15000.0
-15000.0
15000.0
15000.0
15000.0
15000.0
15000.0
15000.0
-14241.804124179234
-15000.0
15000.0
15000.0
15000.0
-15000.0
-15000.0
-15000.0
15000.0
15000.0
15000.0
15000.0
-14375.395119484132
-14317.478527565221
-13850.730173789543
-14105.814470644516
-14436.211876817164
-15000.0
-15000.0
15000.0
15000.0
15000.0
15000.0
15000.0
15000.0
15000.0
-13426.547835728477
-14327.200043772002
-14265.820126976236
-14589.896469116899
-14523.611696358119
-15000.0
-15000.0
-15000.0
15000.0
15000.0
15000.0
15000.0
15000.0
15000.0
15000.0
15000.0
15000.0
-15000.0
-15000.0
-15000.0
-13566.29536471434
-9828.072636272704
15000.0
15000.0
15000.0
15000.0
15000.0
15000.0
-15000.0
-15000.0
-15000.0
-15000.0
-15000.0
15000.0
15000.0
15000.0
15000.0
15000.0
15000.0
-14690.637720488467
-15000.0
-15000.0
-15000.0
15000.0
15000.0
15000.0
15000.0
15000.0
-13696.39794168096
15000.0
-13149.350649350654
-11749.137720322648
15000.0
15000.0
15000.0
-15000.0
-15000.0
-15000.0
-15000.0
-15000.0
-6597.0515970515635
15000.0
15000.0
15000.0
15000.0
15000.0
15000.0
-15000.0
-15000.0
-15000.0
-15000.0
-10994.562828631442
-9038.389809805169
15000.0
15000.0
15000.0
15000.0
15000.0
15000.0
-15000.0
-15000.0
-14608.031907578054
-13578.836194672589
-13111.896817518176
-9637.291214281035
6692.986617551032
15000.0
15000.0
15000.0
15000.0
15000.0
15000.0
-15000.0
-15000.0
-13541.799908634082
-12167.254577891672
-13623.196217975168
-13891.710750992821
-13517.885848090533
-13753.514805217736
-6056.747143817716
15000.0
15000.0
15000.0
15000.0
15000.0
15000.0
15000.0
15000.0
-13968.6596474434
-14207.580998745278
-15000.0
-15000.0
-15000.0
15000.0
15000.0
15000.0
15000.0
15000.0
15000.0
15000.0
15000.0
-15000.0
-15000.0
-14530.348805273272
-15000.0
15000.0
15000.0
15000.0
15000.0
15000.0
-14695.953669130537
-14012.970684543892
-14275.573406016643
-14587.845558443776
-14008.904915256924
-15000.0
-15000.0
-15000.0
15000.0
15000.0
15000.0
15000.0
15000.0
15000.0
15000.0
-12313.044302670136
-12921.473910059729
-10401.610083482003
15000.0
15000.0
15000.0
15000.0
-15000.0
-14643.511279874918
-14603.05776624502
-14085.285141032607
-14445.534386718798
-15000.0
-15000.0
-15000.0
15000.0
15000.0
15000.0
15000.0
15000.0
15000.0
15000.0
15000.0
-9854.632385981342
1921.9628139894303
15000.0
15000.0
-13745.973127995603
-14250.185395751123
-15000.0
-15000.0
15000.0
15000.0
15000.0
15000.0
-14030.526395278415
-13915.102226339102
-13731.861655337034
-14465.599393050477
-15000.0
-15000.0
15000.0
15000.0
15000.0
15000.0
15000.0
15000.0
-15000.0
-15000.0
-15000.0
-15000.0
-15000.0
-15000.0
15000.0
15000.0
15000.0
15000.0
15000.0
15000.0
15000.0
-13153.015301530155
-13354.273510521358
-14283.676831131317
-15000.0
-15000.0
-15000.0
-15000.0
-15000.0
15000.0
15000.0
15000.0
15000.0
15000.0
15000.0
15000.0
15000.0
-15000.0
-15000.0
-15000.0
-13510.971786833863
15000.0
15000.0
15000.0
15000.0
15000.0
-14690.637720488467
-15000.0
-15000.0
-15000.0
-15000.0
-15000.0
15000.0
15000.0
15000.0
15000.0
15000.0
15000.0
15000.0
-14683.821263482281
-15000.0
-15000.0
-15000.0
-15000.0
15000.0
15000.0
15000.0
15000.0
15000.0
-13641.219258242283
-12765.83362737385
-14166.77855373482
-15000.0
-15000.0
-15000.0
-15000.0
15000.0
15000.0
15000.0
15000.0
15000.0
15000.0
15000.0
15000.0
-15000.0
-15000.0
-15000.0
-15000.0
-14466.37659278039
-13531.475950788292
-8311.350052846257
15000.0
6132.141267000142
15000.0
15000.0
15000.0
15000.0
15000.0
15000.0
-15000.0
-15000.0
-15000.0
-15000.0
-15000.0
15000.0
15000.0
15000.0
15000.0
15000.0
-15000.0
-15000.0
-15000.0
-13393.234672304447
5459.7816287691685
15000.0
15000.0
15000.0
15000.0
15000.0
-14384.490787608833
-14670.509881227521
-15000.0
-15000.0
-15000.0
-15000.0
-15000.0
-8997.372386845116
15000.0
-5250.03930155659
15000.0
15000.0
15000.0
15000.0
15000.0
15000.0
15000.0
-15000.0
-14657.278184852607
-14613.889028820256
-13179.680412692735
-9865.173947044634
-9565.373200351292
-4999.823075182206
15000.0
5001.910909242165
15000.0
15000.0
15000.0
15000.0
15000.0
-15000.0
15000.0
15000.0
-14623.960944715669
-15000.0
1739.2200042616641
15000.0
15000.0
15000.0
-15000.0
-15000.0
-15000.0
-14401.810310901223
-12972.567665215982
-15000.0
15000.0
15000.0
15000.0
15000.0
15000.0
15000.0
-14660.199186639438
-14630.188136435318
-14177.499284171518
-12646.928816579464
-11657.559969352966
-12894.936428799912
-13951.738037512354
-15000.0
15000.0
15000.0
15000.0
15000.0
15000.0
15000.0
15000.0
15000.0
15000.0
-14345.254654505377
-13933.018579613745
-14212.076336322963
-15000.0
-15000.0
-15000.0
-15000.0
-15000.0
15000.0
15000.0
15000.0
15000.0
15000.0
15000.0
15000.0
15000.0
-15000.0
15000.0
15000.0
15000.0
-15000.0
-15000.0
-13841.332580463019
-12330.645889187093
-12327.96648993855
-12165.39619077331
-11430.590049684364
-7299.827762893412
15000.0
15000.0
15000.0
15000.0
15000.0
15000.0
15000.0
-15000.0
-15000.0
-15000.0
-15000.0
-13720.36233247452
-14033.395596079477
-15000.0
15000.0
15000.0
15000.0
15000.0
15000.0
15000.0
15000.0
15000.0
-15000.0
-15000.0
-15000.0
-15000.0
-15000.0
15000.0
15000.0
15000.0
15000.0
15000.0
15000.0
-15000.0
-15000.0
15000.0
15000.0
15000.0
-15000.0
-15000.0
-14133.475220431745
-12840.60513230582
-9690.133282179526
-8156.81133259257
15000.0
15000.0
15000.0
15000.0
15000.0
15000.0
-14090.909090909092
-9216.867469879518
15000.0
15000.0
-5616.332819722652
-3770.445758847435
-2276.6100899324265
-1910.120715497218
2073.113023432932
11121.233452209191
3858.031948750903
15000.0