Demand
-7500.0
-7500.0
-7500.0
-7500.0
-7500.0
-7500.0
7500.0
7500.0
7500.0
7500.0
7500.0
7500.0
7500.0
7500.0
-7500.0
-7500.0
-7500.0
-7500.0
7500.0
7500.0
7500.0
7500.0
7500.0
7500.0
-7500.0
-7500.0
-7500.0
-7500.0
-6578.332734459218
-6553.579470923956
-7500.0
7500.0
7500.0
7500.0
7500.0
7500.0
7500.0
7500.0
-7500.0
-7500.0
-7500.0
-7211.990776493532
-7500.0
-7500.0
7500.0
7500.0
7500.0
7500.0
7500.0
7500.0
7500.0
7500.0
-7500.0
-7500.0
-5861.1719605695525
-2813.707232997207
7500.0
6892.461398625965
3299.2818074692127
7500.0
-6060.606060606061
7500.0
7500.0
7500.0
-5000.000000000001
-1219.0082644628146
-1997.517677147589
-827.5765712803118
1211.7126842812527
3865.556387900673
7500.0
2256.325565252385
7500.0
7500.0
-7500.0
-7304.459691252145
-7278.037935149756
-7500.0
-7500.0
-6456.370729614277
-7500.0
7500.0
7500.0
7500.0
7500.0
7500.0
7500.0
7500.0
7500.0
7500.0
-7500.0
-7021.310098677308
-6737.325845613155
7500.0
7500.0
7500.0
-7500.0
-7500.0
-7500.0
-7500.0
-7500.0
-7500.0
7500.0
7500.0
7500.0
7500.0
7500.0
7500.0
7500.0
-7500.0
-7500.0
-7500.0
-7500.0
7500.0
7500.0
7500.0
7500.0
7500.0
-7500.0
-7500.0
-7500.0
-7500.0
-7500.0
-7500.0
-6654.135532114427
7500.0
7500.0
7500.0
7500.0
7500.0
7500.0
7500.0
7500.0
7500.0
7500.0
-7500.0
-7500.0
-7500.0
-7500.0
7500.0
7500.0
7500.0
7500.0
7500.0
-7500.0
-7500.0
-7500.0
-7500.0
7500.0
7500.0
7500.0
7500.0
7500.0
7500.0
-7500.0
-7500.0
-7500.0
7500.0
7500.0
7500.0
7500.0
-6360.094992083994
-6563.917339997526
-7157.839712078343
-7500.0
7500.0
7500.0
7500.0
7500.0
7500.0
-7500.0
-7246.853470237174
-6791.260820029038
-6099.8587298361945
7500.0
7500.0
7500.0
7500.0
7500.0
7500.0
7500.0
-7500.0
-7500.0
-6917.773237997961
-5744.473426378321
-4305.117852639323
7500.0
7500.0
7500.0
7500.0
7500.0
7500.0
7500.0
-7500.0
-7500.0
-7500.0
-7182.875264270615
-7500.0
-6021.91349183616
7500.0
7500.0
7500.0
7500.0
7500.0
7500.0
7500.0
7500.0
-7500.0
-7500.0
-7500.0
-7500.0
-7500.0
-7500.0
-7500.0
-7500.0
7500.0
7500.0
7500.0
7500.0
7500.0
7500.0
7500.0
7500.0
-7500.0
-7500.0
-7500.0
-7500.0
-7500.0
7500.0
7500.0
7500.0
7500.0
7500.0
7500.0
-7500.0
-7500.0
-7500.0
-7500.0
-7500.0
7500.0
7500.0
7500.0
7500.0
7500.0
-6438.040414656285
-6519.345810448929
-6148.831873269228
-6414.095474250691
-6402.0483528020595
-7500.0
7500.0
7500.0
7500.0
7500.0
7500.0
7500.0
7500.0
7500.0
-7500.0
-7500.0
7500.0
7500.0
-7500.0
-7500.0
-7500.0
-7500.0
-7500.0
7500.0
7500.0
7500.0
7500.0
7500.0
7500.0
7500.0
-7500.0
-7500.0
-6249.216300940439
-5611.1029070503355
-3364.0479314712993
-1993.5950232764844
701.1746473798139
296.924574856283
-1477.9058470331693
301.09698473703565
7500.0
7500.0
7500.0
7500.0
7500.0
7500.0
7500.0
-7500.0
-7500.0
-7500.0
-7500.0
-7500.0
-7500.0
7500.0
7500.0
7500.0
7500.0
7500.0
7500.0
7500.0
-7500.0
7500.0
7500.0
7500.0
7500.0
-7500.0
7500.0
7500.0
-7500.0
-7500.0
-7500.0
-6768.879268879271
-3747.6937131665873
7500.0
7500.0
7500.0
7500.0
7500.0
7500.0
7500.0
-7500.0
-7500.0
-3697.8273299028074
-20.25223412899959
7500.0
5911.62766839952
7500.0
-6818.181818181819
-5983.466362599773
-7120.955750494573
-7500.0
7500.0
7500.0
7500.0
7500.0
7500.0
-6841.909387205058
-7135.26281564216
-7078.400375665155
-7500.0
-7500.0
-7500.0
7500.0
7500.0
7500.0
7500.0
7500.0
7500.0
7500.0
-7500.0
-7500.0
-7500.0
-7500.0
7500.0
7500.0
7500.0
7500.0
7500.0
7500.0
7500.0
-6664.222873900295
-6359.798387289509
-6134.945169639246
-6291.262778252672
-6955.948104389194
7500.0
7500.0
7500.0
7500.0
7500.0
7500.0
-7500.0
-7500.0
-7500.0
-7500.0
-7500.0
-7500.0
-7500.0
7500.0
7500.0
7500.0
7500.0
7500.0
7500.0
7500.0
7500.0
7500.0
-7215.284715284717
-7500.0
7500.0
7500.0
7500.0
-7500.0
-7500.0
-7500.0
7500.0
7500.0
7500.0
7500.0
7500.0
-7500.0
-7500.0
-7500.0
-7500.0
-7500.0
-7500.0
7500.0
7500.0
7500.0
7500.0
7500.0
7500.0
7500.0
7500.0
-7076.994434137292
-7219.964226006388
-7500.0
7500.0
7500.0
7500.0
7500.0
7500.0
7500.0
-4229.9205648720235
-3313.650025135215
7500.0
7500.0
7500.0
-7348.484848484849
-7117.423988187129
-7271.653930139453
-6288.558132096499
-5049.169482322242
1766.111280748673
7500.0
7500.0
7500.0
7500.0
7500.0
7500.0
-7500.0
7500.0
7500.0
7500.0
-4977.017364657815
-5185.282959834178
-5927.526945590369
-6122.969757784276
7500.0
7500.0
7500.0
7500.0
7500.0
-7500.0
-7312.155736547242
-7500.0
-7251.527729237081
-6565.520680811991
-7064.006560036034
-7500.0
7500.0
7500.0
7500.0
7500.0
7500.0
7500.0
7500.0
7500.0
7500.0
-5118.568665377179
-4463.196579373647
-4548.769975554189
-4755.26204749494
-3210.6868530743195
7500.0
7500.0
7500.0
7500.0
7500.0
-6984.156708556879
-6560.273239718812
-6244.29898404043
-6300.520916195614
-6047.941271105747
-5573.593916962853
-6254.351542769224
-7500.0
7500.0
7500.0
7500.0
7500.0
7500.0
7500.0
7500.0
7500.0
-6501.732776512428
-6521.301862699644
-6219.210195246482
-7059.476884369868
7500.0
7500.0
7500.0
7500.0
7500.0
-7165.689149560118
-6718.297673971072
-5776.116639495045
-5708.015284107943
-2615.4328391481686
7500.0
7500.0
7500.0
7500.0
7500.0
-7500.0
-7500.0
-7500.0
-7500.0
-7500.0
7500.0
7500.0
7500.0
7500.0
7500.0
-7500.0
-7500.0
-7500.0
-7500.0
-7500.0
-6193.6592818945755
-2552.4495832939424
7500.0
7500.0
7004.409848069125
1689.9537019926624
7500.0
7500.0
7500.0
7500.0
7500.0
-7500.0
-7500.0
-7500.0
-7500.0
-7500.0
-7500.0
7500.0
7500.0
7500.0
7500.0
7500.0
7500.0
7500.0
7500.0
-7006.493506493507
-6951.6601367289
-6446.574320277698
-6732.762906481046
-7500.0
-7500.0
7500.0
7500.0
7500.0
7500.0
7500.0
7500.0
7500.0
-7500.0
-7500.0
-7500.0
-7500.0
-7500.0
-7500.0
7500.0
7500.0
7500.0
7500.0
7500.0
7500.0
7500.0
-6146.540027137044
-6805.12152185483
-7181.092032114357
-4177.941463764364
7500.0
7500.0
7500.0
7500.0
7500.0
7500.0
-7192.864290662768
-7333.83436894956
-7500.0
-7500.0
-7500.0
-7500.0
-7500.0
7500.0
7500.0
7500.0
7500.0
7500.0
7500.0
7500.0
7500.0
7500.0
7500.0
7500.0
-7500.0
-7500.0
7500.0
7500.0
7500.0
7500.0
7500.0
7500.0
7500.0
-7169.684896776533
-7321.360242302455
-6710.434372134376
-6832.419158543171
-7500.0
-7500.0
-7500.0
-7500.0
7500.0
7500.0
7500.0
7500.0
7500.0
7500.0
7500.0
7500.0
7500.0
-6558.595849733161
-6654.2718751742395
-6754.67101386801
-6439.390622759403
-6237.064922527179
-6845.495001352781
-7500.0
-7500.0
7500.0
7500.0
7500.0
7500.0
7500.0
7500.0
7500.0
-6150.289297360616
-5747.825365012575
-3351.1838360880465
-366.0483014080164
-982.4092707368873
2069.6830636894033
7118.020905132561
7500.0
7500.0
6688.5518323477345
3862.8116388594062
2678.7296434393256
-3409.0909090909095
3459.23932042229
2922.4534528662075
386.9805910390123
-758.5625320187573
-689.9935768738733
959.9784109968186
2181.9545584906627
2471.5119935874645
3916.340182574512
3917.0682867551277
-3863.6363636363644
1662.0231461637359
3083.6340442985947
5350.818515616129
5016.818109861694
3538.4991364826487
4909.375761077306
-681.8181818181819
2921.455938697318
-2500.0000000000005
40.1069518716572
-1013.9259824494475
-1673.8520624734779
-2391.961527949761
-188.6369297307565
7500.0
7500.0
-4520.040662213187
-4885.78732103676
-5637.517348704012
-6273.728937423826
-6800.788789385109
-6934.474843494589
-6354.9424570362935
-1717.262716554988
7500.0
7500.0
7500.0
7500.0
7500.0
7500.0
4372.423425629071
6814.121032003882
-3257.575757575758
6096.038499093313
3161.025451082625
2250.95162072092
638.7779630162972
-299.3289375098839
3739.635656916939
7500.0
-3006.131983648043
-2836.4693805813768
-3208.0657026853587
-2792.433879534092
7500.0
7500.0
7500.0
-5442.047768931681
-5280.003181772394
-5054.925032531322
-4935.883428630394
-3650.9090617636543
-2257.3869683549424
-925.6312010876791
1824.2935719014145
7500.0
7500.0
7500.0
-2061.0031930193763
7500.0
-7500.0
-7500.0
-7500.0
-7500.0
-7500.0
7500.0
7500.0