Demand
-7500.0
-7500.0
7500.0
7500.0
7500.0
7500.0
7500.0
7500.0
7500.0
7500.0
7500.0
7500.0
7500.0
7500.0
-7500.0
-7500.0
-7500.0
-7500.0
-7500.0
7500.0
7500.0
7500.0
7500.0
7500.0
7500.0
-7500.0
-7500.0
-7500.0
-6763.636363636364
-6836.503372774525
-7500.0
7500.0
7500.0
7500.0
7500.0
7500.0
7500.0
7500.0
-7500.0
-7500.0
-7500.0
-7051.080108010803
-7500.0
7500.0
7500.0
7500.0
7500.0
7500.0
7500.0
-7500.0
-7500.0
-7500.0
-7500.0
-7500.0
1311.8845558597582
7500.0
7500.0
7500.0
7500.0
7500.0
7500.0
7500.0
7172.275256008321
-5151.515151515152
-1939.9957005428096
-2937.0373254226574
-3733.9889795324416
-3490.505933075152
-3285.8764460632865
-3659.345232837197
-3019.000374594494
7500.0
7500.0
7500.0
7500.0
7500.0
-7334.2702074045355
-7500.0
-7500.0
-6953.7651624058635
-7500.0
-7500.0
7500.0
7500.0
7500.0
7500.0
7500.0
7500.0
7500.0
-7500.0
-7500.0
-7121.765096217652
-7285.2279712445525
-7243.363598331403
-7500.0
-7500.0
-7500.0
7500.0
7500.0
7500.0
7500.0
7500.0
7500.0
7500.0
7500.0
-7500.0
-7500.0
-7500.0
-7500.0
-7500.0
-7500.0
-7500.0
7500.0
7500.0
7500.0
7500.0
7500.0
7500.0
7500.0
-7500.0
-7500.0
-7500.0
7500.0
7500.0
7500.0
7500.0
7500.0
-7245.204770341639
7500.0
7500.0
-7500.0
-7500.0
-7500.0
-7500.0
-7500.0
-7500.0
-7500.0
-7500.0
7500.0
7500.0
7500.0
7500.0
7500.0
7500.0
7500.0
7500.0
-7500.0
-7500.0
-7500.0
-7500.0
-7251.958224543081
-6543.5395215200315
-7500.0
-7500.0
7500.0
7500.0
7500.0
7500.0
7500.0
7500.0
7500.0
7500.0
7500.0
7500.0
-7500.0
-7500.0
-7500.0
-7500.0
-7500.0
-7500.0
-7500.0
7500.0
7500.0
7500.0
7500.0
7500.0
7500.0
7500.0
-7500.0
-7500.0
-7500.0
-7500.0
-7500.0
-6921.90669371197
-5923.015300696714
-5507.763670569097
-7500.0
7500.0
7500.0
7500.0
7500.0
7500.0
7500.0
7500.0
7500.0
-7500.0
-7281.750603662997
-7500.0
-7152.476463008703
-6366.55941884471
-5325.069136689821
7500.0
7500.0
7500.0
7500.0
7500.0
7500.0
7500.0
7500.0
-7500.0
7500.0
7500.0
7500.0
7500.0
-7500.0
-7500.0
-7500.0
-7500.0
-7500.0
-7500.0
7500.0
7500.0
7500.0
7500.0
7500.0
7500.0
7500.0
-7500.0
-7500.0
-7500.0
-7286.036036036039
-7500.0
-7500.0
-7500.0
7500.0
7500.0
7500.0
7500.0
7500.0
7500.0
7500.0
7500.0
-7500.0
-6988.916562889166
-6355.921514547852
-6400.981486866291
-5876.53920081742
-6010.999117689069
-5312.7828696827655
7500.0
7500.0
7500.0
7500.0
7500.0
7500.0
7500.0
-7500.0
-7500.0
-7500.0
-7500.0
-7500.0
-7500.0
7500.0
7500.0
7500.0
7500.0
7500.0
7500.0
7500.0
7500.0
-7500.0
-7500.0
-7500.0
7500.0
7500.0
7500.0
7500.0
7500.0
7500.0
-2729.7341647522244
7500.0
2564.7578050590414
7500.0
-6541.58726600157
-6655.4570120411845
-7037.633220560414
7500.0
7500.0
7500.0
-7500.0
-7500.0
-7500.0
-7500.0
7500.0
7500.0
7500.0
7500.0
7500.0
7500.0
-7500.0
-7500.0
-7500.0
-7260.906040268459
-7500.0
-7500.0
-7500.0
7500.0
7500.0
7500.0
7500.0
7500.0
7500.0
7500.0
7500.0
-7500.0
-7146.894842806258
-6501.437088005201
-6564.500119650804
-6611.290428512906
-7500.0
-7500.0
7500.0
7500.0
7500.0
7500.0
7500.0
7500.0
7500.0
-4513.304556075191
-3579.761458769721
-2079.4427845497466
7500.0
2985.5467233351123
7500.0
7500.0
7500.0
-7500.0
-7500.0
-7500.0
-7185.473858463238
-5262.12521548634
1866.2152640928252
7500.0
7500.0
7500.0
7500.0
7500.0
7500.0
-7500.0
7500.0
7500.0
7500.0
-7340.559440559442
-7500.0
-7500.0
-7500.0
-7500.0
-7500.0
7500.0
7500.0
7500.0
7500.0
7500.0
7500.0
7500.0
-6397.485493230175
-6256.487834519077
-6523.670299082876
-7185.632754248854
-7500.0
-7500.0
7500.0
7500.0
7500.0
7500.0
7500.0
7500.0
7500.0
-7500.0
-7500.0
-7500.0
-7500.0
-7500.0
-7500.0
-7500.0
7500.0
7500.0
7500.0
7500.0
7500.0
7500.0
7500.0
7500.0
7500.0
-7500.0
-7500.0
-7500.0
-7500.0
7500.0
7500.0
7500.0
7500.0
7500.0
7500.0
-7500.0
-7500.0
-7500.0
-7500.0
7500.0
7500.0
7500.0
7500.0
7500.0
-6680.740208408197
-6183.25007800296
-5023.958737653746
1026.9568816352544
7500.0
7500.0
7500.0
7500.0
7500.0
-6570.618500670316
-4516.213759826182
-4860.662758279981
-4452.613176544706
-4565.912258460974
-4395.040312344834
-4633.836737188691
-5183.742739585397
-5303.667328616364
7500.0
7500.0
7500.0
7500.0
7500.0
7500.0
7500.0
-6524.751910573743
-6402.015571436041
-6633.900396231538
-6071.977589780727
-5590.096362664664
-7500.0
7500.0
7500.0
7500.0
7500.0
7500.0
7500.0
7500.0
-7010.063907752012
-7500.0
-7500.0
7500.0
7500.0
7500.0
7500.0
7500.0
7500.0
-7310.63122923588
-6834.1377514024225
-7222.567493786013
-7500.0
-7500.0
7500.0
7500.0
7500.0
7500.0
7500.0
7500.0
7500.0
-4896.315770045776
-5529.962543577682
-5133.790940430279
-5412.77727727507
-5942.436939399757
-6707.18061023333
-7500.0
7500.0
7500.0
7500.0
7500.0
7500.0
-6617.353664116776
-6311.96941547184
-6347.915443363179
-6058.312725967327
-5425.538389665882
-5729.559754365126
7500.0
7500.0
7500.0
7500.0
7500.0
7500.0
7500.0
-6976.584022038567
-6170.311603745386
-6245.069823927195
-6314.740980261595
-6094.3000295167385
-7141.931483118233
-7500.0
-7500.0
7500.0
7500.0
7500.0
7500.0
7500.0
7500.0
7500.0
7500.0
7500.0
-6455.410664352576
-6558.041984117621
-7291.822508907786
-7500.0
-7500.0
-7500.0
-7500.0
-7500.0
7500.0
7500.0
7500.0
7500.0
7500.0
7500.0
7500.0
7500.0
7500.0
-7500.0
-7500.0
-6874.906637893993
-6031.423504822094
-5986.399994013573
-4523.499403198604
-3721.1086175873443
7500.0
7500.0
7500.0
3759.051057516945
7500.0
7500.0
7500.0
7500.0
-7500.0
-7500.0
-7500.0
-7500.0
-7500.0
-7500.0
7500.0
7500.0
7500.0
7500.0
7500.0
7500.0
7500.0
-6666.016387046429
-3876.7265862222325
7500.0
7500.0
7500.0
7500.0
-7500.0
-7500.0
-7500.0
-6939.803439803443
-7108.605926936476
-7500.0
7500.0
7500.0
7500.0
7500.0
7500.0
7500.0
7500.0
7500.0
-7500.0
-7262.059369202225
-6855.720675040033
-5205.090144362466
4259.68337304339
7500.0
7500.0
7500.0
7500.0
7500.0
7500.0
-7185.473858463238
-7500.0
-6944.570326274439
-7500.0
-7017.160051251132
-7202.1457244612375
-7500.0
-7500.0
7500.0
7500.0
7500.0
7500.0
7500.0
7500.0
7500.0
7500.0
7500.0
-6880.659181455994
-7231.758599077553
-7500.0
7500.0
7500.0
7500.0
7500.0
7500.0
7500.0
-7500.0
-7500.0
7500.0
7500.0
7500.0
7500.0
7500.0
-6728.321938671905
-6813.224625196701
-7500.0
-7500.0
-7500.0
7500.0
7500.0
7500.0
7500.0
7500.0
7500.0
-7080.50542848698
-7500.0
-7500.0
1617.1985891569307
3513.5141709328796
7500.0
7500.0
7500.0
7500.0
7500.0
7500.0
-7500.0
-6970.522665345554
-7500.0
-7500.0
-7500.0
-5815.7463433143275
-6544.778717905523
-5401.645871822753
7500.0
7500.0
7500.0
7500.0
7500.0
7500.0
7500.0
7500.0
7500.0
250.58275058274876
1177.690417336285
2364.280918907006
1663.603912683288
1714.9484557733044
1401.949280678769
-674.6853365866355
-1671.4927369818724
-1670.2744248378713
-355.49365553506414
718.6641088952742
1260.0587354981521
3134.814600660201
4452.949138596154
-3863.6363636363644
2068.253541932449
3494.9819461508323
5605.269016566415
4750.373710695759
-2272.727272727273
5564.516129032255
-681.8181818181819
3124.999999999997
-2500.0000000000005
3181.8181818181806
-4469.69696969697
-1215.6136842674173
-2504.6344220661035
-2546.336228698098
-1819.3599488899185
-2405.622850108073
-1946.9486893028911
-1239.9635500509812
-21.402067179061305
7500.0
7500.0
7500.0
7500.0
-6818.181818181819
-5049.603174603177
-2786.7221175406066
-2159.6538733166235
1945.4692136390622
3844.9471535929497
2590.6715229647684
4136.095485870992
7382.114989948437
4989.472496178325
-3181.818181818182
7500.0
4590.909090909101
1730.4133251079675
431.6108130937632
4824.128537480341
7500.0
-2240.2597402597403
-1876.60668380463
-2062.556818480398
-488.26934331465327
7500.0
7500.0
7500.0
-5393.873802964712
-5235.701049554264
-5021.151657243459
-4928.72566469378
-3721.893759846371
-2549.6812521784364
-1739.7672227015628
-744.9215022372796
7500.0
7254.0204082567725
1009.3515126842649
7500.0
7500.0
7500.0
-7500.0
7500.0
7500.0
7500.0
-7500.0
-7500.0