Demand
-7500.0
-7500.0
-7500.0
-7500.0
-7500.0
7500.0
7500.0
7500.0
7500.0
7500.0
7500.0
7500.0
7500.0
7500.0
7500.0
7500.0
-7500.0
7500.0
7500.0
-7500.0
-7500.0
-7500.0
7500.0
7500.0
7500.0
7500.0
-7500.0
-7500.0
-6604.008383547289
-6526.048847744736
-7500.0
7500.0
7500.0
7500.0
7500.0
7500.0
7500.0
-7500.0
-7500.0
-7500.0
7500.0
7500.0
7500.0
7500.0
7500.0
7500.0
-7500.0
-7500.0
-7500.0
-7500.0
-7500.0
-7500.0
7500.0
7500.0
7500.0
7500.0
7500.0
7500.0
7500.0
7500.0
7500.0
7500.0
7500.0
-1679.8418972332033
-998.9959427892313
-2123.4793842695235
-2987.5626301823613
-2542.5129306480903
-2047.108447730392
-2135.604187859977
593.0757064587438
7500.0
7500.0
7500.0
7500.0
7500.0
-7314.090019569472
-7500.0
-7500.0
-6689.135298275069
-7500.0
7500.0
7500.0
7500.0
7500.0
7500.0
7500.0
7500.0
-7500.0
-7500.0
-7500.0
-7034.218590398368
-7216.027926693958
-7112.19414939608
-7500.0
7500.0
7500.0
7500.0
7500.0
7500.0
7500.0
7500.0
7500.0
7500.0
-7500.0
-7500.0
-7500.0
-7500.0
7500.0
7500.0
7500.0
7500.0
7500.0
7500.0
-7155.693144065239
-7500.0
-7500.0
-7500.0
-7500.0
-7500.0
-7500.0
-7500.0
7500.0
7500.0
7500.0
7500.0
7500.0
7500.0
7500.0
7500.0
7500.0
-7500.0
-7500.0
-7500.0
-7500.0
-7500.0
7500.0
7500.0
7500.0
7500.0
7500.0
7500.0
7500.0
-7500.0
7500.0
7500.0
7500.0
-7500.0
-7500.0
-7500.0
-7238.951225097322
-6499.943753640948
-7500.0
-7500.0
7500.0
7500.0
7500.0
7500.0
7500.0
7500.0
7500.0
7500.0
7500.0
-7332.303618711385
-7500.0
-7500.0
-7500.0
-7500.0
-7500.0
-7500.0
-7500.0
7500.0
7500.0
7500.0
7500.0
7500.0
7500.0
7500.0
7500.0
7500.0
-7500.0
-7500.0
7500.0
7500.0
7500.0
-6638.989646170843
7500.0
7500.0
7500.0
-7500.0
-7500.0
-7500.0
-7500.0
-7500.0
7500.0
7500.0
7500.0
7500.0
7500.0
7500.0
-7339.926181497232
-7325.270024539323
-7500.0
-7500.0
-7500.0
-7500.0
-7500.0
7500.0
7500.0
7500.0
7500.0
7500.0
7500.0
7500.0
7500.0
-7500.0
-7500.0
-7500.0
-7500.0
-7500.0
-7500.0
-7500.0
7500.0
7500.0
7500.0
7500.0
7500.0
7500.0
7500.0
7500.0
-7342.879982358456
-7500.0
-7500.0
-7500.0
-7500.0
7500.0
7500.0
7500.0
7500.0
7500.0
7500.0
-7500.0
-7500.0
-6870.860927152318
-5992.699918216669
-5888.984839789631
-4527.935801524514
-2469.2837678479736
7500.0
7500.0
7500.0
7500.0
7500.0
7500.0
7500.0
-7500.0
-7500.0
-7500.0
-7500.0
-7500.0
-7500.0
7500.0
7500.0
7500.0
7500.0
7500.0
7500.0
7500.0
-7500.0
-7307.041299932296
-7500.0
-7500.0
-7500.0
-7500.0
7500.0
7500.0
7500.0
7500.0
7500.0
7500.0
7500.0
-4549.7366349047625
-5653.745359998487
-6286.065854960452
-6579.086505374569
-7223.148997161106
-7500.0
-7500.0
-7500.0
7500.0
7500.0
7500.0
7500.0
7500.0
7500.0
7500.0
7500.0
-7500.0
-7500.0
-7500.0
-7500.0
7500.0
7500.0
7500.0
7500.0
7500.0
-7500.0
-7500.0
-7500.0
-7500.0
7500.0
7500.0
7500.0
7500.0
7500.0
-7188.646117830669
-6655.885988574733
-6756.351643621989
-6865.397391172355
-7500.0
-7500.0
-7500.0
7500.0
7500.0
7500.0
7500.0
7500.0
7500.0
7500.0
7500.0
-5684.71337579618
7500.0
-7045.454545454546
-7325.053711579778
-7500.0
-7500.0
-7500.0
-7500.0
-7500.0
675.6611324211276
7500.0
7500.0
7500.0
7500.0
7500.0
7500.0
7500.0
7500.0
-7500.0
-7500.0
7500.0
7500.0
7500.0
7500.0
-7500.0
-7500.0
-7500.0
-7500.0
7500.0
7500.0
7500.0
7500.0
7500.0
-7315.986570247935
-6477.769723065907
-6111.538427356843
-5871.00866452925
-6143.342120298123
-7010.4399040220305
-7500.0
7500.0
7500.0
7500.0
7500.0
7500.0
7500.0
7500.0
7500.0
7500.0
-7500.0
-7500.0
-7500.0
-7500.0
-7500.0
-7500.0
-7500.0
-7500.0
7500.0
7500.0
7500.0
7500.0
7500.0
7500.0
7500.0
7500.0
7500.0
7500.0
7500.0
-7500.0
-7500.0
-7500.0
-7500.0
-7500.0
-7120.000000000002
-7500.0
-7500.0
7500.0
7500.0
7500.0
7500.0
7500.0
7500.0
7500.0
7500.0
7500.0
-6218.775587025559
-5384.079141364
7500.0
7500.0
7500.0
-7500.0
-7500.0
-6232.018389440904
-3221.182119795191
-3557.4305734400673
-2667.3301874257572
-2497.131707914934
-1586.8412537001627
-1066.1184336893148
-58.44068482502007
7500.0
7500.0
7500.0
7500.0
7500.0
7500.0
7500.0
7500.0
-6429.035987859519
-6311.371750643235
-6591.284971070554
-6111.870316365401
-6002.573295630626
-7500.0
7500.0
7500.0
7500.0
7500.0
7500.0
7500.0
7500.0
7500.0
-7500.0
-7500.0
-7500.0
-7500.0
-7500.0
-7500.0
-7097.684923771882
-7500.0
7500.0
7500.0
7500.0
7500.0
7500.0
7500.0
7500.0
7500.0
7500.0
-7500.0
-6540.404040404041
41.34509371554623
7500.0
4980.931541316178
7500.0
7500.0
-6580.150618612157
-7126.116643223759
-7500.0
-7500.0
7500.0
7500.0
7500.0
-6961.3947680294095
-6400.529663546473
-5663.363129654219
-4381.73715782595
7500.0
7500.0
7500.0
7500.0
7500.0
-7500.0
-7500.0
-7500.0
-7500.0
-7500.0
-97.40259740263991
7500.0
7500.0
7500.0
7500.0
7500.0
7500.0
-7500.0
-7500.0
-7500.0
-7500.0
7500.0
7500.0
7500.0
7500.0
7500.0
-5172.836145890044
6299.985502693942
7500.0
-4572.254579451917
7500.0
7500.0
-7500.0
-7500.0
-7500.0
-7500.0
7500.0
7500.0
7500.0
7500.0
7500.0
-7500.0
-7500.0
-7500.0
-7500.0
-7500.0
-5699.984657313378
7500.0
7500.0
7500.0
4146.641911618586
7500.0
7500.0
7500.0
7500.0
-7500.0
-7500.0
-7500.0
-7500.0
-7500.0
-7500.0
-7500.0
7500.0
7500.0
7500.0
7500.0
7500.0
7500.0
7500.0
7500.0
-7154.238110643806
-6931.427309194249
-6862.4276319138025
-6263.666390384906
-6593.868719653119
-7500.0
-7500.0
7500.0
7500.0
7500.0
7500.0
7500.0
7500.0
7500.0
7500.0
7500.0
-7500.0
-7500.0
-7500.0
-7500.0
-7500.0
-7500.0
-7500.0
-6258.845944474691
7500.0
7500.0
7500.0
7500.0
7500.0
7500.0
7500.0
7500.0
-7500.0
-7082.111436950148
-7500.0
7500.0
7500.0
7500.0
7500.0
-7500.0
-7500.0
-7500.0
-7500.0
7500.0
7500.0
7500.0
7500.0
7500.0
-7343.291788856306
-7326.808042461746
-6905.537427717487
-7261.834684649832
-7500.0
-7500.0
7500.0
7500.0
7500.0
7500.0
7500.0
7500.0
7500.0
-7500.0
7500.0
7500.0
-7171.111680984743
-7308.700521620422
-6527.3586579477615
-6405.343482143657
-7500.0
7500.0
7500.0
7500.0
7500.0
7500.0
-6913.622315014847
-7260.20205945558
-7500.0
-5826.9298855479865
7500.0
7500.0
7500.0
7500.0
7500.0
7500.0
-6719.605695509312
-6666.657663696315
-7138.860512315488
-7500.0
-7500.0
-6637.258774593356
-7500.0
-7500.0
7500.0
7500.0
7500.0
7500.0
7500.0
7500.0
7500.0
7500.0
7500.0
-4034.954407294834
-3000.60192315498
255.11285587872453
1406.6933659696674
2233.5395725292587
3319.449683873915
4350.825047584813
2651.4805038788218
2199.613318529126
1247.3140601885884
-4318.181818181819
7500.0
-1576.2124711316396
-585.5286271564246
36.69928458485947
69.87425369879747
781.4501871826997
1910.8296565067412
2856.068378022215
3038.2420669673156
4219.080620309138
5273.834830579923
-1893.939393939394
6486.486486486481
-1363.6363636363637
7500.0
3366.2741799831797
2717.5884774868678
-3939.39393939394
-1135.486981677916
-1974.6088179338312
-3101.2101508981195
-3123.1718860656833
-2430.327173054784
-2845.283915385733
-2103.169584187551
-205.75767009024003
7500.0
806.8029302564178
7500.0
7500.0
-7044.693799923925
-6027.306818411131
-5190.334687738901
-3207.298719502167
-2814.397145943844
341.4461481044109
1874.166929953335
1175.9240036001906
2471.406168504574
6025.6527549412385
7104.602151755214
3907.847852347186
1123.1769867777784
381.6366807190966
7500.0
7500.0
3798.701298701276
5824.873096446716
-5454.545454545455
-3039.906103286385
-3955.624745709796
-4912.131313936692
-4436.308951518189
-4800.697177837083
-4033.3314534768433
-2845.1017575597198
-1284.4911612102064
1874.8346602058905
6173.247037108438
7500.0
7500.0
3754.3791903675115
7500.0
3216.234010560683
7500.0
7500.0
-7169.480059274532
-7500.0
-7500.0
-7500.0
-7500.0
7500.0
7500.0
7500.0
7500.0