Demand
7500.0
7500.0
7500.0
7500.0
7500.0
7500.0
7500.0
7500.0
7500.0
7500.0
7500.0
7500.0
7500.0
7500.0
-7500.0
7500.0
7500.0
7500.0
7500.0
7500.0
7500.0
7500.0
7500.0
7500.0
7500.0
7500.0
7500.0
7500.0
-6862.891207153503
-6940.689767695178
-7500.0
7500.0
7500.0
7500.0
7500.0
7500.0
7500.0
-7500.0
-7500.0
-7500.0
-7500.0
-6033.4476843910925
7500.0
7500.0
7500.0
7500.0
7500.0
7500.0
-7500.0
-7500.0
-7500.0
-7500.0
-7500.0
7500.0
7500.0
7500.0
7500.0
7500.0
7500.0
1976.971338941954
7500.0
579.9054107473758
7500.0
-2572.504182933631
-1426.7934205591696
-1342.8970590336244
7500.0
-6060.606060606061
-4783.050609841584
-5484.3946495796645
-6061.833374528926
-6514.292986803377
-6828.482711210874
-6963.426057800676
-7500.0
-6902.908154096975
-4164.5803382588565
7500.0
7500.0
7500.0
7500.0
7500.0
7500.0
7500.0
7500.0
-7500.0
-7500.0
7500.0
7500.0
7500.0
-7500.0
-7144.136932943047
-7303.963435440297
-7277.350598502559
-7500.0
-7500.0
-7500.0
-7500.0
7500.0
7500.0
7500.0
7500.0
7500.0
7500.0
7500.0
7500.0
7500.0
-7500.0
-7500.0
-7500.0
-7500.0
7500.0
7500.0
7500.0
7500.0
7500.0
7500.0
-7500.0
-7500.0
-7500.0
-7500.0
7500.0
7500.0
7500.0
7500.0
-6961.09090909091
-7097.603467443863
-7264.94104187749
-7500.0
-7500.0
-7500.0
7500.0
7500.0
7500.0
7500.0
7500.0
7500.0
7500.0
7500.0
-7500.0
7500.0
7500.0
-7500.0
-7500.0
-7500.0
7500.0
7500.0
7500.0
7500.0
-7500.0
-7125.28174305034
-4402.135262397471
7500.0
7500.0
7500.0
7500.0
7500.0
7500.0
-5837.028824833706
-5537.301834006841
-6141.600240706461
-6190.575325901933
-6475.2732150925
-7173.6296059636115
-7500.0
-7500.0
7500.0
7500.0
7500.0
7500.0
7500.0
7500.0
7500.0
7500.0
-7500.0
-7500.0
-7500.0
-7500.0
7500.0
7500.0
7500.0
7500.0
7500.0
7500.0
7500.0
-6751.182343667893
-7500.0
7500.0
7500.0
7500.0
7500.0
-7500.0
-7500.0
-7500.0
-7500.0
-7500.0
-6940.408403691345
-7500.0
7500.0
7500.0
7500.0
7500.0
7500.0
7500.0
7500.0
7500.0
7500.0
-7500.0
-7500.0
-7500.0
-7500.0
-7500.0
-7500.0
-7500.0
7500.0
7500.0
7500.0
7500.0
7500.0
7500.0
7500.0
-7500.0
-7500.0
-7500.0
-7500.0
-7500.0
-7500.0
7500.0
7500.0
7500.0
7500.0
7500.0
7500.0
7500.0
-7500.0
7500.0
7500.0
7500.0
7500.0
-7500.0
-7500.0
-7500.0
-7500.0
7500.0
7500.0
7500.0
7500.0
7500.0
7500.0
-7500.0
-7500.0
7500.0
7500.0
7500.0
7500.0
-7500.0
-7500.0
7500.0
7500.0
7500.0
7500.0
-7500.0
-7500.0
-7500.0
-7500.0
-7500.0
-7500.0
7500.0
7500.0
7500.0
7500.0
7500.0
7500.0
7500.0
7500.0
-7500.0
-6519.214224261543
-6081.34174835707
-4566.355363818015
-3814.452639800578
-2350.671147348729
-2735.637154030321
-4037.7051914560834
-4257.47833984112
1708.4531705299273
7500.0
7500.0
7500.0
7500.0
7500.0
7500.0
-7500.0
-7500.0
-7500.0
-7500.0
7500.0
7500.0
7500.0
7500.0
7500.0
7500.0
-7500.0
-7334.3408509648925
-7500.0
-7500.0
-7500.0
-7500.0
-7500.0
-7500.0
7500.0
7500.0
7500.0
7500.0
7500.0
7500.0
7500.0
7500.0
7500.0
-7001.961088889753
-7500.0
-7500.0
-7500.0
-7500.0
-7500.0
-7500.0
7500.0
7500.0
7500.0
7500.0
7500.0
7500.0
7500.0
7500.0
7500.0
-7500.0
-7500.0
-7500.0
-7500.0
-7500.0
7500.0
7500.0
7500.0
7500.0
7500.0
7500.0
7500.0
-7500.0
-7500.0
-7500.0
-7500.0
-7500.0
-6005.2447552447575
-6844.2405336342235
7500.0
7500.0
7500.0
7500.0
7500.0
7500.0
7500.0
7500.0
-7500.0
-7500.0
-7270.309477756287
-6026.4728854143395
-4924.294878513332
-2047.0791848448334
7500.0
7500.0
7500.0
7500.0
7500.0
7500.0
7500.0
-7500.0
-7500.0
7500.0
7500.0
7500.0
-7500.0
7500.0
-7500.0
7500.0
7500.0
7500.0
-7500.0
-7500.0
-7500.0
-7500.0
-7023.145566090352
7500.0
7500.0
7500.0
7500.0
7500.0
7500.0
-7500.0
-7500.0
7500.0
7500.0
7500.0
-7500.0
-7500.0
-7289.966836868978
-7500.0
-7500.0
-7500.0
-7500.0
-7500.0
7500.0
7500.0
7500.0
7500.0
7500.0
7500.0
7500.0
7500.0
7500.0
-6244.194946876933
7500.0
7500.0
7500.0
-6560.93655330036
-4355.579212598479
-4579.361952117622
-3822.693376197813
-3401.0601488872744
-1536.7907488055007
6069.464406539804
3157.6748914517357
7500.0
7500.0
7500.0
-7146.85473545083
-7305.72189276292
-6619.130931001146
-6212.661125937648
-5907.672482493155
-4861.695802948658
-2948.257559092444
4488.9611332037475
7500.0
7500.0
-7500.0
7500.0
7500.0
7500.0
7500.0
7500.0
-5664.106467200108
-6477.29318956223
-7017.826389390188
-7500.0
-7500.0
-7500.0
7500.0
7500.0
7500.0
7500.0
7500.0
7500.0
7500.0
-7315.7835557635535
-7500.0
-7500.0
-7500.0
-7500.0
-7500.0
-7500.0
7500.0
7500.0
7500.0
7500.0
7500.0
7500.0
7500.0
7500.0
7500.0
-7500.0
-7500.0
-7500.0
-7500.0
-7500.0
-5934.5752596914845
-127.12076274382889
7500.0
7500.0
7500.0
7500.0
7500.0
7500.0
7500.0
7500.0
-7500.0
-7500.0
-7500.0
-7500.0
-5279.220779220781
7500.0
7500.0
7500.0
7500.0
7500.0
7500.0
-7500.0
-7500.0
-7500.0
-7500.0
7500.0
7500.0
7500.0
7500.0
7500.0
7500.0
-6477.272727272728
7500.0
7500.0
-7500.0
-7500.0
-7500.0
-7500.0
-7500.0
-7500.0
-7500.0
7500.0
7500.0
7500.0
7500.0
7500.0
7500.0
7500.0
7500.0
7500.0
-6940.07858546169
-6202.129477492261
-6183.120789896615
-4969.561618193831
-4363.051163229004
7500.0
7500.0
7500.0
858.2517532687593
7500.0
7500.0
7500.0
-7500.0
7500.0
7500.0
7500.0
-7500.0
-7500.0
-7500.0
-7500.0
7500.0
7500.0
7500.0
7500.0
-7163.518299881938
-6893.886585789291
-6681.087149244771
-4868.699195600531
7500.0
7500.0
7500.0
7500.0
7500.0
-7500.0
-7500.0
-7117.469413040113
-7282.234106633632
-7500.0
-7500.0
-7500.0
-7500.0
7500.0
7500.0
7500.0
7500.0
7500.0
7500.0
7500.0
7500.0
-6661.305542699107
-6989.08956885073
-5008.988269278427
-5669.602187363653
7500.0
7500.0
7500.0
7500.0
7500.0
7500.0
7500.0
-7500.0
-5728.438228438237
7500.0
7500.0
7500.0
7500.0
-7500.0
-7500.0
-7500.0
-7500.0
7500.0
7500.0
7500.0
7500.0
7500.0
7500.0
-7500.0
-7500.0
-7500.0
-7500.0
-7500.0
7500.0
7500.0
7500.0
7500.0
7500.0
7500.0
7500.0
-7110.389610389611
-7266.089108910894
-6244.213180321936
-5931.328545563752
-7500.0
7500.0
7500.0
7500.0
7500.0
7500.0
7500.0
-7322.590207415793
-7500.0
-7054.077777691073
-7500.0
-7500.0
-1740.3985357778674
-2576.134335273802
7500.0
5833.3668032531095
7500.0
7500.0
5131.096664902452
7500.0
7500.0
7500.0
7500.0
-7500.0
-7500.0
-5364.635364635367
-3834.638269005169
7500.0
7500.0
7500.0
7500.0
7500.0
-4281.63642464242
-3427.319601891624
-1684.01636285946
3892.649468743423
4941.724293256375
4498.220102422972
4114.263469633614
2623.1571849249954
-3409.0909090909095
2450.657894736842
2081.844925404495
-172.8001570907254
-1255.093271140358
-1278.9601967592494
49.33303164151175
1033.9226903351068
1357.8933448331513
2708.6108612297994
4173.626580367507
2909.547559174467
-3712.1212121212125
4154.797997602761
6339.903852451202
5425.693662796144
3483.5482444595314
-1363.6363636363637
6650.94339622641
-2348.4848484848485
3665.4135338345945
-3939.39393939394
5265.957446808548
-4924.242424242424
-3239.8053468030066
-3394.254771321937
-2982.208872526584
-3652.486646530753
-3699.773699675101
-3900.9405011150307
-4588.47100890203
-5005.807507182517
-4414.641876525859
7500.0
7500.0
7500.0
7500.0
7500.0
7500.0
-2390.438247011953
-1584.1448613901885
-2072.7363012108217
-1486.2673041050634
594.9450568973439
2709.4633592872806
2505.8286924228664
1061.2969646933357
626.323512461358
-527.2374518506804
-1321.744871684903
1441.7629828560734
7500.0
-3086.4640091769434
-3083.514020404184
-3738.9606332728295
-4316.921808414118
-1912.0663952205837
7500.0
6301.23162270089
7500.0
-6515.151515151516
-5151.71922040881
-4966.384837375763
-3442.9831773562605
-1127.51005506008
3786.3321275597136
7500.0
3127.4571429769117
7500.0
7500.0
-7167.405764966741
-7500.0
-7500.0
7500.0
7500.0
7500.0
-7500.0
-7500.0
7500.0