Demand
-7500.0
-7500.0
-7500.0
7500.0
7500.0
7500.0
7500.0
7500.0
7500.0
7500.0
7500.0
7500.0
7500.0
-7500.0
-7500.0
7500.0
7500.0
7500.0
7500.0
-7500.0
7500.0
7500.0
-7500.0
-7500.0
-7500.0
-7500.0
-7500.0
7500.0
7500.0
7500.0
7500.0
7500.0
-7500.0
-7500.0
-7500.0
-7500.0
7500.0
7500.0
7500.0
7500.0
7500.0
7500.0
7500.0
-7500.0
-7500.0
-7500.0
-7500.0
7500.0
7500.0
7500.0
7500.0
7500.0
7500.0
-7500.0
-6039.202433254481
-4403.547819089732
-1711.2686400725852
-267.11368738629517
791.8938355097052
1733.5101883601646
2009.1724710917538
3641.9791420937795
7500.0
7500.0
7500.0
1528.5471910594988
7500.0
-6060.606060606061
7500.0
7500.0
-4357.3397656788475
7500.0
7500.0
7500.0
7500.0
-7340.264544333595
-7326.830896066587
-7500.0
-7500.0
-6968.576174509444
-7500.0
-7500.0
-7500.0
7500.0
7500.0
7500.0
7500.0
7500.0
7500.0
7500.0
7500.0
-7172.390701524026
-7313.032174544785
-7272.087279214316
-7500.0
-7500.0
7500.0
7500.0
7500.0
7500.0
7500.0
7500.0
-7500.0
-7500.0
-7500.0
-7500.0
7500.0
7500.0
7500.0
7500.0
7500.0
7500.0
7500.0
-7137.635092180548
-7081.86255071539
-7500.0
-7500.0
-7500.0
7500.0
7500.0
7500.0
7500.0
7500.0
7500.0
7500.0
-7010.122230710467
-7137.6740688547
-7290.959668551075
-7500.0
-7500.0
-7500.0
7500.0
7500.0
7500.0
7500.0
7500.0
7500.0
7500.0
-7500.0
7500.0
-7500.0
-7500.0
-7500.0
-7500.0
7500.0
7500.0
7500.0
7500.0
7500.0
7500.0
-7332.36389778446
-6909.379628363391
-7500.0
-7500.0
-7500.0
7500.0
7500.0
7500.0
7500.0
7500.0
-6286.619789094526
-6225.7011453970135
-6263.310852308958
-6514.899448401604
7500.0
7500.0
7500.0
7500.0
-7500.0
-7500.0
-7500.0
-7166.246188471434
-6361.994623499366
22.302577822328658
7500.0
7500.0
7500.0
7500.0
7500.0
7500.0
7500.0
-7500.0
-7500.0
-7063.636363636366
-6326.028622540252
-5959.400251142357
7500.0
7500.0
7500.0
7500.0
7500.0
7500.0
-7500.0
-7500.0
-7500.0
-7500.0
-6812.14802896219
7500.0
7500.0
7500.0
7500.0
7500.0
7500.0
-7500.0
-7500.0
-7500.0
-7500.0
-7500.0
-7500.0
-7500.0
7500.0
7500.0
7500.0
7500.0
7500.0
7500.0
7500.0
7500.0
7500.0
-7500.0
-7500.0
-7500.0
-7500.0
-7500.0
-7500.0
-7500.0
-7500.0
7500.0
7500.0
7500.0
7500.0
7500.0
7500.0
7500.0
7500.0
-7500.0
-7500.0
-7500.0
7500.0
7500.0
7500.0
7500.0
7500.0
-6978.340451494814
-6237.452606601522
-6083.376753215556
-4247.526098660079
7500.0
7500.0
7500.0
7500.0
7500.0
-7500.0
-7500.0
7500.0
7500.0
7500.0
-7500.0
-7500.0
-7500.0
-7500.0
-7500.0
7500.0
7500.0
7500.0
7500.0
7500.0
7500.0
7500.0
-7334.049057427761
-7500.0
-7500.0
-7500.0
7500.0
7500.0
7500.0
7500.0
7500.0
-3934.5287739783143
-1900.4237018563995
4660.964111594631
4067.2606083669866
6907.303301889624
-576.48431498008
7500.0
-7294.372294372299
-7500.0
7500.0
7500.0
7500.0
-7500.0
-7500.0
-7500.0
-7500.0
7500.0
7500.0
7500.0
7500.0
7500.0
-7500.0
-7500.0
-7500.0
7500.0
7500.0
7500.0
7500.0
7500.0
-7500.0
-7500.0
-7500.0
-7500.0
7500.0
7500.0
7500.0
7500.0
7500.0
-6630.567419158026
-6665.974579837828
-6647.164392534178
-7500.0
7500.0
7500.0
7500.0
7500.0
7500.0
-7500.0
-5137.547822918566
-4587.270580241115
-4913.204710276561
-4569.2427131393
-4565.46699164926
-4385.623431959008
-4182.2660699664575
-4977.7716535997515
7500.0
7500.0
7500.0
7500.0
7500.0
7500.0
-6745.430668652913
-7069.273253051315
-6977.199431174671
-7500.0
-7500.0
7500.0
7500.0
7500.0
7500.0
7500.0
7500.0
7500.0
7500.0
-7500.0
-7500.0
-7500.0
-7500.0
-7500.0
-7500.0
-7500.0
7500.0
7500.0
7500.0
7500.0
7500.0
7500.0
7500.0
7500.0
-7341.437632135307
-7500.0
-7500.0
-7500.0
-7500.0
7500.0
7500.0
7500.0
7500.0
7500.0
7500.0
-7500.0
-7500.0
-7500.0
-7500.0
-7500.0
-7500.0
7500.0
7500.0
7500.0
7500.0
7500.0
7500.0
7500.0
7500.0
-7500.0
-7500.0
-7500.0
-7500.0
-7500.0
-7500.0
-7500.0
-7500.0
7500.0
7500.0
7500.0
7500.0
7500.0
7500.0
7500.0
7500.0
7500.0
-7500.0
-7500.0
-7298.459966999295
-6488.414039821926
-5688.751849080159
-2835.3311232300607
7500.0
7500.0
7500.0
7500.0
7500.0
7500.0
-6550.175893353084
-4378.908949098304
-4669.05893730595
-4093.904120506193
-4008.130231652027
-3353.71392711495
-2659.7616503938134
1181.827916534086
7500.0
7500.0
7500.0
7500.0
7500.0
-6775.270184361094
-6475.20635086093
-6291.428606599093
-5652.880121046892
-4782.019048279202
-3413.5965922172945
7500.0
7500.0
7500.0
7500.0
7500.0
7500.0
7500.0
-4819.749216300943
-2108.4347173750334
7500.0
7500.0
-7500.0
-7500.0
-7500.0
-7500.0
-7500.0
7500.0
7500.0
7500.0
7500.0
7500.0
7500.0
7500.0
7500.0
-7500.0
-7500.0
-7500.0
-7500.0
7500.0
7500.0
7500.0
7500.0
7500.0
7500.0
7500.0
-6322.314049586777
-6898.9503199367355
-7500.0
7500.0
7500.0
7500.0
-7500.0
-6843.492038064685
-6096.708756435741
-4960.596033037185
-2117.8586874194043
7500.0
7500.0
7500.0
7500.0
7500.0
7500.0
7500.0
7500.0
-7500.0
-7500.0
-5880.68181818182
7500.0
7500.0
7500.0
7500.0
7500.0
7500.0
-7500.0
-7500.0
-7500.0
-7500.0
-6190.51526091238
7500.0
7500.0
7500.0
7500.0
7500.0
7500.0
7500.0
-7313.603662524527
7500.0
7500.0
-7500.0
-7500.0
-7500.0
-7500.0
-7500.0
-7500.0
-7500.0
7500.0
7500.0
7500.0
7500.0
7500.0
7500.0
7500.0
7500.0
-6519.007916778217
-6618.467099422771
-6141.443936436552
-6408.662528790346
-6727.867668074554
-4521.668788917435
-2459.0604071047837
-6028.765761040106
7500.0
7500.0
7500.0
7500.0
7500.0
7500.0
7500.0
7500.0
-7500.0
-7500.0
-7500.0
7500.0
7500.0
7500.0
-7500.0
-7140.151515151516
-6853.756761225406
-6643.081457842172
-5012.541282930089
6792.992325217547
-7500.0
7500.0
7500.0
7500.0
7500.0
-7500.0
-7121.186589643972
-7287.054114369881
-7500.0
-7500.0
-7500.0
-7500.0
7500.0
7500.0
7500.0
7500.0
7500.0
7500.0
7500.0
7500.0
7500.0
-7078.713968957873
2409.1404688351245
7500.0
7500.0
-6651.078279518648
-7500.0
-7500.0
7500.0
7500.0
7500.0
7500.0
7500.0
-7279.817689796435
-7500.0
7500.0
7500.0
7500.0
7500.0
-7500.0
-7500.0
-7500.0
-7500.0
-7217.765894236487
-7099.643147888577
-5008.372644031606
7500.0
7500.0
7500.0
7500.0
7500.0
7500.0
7500.0
7500.0
-7500.0
-7500.0
7500.0
7500.0
-7334.446703456288
-7141.110980878833
-7302.000147199156
-6598.4956463185445
-6704.853696278127
-7500.0
-7500.0
-7500.0
7500.0
7500.0
7500.0
7500.0
7500.0
7500.0
7500.0
7500.0
7500.0
-5591.848624173263
-6199.475941969569
-5683.81354190025
7500.0
7500.0
7500.0
7500.0
-7500.0
-7500.0
-6855.988180079958
-7500.0
-7500.0
-7500.0
-2094.3511867488523
7500.0
7500.0
7500.0
7500.0
7500.0
7500.0
7500.0
7500.0
7500.0
-955.0634550634568
-106.00977939504355
541.6418756755966
1512.3879635327717
2722.746043019698
1927.003296952033
1931.9820822704805
1553.90609676422
-599.175081715769
-1545.6138540719385
-1340.3988810715332
631.625031197912
2754.7407713450903
3577.39313740673
7500.0
597.8689818468833
1466.1222586609338
1828.8389033344324
3198.6577315137893
5025.109488718304
-1893.939393939394
3915.441176470586
-1363.6363636363637
7500.0
-2348.4848484848485
3499.5405371538363
91.65546876222106
-1010.335442092055
-1873.7964833567726
-3034.619804677408
-3087.8081094679924
-2454.335296200857
-2966.0530737234476
-2515.702115027912
-1665.3443262849123
852.952392208012
7500.0
7500.0
7500.0
7500.0
-5987.2356559103555
-5133.797570676194
-3122.2331333504953
-2750.912137853978
369.0680565415282
1837.897923176662
1105.3804141402652
2279.9644445588137
5698.039074702506
7336.906170784459
4674.06585338495
1920.303870857911
1148.5481264439882
-185.60799300563122
7500.0
-2398.5980072304033
-2914.4749345685545
-2249.6745899900593
-2324.0893439040537
-3228.950039500898
-4161.346929811823
-2980.60664065685
-2551.1445841503714
3223.627316825457
7500.0
7500.0
5716.136298069056
7500.0
3360.6088985872507
7500.0
-5153.769257908974
-5645.662668090226
-5552.299825977265
-5851.6904971923395
-5752.151074309979
-2667.3800019820337
7500.0
7500.0
7500.0
7500.0
7500.0
-7500.0
-7500.0
-7500.0