Demand
7500.0
7500.0
7500.0
7500.0
7500.0
7500.0
7500.0
7500.0
7500.0
7500.0
7500.0
7500.0
7500.0
7500.0
7500.0
7500.0
-7500.0
-7500.0
-7500.0
-7500.0
-7500.0
7500.0
7500.0
7500.0
7500.0
7500.0
7500.0
7500.0
7500.0
7500.0
7500.0
-7500.0
-7500.0
-7500.0
-7500.0
7500.0
7500.0
7500.0
7500.0
7500.0
7500.0
7500.0
-7500.0
-7500.0
-7500.0
-7500.0
-7500.0
-7500.0
7500.0
7500.0
7500.0
7500.0
7500.0
7500.0
7500.0
-5188.153979072671
-3431.295657253581
-2664.062404280668
-2197.071817316457
-1816.6880228731407
-1794.327519741044
-1054.029955038603
6219.17688707299
7500.0
5960.492548366354
1728.901982259878
4358.37518573659
7500.0
-6212.121212121213
-5519.993052607204
-6090.329271912915
-6536.918446516747
-6847.106958996528
-6982.520311487691
-7500.0
-6956.821145261469
-5420.52530820141
7500.0
7500.0
7500.0
7500.0
7500.0
7500.0
7500.0
7500.0
-7500.0
-7500.0
-7500.0
-7500.0
-7500.0
-7500.0
-6107.365863431198
-3729.247886860714
7500.0
7500.0
7500.0
7500.0
7500.0
7500.0
7500.0
7500.0
7500.0
-7500.0
-7500.0
-7500.0
-7500.0
-7500.0
7500.0
7500.0
7500.0
7500.0
7500.0
7500.0
-7102.010892333474
-6848.350923222213
7500.0
7500.0
7500.0
7500.0
-7500.0
-7500.0
-7500.0
-7500.0
-7500.0
-7139.651030471618
-5684.0174511672285
-2601.114420777678
7500.0
7500.0
7500.0
7500.0
7500.0
7500.0
7500.0
7500.0
-7500.0
-7500.0
-7500.0
-7500.0
-7500.0
-7500.0
-7500.0
7500.0
7500.0
7500.0
7500.0
7500.0
7500.0
7500.0
7500.0
7500.0
-6862.144303527657
-7500.0
-7500.0
7500.0
7500.0
7500.0
7500.0
7500.0
-5556.818181818182
-6135.7151072249
-6149.876995029959
-6389.865516386746
-7104.066668015206
-7500.0
7500.0
7500.0
7500.0
7500.0
7500.0
7500.0
7500.0
-7186.203985759901
-7161.343507754389
-7500.0
-7500.0
-7500.0
-7500.0
-7500.0
-7500.0
7500.0
7500.0
7500.0
7500.0
7500.0
7500.0
7500.0
7500.0
-7500.0
-7500.0
-7500.0
-7500.0
-7500.0
-7500.0
7500.0
7500.0
7500.0
7500.0
7500.0
7500.0
7500.0
7500.0
7500.0
7500.0
-7500.0
-7500.0
7500.0
7500.0
7500.0
7500.0
-7500.0
-7500.0
7500.0
7500.0
-7500.0
-7500.0
7500.0
7500.0
7500.0
7500.0
-7500.0
-7500.0
-7500.0
-7500.0
-7500.0
7500.0
7500.0
7500.0
7500.0
7500.0
7500.0
-7500.0
-7500.0
-7500.0
-7500.0
-7500.0
-7500.0
-7500.0
7500.0
7500.0
7500.0
7500.0
7500.0
7500.0
7500.0
7500.0
7500.0
-6868.498799778421
-6959.005445620292
-7500.0
-7500.0
-7500.0
7500.0
7500.0
7500.0
7500.0
7500.0
-7500.0
-7500.0
-7500.0
-7500.0
-7500.0
-7500.0
-7500.0
7500.0
7500.0
7500.0
7500.0
7500.0
7500.0
7500.0
-7500.0
-7500.0
-7500.0
7500.0
7500.0
7500.0
7500.0
7500.0
7500.0
-3557.312252964426
-3093.8871535328817
1380.1757386899662
7500.0
7500.0
-7145.080946450811
7500.0
7500.0
-7500.0
-7500.0
-7500.0
-7500.0
-7500.0
-7500.0
7500.0
7500.0
7500.0
7500.0
7500.0
7500.0
7500.0
7500.0
-7331.289640591967
-7500.0
-7500.0
-7500.0
-7500.0
-7500.0
-7500.0
7500.0
7500.0
7500.0
7500.0
7500.0
7500.0
7500.0
7500.0
-6722.166550189115
-6829.191423213129
-7500.0
-7500.0
-7500.0
7500.0
7500.0
7500.0
7500.0
7500.0
7500.0
7500.0
7500.0
-5655.339805825241
-5889.671516029228
-6334.157783795927
-7282.8877375639095
-7500.0
-7500.0
-7500.0
-7500.0
7500.0
7500.0
7500.0
7500.0
7500.0
7500.0
7500.0
7500.0
7500.0
-7500.0
-7500.0
7500.0
7500.0
-5880.68181818182
7500.0
7500.0
7500.0
7500.0
-7500.0
7500.0
7500.0
7500.0
-7500.0
-7500.0
-7500.0
-7252.604166666668
-5911.733665847576
-4755.894067969115
-2102.7110852625306
7500.0
6044.994421010973
7500.0
7500.0
7500.0
7500.0
7500.0
7500.0
-7500.0
7500.0
7500.0
-7500.0
-7500.0
-7500.0
-7500.0
-7500.0
-7500.0
7500.0
7500.0
7500.0
7500.0
7500.0
7500.0
7500.0
7500.0
-7500.0
7500.0
7500.0
-7500.0
-7500.0
-7500.0
-7500.0
-7500.0
7500.0
7500.0
7500.0
7500.0
7500.0
-7500.0
-7500.0
-7500.0
-7500.0
-7500.0
-7500.0
7500.0
7500.0
7500.0
7500.0
7500.0
7500.0
7500.0
7500.0
7500.0
-7500.0
-7500.0
-6222.79129321383
-3141.838439342271
-3439.3196186816185
-2428.092107075168
-2107.9652936969283
-817.8044098954506
351.1830008744819
3273.1304465348985
7500.0
7500.0
7500.0
7500.0
3676.7394426384867
7500.0
7500.0
-6610.671936758896
-6242.883170120702
-5890.118177766803
-5822.33149897455
2182.7325247488766
7500.0
7500.0
7500.0
7500.0
7500.0
-5068.172929924984
-5423.114992642204
-5795.280825741236
-6570.618259456251
-7078.3575006786195
-7500.0
-7500.0
-7500.0
7500.0
7500.0
7500.0
7500.0
7500.0
7500.0
7500.0
7500.0
-7500.0
-7500.0
-7500.0
-7500.0
-7500.0
-7500.0
7500.0
7500.0
7500.0
7500.0
7500.0
7500.0
-5516.149241264096
-6113.707066270566
-6906.808591516818
-7500.0
-7500.0
7500.0
7500.0
7500.0
7500.0
7500.0
7500.0
-6640.582824839499
-6516.076222869133
-6302.4347578114175
-6841.330224576059
-7500.0
7500.0
7500.0
7500.0
7500.0
7500.0
7500.0
-6946.123947311595
-5945.945805298459
-5764.631114794593
-5105.645248299363
7500.0
-4715.461671069757
7500.0
7500.0
7500.0
7500.0
-7500.0
-7140.277486275383
-6699.4375195514185
-5898.7441749061945
-6147.5830199176435
-5755.289990197909
-4322.296169905081
-215.99554793645711
7500.0
7500.0
7500.0
7500.0
7500.0
7500.0
7500.0
7500.0
-7500.0
-7500.0
-7500.0
-7500.0
-7500.0
-7500.0
-7500.0
7500.0
7500.0
7500.0
7500.0
7500.0
7500.0
7500.0
7500.0
7500.0
-5949.883449883451
-5440.914708557128
-7086.6367098968585
-7500.0
-7500.0
-7500.0
-7500.0
7500.0
7500.0
7500.0
7500.0
7500.0
7500.0
7500.0
7500.0
-7500.0
-7500.0
-7500.0
-6941.098343192816
-6180.855640699559
-2861.132136946666
7500.0
7500.0
7500.0
7500.0
7500.0
7500.0
-7500.0
-7500.0
-6388.021849395245
7500.0
7500.0
7500.0
7500.0
7500.0
-7500.0
-7500.0
-7500.0
7500.0
7500.0
7500.0
7500.0
7500.0
-6833.671043915367
-7138.392318930404
-6090.244454227508
-6815.469406622642
-7224.953036268902
-5650.560051166685
-7500.0
-7500.0
7500.0
7500.0
7500.0
7500.0
7500.0
7500.0
7500.0
7500.0
-7500.0
-7500.0
-7500.0
-7500.0
-7500.0
-7500.0
7500.0
7500.0
7500.0
7500.0
7500.0
7500.0
7500.0
-7500.0
7500.0
7500.0
7500.0
7500.0
-7500.0
-7500.0
-7500.0
-6841.723423156649
-7242.62677961078
-6846.237920372279
-7024.414117723463
-3133.8297033027306
7500.0
7500.0
7500.0
7500.0
7500.0
7500.0
7500.0
7500.0
7500.0
-7500.0
7500.0
-7500.0
-7500.0
-4265.447667087015
-5130.030312133049
-3670.2580383645345
7500.0
7500.0
7500.0
7500.0
7500.0
7500.0
7500.0
7500.0
7500.0
-7500.0
-6252.871677059406
-6798.989041768391
-5875.754734552873
7500.0
7500.0
7500.0
7500.0
7500.0
7500.0
-1742.424242424247
5848.3976992604785
4352.786942601317
2922.9557574589962
-3712.1212121212125
2285.4077253218898
1497.609464070451
1484.7124806763818
1088.9877043909528
-986.8350086856085
-1770.2780192713476
-1008.8257213701363
6306.5616155704665
-4545.454545454546
-449.57183634633566
110.46549634673056
1056.03582545901
1930.7066289216368
2283.334694094458
3706.1267818468023
5739.705308563188
4658.303338150072
-2272.727272727273
5778.68852459016
-681.8181818181819
3293.650793650789
-2500.0000000000005
7500.0
-1343.384338433847
-1692.526220534352
-316.93898498281305
7500.0
-2716.1944407143837
-3340.016079315683
-3230.826710712058
-3176.7095013624094
-3470.869926397072
-1771.7334564884004
7500.0
7500.0
7500.0
7500.0
7500.0
-3837.1230845279265
-3623.5776111178493
-1275.2169244354077
-186.7489428282779
-723.626845278734
151.95340167418362
2956.194627001999
5360.193632776287
4255.435360532663
2037.6630307781616
1365.0179075598517
11.235627984899565
-97.64669508696716
7500.0
-3266.48841354724
-2735.837833113199
-2894.8679325978396
-3805.4194366289394
-4758.632741172618
-4160.762557482667
-4432.245234834994
-3240.7315249009425
-961.0207905815901
3257.868375823409
7500.0
5196.131403879801
7500.0
7500.0
2876.347748587176
7500.0
7500.0
-6527.540823787473
-6797.626762012946
-7109.4563625771225
-7500.0
-7500.0
-7500.0
-7500.0
7500.0
7500.0
7500.0
7500.0