Demand
7500.0
7500.0
7500.0
7500.0
7500.0
7500.0
7500.0
7500.0
7500.0
7500.0
7500.0
7500.0
-7500.0
-7500.0
-7500.0
-7500.0
-7500.0
7500.0
7500.0
7500.0
7500.0
7500.0
7500.0
7500.0
7500.0
7500.0
-7500.0
-7500.0
-6857.625845229151
-6955.7243346739015
-7500.0
-7500.0
7500.0
7500.0
7500.0
7500.0
7500.0
7500.0
7500.0
7500.0
7500.0
-7322.843822843823
-7500.0
-7500.0
-7500.0
-7500.0
-7500.0
-7500.0
7500.0
7500.0
7500.0
7500.0
7500.0
7500.0
7500.0
7500.0
7500.0
7500.0
-3258.65415723067
-2959.214968686374
-2886.619741360289
-2040.9609460914266
6438.33065548824
7403.389304261214
3222.6865402818557
3373.483559861666
7500.0
-3742.1929215822347
-2563.6076572886327
7500.0
-2077.950713452175
7500.0
-7002.883680771047
-7105.8103728378865
-7500.0
-6971.614521629508
7500.0
7500.0
7500.0
7500.0
7500.0
-7500.0
-7500.0
7500.0
7500.0
7500.0
7500.0
-7500.0
-7500.0
-7500.0
7500.0
7500.0
7500.0
7500.0
-7500.0
-7500.0
7500.0
7500.0
7500.0
7500.0
7500.0
-7500.0
-7500.0
-7500.0
-7500.0
-7500.0
-7500.0
-7500.0
-7500.0
7500.0
7500.0
7500.0
7500.0
7500.0
7500.0
7500.0
7500.0
-7500.0
-7500.0
-7500.0
7500.0
7500.0
7500.0
7500.0
7500.0
7500.0
-7140.151515151516
-7278.339490569706
-7500.0
-7500.0
7500.0
7500.0
7500.0
7500.0
7500.0
-7500.0
-7500.0
-7500.0
-7500.0
-7500.0
-7500.0
-7500.0
7500.0
7500.0
7500.0
7500.0
7500.0
7500.0
7500.0
7500.0
7500.0
-7013.190358701842
-7500.0
-7500.0
7500.0
7500.0
7500.0
7500.0
-5449.148476852964
-4420.646118375904
-3701.185800786792
7500.0
7500.0
7500.0
7500.0
-7500.0
-7500.0
-7500.0
-7500.0
-7500.0
7500.0
7500.0
7500.0
7500.0
7500.0
7500.0
7500.0
-7500.0
-7500.0
-7500.0
7500.0
7500.0
7500.0
7500.0
-6794.990723562154
-6149.093107617893
7500.0
7500.0
-7500.0
-7500.0
-7500.0
7500.0
7500.0
7500.0
7500.0
7500.0
-7330.860534124629
-7500.0
-7267.94512841414
-6879.559720706009
-6967.037250672185
7383.410747904649
-7500.0
7500.0
7500.0
7500.0
7500.0
7500.0
-7500.0
7500.0
7500.0
7500.0
-7500.0
-7500.0
-7500.0
-7500.0
7500.0
7500.0
7500.0
7500.0
7500.0
-7500.0
-7500.0
-7500.0
-7500.0
-7500.0
-7500.0
-7500.0
7500.0
7500.0
7500.0
7500.0
7500.0
7500.0
7500.0
7500.0
7500.0
-7500.0
-7500.0
-7500.0
-7500.0
-7500.0
-7500.0
2529.325513196433
7500.0
7500.0
7500.0
7500.0
7500.0
7500.0
7500.0
7500.0
-7500.0
-7500.0
-7500.0
-7500.0
-7500.0
-7500.0
-7500.0
-7500.0
7500.0
7500.0
7500.0
7500.0
7500.0
7500.0
7500.0
7500.0
7500.0
-7340.5267280934095
-7500.0
-7500.0
-7500.0
-7500.0
-7500.0
-7500.0
7500.0
7500.0
7500.0
7500.0
7500.0
7500.0
3611.199987841707
7500.0
7500.0
7500.0
7500.0
-7500.0
-7500.0
-7500.0
-7500.0
7500.0
7500.0
7500.0
7500.0
7500.0
-7500.0
7500.0
7500.0
7500.0
-7500.0
7500.0
7500.0
7500.0
-7500.0
7500.0
7500.0
7500.0
-7500.0
7500.0
7500.0
7500.0
-7500.0
-7500.0
-7500.0
-6906.662040249828
-5234.86344566494
-3160.4619439867092
7500.0
7500.0
7500.0
7500.0
7500.0
7500.0
7500.0
-7500.0
-4517.045454545458
-2535.5526826114988
2105.0116149643213
7500.0
7500.0
7500.0
-6421.951834573196
-7292.649769481921
-7500.0
-7500.0
-7500.0
7500.0
7500.0
7500.0
7500.0
7500.0
7500.0
-7500.0
-7500.0
-7500.0
-7500.0
7500.0
7500.0
7500.0
7500.0
7500.0
-7332.451499118166
-7500.0
-7500.0
-7500.0
-7500.0
7500.0
7500.0
7500.0
7500.0
7500.0
7500.0
7500.0
-6698.6879100281185
-6442.008396344576
-6302.714969111756
-6551.807925914378
-7187.517089949433
-7500.0
7500.0
7500.0
7500.0
7500.0
7500.0
7500.0
7500.0
-7500.0
-7500.0
7500.0
7500.0
7500.0
7500.0
-7500.0
-7500.0
-7500.0
-7500.0
-7500.0
7500.0
7500.0
7500.0
7500.0
7500.0
7500.0
-7500.0
-7500.0
7500.0
7500.0
7500.0
-7500.0
-7500.0
-7500.0
-7500.0
-6597.693351424699
7500.0
7500.0
7500.0
7500.0
7500.0
7500.0
7500.0
-7500.0
-7326.501623376622
-6675.817725195922
-6171.80958106097
-4986.112649502746
1501.7869783464807
7500.0
7500.0
7500.0
7500.0
7500.0
-6317.836156239198
-3070.2141551196364
-2798.3029559013703
436.8875396181029
6992.8326451155135
3911.2775853707735
7500.0
7500.0
-7272.727272727273
-7319.791337337969
-7053.451334309864
-6852.90887887122
-6654.544110311448
7500.0
7500.0
7500.0
7500.0
7500.0
-6880.77131993482
-6643.85117942563
-6716.615967908179
-7500.0
-7500.0
7500.0
5986.941553388273
3703.777502976979
7500.0
932.8292310518887
7500.0
7500.0
-7500.0
-7500.0
-7500.0
7500.0
7500.0
7500.0
7500.0
-7500.0
-7213.937482076282
-5937.759078992496
7500.0
7500.0
7500.0
7500.0
7500.0
7500.0
-7500.0
-7500.0
-5975.935828877007
7500.0
7500.0
1757.9617834394976
7500.0
7500.0
7500.0
-7172.727272727274
-7500.0
-7500.0
7500.0
7500.0
7500.0
7500.0
-6649.019247553862
-6373.791423387671
-6436.630582818954
-6232.8345920722095
-5856.059495414385
-6475.667037050196
-7500.0
7500.0
7500.0
7500.0
7500.0
7500.0
7500.0
7500.0
-5864.348571356095
-5631.381397457186
-4752.96891415151
7500.0
7500.0
-7500.0
7500.0
7500.0
7500.0
-7500.0
-7125.973848159645
-6661.15798220006
-5804.003342942151
-6045.776698236437
-5569.542274349991
-3749.842668734498
3167.770603601492
7500.0
1231.432623466079
7500.0
7500.0
7500.0
7500.0
7500.0
7500.0
-7500.0
-7500.0
-7500.0
-7500.0
-7500.0
-7500.0
-7500.0
-7500.0
7500.0
7500.0
7500.0
7500.0
7500.0
7500.0
7500.0
7500.0
7500.0
-4591.836734693876
7500.0
-7500.0
-7500.0
-7500.0
7500.0
7500.0
7500.0
7500.0
-7500.0
-7500.0
7500.0
7500.0
7500.0
-7500.0
-7500.0
-7500.0
-6935.992578849724
-6159.410252964233
-2561.005581880734
7500.0
7500.0
7500.0
7500.0
7500.0
7500.0
-7500.0
-7500.0
-6998.533724340177
-7052.417099642544
7500.0
7500.0
7500.0
7500.0
7500.0
7500.0
7500.0
-7500.0
-7500.0
-7500.0
-7109.130094043889
-5125.049762487039
7500.0
7500.0
7500.0
7500.0
7500.0
7500.0
-7500.0
-7500.0
-7079.284044777956
-7500.0
-6532.752423993503
-7500.0
-4573.360932500316
7500.0
7500.0
7500.0
7500.0
7500.0
7500.0
7500.0
7500.0
-7500.0
-7500.0
-7312.14825330832
-7286.358332589791
-6735.34686466397
-7173.5196815597465
-7500.0
-7500.0
7500.0
7500.0
7500.0
7500.0
7500.0
7500.0
7500.0
7500.0
7500.0
7500.0
-7146.119733924614
-7303.726839754168
-6597.862080280911
-6691.192793468614
-7500.0
-7500.0
-7500.0
7500.0
7500.0
7500.0
7500.0
7500.0
7500.0
7500.0
7500.0
-7500.0
-4527.790526184874
-3233.936170183337
7500.0
7500.0
7500.0
-6732.853605139433
-7171.515724589623
-7500.0
-7500.0
-6781.500758427837
-7500.0
-7500.0
-7500.0
7500.0
7500.0
7500.0
7500.0
7500.0
7500.0
7500.0
7500.0
-3045.7150299557175
-705.0298195795876
7059.811760427228
5034.4077466196
3917.54016256356
3070.7263733104483
-3181.818181818182
1557.603178106377
1650.3825968991919
1392.8097589068407
-643.9914520615266
-1704.615270567172
-1860.8496799393579
-908.6119867492071
-297.67657795569266
-239.83354175771365
486.0211166505442
1638.4380161631861
2613.443889449659
2793.0326948192974
3881.1123045292147
4397.024388221571
-1893.939393939394
7500.0
5589.208089208094
-681.8181818181819
3833.333333333325
-2500.0000000000005
645.332927941623
-543.5107508794181
-1470.9238632161687
-2715.6028884296684
-2774.4664802174716
-2110.311846143515
-2693.652427990614
-2318.8439740362537
-1759.586970294824
-859.7860156488605
7500.0
7500.0
7500.0
7500.0
-6818.181818181819
-4762.85460992908
-2105.4080468551965
-1270.0583114316319
3750.1747484117545
5382.135068089177
3235.584676078735
4551.551499547511
7463.212338704358
4958.628286533554
-3181.818181818182
7500.0
662.529712036785
-502.38586833402496
-1758.736703136612
-2444.715254861507
-2923.34118156313
-2197.040203467473
-2191.0882616389626
-3010.0534400652778
-3801.498971548585
-1769.8270824028805
959.201573652379
7500.0
7500.0
7500.0
7500.0
-6590.909090909092
-4073.8328992185993
-949.1628255815631
7500.0
7500.0
7500.0
-6539.557088983391
-6735.060110161248
-6969.444272366925
-7500.0
7500.0
7500.0
7500.0
7500.0
-7500.0
-7500.0
-7500.0