Demand
7500.0
7500.0
7500.0
7500.0
7500.0
7500.0
7500.0
7500.0
7500.0
7500.0
7500.0
7500.0
7500.0
7500.0
7500.0
7500.0
7500.0
7500.0
7500.0
-7500.0
-7500.0
-7500.0
7500.0
7500.0
7500.0
7500.0
7500.0
7500.0
7500.0
7500.0
7500.0
-7500.0
-7500.0
-7500.0
-7500.0
7500.0
7500.0
7500.0
7500.0
-7500.0
-7500.0
-7090.113047300958
-7500.0
7500.0
7500.0
7500.0
7500.0
7500.0
-7500.0
-7500.0
-7500.0
-7500.0
-7500.0
7500.0
7500.0
7500.0
7500.0
7500.0
7500.0
7500.0
-3982.1221389802645
-3688.619915747255
528.4866698410815
7213.523474517058
3375.62555360755
3159.377076512203
7500.0
-4587.143625605166
-4760.872015435618
-5439.709150341576
-5995.883346276085
-6427.722562078705
-6714.50723057858
-6768.2222113961925
-7500.0
7500.0
7500.0
7500.0
7500.0
7500.0
7500.0
7500.0
-7500.0
-7500.0
-7500.0
-7500.0
7500.0
7500.0
7500.0
7500.0
7500.0
-7135.3400294287
-7285.543306588115
-7223.71146252216
-7500.0
-7500.0
7500.0
7500.0
7500.0
7500.0
7500.0
7500.0
-7500.0
-7500.0
-7500.0
-7500.0
-7500.0
7500.0
7500.0
7500.0
7500.0
7500.0
7500.0
7500.0
-7188.217919264853
-7500.0
-7500.0
7500.0
7500.0
7500.0
-7500.0
-7500.0
-7500.0
-7500.0
7500.0
7500.0
7500.0
7500.0
7500.0
7500.0
-7500.0
-7500.0
-7500.0
-7500.0
-7500.0
7500.0
7500.0
7500.0
7500.0
7500.0
7500.0
-7500.0
-7500.0
-7500.0
-7500.0
-7500.0
-7500.0
7500.0
7500.0
7500.0
7500.0
7500.0
7500.0
7500.0
-7500.0
7500.0
7500.0
-7163.518299881936
-5409.635015637652
-4328.626341126215
-3461.6072575069666
7500.0
7500.0
7500.0
7500.0
-7500.0
-7500.0
7500.0
7500.0
7500.0
-7500.0
-7310.350122850123
-7067.678649328887
-6984.713596726971
-7500.0
-7500.0
-7500.0
7500.0
7500.0
7500.0
7500.0
7500.0
7500.0
7500.0
7500.0
-6776.718345932664
7500.0
7500.0
-7500.0
-7500.0
-7500.0
-7500.0
-7500.0
-7500.0
-7500.0
7500.0
7500.0
7500.0
7500.0
7500.0
7500.0
7500.0
7500.0
-7500.0
7500.0
7500.0
7500.0
7500.0
-7500.0
-7500.0
7500.0
7500.0
-7500.0
-7500.0
-7500.0
-7500.0
-7500.0
-7500.0
7500.0
7500.0
7500.0
7500.0
7500.0
7500.0
7500.0
7500.0
-7500.0
7500.0
7500.0
7500.0
-7335.207195631225
-7500.0
-7500.0
-7500.0
-7500.0
7500.0
7500.0
7500.0
7500.0
7500.0
-7500.0
-7500.0
-7500.0
-6147.269633127829
7500.0
7500.0
6380.064986032767
7500.0
2137.591628992584
7500.0
-7500.0
7500.0
7500.0
7500.0
7500.0
-7500.0
-7500.0
-7500.0
7500.0
7500.0
7500.0
-7500.0
-7500.0
-7500.0
-7500.0
7500.0
7500.0
7500.0
7500.0
-7331.759149940966
-7500.0
-7500.0
-7500.0
7500.0
7500.0
7500.0
7500.0
7500.0
-3652.1152115211553
7500.0
7500.0
-1779.8110979929152
561.2969584169946
7500.0
7500.0
7500.0
-7500.0
7500.0
-7500.0
-7500.0
-7500.0
-7500.0
-7500.0
7500.0
7500.0
7500.0
7500.0
7500.0
7500.0
7500.0
7500.0
-7500.0
-7309.922019289967
-7500.0
-7500.0
-7500.0
-7500.0
-7500.0
7500.0
7500.0
7500.0
7500.0
7500.0
7500.0
7500.0
7500.0
-6530.429299304607
-6611.762132285745
-6691.765265642176
-7500.0
-7500.0
7500.0
7500.0
7500.0
7500.0
7500.0
7500.0
7500.0
7500.0
-5249.544442194778
-5417.37303637739
-5574.141728724195
-5967.092136208234
-7157.770482561735
-7500.0
7500.0
7500.0
7500.0
7500.0
7500.0
7500.0
7500.0
-7130.398132537935
-7500.0
-7500.0
-7500.0
-7500.0
7500.0
7500.0
7500.0
7500.0
7500.0
7500.0
-7500.0
-7500.0
-7500.0
-7500.0
-7500.0
7500.0
7500.0
7500.0
7500.0
7500.0
7500.0
7500.0
-6444.537518737325
-6341.264735758898
-6629.401087214788
-7242.392293929583
-7500.0
-7500.0
-7500.0
7500.0
7500.0
7500.0
7500.0
7500.0
7500.0
7500.0
7500.0
-7500.0
-7500.0
-7500.0
-7500.0
-7500.0
-7500.0
7500.0
7500.0
7500.0
7500.0
7500.0
7500.0
7500.0
7500.0
-7500.0
7500.0
-7500.0
-7500.0
-7500.0
-7500.0
-7500.0
7500.0
7500.0
7500.0
7500.0
7500.0
7500.0
-7500.0
-7500.0
-7500.0
-7500.0
-7500.0
-7011.149228130364
-2816.359752631324
7500.0
7500.0
7500.0
7500.0
7500.0
7500.0
7500.0
7500.0
7500.0
-4647.623019182653
-4861.431310214284
-4180.066599890632
-3744.1887086826496
-1552.3154069809552
7500.0
7500.0
-3638.30275688668
7500.0
-7184.061327691641
-7154.041479056215
-7305.230178233345
-6579.365999346119
-6051.120207533921
-5409.424938332593
-2096.8180851338184
7500.0
7500.0
7500.0
7500.0
7500.0
7500.0
7500.0
-4290.920943463316
-4171.433856724963
-3145.6868834612233
7500.0
7500.0
7500.0
-7500.0
-7500.0
-7500.0
-7500.0
-7500.0
-7500.0
-6839.428277105335
-7500.0
7500.0
7500.0
7500.0
7500.0
7500.0
7500.0
7500.0
7500.0
-7500.0
-7500.0
7500.0
7500.0
7500.0
7500.0
-4894.364232961505
-4184.973417575504
7500.0
7500.0
7500.0
-7500.0
7500.0
7500.0
-7500.0
-6706.864564007421
-5529.0138516442585
-1778.5180391345116
7500.0
7500.0
7500.0
7500.0
7500.0
7500.0
-7500.0
-7500.0
-7500.0
-7500.0
-7500.0
-6486.606613725258
-3857.390829391132
-925.3699557430232
7500.0
7500.0
7500.0
7500.0
7500.0
7500.0
7500.0
7500.0
-7112.332804352756
-6546.845349281797
-5189.932584581915
-4513.2496717928625
7500.0
7500.0
7500.0
7500.0
7500.0
7500.0
-7500.0
7500.0
-7500.0
-7500.0
7500.0
7500.0
7500.0
7500.0
-7500.0
7500.0
7500.0
7500.0
7500.0
-7500.0
-7500.0
-6798.490318345914
-5710.868425680215
-5344.441604901029
-744.7038232729105
7500.0
7500.0
7500.0
7500.0
7500.0
7500.0
7500.0
-7500.0
-7500.0
-7500.0
-7500.0
-7500.0
-7500.0
-7500.0
7500.0
7500.0
7500.0
7500.0
7500.0
7500.0
7500.0
7500.0
-6706.864564007421
7500.0
-6648.38906392926
-7500.0
7500.0
7500.0
7500.0
-7500.0
-7500.0
-7041.86646927067
-7230.964216659122
-7500.0
-7500.0
-7500.0
7500.0
7500.0
7500.0
7500.0
7500.0
7500.0
7500.0
7500.0
7500.0
7500.0
-7160.431311807461
-5807.9468201853415
-5639.323353485404
7500.0
7500.0
7500.0
-7500.0
-7161.2813500292195
-7500.0
-6875.671900638632
-7500.0
-6899.179007849092
-7082.381266231674
-7500.0
7500.0
7500.0
7500.0
7500.0
7500.0
7500.0
7500.0
7500.0
7500.0
-7326.888034014984
-6929.359156231343
-7286.5480102322545
-7500.0
-7500.0
-7500.0
-7500.0
7500.0
7500.0
7500.0
7500.0
7500.0
7500.0
7500.0
7500.0
7500.0
-7334.371108343712
-6772.443059620851
-6888.922377959052
-7500.0
-7500.0
-7500.0
-7500.0
7500.0
7500.0
7500.0
7500.0
7500.0
7500.0
7500.0
7500.0
7500.0
7500.0
7500.0
-6811.386288130476
-6566.541071394893
-6470.100165774958
-7032.996380144512
-7500.0
-7500.0
-5680.1692872971435
-7500.0
7500.0
7500.0
7500.0
7500.0
7500.0
7500.0
7500.0
7500.0
7500.0
-4460.43683074436
-3888.7815007689624
-2822.25369489098
524.6905201128452
1671.2893864010352
2476.081398197629
3553.1208087394334
4631.096134094343
3019.189825268408
2626.9258236808505
1791.144342842863
-732.4456129384798
-727.0464827589271
7500.0
-1759.6624931954284
-1266.3873592237524
-1243.9827610415791
-653.7850964085992
328.4430472425274
1255.2223745793626
1625.417130631436
2889.812998035503
3847.3309773730016
-1893.939393939394
7500.0
4811.124542254772
-681.8181818181819
2875.5868544600935
-2500.0000000000005
-156.2500000000009
-1216.8662870606731
-2034.9001485584636
-3130.338900729834
-3107.41218178619
-2311.7934105252825
-2568.3882342253514
-1193.70577891303
4446.7853504908435
7500.0
-1943.8001292387776
7500.0
-7131.360468499053
-6847.478453107049
-4995.840566941888
-2374.920815518873
7060.066105811959
5174.634750356333
7500.0
7500.0
2451.1044070488333
7500.0
-4090.9090909090914
2275.6680192940803
2320.956699007312
1154.4227082930665
781.6475658607033
-401.89951371524785
-1660.9249434221542
-2320.469102357258
-2747.912559134061
-1864.6465878044564
-1683.8362848936977
-2319.7795940309497
-2636.6888185578423
5098.160397996175
6654.132451982161
7500.0
690.9827855113326
7500.0
-5291.913079356347
-5294.116247952374
-4445.6399604009075
-3822.597650965161
-3743.8613066746034
-4117.406128197572
-2808.021624128865
764.2487527678095
7500.0
7500.0
7500.0
7500.0
7500.0
7500.0
-7500.0
-7500.0
-7500.0
7500.0