Demand
-7500.0
-7500.0
-7500.0
7500.0
7500.0
7500.0
7500.0
7500.0
7500.0
-7500.0
-7500.0
-7500.0
-7500.0
-7500.0
-7500.0
7500.0
7500.0
7500.0
7500.0
7500.0
7500.0
7500.0
-7500.0
-7500.0
-7500.0
-7500.0
-7500.0
-7500.0
-5557.896049510704
-2950.19831287251
7500.0
7500.0
7500.0
7500.0
7500.0
7500.0
7500.0
7500.0
7500.0
-7500.0
-7500.0
-7258.360810174279
-7500.0
-7500.0
7500.0
7500.0
7500.0
7500.0
7500.0
7500.0
7500.0
-7500.0
-7500.0
-7500.0
-5732.03603869729
-3513.1692533428577
522.4628823915286
2831.265602572786
4052.1426814957017
4443.84839678372
3671.8120954771007
4935.176332024948
7500.0
7500.0
6915.506650583329
-1102.4392291029221
7500.0
-4353.573503776875
-4463.928798102501
-5124.554681477606
-5637.1278394256915
-5964.567398259367
-5855.572607304086
7500.0
7500.0
7500.0
7500.0
7500.0
7500.0
-7168.893406912579
-7500.0
-7500.0
-7500.0
7500.0
7500.0
7500.0
7500.0
7500.0
-7500.0
-7500.0
-7500.0
-6788.537549407118
-6335.246455097913
7500.0
7500.0
7500.0
7500.0
7500.0
-7500.0
-7500.0
-7500.0
-7500.0
7500.0
7500.0
7500.0
7500.0
7500.0
7500.0
7500.0
7500.0
-7500.0
-7500.0
-7500.0
7500.0
7500.0
7500.0
7500.0
7500.0
7500.0
-7500.0
-7500.0
-7500.0
-7500.0
-7500.0
-7210.953346855986
-6305.2807263634695
-6111.309810222932
630.8932874482093
7500.0
7500.0
7500.0
7500.0
7500.0
7500.0
7500.0
7500.0
-7500.0
-7500.0
7500.0
7500.0
7500.0
7500.0
-7500.0
-7500.0
-7500.0
-7500.0
-7500.0
-7500.0
7500.0
7500.0
7500.0
7500.0
7500.0
7500.0
7500.0
7500.0
-7500.0
-7129.113218070275
-5087.818365916353
-3513.4726148843565
-678.4063762401856
7500.0
7500.0
7500.0
7500.0
-7500.0
-7500.0
-7500.0
-7500.0
-7500.0
7500.0
7500.0
7500.0
7500.0
7500.0
7500.0
7500.0
-7500.0
-7500.0
-7500.0
-7500.0
-7500.0
7500.0
7500.0
7500.0
7500.0
7500.0
7500.0
7500.0
-7500.0
7500.0
7500.0
-7500.0
-7500.0
-7500.0
-7500.0
-7159.904534606207
-7500.0
-6058.418564099127
7500.0
7500.0
7500.0
7500.0
7500.0
7500.0
7500.0
7500.0
7500.0
-7500.0
-7500.0
-7500.0
-7500.0
7500.0
7500.0
7500.0
7500.0
7500.0
-7500.0
-7500.0
-7500.0
-7500.0
-7500.0
-7500.0
-7500.0
7500.0
7500.0
7500.0
7500.0
7500.0
7500.0
7500.0
-7500.0
-7500.0
-7500.0
-7500.0
-7500.0
-7500.0
-7500.0
7500.0
7500.0
7500.0
7500.0
7500.0
7500.0
7500.0
7500.0
7500.0
7500.0
-7003.113325031134
-7500.0
-7500.0
-7500.0
-7500.0
-7500.0
-7500.0
7500.0
7500.0
7500.0
7500.0
7500.0
7500.0
7500.0
7500.0
-7500.0
-7500.0
-7500.0
-7500.0
-7500.0
-7500.0
-5327.411202851545
7500.0
7500.0
7500.0
7500.0
7500.0
7500.0
7500.0
7500.0
7500.0
-4679.697601240236
-3174.668816639761
-2413.616072736293
7500.0
-2894.4906874899225
7500.0
-7345.508329692633
-7500.0
-7500.0
-7500.0
-7500.0
-7500.0
7500.0
7500.0
7500.0
7500.0
7500.0
7500.0
-7500.0
7500.0
-7500.0
-7500.0
7500.0
7500.0
7500.0
7500.0
7500.0
-7500.0
-7500.0
-7500.0
7500.0
7500.0
7500.0
7500.0
-7500.0
-7500.0
-6758.472711330736
-623.1028406667338
7500.0
7500.0
7500.0
7500.0
7500.0
-7500.0
-7500.0
-7500.0
7500.0
7500.0
7500.0
7500.0
7500.0
1136.363636363575
7500.0
-6215.251690458303
7500.0
7500.0
-7500.0
-7500.0
-7500.0
-7500.0
-7176.503972758232
-5603.203311395988
-5616.6359728758725
7500.0
7500.0
7500.0
7500.0
7500.0
7500.0
7500.0
7500.0
7500.0
-6577.421095225251
-4268.3921872107585
7500.0
7500.0
-7500.0
-7500.0
-7500.0
-7500.0
-7500.0
-7500.0
7500.0
7500.0
7500.0
7500.0
7500.0
7500.0
7500.0
7500.0
-7500.0
-7500.0
-7500.0
-7500.0
7500.0
7500.0
7500.0
7500.0
7500.0
7500.0
7500.0
-7500.0
-7500.0
-7500.0
-7500.0
-7500.0
7500.0
7500.0
7500.0
7500.0
7500.0
7500.0
-7326.030085022892
-7500.0
-7500.0
-7500.0
-7500.0
-7500.0
-7500.0
7500.0
7500.0
7500.0
7500.0
7500.0
7500.0
7500.0
7500.0
-7500.0
-7500.0
-7500.0
7500.0
7500.0
7500.0
7500.0
7500.0
7500.0
-6569.134458356017
-6359.005216524109
-6081.250502918068
-4703.345912931436
7500.0
7500.0
7500.0
-6237.039371653918
309.8187286738362
7500.0
7500.0
-6439.39393939394
-5328.014509214818
-5724.353198573623
-6346.768934898018
-6857.005129427174
-7250.101560398312
-6872.13569280692
-6606.821422046722
-6598.009838717468
7500.0
7500.0
7500.0
7500.0
7500.0
7500.0
7500.0
7500.0
7500.0
-7500.0
-3616.3522012578615
-3929.674031024228
-4228.721954873015
-4510.142071305485
-4765.385398979279
-5691.506992769644
-6167.851204618051
7500.0
7500.0
7500.0
7500.0
7500.0
7500.0
7500.0
-7500.0
-7307.775690128634
-6847.834117322109
-7245.626052246218
-7500.0
-7500.0
-7500.0
7500.0
7500.0
7500.0
7500.0
7500.0
7500.0
7500.0
7500.0
7500.0
-2789.2561983471064
7500.0
7500.0
7500.0
-7500.0
-7500.0
-7500.0
-7500.0
-6098.105301512116
-2015.5266149193317
7500.0
7500.0
7500.0
7500.0
7500.0
7500.0
7500.0
7500.0
-7500.0
-7500.0
7500.0
7500.0
7500.0
-6291.714614499428
-6320.87379535278
-6310.736275665309
-5870.638542306046
-6882.375828238712
7500.0
7500.0
7500.0
7500.0
7500.0
7500.0
-6890.048154093098
-6323.007177668971
-6548.813886614287
-6355.389876702171
-5654.142635179747
-4279.390556568105
7500.0
-2574.7704809991774
7500.0
7500.0
7500.0
7500.0
-7500.0
7500.0
7500.0
7500.0
-7500.0
-7500.0
-7500.0
-7500.0
-7500.0
-7500.0
-7500.0
7500.0
7500.0
7500.0
7500.0
7500.0
7500.0
7500.0
-5879.073756432248
-5332.011136961748
-7060.982933528319
-7500.0
-7500.0
-7500.0
-7500.0
7500.0
7500.0
7500.0
7500.0
7500.0
7500.0
7500.0
7500.0
-7500.0
-7500.0
-7500.0
-6659.179605169629
-3204.392337825821
7500.0
7500.0
7500.0
7500.0
7500.0
7500.0
-7500.0
7500.0
7500.0
-7189.479060265578
-7318.650849339714
-7500.0
-7500.0
7500.0
7500.0
7500.0
7500.0
7500.0
-7500.0
-7500.0
-7500.0
-7230.11363636364
-6780.456342161948
-5136.025886840918
-3606.00465368816
7500.0
7500.0
7500.0
7500.0
7500.0
7500.0
7500.0
7500.0
-7038.984147525072
-7500.0
-6582.924427292981
7500.0
7500.0
7500.0
-7500.0
-7500.0
-7500.0
7500.0
7500.0
7500.0
7500.0
-7324.0469208211125
-7300.561469177683
-6787.924172639301
-7195.503308001838
-7500.0
-7500.0
7500.0
7500.0
7500.0
7500.0
7500.0
7500.0
7500.0
-7500.0
-6884.3292255329925
-7220.291837598308
-6323.124071409322
7500.0
7500.0
7500.0
7500.0
7500.0
-7500.0
-7500.0
-7500.0
-6994.456762749447
-6492.77339372745
-6947.995709272851
-7500.0
7500.0
7500.0
7500.0
7500.0
7500.0
7500.0
7500.0
-5965.380718400262
-2996.6623229398842
7500.0
7500.0
7500.0
7500.0
-7500.0
-7500.0
-7500.0
-5906.5749748406615
-6580.749111813333
-5274.718687317214
7500.0
7500.0
7500.0
7500.0
7500.0
7500.0
7500.0
7500.0
1419.5230998509655
2246.4814050175046
3331.7876300940584
4361.04719912504
2657.080160419924
2203.4938129594025
1249.715022169412
-4318.181818181819
7500.0
-1190.0369003690043
75.01221234715604
960.6728578454481
1174.7031110328594
2294.0161585087644
3729.0350363386424
3878.7343738535146
2023.6699905458136
-3106.0606060606065
4791.718664204063
4486.816181884204
3073.6854591988176
-1363.6363636363637
6453.488372093021
-2348.4848484848485
3050.6216696270003
-3939.39393939394
-523.2558139534858
-1073.9402226997404
-1255.8545026217544
7500.0
-5606.060606060606
-3355.1483420593363
-3313.964417271105
-3388.131455965473
-3928.982581941058
-3728.293829961596
7500.0
7500.0
7500.0
7500.0
7500.0
7500.0
-3181.818181818182
-133.43403826787926
1509.5673875082302
1018.81456528027
2744.815300827817
6739.174986757158
5210.863645512112
-3181.818181818182
7500.0
261.41325922985425
-842.7630842978856
-2036.2784929804257
-2687.263138114051
-3138.342561075482
-2432.8465561053945
-2399.912570207603
-3139.7861372264183
-3810.3260179741083
-1242.7327703848587
5095.2248685336945
7500.0
7500.0
1939.543132006333
7500.0
-5314.696485623004
-4446.662832486469
-3770.7355428616534
-3596.917074945312
-3802.1616291480314
-1489.3652066620048
7500.0
7405.425270283953
-1440.6724615463386
7500.0
7500.0
7500.0
-7500.0
7500.0
-7500.0
-7500.0
-7500.0