Demand
7500.0
7500.0
7500.0
7500.0
7500.0
7500.0
7500.0
7500.0
7500.0
7500.0
7500.0
7500.0
7500.0
7500.0
7500.0
7500.0
7500.0
7500.0
7500.0
7500.0
7500.0
-7500.0
-7500.0
-7500.0
-7500.0
-7500.0
-7500.0
7500.0
7500.0
7500.0
7500.0
7500.0
7500.0
7500.0
7500.0
7500.0
7500.0
-7500.0
-7500.0
-7500.0
7500.0
7500.0
7500.0
7500.0
7500.0
-7500.0
-7500.0
-7500.0
-7500.0
7500.0
7500.0
7500.0
7500.0
7500.0
-6296.259050683831
-5019.159211410548
-2995.9677396751317
-1963.528844589755
-1168.3882506614586
-314.6001626673851
332.09027782963904
2805.8525872249943
7500.0
7500.0
7500.0
-1184.5546691072036
7500.0
-4157.702142668197
-4312.217407367445
-5056.523868911752
-5662.175279718102
-6122.588790134425
-6389.441988921879
-6176.525818308743
-7500.0
7500.0
7500.0
7500.0
7500.0
7500.0
7500.0
7500.0
7500.0
7500.0
-7500.0
-7500.0
-7500.0
-7500.0
-7500.0
7500.0
7500.0
7500.0
7500.0
7500.0
7500.0
-7500.0
-7500.0
7500.0
7500.0
7500.0
7500.0
-7500.0
-7500.0
-7500.0
-7500.0
7500.0
7500.0
7500.0
7500.0
7500.0
7500.0
-7500.0
-7500.0
-7003.181382376015
-6845.296005534641
-7500.0
-7500.0
7500.0
7500.0
7500.0
7500.0
7500.0
7500.0
7500.0
-7337.94191509735
-6968.167721796935
-7103.956487983285
-7269.623474076352
-7500.0
-7500.0
-7500.0
7500.0
7500.0
7500.0
7500.0
7500.0
7500.0
7500.0
7500.0
-7500.0
-7500.0
-7500.0
-7500.0
-7500.0
-7500.0
-7500.0
-7500.0
7500.0
7500.0
7500.0
7500.0
7500.0
7500.0
7500.0
7500.0
7500.0
7500.0
7500.0
7500.0
7500.0
7500.0
7500.0
-6799.228194795436
-7293.7538828141605
-7500.0
-7500.0
7500.0
7500.0
7500.0
7500.0
7500.0
7500.0
-7172.833237670538
-7139.412687227255
-7500.0
-7500.0
-7500.0
-7500.0
-7500.0
7500.0
7500.0
7500.0
7500.0
7500.0
7500.0
7500.0
-7500.0
-7500.0
-7500.0
-7500.0
-7500.0
-7500.0
-7500.0
7500.0
7500.0
7500.0
7500.0
7500.0
7500.0
7500.0
7500.0
7500.0
-7500.0
-7500.0
-7500.0
-7500.0
-7500.0
-7500.0
-7500.0
7500.0
7500.0
7500.0
7500.0
7500.0
7500.0
7500.0
-7500.0
-7500.0
-7500.0
-7500.0
-7500.0
-7500.0
7500.0
7500.0
7500.0
7500.0
7500.0
7500.0
-7500.0
-7500.0
-6086.7768595041525
7500.0
7500.0
7500.0
-7500.0
7500.0
7500.0
7500.0
-7500.0
-7500.0
7500.0
7500.0
7500.0
-6957.831325301204
-6253.732961844542
-6251.404326559965
-5494.925012060352
-5260.666475100157
6625.027769098769
-7500.0
7500.0
7500.0
7500.0
7500.0
7500.0
-7500.0
-7500.0
-7500.0
-7500.0
7500.0
7500.0
7500.0
7500.0
7500.0
7500.0
7500.0
-7500.0
-7500.0
-7500.0
-6124.296057924383
7500.0
7500.0
7500.0
7500.0
7500.0
7500.0
-6457.477400680342
-5950.176819852006
-4162.551617575411
-3088.422278666252
-876.3498160093018
-886.122255004735
-1846.387180032305
5063.539239667505
7500.0
4806.344532015197
7500.0
7500.0
7500.0
-7500.0
-7500.0
-7500.0
-7500.0
-7500.0
-7500.0
-7500.0
7500.0
7500.0
7500.0
7500.0
7500.0
7500.0
7500.0
-7500.0
-7500.0
-7500.0
-7500.0
-7500.0
-7500.0
-7500.0
7500.0
7500.0
7500.0
7500.0
7500.0
7500.0
7500.0
7500.0
7500.0
7500.0
-7500.0
-7500.0
-7500.0
-7500.0
-7500.0
-7500.0
2370.1298701298742
7500.0
3915.052816901424
7500.0
4461.952772408689
7500.0
4442.109128937058
7500.0
7500.0
-7500.0
-7500.0
-7500.0
-7500.0
-7088.74458874459
-4363.481526770902
7500.0
5989.6788131633075
7500.0
7500.0
7500.0
7500.0
7500.0
7500.0
7500.0
-7500.0
7500.0
7500.0
-7500.0
-7500.0
-7500.0
7500.0
7500.0
7500.0
7500.0
7500.0
-7500.0
-7500.0
-7279.392792637826
-6060.665721667312
-4851.367533025175
-282.730960945717
7500.0
7500.0
7500.0
7500.0
7500.0
7500.0
-7500.0
-7500.0
-7500.0
7500.0
7500.0
7500.0
7500.0
-7500.0
-7500.0
-7500.0
7500.0
7500.0
7500.0
7500.0
7500.0
-7500.0
-7328.497743391361
-7310.44727411348
-7283.975704174176
-7500.0
-7500.0
-7500.0
-7500.0
7500.0
7500.0
7500.0
7500.0
7500.0
7500.0
7500.0
7500.0
-7500.0
-7500.0
-7500.0
7500.0
7500.0
7500.0
7500.0
-7500.0
-7267.891682785297
-6195.910682433774
-4314.786385145688
7500.0
7500.0
7500.0
7500.0
7500.0
7500.0
-7500.0
-5994.386968963243
5783.184083760927
4244.01643379519
7500.0
7500.0
-4731.631382316313
-1482.9422703728014
7500.0
7500.0
-7348.0108081203125
-7172.992618845483
-7142.4285731403525
-7299.4230333689975
-6559.907715034813
-6047.828580700618
-5500.809245803201
-3163.3281019146216
7500.0
6746.140250888064
7500.0
7500.0
-7500.0
7500.0
7500.0
7500.0
-4803.378394754367
-5147.29224796595
-5506.414300058663
-6356.65458220133
-6929.250171063219
-7500.0
-7500.0
7500.0
7500.0
7500.0
7500.0
7500.0
7500.0
7500.0
-7000.173711703148
-7317.5926061816135
-7500.0
-7500.0
-7500.0
-7500.0
-7500.0
7500.0
7500.0
7500.0
7500.0
7500.0
7500.0
7500.0
7500.0
-6480.755850185527
-7106.660916087521
-7500.0
-7500.0
-7500.0
7500.0
7500.0
7500.0
7500.0
7500.0
-6536.035384540259
-6361.26148086986
-6035.844498589477
-6591.378707835349
-7500.0
7500.0
7500.0
7500.0
7500.0
7500.0
7500.0
-7017.406310644346
-6282.16732733352
-6358.689986049632
-6431.374103436026
-6246.788972878736
-7185.4365339918095
-7500.0
-7500.0
7500.0
7500.0
7500.0
7500.0
7500.0
7500.0
7500.0
7500.0
-6533.256160573361
-6427.060621773495
-6469.4341735176
-7244.997414544663
-7500.0
-7500.0
7500.0
7500.0
7500.0
7500.0
7500.0
7500.0
-7500.0
-7500.0
7500.0
7500.0
7500.0
7500.0
-7500.0
-7500.0
-6013.060918542975
7500.0
7500.0
7500.0
7500.0
6524.489339303851
7500.0
-5376.3040238450085
-7055.174913644831
-7500.0
-7500.0
-7500.0
7500.0
7500.0
7500.0
7500.0
7500.0
7500.0
-7500.0
7500.0
7500.0
7500.0
-7500.0
-7500.0
-6901.995006032059
-5823.619659626218
7500.0
7500.0
7500.0
7500.0
7500.0
7500.0
-7500.0
7500.0
7500.0
7500.0
-7172.036823935559
7500.0
7500.0
7500.0
-7500.0
-7500.0
7500.0
7500.0
7500.0
7500.0
7500.0
-7324.769433465084
-7111.063390072179
-6610.966296697527
-6970.817428718074
-5072.751088925159
-5981.030887632329
-6146.798543309542
7500.0
7500.0
7500.0
7500.0
7500.0
7500.0
7500.0
7500.0
-7337.04974271012
-7500.0
-7500.0
-7500.0
-7500.0
-7500.0
7500.0
7500.0
7500.0
7500.0
7500.0
7500.0
-6916.420667638738
-7261.761202157904
-7500.0
-7500.0
7500.0
7500.0
7500.0
7500.0
7500.0
7500.0
-7500.0
-7500.0
-6903.40909090909
-7274.794283239502
-6963.365542278874
-7156.200786792264
-5405.53575218078
-4012.1196346808993
7500.0
7500.0
7500.0
7500.0
7500.0
7500.0
7500.0
7500.0
7500.0
-7128.543499511245
-7500.0
-7500.0
6971.528977306602
-304.70161875479334
7500.0
7500.0
7500.0
7500.0
-7172.727272727274
-7500.0
-7500.0
-6706.380310393481
-7500.0
-7500.0
7500.0
7500.0
7500.0
7500.0
7500.0
7500.0
7500.0
-3844.116006692702
7500.0
-3916.4466239155026
-2124.4958752876755
4641.565854149932
4720.2940000186845
2663.358070287524
-3712.1212121212125
2425.039947363475
1731.5997753812694
1790.898354433999
1485.9994189105496
-602.3360567307664
-1626.4211970962333
-1672.5317685698938
-467.5682766895752
440.84916152256983
785.8554911613805
2149.3523532708455
3887.9035074810126
3052.1107296242208
-3712.1212121212125
1836.3456650663647
3916.316798691745
3764.1363780371234
-2272.727272727273
5156.249999999998
-681.8181818181819
2921.455938697318
-2500.0000000000005
40.1069518716572
-1013.9259824494475
-1673.8520624734779
-2391.961527949761
-188.6369297307565
7500.0
7500.0
-4714.815708511793
-4969.202005157798
-5579.190934639688
-6056.147146243013
-6346.4980494939755
2268.476150830875
7500.0
7500.0
7500.0
7500.0
-3680.9045226130656
-1487.554242582723
-539.5220957537722
-1129.8542527153659
-470.84378079660655
1886.2379532869359
4216.296649228007
3923.6052108702024
2270.1648552304105
1730.968366157354
355.16964972265714
-909.1496139008946
-1193.3493990316456
-518.7969724946797
7147.671736832886
-95.97946383115595
7500.0
-5222.002635046114
-4850.776462479051
-5217.474974305982
-4669.769647608862
-3881.845142299533
-2985.0472133105372
-1267.6224580208054
1862.9379725750518
7500.0
7500.0
6461.854994440897
2185.6654680400916
7500.0
7500.0
7500.0
-7110.389610389611
-7500.0
-7500.0
-7500.0
7500.0
7500.0
7500.0
7500.0
7500.0