Demand
7500.0
7500.0
7500.0
7500.0
7500.0
7500.0
7500.0
7500.0
7500.0
7500.0
7500.0
7500.0
7500.0
7500.0
7500.0
7500.0
7500.0
7500.0
7500.0
7500.0
7500.0
7500.0
7500.0
7500.0
7500.0
7500.0
7500.0
7500.0
7500.0
7500.0
7500.0
7500.0
-7500.0
-7500.0
-7500.0
-7500.0
7500.0
7500.0
7500.0
7500.0
7500.0
7500.0
-7500.0
-7500.0
-7500.0
-7500.0
-7500.0
-7500.0
-7500.0
7500.0
7500.0
7500.0
7500.0
7500.0
7500.0
7500.0
7500.0
7500.0
-3886.367426405428
-3853.0838850653745
-4129.216758789715
-4183.502817263485
-1921.437245352929
373.54050732053474
1800.412153879624
488.32879039888303
418.0708366312365
7223.456852981435
1871.5145791346
7500.0
7500.0
-6734.156021332012
-7002.402476256604
-7130.782735751376
-7500.0
-7231.426853325023
-7110.644365798664
-7500.0
7500.0
7500.0
7500.0
7500.0
7500.0
7500.0
7500.0
-7500.0
-7500.0
-7500.0
-7500.0
-7500.0
7500.0
7500.0
7500.0
7500.0
7500.0
7500.0
7500.0
-7500.0
-7500.0
-7500.0
-7500.0
7500.0
7500.0
7500.0
7500.0
7500.0
7500.0
-7500.0
-7500.0
-7500.0
-7500.0
-7500.0
-7500.0
7500.0
7500.0
7500.0
7500.0
7500.0
7500.0
7500.0
-7500.0
-7500.0
-7500.0
-7500.0
7500.0
7500.0
7500.0
7500.0
7500.0
-7500.0
-7500.0
7500.0
7500.0
7500.0
-7500.0
7500.0
7500.0
7500.0
-7500.0
7500.0
7500.0
7500.0
-7500.0
-7500.0
-7500.0
7500.0
7500.0
7500.0
-7500.0
-7500.0
-7165.996986438979
-5264.479852077631
7500.0
7500.0
7500.0
7500.0
7500.0
7500.0
-5884.048384048387
-5496.209842947175
-5991.384401102638
-5753.079424346895
-5264.109389918725
7500.0
7500.0
7500.0
7500.0
7500.0
-7500.0
-7500.0
-7500.0
-6962.094998427181
7500.0
7500.0
7500.0
7500.0
7500.0
7500.0
-7500.0
7500.0
7500.0
7500.0
-7500.0
-7022.727272727274
-6050.140958517923
-4259.705802688737
7500.0
7500.0
7500.0
7500.0
7500.0
-7500.0
-7500.0
-7500.0
-7500.0
-7500.0
-6275.948460987836
7500.0
7500.0
7500.0
7500.0
7500.0
7500.0
-7500.0
-7500.0
-7500.0
-7500.0
-7500.0
-7500.0
-7500.0
-7500.0
7500.0
7500.0
7500.0
7500.0
7500.0
7500.0
7500.0
7500.0
-7500.0
-7500.0
-7500.0
-7500.0
-7500.0
7500.0
7500.0
7500.0
7500.0
7500.0
7500.0
7500.0
-7500.0
-7500.0
-7500.0
-7500.0
-7500.0
7500.0
7500.0
7500.0
7500.0
7500.0
7500.0
-7500.0
-6860.986547085202
-5961.713475225371
-5843.037563578522
-4386.403584893404
-1850.5344466467413
7500.0
7500.0
7500.0
7500.0
7500.0
7500.0
7500.0
-7500.0
-7500.0
-7500.0
-7500.0
7500.0
7500.0
7500.0
7500.0
7500.0
7500.0
-7500.0
-7500.0
-7500.0
7500.0
7500.0
7500.0
7500.0
7500.0
7500.0
-7500.0
7500.0
7500.0
-5926.175191551049
-4039.929387254675
-2787.8250049865223
-78.80135925262039
263.28039942324403
-114.98010969368534
7500.0
7500.0
7500.0
-7500.0
7500.0
-7500.0
-7500.0
-7500.0
-7500.0
7500.0
7500.0
7500.0
7500.0
7500.0
7500.0
7500.0
-7500.0
7500.0
-7500.0
-7298.612615618917
-7500.0
-7500.0
-7500.0
-7500.0
-7500.0
7500.0
7500.0
7500.0
7500.0
7500.0
7500.0
7500.0
7500.0
7500.0
7500.0
-7028.108491681778
-7500.0
-7500.0
-7500.0
-7500.0
-7500.0
-7500.0
7500.0
7500.0
7500.0
7500.0
7500.0
7500.0
7500.0
7500.0
-7315.3746491038655
-7500.0
7500.0
7500.0
-7500.0
-7500.0
-7237.699004771195
-5902.750672340308
-5407.846459052069
7500.0
7500.0
7500.0
7500.0
7500.0
7500.0
-7500.0
-7500.0
-7500.0
-6451.991828396325
-7137.5682997645235
-7500.0
7500.0
7500.0
7500.0
7500.0
7500.0
7500.0
7500.0
-7500.0
-7500.0
-7278.554778554782
-6052.663704282437
-4826.6513192276525
-97.43599782552246
7500.0
7500.0
7500.0
7500.0
7500.0
7500.0
-7500.0
-7500.0
-7500.0
-7500.0
-7500.0
-7500.0
-7500.0
-7500.0
7500.0
7500.0
7500.0
7500.0
7500.0
7500.0
7500.0
7500.0
-7334.973943254199
-7310.692564216592
-7268.171746795399
-7500.0
-7500.0
7500.0
7500.0
7500.0
7500.0
7500.0
7500.0
-7500.0
-7500.0
-7500.0
-6879.422972237346
7500.0
7500.0
7500.0
7500.0
-7500.0
-7500.0
-7500.0
-7500.0
-6978.340451494816
7500.0
7500.0
7500.0
7500.0
7500.0
7500.0
-7298.110979929163
-7500.0
-7500.0
7500.0
7500.0
7500.0
7500.0
-5167.994737452194
-5181.755906456943
-5556.3672043163515
-6186.579032533789
-6714.788454826281
-7149.767980561666
-6250.532474061818
7500.0
1010.8039160053359
7500.0
7500.0
7500.0
7500.0
7500.0
7500.0
-6657.70185601135
-6732.4523557471275
-7500.0
-7500.0
7500.0
4407.6451031326615
4674.717483877173
6576.643241703049
2714.541470647189
7500.0
7500.0
7500.0
7500.0
7500.0
-7500.0
-7500.0
-7500.0
-7273.947528981087
-7500.0
-7148.64871370145
-5871.060233190319
-6146.688629310769
7500.0
7500.0
7500.0
7500.0
7500.0
7500.0
7500.0
7500.0
7500.0
-4771.0375126732015
-5141.144966972106
-3272.1963287026792
7500.0
7500.0
7500.0
-7500.0
-7500.0
-7500.0
-7500.0
-7500.0
-3827.845382963496
7500.0
7500.0
7500.0
7500.0
7500.0
7500.0
-7500.0
-7500.0
-7500.0
-7500.0
-7500.0
-7500.0
-7500.0
-900.5145797598902
7500.0
7500.0
7500.0
7500.0
7500.0
7500.0
7500.0
7500.0
7500.0
-7500.0
-7160.309892729441
-6728.749735312613
-5898.6798943989415
-6048.184038702097
-5260.616213478908
681.8976224015919
7500.0
7500.0
7500.0
7500.0
7500.0
7500.0
-7500.0
-7500.0
7500.0
7500.0
7500.0
7500.0
7500.0
-7500.0
-7500.0
-7500.0
7500.0
7500.0
7500.0
7500.0
-6412.320187885312
-6491.078424934329
-5867.166558413586
-6087.338504068362
-6347.9914213141365
-1100.6217446676455
7500.0
-4241.384795630467
7500.0
7500.0
7500.0
7500.0
7500.0
7500.0
-7500.0
-7500.0
7500.0
7500.0
-7500.0
-7500.0
-7500.0
-7500.0
-7500.0
7500.0
7500.0
7500.0
7500.0
7500.0
7500.0
-7500.0
-6945.3004622496155
-7500.0
-7500.0
-7500.0
7500.0
7500.0
7500.0
7500.0
7500.0
-7500.0
-7500.0
-7500.0
7500.0
7500.0
7500.0
7500.0
7500.0
-7194.107545347217
-6813.653510735325
-7098.551034300524
-5685.783305606723
-6331.579462087506
-5953.74642123685
7500.0
7500.0
7500.0
7500.0
7500.0
-6973.456891883403
-7500.0
-7042.9176207704295
-7216.983268482903
-7500.0
-7500.0
7500.0
7500.0
7500.0
7500.0
7500.0
7500.0
7500.0
7500.0
-7320.07575757576
-6831.6676204966425
-7181.01435261718
-7500.0
7500.0
7500.0
7500.0
7500.0
7500.0
-7500.0
7500.0
7500.0
-7500.0
-6912.428823875909
-7239.780006251356
-6508.566688392322
7500.0
7500.0
7500.0
7500.0
7500.0
-7500.0
-7500.0
-7500.0
-7021.310098677306
-6616.657176788298
-7098.96421926859
-7500.0
7500.0
7500.0
7500.0
7500.0
7500.0
7500.0
7500.0
7500.0
7500.0
-7146.533548307083
-7500.0
-7500.0
-6285.671381515211
-7500.0
7500.0
7500.0
7500.0
7500.0
7500.0
7500.0
-6144.48255371676
-4554.580703292413
-2900.7740520784696
-3606.7625489870484
-2631.8615408981746
-785.132953605807
4720.363381125933
5607.19385259535
5502.798326485206
5652.894172926357
5617.1908463230375
2802.133350644811
1990.3052745762516
-3409.0909090909095
7500.0
-206.55617840604737
1167.421057638027
7500.0
-4545.454545454546
-136.54906700913943
555.2893196605328
1662.8200664195688
2613.2873893300616
2840.3719476836563
4055.7372895920553
5171.850126134718
-1893.939393939394
6486.486486486481
-1363.6363636363637
6935.689856703753
-2348.4848484848485
2793.0056710775057
-3939.39393939394
-1063.7663885578072
-1879.8423521415116
-2966.2035212929586
-2844.7320543066453
-1773.760340935496
-1647.0945902867438
2110.2817277408417
7500.0
3915.13528042247
7500.0
-6972.439325380503
-7103.623957226962
-6796.62762397712
-4806.341634406232
-2094.88896951471
6762.500594784648
5506.789237522499
7500.0
7500.0
4293.407217324084
5061.193275915746
5632.669840744826
-3257.575757575758
3703.448275862065
1981.5895752264073
1436.104461503457
108.47500543384149
-951.5051295368653
-373.6193770177233
7500.0
-5454.545454545455
-2641.824628392205
-2977.5415306211107
-2358.125356246921
7500.0
7500.0
7500.0
-5521.044760175197
-5409.927587914908
-5268.02183022202
-5266.80920022421
-4401.230097272379
-3759.3970357987037
-3666.2022237002457
-4027.6760944784983
-2614.3741813230768
1512.7957918020347
7500.0
7500.0
7500.0
7500.0
7500.0
7500.0
-7500.0
-7500.0
-7500.0
-7500.0