Demand
-7500.0
-7500.0
7500.0
7500.0
7500.0
7500.0
7500.0
7500.0
7500.0
7500.0
7500.0
7500.0
7500.0
7500.0
7500.0
7500.0
-7500.0
-7500.0
-7500.0
-7500.0
-7500.0
7500.0
7500.0
7500.0
7500.0
7500.0
7500.0
-7500.0
-6874.084919472914
-7000.918463350374
-7500.0
-7500.0
-7500.0
7500.0
7500.0
7500.0
7500.0
7500.0
7500.0
7500.0
-7500.0
-7280.81007469239
-7500.0
-7500.0
-7500.0
-7500.0
7500.0
7500.0
7500.0
7500.0
7500.0
7500.0
7500.0
7500.0
7500.0
-5216.4869029275815
-3220.9414809895807
-1962.0398794738467
-569.0857286916562
1771.4220147233937
5307.884957359649
5984.987771698317
7500.0
-5151.515151515152
-1833.1994376380826
-2862.223800659442
-3694.0088248304796
-3495.1287217862578
-3381.569474709671
-3917.376816560056
-3917.7007301625104
-40.9625382468912
7500.0
7500.0
7500.0
7500.0
7500.0
-7500.0
-7500.0
-6892.1620901093065
-7500.0
-7500.0
7500.0
7500.0
7500.0
7500.0
7500.0
7500.0
-7500.0
7500.0
7500.0
7500.0
7500.0
-7324.769433465084
-7500.0
-7500.0
-7500.0
-7500.0
-7500.0
-7500.0
7500.0
7500.0
7500.0
7500.0
7500.0
7500.0
7500.0
7500.0
-7500.0
-7500.0
-7500.0
-7500.0
-7500.0
7500.0
7500.0
7500.0
7500.0
7500.0
7500.0
7500.0
-7500.0
-7500.0
-7500.0
-7500.0
-7210.189139719341
-6247.698125077823
-5809.083184547126
7500.0
7500.0
7500.0
7500.0
7500.0
7500.0
7500.0
7500.0
-7500.0
-7500.0
-7500.0
-7500.0
-7500.0
-7500.0
7500.0
7500.0
7500.0
7500.0
7500.0
7500.0
-7500.0
-7500.0
-7500.0
-7138.645872955498
-5674.649019637032
-7500.0
7500.0
7500.0
7500.0
7500.0
7500.0
7500.0
7500.0
7500.0
-6501.209611183582
-6656.919755621137
-7144.900389104574
7500.0
7500.0
7500.0
7500.0
-7500.0
-7500.0
-7500.0
-7193.987115246959
-6529.115471083196
-4113.610030787704
7500.0
7500.0
7500.0
7500.0
7500.0
7500.0
7500.0
-7500.0
-7500.0
-7031.964809384166
-6098.470717661783
-4591.612709370405
7500.0
7500.0
7500.0
7500.0
7500.0
-7500.0
-7500.0
-7500.0
-7500.0
-7500.0
-6313.3240804996585
7500.0
7500.0
7500.0
7500.0
7500.0
7500.0
-7500.0
-7500.0
-7500.0
-7500.0
-7500.0
-7500.0
7500.0
7500.0
7500.0
7500.0
7500.0
7500.0
-7500.0
-7500.0
-7500.0
-7500.0
-7500.0
7500.0
7500.0
7500.0
7500.0
7500.0
7500.0
7500.0
-7500.0
-7500.0
-7500.0
-7017.306171525355
7500.0
7500.0
7500.0
7500.0
7500.0
7500.0
-7500.0
-7500.0
-7500.0
-7500.0
-7500.0
-7500.0
-4156.891495601176
7500.0
7500.0
7500.0
7500.0
7500.0
7500.0
7500.0
7500.0
-7500.0
-7500.0
7500.0
7500.0
7500.0
7500.0
-7500.0
-7500.0
-7500.0
-7500.0
7500.0
7500.0
7500.0
7500.0
7500.0
7500.0
7500.0
-7347.465402553713
-7500.0
-7500.0
-7500.0
-7500.0
-7500.0
-7500.0
7500.0
7500.0
7500.0
7500.0
7500.0
7500.0
7500.0
7500.0
-6875.146817007284
-7331.105053437726
-7500.0
-7500.0
-7500.0
-7500.0
-7500.0
7500.0
7500.0
7500.0
7500.0
7500.0
7500.0
7500.0
7500.0
-7500.0
-7500.0
-7500.0
-6683.965640658558
7500.0
7500.0
7500.0
7500.0
-7500.0
7500.0
7500.0
-7500.0
7500.0
-7500.0
-7500.0
-7500.0
-6887.285012285016
-4555.4494197694985
7500.0
7500.0
7500.0
7500.0
7500.0
7500.0
-7500.0
-7500.0
-7500.0
1530.5545077329243
7500.0
5343.8116951536185
7500.0
2726.8660822784277
7500.0
7500.0
-7334.812073654644
-7500.0
-7500.0
-7500.0
-7500.0
-7500.0
7500.0
7500.0
7500.0
7500.0
7500.0
7500.0
7500.0
7500.0
7500.0
7500.0
-7500.0
-7500.0
-6369.4214876033075
-7092.6060929754785
-7500.0
7500.0
7500.0
7500.0
7500.0
7500.0
7500.0
7500.0
-7500.0
-7500.0
-7266.233766233765
-6065.431240063595
-5227.399108656364
-3947.6855380749716
-1259.0124232567664
7500.0
7500.0
7500.0
7500.0
7500.0
7500.0
7500.0
7500.0
-7500.0
-7500.0
-7500.0
-7500.0
-7500.0
-7500.0
-7500.0
7500.0
7500.0
7500.0
7500.0
7500.0
7500.0
7500.0
7500.0
7500.0
7500.0
-7500.0
-7500.0
-7500.0
-7500.0
-7500.0
-7500.0
-7500.0
7500.0
7500.0
7500.0
7500.0
7500.0
7500.0
7500.0
-7500.0
-7500.0
-7500.0
-7500.0
-7500.0
-7163.954722320483
-5363.959696802529
-271.0800453051461
7500.0
7500.0
7500.0
7500.0
7500.0
7500.0
7500.0
7500.0
-1443.3293978748493
7500.0
7500.0
-5027.662211206516
-5023.912929435597
-5403.263821526945
-6061.368573604419
-6616.163522424404
-7081.798115206364
-5658.53285273009
7500.0
7500.0
7500.0
7500.0
7500.0
7500.0
7500.0
7500.0
-6635.032917775601
-6734.554011010541
-7500.0
-7500.0
825.5782381103663
987.5229742155298
1697.1684945697698
3530.7075206601385
6473.537926793817
-23.099676668313805
7500.0
7500.0
7500.0
7500.0
-7500.0
-7500.0
-7500.0
-7281.570569508311
-7500.0
-7169.749082345999
-6029.312866767354
-6440.282924293389
7500.0
7500.0
7500.0
7500.0
7500.0
7500.0
7500.0
7500.0
7500.0
-4849.852313751233
-5531.7078415667565
-5212.670227440889
-5586.067316498289
-6210.493996982477
-6988.715385360696
-7500.0
-7500.0
7500.0
7500.0
7500.0
7500.0
7500.0
7500.0
7500.0
7500.0
-6699.887703537341
-7144.409357592442
-7500.0
-7500.0
-7500.0
-7500.0
7500.0
7500.0
7500.0
7500.0
7500.0
7500.0
-6640.741783661491
-6439.515450741279
-7187.932636415406
-7500.0
7500.0
7500.0
7500.0
7500.0
-7113.742247076043
-6519.711624153837
-4911.510220648297
-2786.1747847487804
7500.0
7500.0
7500.0
7500.0
7500.0
-7500.0
7500.0
7500.0
-7500.0
-7500.0
-7500.0
-7500.0
7500.0
7500.0
7500.0
7500.0
7500.0
7500.0
-7500.0
-7500.0
-7500.0
-6789.867109634553
-5729.832232832212
-5477.786207730531
-2330.318190071959
7500.0
750.4160895374257
7500.0
7500.0
7500.0
7500.0
7500.0
7500.0
7500.0
7500.0
7500.0
-7500.0
7500.0
7500.0
-7500.0
-7500.0
-7500.0
-7500.0
-7500.0
-7500.0
-5271.260997067458
7500.0
7500.0
7500.0
7500.0
7500.0
7500.0
7500.0
7500.0
-7500.0
-7500.0
-7137.272727272728
-7297.861003879543
-7500.0
-7500.0
-7500.0
-7500.0
7500.0
7500.0
7500.0
7500.0
7500.0
7500.0
7500.0
7500.0
7500.0
-7158.529279616596
-6200.700476087408
-6889.145628463559
-7268.244961588141
-6107.812877941211
-7500.0
-7500.0
-3688.685045792872
7500.0
7500.0
7500.0
7500.0
7500.0
7500.0
7500.0
7500.0
7500.0
-7500.0
-7500.0
-7500.0
-7500.0
-7500.0
7500.0
7500.0
7500.0
7500.0
7500.0
-7500.0
-7500.0
-7500.0
7500.0
7500.0
7500.0
7500.0
-7500.0
7500.0
7500.0
-7263.926278732659
-5981.629433359294
7500.0
7500.0
7500.0
-7500.0
-7500.0
-7500.0
-7500.0
-7500.0
7500.0
7500.0
7500.0
7500.0
7500.0
7500.0
7500.0
7500.0
-5132.671896631289
7500.0
7500.0
7500.0
-6736.041969824617
-7171.303617058982
-7500.0
-7500.0
-6746.034254384667
-7500.0
-7500.0
-7500.0
7500.0
7500.0
7500.0
7500.0
7500.0
7500.0
7500.0
-3544.0065085408423
-2252.965612422088
456.18402611915826
7500.0
6616.969903707197
4636.463116257659
4123.052500365331
2620.957748983299
-3409.0909090909095
2697.9645894325963
2348.557801235258
50.99134319947052
-1103.7029004510186
-1228.5984492121152
-89.89756957373083
654.8287933333122
751.6979994702883
1626.417848962556
2912.4605258632278
3733.656296759696
3387.6210877038734
3919.322519180292
-2045.4545454545457
7500.0
5178.916827853005
4818.849629865115
-681.8181818181819
3833.333333333325
-2500.0000000000005
5.252836531727553
-1081.513912098526
-1926.253144040677
-3060.2066634741095
-3077.2774750773406
-2368.662668282148
-2779.260594833384
-2003.4802539324282
-10.237354800049616
7500.0
1059.6535534332033
7500.0
7500.0
-6952.624839948783
-5476.053446712847
-3542.2920956536177
3509.7324949141725
6080.823901223995
7500.0
6646.841117318243
-134.0435173306796
7500.0
-347.1834913552739
1624.006246388641
1323.6457967880237
-3636.3636363636365
6911.764705882391
-4318.181818181819
-1411.8825100133513
-1988.8977094662096
-2233.979309668784
-722.4167941136625
384.64585365556104
1376.6157384666694
7500.0
6055.540674102051
7500.0
-5126.648160999308
-4534.217008495014
-3896.3766875507936
-2667.5507531896037
-215.19467587052532
7500.0
7500.0
6073.718734104206
3374.960243730993
7500.0
7500.0
-6854.6926299105635
-7064.290394060126
-7500.0
7500.0
7500.0
7500.0
-7500.0
7500.0
7500.0
-7500.0