Demand
7500.0
7500.0
7500.0
7500.0
7500.0
7500.0
7500.0
7500.0
7500.0
7500.0
7500.0
7500.0
7500.0
7500.0
7500.0
7500.0
7500.0
-7500.0
-7500.0
-7500.0
7500.0
7500.0
7500.0
7500.0
7500.0
7500.0
-7500.0
-7500.0
-6643.699750886733
-6601.475303739338
-7500.0
7500.0
7500.0
7500.0
7500.0
7500.0
7500.0
-7500.0
-7500.0
-7500.0
7500.0
7500.0
7500.0
-7500.0
-7500.0
-7500.0
7500.0
7500.0
7500.0
7500.0
7500.0
7500.0
-7500.0
-7500.0
-5938.016528925622
-3851.885709426422
438.12823543274817
3716.072407392756
5314.918359654724
4980.421187217435
4291.928979019391
7500.0
4933.405238926116
7500.0
-1848.4419263456093
-2902.6577782032023
-3771.3465805047076
-3661.4480753544467
-3690.5224064943945
-4394.5779666324615
-4867.409264828031
-4893.376610666981
-360.43353179321366
7500.0
7500.0
7500.0
7500.0
7500.0
7500.0
-7181.386249301286
-7500.0
-7500.0
-7500.0
-7500.0
-7500.0
7500.0
7500.0
7500.0
7500.0
7500.0
7500.0
-6975.284411975124
7500.0
7500.0
7500.0
-7500.0
-7500.0
-7500.0
-7500.0
-7500.0
-7500.0
7500.0
7500.0
7500.0
7500.0
7500.0
7500.0
7500.0
7500.0
-7500.0
-7500.0
7500.0
7500.0
7500.0
-7187.986862604743
-7500.0
-7500.0
-7500.0
-7500.0
-7500.0
-7500.0
7500.0
7500.0
7500.0
7500.0
7500.0
7500.0
7500.0
-7500.0
-7500.0
-7500.0
-7500.0
-7500.0
7500.0
7500.0
7500.0
7500.0
7500.0
7500.0
-7500.0
-7500.0
-7500.0
-7500.0
7500.0
7500.0
7500.0
7500.0
7500.0
7500.0
-7500.0
-7290.88707902267
-6724.250994268357
-7500.0
-7500.0
7500.0
7500.0
7500.0
7500.0
7500.0
7500.0
7500.0
-5954.726188324601
-5387.475328182383
7500.0
7500.0
7500.0
7500.0
-7500.0
-7500.0
-7500.0
-7500.0
7500.0
7500.0
7500.0
7500.0
7500.0
7500.0
7500.0
7500.0
7500.0
-7500.0
-7500.0
-7500.0
-7082.9522590086
-6515.976305295262
-6573.511068610611
-7500.0
-7500.0
7500.0
7500.0
7500.0
7500.0
7500.0
7500.0
7500.0
7500.0
-7336.535704043592
-7500.0
-7235.4987108447185
-6470.871611011877
7500.0
7500.0
7500.0
7500.0
7500.0
-7500.0
-7500.0
-7500.0
-7500.0
-7500.0
-7500.0
7500.0
7500.0
7500.0
7500.0
7500.0
7500.0
-7500.0
-7500.0
-7500.0
-7500.0
7500.0
7500.0
7500.0
7500.0
7500.0
-7500.0
7500.0
7500.0
-7500.0
-7295.991410164639
-7500.0
-7500.0
7500.0
7500.0
7500.0
7500.0
7500.0
7500.0
-7500.0
7500.0
7500.0
7500.0
7500.0
-6405.249679897568
-6472.5733371737515
-6044.958483798064
-6272.017275381453
-6104.407593742366
-7500.0
7500.0
7500.0
7500.0
7500.0
7500.0
7500.0
7500.0
-7500.0
7500.0
7500.0
7500.0
-7500.0
-7500.0
-7500.0
-7500.0
7500.0
7500.0
7500.0
7500.0
-7304.367868877318
-7500.0
-7500.0
-7500.0
7500.0
7500.0
7500.0
7500.0
7500.0
7500.0
7500.0
-4065.7021067300607
-4373.629427301961
-5245.40144410464
-5310.407521027639
7500.0
7500.0
7500.0
7500.0
-7500.0
-7500.0
-7500.0
-7500.0
7500.0
7500.0
7500.0
7500.0
7500.0
7500.0
-7500.0
-7500.0
-7500.0
-7500.0
-7220.8619000979415
-7500.0
-7500.0
-7500.0
7500.0
7500.0
7500.0
7500.0
7500.0
7500.0
7500.0
7500.0
-7500.0
-7037.009201720355
-5891.9397870814355
-5095.298115146168
7500.0
7500.0
7500.0
7500.0
7500.0
7500.0
-7500.0
-7500.0
-4390.1013250194865
-3403.31926454859
-3528.659922659428
-2235.7411384988955
-617.8814271793944
5850.872301564996
4067.6156563155564
7500.0
7500.0
7500.0
7500.0
7500.0
-7500.0
-7301.336044147547
-6571.305443551488
-6928.499325805351
-6692.770989974271
-7500.0
7500.0
7500.0
7500.0
7500.0
7500.0
7500.0
7500.0
7500.0
-7341.372912801484
-7500.0
-7500.0
-7500.0
-7500.0
-7500.0
7500.0
7500.0
7500.0
7500.0
7500.0
7500.0
7500.0
-6573.887814313346
-6504.0442584463635
-6772.65204910108
-7294.135636803032
-7500.0
-7500.0
-7500.0
-7500.0
7500.0
7500.0
7500.0
7500.0
7500.0
7500.0
7500.0
-7500.0
-7500.0
-7500.0
-7500.0
-7500.0
7500.0
7500.0
7500.0
7500.0
7500.0
7500.0
7500.0
-7500.0
-7500.0
7500.0
7500.0
7500.0
7500.0
7500.0
7500.0
-7500.0
-7500.0
-7500.0
-7277.126099706742
-7500.0
-7500.0
-7500.0
-7500.0
7500.0
7500.0
7500.0
7500.0
7500.0
7500.0
7500.0
7500.0
-6218.116131278837
-5244.531377088355
7500.0
7500.0
7500.0
-7500.0
-6495.57202241099
-4194.21674653546
-4502.677221469165
-3903.4251307650484
-3842.7118374072593
-3249.927316650881
-2836.5149831357157
-1412.8528747684086
7500.0
7500.0
7500.0
7500.0
7500.0
7500.0
-6668.126094570929
-6567.996001549076
-6191.480145757387
-5857.261389825211
-5896.803636666953
-2214.515362759152
7500.0
7500.0
7500.0
7500.0
7500.0
7500.0
7500.0
2465.0349650349963
7500.0
-7172.036823935561
-7500.0
-7500.0
-7500.0
-7500.0
-7500.0
-7500.0
-5851.810580426869
7500.0
7500.0
7500.0
7500.0
7500.0
7500.0
7500.0
7500.0
7500.0
-7500.0
-7500.0
-6595.18285609622
-3239.621134215087
-2249.484119052608
-3061.473903079521
-905.4431656119141
233.11856980043103
3132.213641051063
7500.0
-7500.0
7500.0
7500.0
7500.0
7500.0
7500.0
-6377.190930820729
-5829.168663071518
-5557.269008112229
-3653.497627423838
7500.0
7500.0
7500.0
7500.0
7500.0
7500.0
7500.0
-7500.0
-7500.0
-6781.0426983088855
-5258.840728129837
-4447.516592267419
1743.6422157445786
7500.0
7500.0
7500.0
7500.0
7500.0
7500.0
-7500.0
-7129.870129870133
-6605.077674884144
-5401.033730019941
-4998.314530435675
7500.0
7500.0
7500.0
2566.454606227773
7500.0
7500.0
7500.0
7500.0
-7500.0
-7500.0
-7500.0
-7500.0
-7500.0
7500.0
7500.0
7500.0
7500.0
7500.0
7500.0
-7500.0
-7500.0
-6731.05748332459
-5575.47706453978
-5305.842847698745
-2030.6098874373256
5272.554128838977
7500.0
7500.0
7500.0
-671.5134756814405
7500.0
7500.0
7500.0
7500.0
-7500.0
-7500.0
7500.0
7500.0
7500.0
-7500.0
-7500.0
-7500.0
-7500.0
7500.0
7500.0
7500.0
7500.0
7500.0
7500.0
7500.0
7500.0
7500.0
-6939.466783216785
-7500.0
-7500.0
-7500.0
-6157.473789400832
7500.0
7500.0
7500.0
7500.0
7500.0
7500.0
7500.0
7500.0
-7500.0
-7500.0
-7500.0
-7224.903474903476
-6760.028003952737
-5013.679117793488
-2885.3088137099344
7500.0
7500.0
7500.0
7500.0
7500.0
7500.0
7500.0
7500.0
-6958.781711058091
-7500.0
-7023.14813664418
-7200.199824523279
-7500.0
-7500.0
7500.0
7500.0
7500.0
7500.0
7500.0
7500.0
7500.0
7500.0
-7329.918440421723
-6941.06312944118
-7291.781849592828
-7500.0
-7500.0
-7500.0
-7500.0
7500.0
7500.0
7500.0
7500.0
7500.0
7500.0
7500.0
7500.0
7500.0
-7310.882548108824
-6596.46755724455
-6625.3237861293765
-7500.0
-7500.0
7500.0
7500.0
7500.0
7500.0
7500.0
7500.0
-7500.0
-7098.641202891165
-7500.0
-7500.0
7500.0
7500.0
7500.0
5449.67649898122
7500.0
7500.0
-7153.495440729486
-7500.0
-7500.0
-6508.106746959849
-7500.0
7500.0
7500.0
7500.0
7500.0
7500.0
7500.0
7500.0
-4235.862562634218
-1746.3372294606688
-1821.0302247563704
2963.7559022365963
7500.0
7500.0
3995.6891082979255
-4090.9090909090914
776.8635043562426
1921.7462317356676
1298.2260348877376
1379.1725549183916
1115.5728253454618
-867.7187115817082
-1871.284448139027
-1967.2998657288895
-923.9056753831906
-181.1057666487941
35.89372873054708
1081.731437738858
2656.8307651907976
3491.2870141846415
2103.3369304432804
-3106.0606060606065
7500.0
7500.0
3239.250737248334
-1363.6363636363637
6329.787234042551
-2348.4848484848485
2793.0056710775057
-3939.39393939394
-1063.7663885578072
-1879.8423521415116
-2966.2035212929586
-2844.7320543066453
-1773.760340935496
-1647.0945902867438
2110.2817277408417
7500.0
3915.13528042247
7500.0
-7025.830809265815
-7154.509189056174
-6916.656303859727
-5449.127705341049
-3898.729436330521
336.97252732112474
2033.1318298870524
7500.0
7500.0
4136.78052339645
5024.287468980683
7004.236858592201
2207.3714949535315
-3181.818181818182
7500.0
3308.823529411733
-4318.181818181819
-1615.2357094056024
-2185.8145174291913
-2445.4323078601433
-1048.1243970725955
-38.31493108666109
921.8845336470426
7500.0
6795.344944706099
-6666.666666666667
-5303.871204476656
-4909.2008824395325
-4627.640062623048
-4223.071011024558
-3898.7881669454823
-1703.8151993561
925.5838937493959
2918.505744564179
3663.570897089809
7500.0
4508.605717817596
7500.0
7500.0
7500.0
7500.0
-7500.0
-7500.0
-7500.0
-7500.0
-7500.0
-7500.0