Demand
7500.0
7500.0
7500.0
7500.0
7500.0
7500.0
7500.0
7500.0
7500.0
7500.0
7500.0
7500.0
7500.0
7500.0
7500.0
7500.0
7500.0
7500.0
7500.0
-7500.0
-7500.0
-7500.0
-7500.0
7500.0
7500.0
7500.0
7500.0
7500.0
7500.0
7500.0
7500.0
7500.0
-7500.0
-7500.0
-7500.0
-7500.0
-7500.0
-7500.0
-7500.0
7500.0
7500.0
7500.0
7500.0
7500.0
7500.0
7500.0
7500.0
-7500.0
-7500.0
-7500.0
-7500.0
-7500.0
-7500.0
-7500.0
7500.0
7500.0
7500.0
7500.0
7500.0
7500.0
7500.0
7500.0
7500.0
7500.0
-2077.167019027486
-2209.1203453858616
7500.0
-6060.606060606061
-717.452169855364
7500.0
7500.0
-7121.212121212122
-6930.758988015979
-7074.352360715173
-7500.0
-7186.233865878696
-7048.207856141535
-7500.0
7500.0
7500.0
7500.0
7500.0
7500.0
7500.0
7500.0
7500.0
7500.0
-7500.0
7500.0
7500.0
-7500.0
-7086.557059961317
-7256.70688665888
-7189.701668806074
-7500.0
-7500.0
7500.0
7500.0
7500.0
7500.0
7500.0
7500.0
7500.0
7500.0
-7500.0
-7500.0
7500.0
7500.0
7500.0
7500.0
-7500.0
-7500.0
-7500.0
-7076.129392080313
-6997.648753743639
-7500.0
-7500.0
-7500.0
7500.0
7500.0
7500.0
7500.0
7500.0
7500.0
7500.0
7500.0
-7160.786577899988
-7309.8544656882805
-7500.0
-7500.0
-7500.0
-7500.0
7500.0
7500.0
7500.0
7500.0
7500.0
7500.0
7500.0
-7500.0
7500.0
-7500.0
-7500.0
7500.0
7500.0
-7500.0
-7500.0
-7500.0
-7500.0
-7500.0
-6970.266750877794
-1860.7012527588358
7500.0
7500.0
7500.0
7500.0
7500.0
7500.0
7500.0
7500.0
-6275.751731393006
-6209.765279246962
-6237.1589933450105
-6432.936818346601
7500.0
7500.0
7500.0
7500.0
-7500.0
-7500.0
-7500.0
-7210.659084919807
-6667.280655915714
-5751.121345718693
7500.0
7500.0
7500.0
7500.0
7500.0
7500.0
7500.0
7500.0
-7500.0
-6526.888604353397
7500.0
7500.0
7500.0
7500.0
-7500.0
-7500.0
-7500.0
-7500.0
-7500.0
7500.0
7500.0
7500.0
7500.0
7500.0
7500.0
-7148.860336178826
-7277.606273854135
-7142.215298103074
-7500.0
7500.0
7500.0
7500.0
7500.0
-7500.0
-7500.0
-7500.0
-7500.0
-7500.0
-7500.0
7500.0
7500.0
7500.0
7500.0
7500.0
7500.0
7500.0
7500.0
7500.0
-7500.0
-7500.0
-7500.0
-7500.0
-7500.0
-7500.0
7500.0
7500.0
7500.0
7500.0
7500.0
7500.0
7500.0
7500.0
7500.0
-7500.0
-7500.0
7500.0
7500.0
7500.0
-7500.0
-6924.242424242426
-6191.943853028548
-6220.769530904312
-5559.528553681281
-5646.998206769607
-4446.012154444003
7500.0
7500.0
7500.0
7500.0
7500.0
7500.0
7500.0
7500.0
-7500.0
-7500.0
-7500.0
-7500.0
-7500.0
7500.0
7500.0
7500.0
7500.0
7500.0
7500.0
7500.0
-7321.316614420062
-7500.0
-7500.0
-7500.0
-7500.0
-7500.0
7500.0
7500.0
7500.0
7500.0
7500.0
7500.0
7500.0
-5824.349327587564
-6406.711771024178
-6679.387237132103
-7256.931158142501
-7500.0
-7500.0
-7500.0
7500.0
7500.0
7500.0
7500.0
7500.0
7500.0
7500.0
-7500.0
-7500.0
-7500.0
-7500.0
-7500.0
-7500.0
7500.0
7500.0
7500.0
7500.0
7500.0
7500.0
7500.0
-7500.0
-7500.0
-7500.0
-7500.0
-7500.0
-7500.0
-3681.818181818191
7500.0
7500.0
7500.0
7500.0
7500.0
7500.0
7500.0
-7500.0
-7500.0
-7500.0
7500.0
7500.0
7500.0
-4928.8688410825835
-4664.866253013348
-3359.3824293023026
7500.0
7500.0
7500.0
7500.0
-7500.0
-7500.0
-7500.0
-7284.539784539787
-6469.177030455876
-6841.920525635513
-6487.089669019286
-7500.0
7500.0
7500.0
7500.0
7500.0
7500.0
7500.0
7500.0
7500.0
-7286.780713355562
7500.0
7500.0
7500.0
7500.0
7500.0
-7500.0
-7500.0
-7500.0
-7500.0
-7500.0
-5710.966848123804
7500.0
7500.0
7500.0
7500.0
7500.0
7500.0
7500.0
-7500.0
-7500.0
-7500.0
-7500.0
-7500.0
-7500.0
-7500.0
-7500.0
7500.0
7500.0
7500.0
7500.0
7500.0
7500.0
7500.0
7500.0
7500.0
-7500.0
-7313.956696398889
-7286.26180376141
-7239.941725613302
-7500.0
-7500.0
7500.0
7500.0
7500.0
7500.0
7500.0
7500.0
7500.0
7500.0
-7500.0
-7301.76671071851
-7500.0
-7500.0
-7500.0
7500.0
7500.0
7500.0
7500.0
7500.0
7500.0
7500.0
-6709.71801544303
-6467.661582604353
-6351.235497525151
-6395.36796138956
-6955.140139642292
-7106.211896946968
-7500.0
7500.0
7500.0
7500.0
7500.0
7500.0
7500.0
7500.0
-5932.466409994502
-6403.62798335514
-6771.857995964032
-7002.558234079866
7500.0
7500.0
7500.0
7500.0
-6580.234347847676
-6470.479692785022
-6064.766449747665
-5737.810555637079
-5892.805434105738
-3731.2542123160642
7500.0
-7500.0
7500.0
7500.0
7500.0
7500.0
7500.0
7500.0
7500.0
7500.0
7500.0
-7500.0
-7500.0
-7500.0
-7500.0
-7500.0
7500.0
7500.0
7500.0
7500.0
7500.0
7500.0
-7500.0
-7500.0
-7500.0
-7500.0
-7500.0
7500.0
7500.0
7500.0
7500.0
7500.0
7500.0
-5475.852272727276
-5342.413090622333
7500.0
7500.0
7500.0
-7500.0
-7500.0
-7500.0
-6708.333333333334
-5786.549109907357
-4412.294404649203
-1790.5224000699686
7500.0
7500.0
7500.0
7500.0
7500.0
7500.0
7500.0
7500.0
-7500.0
-7500.0
-6885.334291876348
-5793.87409904949
-5658.8826900772565
-5246.504156442434
-2142.8097120109865
7500.0
7500.0
7500.0
7500.0
7500.0
7500.0
7500.0
-6876.935689560942
-6304.1044331949815
-6542.865849844868
-6371.658960612427
-5765.551279069508
-4875.133576896191
-1629.9588104152695
7500.0
7500.0
7500.0
7500.0
7500.0
7500.0
-7500.0
-7500.0
-7500.0
-7500.0
7500.0
7500.0
7500.0
7500.0
7500.0
-7500.0
-7500.0
-6804.972225985641
-5816.675033382397
-5681.119840296769
-3535.256308417142
-1026.4926811432615
7500.0
7500.0
7500.0
7500.0
7500.0
7500.0
7500.0
7500.0
-7500.0
-7500.0
-7500.0
-7500.0
-7500.0
7500.0
7500.0
7500.0
7500.0
7500.0
7500.0
-7138.324873096448
-6874.300576069927
-6735.061598274902
-5743.310736063608
-5610.829896058676
7500.0
7500.0
7500.0
7500.0
7500.0
7500.0
7500.0
-7344.281931660573
-7500.0
-7500.0
-7500.0
-7500.0
-7500.0
-7500.0
7500.0
7500.0
7500.0
7500.0
7500.0
7500.0
7500.0
-7159.267158903838
-6009.991253293745
-6579.6959778826495
-6476.675683487727
7500.0
7500.0
7500.0
7500.0
-7500.0
-6967.7792127974535
-7500.0
-7047.02427858882
-7226.242794160791
-7500.0
-7500.0
-7500.0
7500.0
7500.0
7500.0
7500.0
7500.0
7500.0
7500.0
7500.0
-6946.674166280083
-7262.2750124417635
-7500.0
7500.0
7500.0
7500.0
7500.0
7500.0
-7500.0
-7500.0
-7500.0
7500.0
7500.0
7500.0
7500.0
-6911.157024793389
7500.0
7500.0
7500.0
-7500.0
-7500.0
-7500.0
-7500.0
-6772.926397165407
-5532.238989596744
2112.3111969315396
7500.0
7500.0
7500.0
7500.0
7500.0
7500.0
7500.0
-6891.090695438523
-6508.991137164641
-5590.033776196447
7500.0
7500.0
7500.0
7500.0
7500.0
-7500.0
-7500.0
-6415.588596850672
-6996.7987269280475
-6870.3032138956605
-4359.801326838242
-1426.5917450913917
7500.0
7500.0
7500.0
7500.0
7500.0
7500.0
7500.0
3751.2452294801424
-3712.1212121212125
2403.291953003768
1679.4306958687193
1717.0057476099196
1385.9558486639335
-700.0611368830541
-1669.8455643690195
-1596.6359106663335
-79.64051443469543
1313.5316456905948
2205.081058838838
5112.643255683815
-4166.666666666667
389.2733564013811
741.458061169596
2039.2366960762506
4039.412123082011
-1893.939393939394
3413.884007029876
-1363.6363636363637
6785.714285714281
-2348.4848484848485
4356.287425149714
-3939.39393939394
7500.0
72.28444907527319
-0.48936518822665676
7500.0
-5606.060606060606
-2956.3571143882036
-1075.5763653279714
7500.0
4142.580937706771
7500.0
-7024.118738404453
-7150.059878111539
-6899.710007402
-5328.656951275943
-3502.288336413896
1928.8394973271384
4048.30614394596
7500.0
7500.0
4295.8852468718
5060.252999667265
5634.242400808573
-3257.575757575758
7500.0
7500.0
7500.0
-782.828282828285
-1979.1091160221
-2617.9333925445535
-3044.3155823165166
-2259.6085592023683
-2136.8108705538784
-2779.3947838885756
-3196.3841185634715
2340.512691307813
7500.0
7500.0
3800.303550525552
7500.0
-5381.646655231561
-5341.40619417738
-4401.797398743649
-3536.598170582022
-2970.806055900139
-2142.1130366183793
7500.0
7500.0
1945.3496720712296
7500.0
7500.0
-7500.0
-7500.0
-7500.0
-7500.0
-7500.0
-7500.0
7500.0