Demand
-7500.0
-7500.0
-7500.0
7500.0
7500.0
7500.0
7500.0
7500.0
7500.0
7500.0
7500.0
7500.0
7500.0
7500.0
-7500.0
-7500.0
7500.0
7500.0
7500.0
-7500.0
-7500.0
-7500.0
-7500.0
7500.0
7500.0
7500.0
7500.0
7500.0
-6968.614045991299
-7094.890549155583
-7500.0
-7500.0
-7500.0
7500.0
7500.0
7500.0
7500.0
7500.0
7500.0
7500.0
-7500.0
-7090.3701042040975
7500.0
7500.0
7500.0
7500.0
-7500.0
-7500.0
-7500.0
-7500.0
-7500.0
-7500.0
-7500.0
7500.0
7500.0
7500.0
7500.0
7500.0
7500.0
7500.0
7500.0
7500.0
7500.0
-635.1981351981449
7500.0
-5530.303030303031
-3717.1489248739035
-2911.7353718917548
-609.662659597021
7500.0
7500.0
-7121.212121212122
-6984.4428364688865
-7103.900819830538
-7500.0
-7139.021400217502
-6578.254989171919
7500.0
7500.0
7500.0
7500.0
7500.0
7500.0
-7500.0
7500.0
7500.0
7500.0
7500.0
-7500.0
-7500.0
-7500.0
-6361.138861138867
7500.0
7500.0
7500.0
7500.0
7500.0
7500.0
-7500.0
-7500.0
-7500.0
-7500.0
7500.0
7500.0
7500.0
7500.0
7500.0
-7500.0
-7500.0
-7500.0
-7500.0
-7500.0
-7500.0
7500.0
7500.0
7500.0
7500.0
7500.0
7500.0
7500.0
-7500.0
-7500.0
-7500.0
-7500.0
7500.0
7500.0
7500.0
7500.0
7500.0
7500.0
-7500.0
-7500.0
-7500.0
7500.0
7500.0
7500.0
-7500.0
7500.0
7500.0
7500.0
7500.0
7500.0
-7500.0
-7500.0
-7500.0
-7500.0
-7500.0
7500.0
7500.0
7500.0
7500.0
7500.0
-7500.0
-7500.0
-7500.0
-7500.0
7500.0
7500.0
7500.0
7500.0
7500.0
7500.0
-6619.237702807106
-5832.822378178644
7500.0
7500.0
-7500.0
7500.0
-7500.0
-7500.0
-7500.0
-6725.24973834252
7500.0
7500.0
7500.0
7500.0
7500.0
7500.0
7500.0
-7500.0
-7500.0
7500.0
7500.0
-7152.585681466549
-6725.110564549275
-6832.338231278842
-7500.0
-7500.0
-7500.0
7500.0
7500.0
7500.0
7500.0
7500.0
7500.0
7500.0
7500.0
-7500.0
-7315.217894688094
-7085.508883837267
-7259.481792533215
-7201.9287545766765
-7500.0
-7500.0
7500.0
7500.0
7500.0
7500.0
7500.0
7500.0
7500.0
7500.0
7500.0
-7500.0
-7500.0
-7500.0
-7500.0
-7500.0
-7500.0
7500.0
7500.0
7500.0
7500.0
7500.0
7500.0
7500.0
-7500.0
7500.0
7500.0
-7500.0
7500.0
7500.0
7500.0
7500.0
-7500.0
7500.0
-7500.0
7500.0
7500.0
7500.0
-7500.0
-7500.0
-7500.0
-6756.791017747195
-5661.181901111033
-5443.2992550448525
-3320.6524247036414
1915.9109068332928
7500.0
7500.0
7500.0
7500.0
7500.0
7500.0
7500.0
7500.0
-7500.0
-7500.0
-7500.0
-7500.0
-7500.0
7500.0
7500.0
7500.0
7500.0
7500.0
7500.0
7500.0
-7500.0
-7328.852549889136
-7500.0
-7500.0
-7500.0
-7500.0
-7500.0
7500.0
7500.0
7500.0
7500.0
7500.0
7500.0
7500.0
7500.0
-6450.104375588393
-6737.542484062771
-7286.597249377688
-7500.0
-7500.0
-7500.0
-7500.0
7500.0
7500.0
7500.0
7500.0
7500.0
7500.0
7500.0
7500.0
7500.0
-7500.0
-7500.0
-7500.0
-7273.089171974521
-7500.0
-7500.0
-7500.0
7500.0
7500.0
7500.0
7500.0
7500.0
7500.0
7500.0
7500.0
-7500.0
-7123.531631834694
-6443.205089974188
-6525.117646451881
-6605.560326975601
-7500.0
-7500.0
7500.0
7500.0
7500.0
7500.0
7500.0
7500.0
7500.0
7500.0
7500.0
-5790.0
-5988.498445481055
-6381.1794658843755
-7282.674134329351
-7500.0
-7500.0
-7500.0
7500.0
7500.0
7500.0
7500.0
7500.0
7500.0
7500.0
7500.0
-7500.0
7500.0
7500.0
7500.0
7500.0
-7500.0
-6485.200845665968
-7135.916458350135
-7500.0
7500.0
7500.0
7500.0
7500.0
7500.0
7500.0
-7500.0
-7500.0
-7500.0
-7248.544642936215
-5916.9686872471775
-4884.086356455888
-3014.406596408287
3986.565567089449
7500.0
7500.0
7500.0
7500.0
7500.0
7500.0
7500.0
7500.0
-7500.0
-7500.0
-7500.0
-7500.0
-7500.0
-7500.0
-7500.0
7500.0
7500.0
7500.0
7500.0
7500.0
7500.0
7500.0
-7328.8288288288295
-7304.740084888534
-7500.0
-7500.0
-7500.0
7500.0
7500.0
7500.0
7500.0
7500.0
7500.0
7500.0
-7500.0
-7315.520713463753
-7500.0
-7500.0
-7500.0
7500.0
7500.0
7500.0
7500.0
7500.0
7500.0
-6752.622377622378
-6435.804922375517
-5977.881540309316
-5540.511312719789
-5012.833726493955
-4739.348117629195
7500.0
7500.0
7500.0
7500.0
7500.0
7500.0
7500.0
-5014.018691588786
-4947.729097916272
-5248.9324518287685
-5831.129602065152
-6266.923661457948
-6279.416801863128
7500.0
7500.0
7500.0
7500.0
7500.0
7500.0
-6541.329813580718
-6463.661795512562
-6737.816768795899
-6409.762071654177
-6453.07452588052
-7500.0
-7500.0
7500.0
7500.0
7500.0
7500.0
7500.0
7500.0
7500.0
7500.0
-7500.0
-7500.0
-7500.0
7500.0
7500.0
7500.0
7500.0
-7300.699300699302
-6753.110778488381
-7142.684717581227
-7500.0
7500.0
7500.0
7500.0
7500.0
7500.0
7500.0
-5801.043219076013
7500.0
7500.0
-5643.095241803947
-4769.585218195294
-1763.274061603484
7500.0
7500.0
-7500.0
-7500.0
-7500.0
-7500.0
-7500.0
-4961.966604823752
7500.0
7500.0
7500.0
7500.0
7500.0
7500.0
7500.0
7500.0
-7500.0
7500.0
7500.0
-7500.0
-7500.0
7500.0
7500.0
7500.0
7500.0
7500.0
7500.0
-7500.0
7500.0
7500.0
-7500.0
-7500.0
-6490.554899645813
7500.0
7500.0
7500.0
7500.0
7500.0
7500.0
-6529.622063329931
-7257.575633453209
-7500.0
-7500.0
7500.0
7500.0
7500.0
7500.0
7500.0
-7500.0
-7500.0
-7500.0
7500.0
7500.0
7500.0
7500.0
7500.0
7500.0
-7043.079389584942
-6463.133301764732
-6470.762627512331
-5565.540393263893
-5052.334573159253
7500.0
7500.0
7500.0
7500.0
7500.0
-7500.0
-7500.0
-7500.0
-7500.0
-7500.0
-7500.0
7500.0
7500.0
7500.0
7500.0
7500.0
7500.0
7500.0
-7500.0
-7045.454545454548
-6562.5
-5704.4887780548615
7500.0
7500.0
7500.0
7500.0
7500.0
7500.0
-7500.0
-7500.0
-7062.857648516314
-7242.83075500616
-7500.0
-7500.0
-7500.0
7500.0
7500.0
7500.0
7500.0
7500.0
7500.0
7500.0
7500.0
7500.0
-6884.338433843386
-7150.772953739246
-6011.669099995659
-6644.1823309334795
-6917.632024201777
7500.0
7500.0
7500.0
7500.0
7500.0
-6998.5337243401755
-7500.0
-7048.286967157286
-7204.2056266077525
-7500.0
-7500.0
7500.0
7500.0
7500.0
7500.0
7500.0
7500.0
-7500.0
-7214.294400001583
-7034.953930651234
459.2743562024525
7500.0
7500.0
7500.0
7500.0
7500.0
7500.0
-7500.0
-7500.0
-7500.0
7500.0
7500.0
7500.0
7500.0
-7156.691134952007
-7313.22989318142
-6667.620383090634
-6788.44439001862
-7500.0
-7500.0
-7500.0
-7500.0
7500.0
7500.0
7500.0
7500.0
7500.0
7500.0
7500.0
7500.0
7500.0
-6267.80765203732
-6195.941479985022
-5876.937122684225
791.4527847524378
7500.0
7500.0
7500.0
7500.0
7500.0
-7500.0
-7500.0
-7500.0
-5734.474214031288
-6228.405953683328
7500.0
7500.0
7500.0
7500.0
7500.0
7500.0
7500.0
-3488.2697947214074
1681.3043014546206
5802.7632161465335
-4090.9090909090914
848.5902599780297
2003.0282104422827
1380.1198976121095
1465.6868679728068
1205.1966286901334
-794.5197927095755
-1818.1533376354523
-1938.1726976126151
-935.9519229861435
-252.94734767519822
-108.89551474491691
780.8654576462991
2149.532008854905
3142.3747170164597
2813.4202773266074
2909.348957494689
-2045.4545454545457
7500.0
-2272.727272727273
7500.0
-681.8181818181819
4553.904630269519
3459.0483424934973
-127.17480974109003
-1169.4527893131049
-1886.1588586712382
-2777.5519741588523
-1952.2483761323747
3229.0334231931447
7500.0
-6136.363636363637
-3697.972251867659
-3448.1772715117186
7500.0
7500.0
913.8182039640869
7500.0
-5951.19087554512
-4929.636143838541
-2283.7487608738847
-1188.2630019424937
4936.172769933175
5940.396964635427
2770.637680938558
5280.042658870656
5270.567345734207
-3257.575757575758
2092.559787422495
754.0074150192572
353.3158571040062
-750.6732470361189
-1539.2373585668952
897.503438819122
7500.0
-3217.0686456400745
-3347.0570729499173
-4147.415312220513
-4979.695755845754
-4339.803526461235
-4422.684321721872
-2544.682213475722
3922.4966074720874
7500.0
7500.0
1940.18969057587
7500.0
7500.0
-4135.182998819362
-3713.751784643655
7500.0
7500.0
-1756.5553297864858
7500.0
-7500.0
-7500.0
-7500.0
-7500.0
-7500.0
-7500.0
-7500.0
7500.0