Demand
7500.0
7500.0
7500.0
7500.0
7500.0
7500.0
7500.0
7500.0
7500.0
7500.0
7500.0
7500.0
7500.0
7500.0
7500.0
7500.0
7500.0
7500.0
7500.0
7500.0
7500.0
7500.0
7500.0
7500.0
7500.0
7500.0
-7500.0
-7500.0
-6414.2548308675705
-6398.030826956809
-7500.0
7500.0
7500.0
7500.0
7500.0
7500.0
7500.0
7500.0
7500.0
7500.0
-7500.0
-7087.904026778298
7500.0
7500.0
7500.0
7500.0
7500.0
-7500.0
-7500.0
-7500.0
-7500.0
7500.0
7500.0
7500.0
7500.0
7500.0
-3356.124073945859
-2466.418937803393
-1812.8000404092477
-1125.3241456668657
-619.1854224186827
1520.5558208291282
7500.0
7500.0
7500.0
-1251.5197610278724
7500.0
-4516.528925619836
-4552.472647287483
-5081.185414979398
-5360.413811238295
-4789.252868660029
7500.0
7500.0
7500.0
7500.0
-7316.247582205029
-7500.0
-7500.0
-6565.592394391466
-7500.0
7500.0
7500.0
7500.0
7500.0
7500.0
7500.0
-7500.0
-7500.0
-7500.0
-7500.0
7500.0
7500.0
7500.0
7500.0
7500.0
7500.0
-7500.0
-7500.0
-7500.0
-7500.0
-7500.0
7500.0
7500.0
7500.0
7500.0
7500.0
7500.0
7500.0
-7500.0
-7500.0
-7500.0
-7500.0
-7042.7807486631045
-6945.754214171098
-7500.0
-7500.0
-7500.0
7500.0
7500.0
7500.0
7500.0
7500.0
7500.0
7500.0
7500.0
-7164.979735657318
-7312.709453040843
-7500.0
-7500.0
-7500.0
-7500.0
7500.0
7500.0
7500.0
7500.0
7500.0
7500.0
7500.0
-7500.0
7500.0
7500.0
-7500.0
7500.0
7500.0
-7500.0
-7500.0
-7500.0
-7500.0
7500.0
7500.0
7500.0
7500.0
7500.0
7500.0
-7500.0
-7500.0
7500.0
7500.0
7500.0
7500.0
7500.0
-6830.048370326842
-7315.404782536403
-7500.0
-7500.0
-7500.0
-7500.0
7500.0
7500.0
7500.0
7500.0
7500.0
7500.0
7500.0
7500.0
-7500.0
-7500.0
-7500.0
-7500.0
7500.0
7500.0
7500.0
7500.0
7500.0
7500.0
-7500.0
-7500.0
-7500.0
7500.0
7500.0
7500.0
7500.0
7500.0
-7500.0
-7500.0
-7124.505928853756
-7500.0
7500.0
7500.0
7500.0
7500.0
7500.0
7500.0
-7500.0
-7500.0
-7500.0
-7500.0
-7500.0
-7500.0
7500.0
7500.0
7500.0
7500.0
7500.0
7500.0
7500.0
7500.0
-7500.0
-7500.0
-7500.0
-7500.0
-7500.0
7500.0
7500.0
7500.0
7500.0
7500.0
-7500.0
-7500.0
-7033.169533169534
7500.0
7500.0
7500.0
7500.0
-7500.0
7500.0
7500.0
7500.0
-7500.0
-7500.0
-7500.0
-7500.0
-5866.093366093368
7500.0
7500.0
7500.0
3504.435168275535
7500.0
7500.0
7500.0
-7500.0
-7500.0
-7500.0
7500.0
7500.0
7500.0
7500.0
7500.0
-7500.0
-7500.0
-7500.0
-7500.0
-7500.0
-7500.0
7500.0
7500.0
7500.0
7500.0
7500.0
7500.0
7500.0
-7500.0
-7500.0
-7500.0
-7500.0
7500.0
7500.0
7500.0
7500.0
7500.0
7500.0
-5746.423627134289
-6337.510905482059
-6603.093093401274
-7220.383959370924
-7500.0
-7500.0
7500.0
7500.0
7500.0
7500.0
7500.0
7500.0
7500.0
-7500.0
-7500.0
-7500.0
-7500.0
-7500.0
7500.0
7500.0
7500.0
7500.0
7500.0
7500.0
-7500.0
-7500.0
-7500.0
-7500.0
-7500.0
-7500.0
7500.0
7500.0
7500.0
7500.0
7500.0
7500.0
7500.0
7500.0
-7500.0
-7500.0
-7500.0
-7500.0
-7500.0
7500.0
7500.0
7500.0
7500.0
7500.0
7500.0
7500.0
-4370.042708968893
7500.0
7500.0
7500.0
-7500.0
-7500.0
-7500.0
-7267.283614589009
-6253.820058960848
-6468.701032330835
1855.58665080722
7500.0
7500.0
7500.0
7500.0
7500.0
7500.0
-7500.0
-7500.0
-6264.131949821902
-6930.940031486889
7500.0
7500.0
7500.0
7500.0
7500.0
7500.0
-7500.0
7500.0
7500.0
-7500.0
-7301.209021157871
-6338.188082003053
-5793.6242067885105
-5198.587747503447
-4896.065651012299
-2429.5884157643504
7500.0
7500.0
7500.0
7500.0
7500.0
7500.0
7500.0
-7500.0
-7500.0
-7500.0
-7500.0
-7500.0
-7500.0
7500.0
7500.0
7500.0
7500.0
7500.0
7500.0
7500.0
7500.0
7500.0
-7323.377985412593
-7500.0
-7500.0
-7500.0
-7500.0
-7500.0
7500.0
7500.0
7500.0
7500.0
7500.0
7500.0
7500.0
7500.0
-7500.0
-7500.0
-7500.0
-7500.0
-7500.0
-7500.0
-7500.0
7500.0
7500.0
7500.0
7500.0
7500.0
7500.0
7500.0
-7317.798235519755
-7500.0
-7500.0
7500.0
7500.0
7500.0
-1407.1974021361307
7500.0
2252.9375068061727
7500.0
7500.0
-6951.3368983957225
-7280.7819771565355
-6903.906838147914
-6390.00132213645
7500.0
7500.0
7500.0
7500.0
7500.0
7500.0
-6788.537549407116
-6318.493150684935
-5722.053577534769
7500.0
7500.0
7500.0
7500.0
-4478.13121272366
-4774.710242874358
-5060.949486284526
-5952.36989809172
-6500.562806212269
-7500.0
7500.0
7500.0
7500.0
7500.0
7500.0
7500.0
-7500.0
-7319.692846434766
-6896.321774515645
-7268.942793413771
-7500.0
-7500.0
-7500.0
7500.0
7500.0
7500.0
7500.0
7500.0
7500.0
7500.0
7500.0
7500.0
-5927.028305605931
-6489.476614980316
-7130.069119172382
-7500.0
-7500.0
-7500.0
-7500.0
7500.0
7500.0
7500.0
7500.0
7500.0
7500.0
7500.0
7500.0
-7500.0
7500.0
7500.0
7500.0
-7500.0
-7500.0
-7500.0
-6670.909090909092
-5012.168776646837
-4490.964484422135
-2706.5933560652215
7500.0
7500.0
-7500.0
7500.0
7500.0
7500.0
7500.0
7500.0
7500.0
-6265.832036885262
-6491.131863398126
-6261.312533081471
-5418.967636991134
-3415.4030634052197
7500.0
7500.0
7500.0
7500.0
7500.0
7500.0
-7500.0
-7500.0
-7500.0
-7500.0
-7500.0
7500.0
7500.0
7500.0
7500.0
7500.0
7500.0
-7500.0
-6968.401652085091
-6323.082504239495
-6391.158143733353
-5661.689762080341
-5850.053088465576
-6044.941785787516
3349.2395342762575
7500.0
-3478.2027032266506
7500.0
7500.0
7500.0
7500.0
7500.0
7500.0
-7500.0
-7500.0
-7500.0
-7500.0
-7500.0
-7500.0
-7500.0
-7500.0
7500.0
7500.0
7500.0
7500.0
7500.0
7500.0
7500.0
7500.0
-6987.288128943876
-7500.0
-7500.0
-7500.0
-5553.080293817173
7500.0
7500.0
7500.0
7500.0
7500.0
7500.0
-7500.0
-7500.0
-7500.0
-7500.0
-7500.0
-6722.7272727272775
7500.0
7500.0
7500.0
7500.0
7500.0
7500.0
7500.0
7500.0
7500.0
-6749.011857707512
7500.0
7500.0
-7500.0
-6803.74839346979
-5246.891877388227
7500.0
7500.0
7500.0
7500.0
-7500.0
-7500.0
-7500.0
-7500.0
7500.0
7500.0
7500.0
7500.0
7500.0
7500.0
-7500.0
-7500.0
-7500.0
-7500.0
7500.0
7500.0
7500.0
7500.0
7500.0
-6994.621113606809
-7306.892383856024
-7023.470161255396
-7163.387384791671
-4458.805881600685
7500.0
7500.0
7500.0
7500.0
7500.0
7500.0
-7169.947886508398
-6957.772531404702
-7297.306520369455
-7500.0
-6893.591425924071
-7500.0
-7500.0
7500.0
7500.0
7500.0
7500.0
7500.0
7500.0
7500.0
7500.0
-7500.0
-6944.143460829993
-7500.0
-7500.0
7500.0
7500.0
7500.0
7500.0
-6411.8226623403225
-6117.653426332761
-4308.124224569114
-2081.0699148229487
-2424.6499539709184
470.90397787013535
7500.0
7500.0
5707.497359206078
1909.0653994844006
7500.0
1995.1876242060557
1373.0958065693048
1458.810383383794
1198.7505970225538
-799.3327278776651
-1822.3243384954635
-1942.5003485791199
-941.4458678682954
-259.27873639956306
-115.44702592246449
773.4653120690036
2141.5549096237337
3136.0306814788714
2810.774633130024
2909.050507333757
-2045.4545454545457
6245.111980092431
4372.652652820232
5667.238164615324
-681.8181818181819
2938.5964912280688
-2500.0000000000005
129.87012987012895
-919.5064629847257
-1466.3250046175053
-1731.6784386455001
7500.0
-5606.060606060606
-3061.2415174101684
-2645.294664871506
-1868.7770918806996
383.2099358881983
7500.0
7500.0
7500.0
7500.0
-6116.952442575219
-5296.2269396256725
-3292.5021117635715
-2737.0178226362423
989.0703261866802
3014.6550227176604
2172.1811178549938
4220.180355577408
7320.510732122126
1967.9123542876914
-3181.818181818182
3249.6038034865323
2476.1868884332966
883.4938647896961
-426.50204347090676
-398.75621999406576
1933.1267136598417
7500.0
-5606.060606060606
-4214.1990291262155
-5037.674954719079
-4430.069642302535
-4536.689366153534
-2822.2952751853063
2803.4859641967573
7500.0
7500.0
3531.377861359413
7500.0
7500.0
-3058.4415584415638
7500.0
7500.0
-7045.454545454546
-6780.789509260514
-7101.813666015447
-7500.0
-7500.0
-7500.0
-7500.0
7500.0
7500.0
7500.0
7500.0