Demand
-7500.0
-7500.0
7500.0
7500.0
7500.0
7500.0
7500.0
7500.0
7500.0
7500.0
7500.0
7500.0
7500.0
7500.0
7500.0
7500.0
-7500.0
-7500.0
-7500.0
-7500.0
-7500.0
-7500.0
-7500.0
7500.0
7500.0
7500.0
7500.0
7500.0
7500.0
7500.0
7500.0
7500.0
-7500.0
-7500.0
-7500.0
-7500.0
-7500.0
7500.0
7500.0
7500.0
7500.0
7500.0
7500.0
-7500.0
-7500.0
-7500.0
-7500.0
7500.0
7500.0
7500.0
7500.0
7500.0
7500.0
-7500.0
-5996.467263306642
-3912.905743745228
721.6634653776246
4785.760850981673
5695.830508833815
4758.020101357457
5289.06774658983
7500.0
-5606.060606060606
-2262.375259361727
-1685.8296466189277
-2716.2037705216335
-3531.735688379964
-3236.559111041262
-2958.6708729823276
-3264.743744664842
-2185.9230966611067
7500.0
7500.0
7500.0
7500.0
7500.0
-7345.425341065544
-7500.0
-7500.0
-7051.949044922374
-7500.0
-7500.0
-7500.0
7500.0
7500.0
7500.0
7500.0
7500.0
7500.0
7500.0
-7500.0
-7138.404883510817
-7283.183947817859
-7206.971178794607
-7500.0
7500.0
7500.0
7500.0
7500.0
7500.0
7500.0
-7500.0
-7500.0
-7500.0
-7500.0
-7500.0
7500.0
7500.0
7500.0
7500.0
7500.0
-7500.0
7500.0
7500.0
7500.0
7500.0
-7500.0
-7500.0
7500.0
7500.0
-7500.0
-7500.0
-7500.0
-7500.0
-6681.818181818187
7500.0
7500.0
7500.0
7500.0
7500.0
7500.0
-7500.0
-7500.0
7500.0
7500.0
-7500.0
-7500.0
-7500.0
-7500.0
-7500.0
-7500.0
-7500.0
7500.0
7500.0
7500.0
7500.0
7500.0
7500.0
7500.0
7500.0
-7341.824841824844
-6986.369048320739
-7500.0
-7500.0
-7500.0
-7500.0
-7500.0
-2206.8388031094796
7500.0
7500.0
7500.0
7500.0
7500.0
7500.0
7500.0
7500.0
-7500.0
-7500.0
-7500.0
-7500.0
-7500.0
-6955.182667799494
-3288.074325053423
7500.0
7500.0
7500.0
7500.0
7500.0
7500.0
7500.0
7500.0
-7500.0
-7500.0
7500.0
7500.0
7500.0
7500.0
-7500.0
-7500.0
-7500.0
7500.0
7500.0
7500.0
7500.0
-7500.0
-7500.0
-7302.799659357041
-7500.0
-7222.896390932732
-6752.062283802034
-6866.1248536386465
-2359.238933093262
7500.0
7500.0
7500.0
7500.0
7500.0
7500.0
7500.0
7500.0
-7500.0
-7500.0
-7500.0
-7500.0
-7500.0
-7500.0
-7500.0
7500.0
7500.0
7500.0
7500.0
7500.0
7500.0
7500.0
7500.0
-7500.0
-7500.0
-7500.0
-7500.0
-7500.0
-7085.141785934675
-7500.0
7500.0
7500.0
7500.0
7500.0
7500.0
7500.0
7500.0
7500.0
7500.0
-7500.0
-7500.0
-6724.665608705509
-5221.932610548658
-3357.1429839357934
7500.0
7500.0
7500.0
7500.0
7500.0
7500.0
7500.0
7500.0
7500.0
-7500.0
-7500.0
7500.0
7500.0
7500.0
7500.0
-7500.0
7500.0
7500.0
-7500.0
-7500.0
-7500.0
-7500.0
-7500.0
-7185.187230752239
-7500.0
-7500.0
7500.0
7500.0
7500.0
7500.0
7500.0
7500.0
7500.0
7500.0
-3781.534736532194
-4286.87712969699
-5429.10707240119
-6062.515119506605
-6292.13098066919
-7047.190680191172
-7500.0
7500.0
7500.0
7500.0
7500.0
7500.0
7500.0
7500.0
-7500.0
-7500.0
-7500.0
-7500.0
-7500.0
-7500.0
-7500.0
-7500.0
7500.0
7500.0
7500.0
7500.0
7500.0
7500.0
7500.0
7500.0
-7500.0
-7500.0
-7500.0
-7500.0
7500.0
7500.0
7500.0
7500.0
7500.0
7500.0
-7500.0
7500.0
7500.0
-7500.0
-7500.0
7500.0
7500.0
7500.0
-5084.955675299845
-4887.651002898303
-5066.7015503983675
-5236.2889098088635
-5691.846914486776
-7098.2727154112235
-7500.0
7500.0
7500.0
7500.0
7500.0
7500.0
7500.0
7500.0
7500.0
7500.0
-7500.0
-7500.0
-7500.0
-7500.0
-7500.0
-7500.0
-7500.0
404.46841294295245
7500.0
7500.0
7500.0
7500.0
7500.0
7500.0
7500.0
7500.0
7500.0
-7500.0
-7500.0
-7254.6487603305795
-5879.768206073504
-4499.926461898654
221.05303142336788
7500.0
7500.0
7500.0
7500.0
7500.0
7500.0
7500.0
-7500.0
-7500.0
-7500.0
-7500.0
-7500.0
-7500.0
-7500.0
-7500.0
7500.0
7500.0
7500.0
7500.0
7500.0
7500.0
7500.0
7500.0
7500.0
-6356.951871657759
7500.0
7500.0
7500.0
-7500.0
-7500.0
-7500.0
-7500.0
-7500.0
-7500.0
-7500.0
7500.0
7500.0
7500.0
7500.0
7500.0
7500.0
7500.0
-7500.0
-7500.0
-7500.0
-6891.980924891763
7500.0
7500.0
7500.0
7500.0
7500.0
-7001.748251748255
-6589.41957153976
7500.0
7500.0
7500.0
-3882.3139860697065
-4102.844215506975
-3165.222795653652
-2634.8409876924397
-550.9565425215515
4578.097893971313
7500.0
-1761.853914765678
7500.0
7500.0
7500.0
-7342.3381891941735
-6773.106462024964
-6387.568776759073
-5940.874751748448
-3453.3769284047994
7500.0
7500.0
7500.0
7500.0
7500.0
-7500.0
-3171.7289719626174
-3477.847925980039
-3757.3549338259545
-3997.7592501164568
-4166.798122025188
-5109.697335956955
-5016.73931764649
7500.0
7500.0
7500.0
7500.0
7500.0
7500.0
7500.0
-7500.0
-7283.187523773298
-6684.625097482503
-7112.236496059768
-7500.0
7500.0
7500.0
7500.0
7500.0
7500.0
7500.0
7500.0
-4754.665863937389
-4278.716507111492
-4914.581911432941
-4027.578132838409
-3764.5273532581687
-2621.5072830502972
7500.0
7500.0
7500.0
7500.0
7500.0
-7500.0
-6989.669421487604
-6557.643085700376
-6213.435686889559
-6225.516997382112
-5842.73306066079
-4904.541328623291
-4385.800849374093
7500.0
7500.0
7500.0
7500.0
7500.0
7500.0
7500.0
-7014.204545454546
-6162.335500911773
-6037.0702456621675
-5530.803233662846
7500.0
-5057.848204703636
7500.0
7500.0
7500.0
-7500.0
-7500.0
-7084.561911541687
-6535.178235906469
-5441.130485313055
-5577.7341131513385
-4397.100363152949
4401.469232641509
7500.0
7500.0
-3672.7129765791306
7500.0
7500.0
7500.0
7500.0
7500.0
-7500.0
-7500.0
-7500.0
-7500.0
-7500.0
-7500.0
-7500.0
7500.0
7500.0
7500.0
7500.0
7500.0
7500.0
7500.0
7500.0
-6592.8655300790215
-6902.358193038266
-5468.825213343947
-4642.2117720206425
-6880.358845952431
-7500.0
-7500.0
7500.0
7500.0
7500.0
7500.0
7500.0
7500.0
7500.0
7500.0
7500.0
-7500.0
-7500.0
-7500.0
-7500.0
-6628.292268479188
-4578.95070839077
7500.0
7500.0
7500.0
7500.0
7500.0
7500.0
7500.0
7500.0
-7500.0
-7120.935026933566
-7274.407711309712
-7500.0
-7500.0
-7500.0
7500.0
7500.0
7500.0
7500.0
7500.0
7500.0
-7500.0
-7320.247270252945
-7095.140023573826
-6552.459936607409
-6912.970990271182
-4554.209838958828
-5273.396188877836
7500.0
7500.0
7500.0
7500.0
7500.0
7500.0
7500.0
7500.0
-7195.067584435967
-7336.163025434231
-7500.0
-7500.0
-7500.0
-7500.0
-7500.0
-7500.0
7500.0
7500.0
7500.0
7500.0
7500.0
7500.0
7500.0
7500.0
-7500.0
-7500.0
-7500.0
-7500.0
7500.0
7500.0
7500.0
7500.0
7500.0
7500.0
7500.0
-7193.383539537386
-7331.658866255517
-6735.0594717064305
-6821.007431324801
-7500.0
-7500.0
-7500.0
7500.0
7500.0
7500.0
7500.0
7500.0
7500.0
-6663.10119444392
7500.0
7500.0
7500.0
-6555.5616922567115
-6655.872308981014
-6762.083471013417
-6464.0533678149495
-6294.644042517373
-6902.813722193228
-7500.0
-7500.0
7500.0
7500.0
7500.0
7500.0
7500.0
7500.0
7500.0
7500.0
-6086.134193228327
-4273.22913497889
-2130.2796378156568
-2614.6828833366694
-395.47742016719803
4569.242131409105
7500.0
7500.0
4722.345090457555
2664.2005902711503
-3181.818181818182
2654.585729097935
2511.9546242048323
1950.1030816815792
-407.5641734357823
-1223.3058000390574
-208.82750675627176
7500.0
-4545.454545454546
-773.2919254658373
-228.35167038939926
692.4438851492746
1553.305497090797
1915.2457379561856
3306.579964792926
5251.076144138526
4098.585955030094
-2272.727272727273
6151.685393258422
-681.8181818181819
3833.333333333325
-2500.0000000000005
3244.6524064171135
1030.5115445815977
1726.7162530641685
7500.0
7500.0
7500.0
-3977.948559511857
-4156.576363492193
-4521.181882791698
-5330.408664975814
-6019.3824782366755
-6601.583715707335
-6677.696108363709
-5220.6603226863535
7500.0
7500.0
7500.0
7500.0
7500.0
7500.0
7500.0
7500.0
-4090.9090909090914
7500.0
3972.4576271186634
-3636.3636363636365
7500.0
3715.741391426568
1256.2668956140842
1924.2825066109162
7500.0
-5454.545454545455
-2485.9254046446204
-3287.848313403907
-4078.016400884441
-2379.33172828635
-366.68203479193835
7500.0
7500.0
7500.0
7500.0
-6590.909090909092
-4983.410039601842
-4568.497028253274
-4633.708020817947
-5096.267315819219
-4661.760175959151
-4368.06919206139
7500.0
114.65344990587937
7500.0
7500.0
7500.0
7500.0
-7500.0
-7500.0
7500.0
7500.0