Demand
-7500.0
-7500.0
-7500.0
-7500.0
-7500.0
-7500.0
7500.0
7500.0
7500.0
7500.0
7500.0
7500.0
7500.0
7500.0
7500.0
-7500.0
-7500.0
-7500.0
-7500.0
-7500.0
7500.0
7500.0
7500.0
7500.0
7500.0
7500.0
7500.0
-7500.0
-6983.071342200727
-7108.560727644082
-7500.0
-7500.0
-7500.0
7500.0
7500.0
7500.0
7500.0
7500.0
7500.0
7500.0
-7500.0
-7336.535704043592
-7500.0
-7500.0
-7500.0
-7500.0
-7500.0
-7500.0
7500.0
7500.0
7500.0
7500.0
7500.0
7500.0
7500.0
7500.0
178.01425328103915
7500.0
7500.0
-3937.5
-4236.42815169733
-4334.983862264673
-2303.385583787209
-346.9326924553243
819.7850188828584
-372.3352653720367
-815.0148185574908
2445.4527962808706
7500.0
14.837798301697148
7500.0
7500.0
-7028.108491681778
-7158.876693043605
-7500.0
-7280.522189548961
-7230.5461187873225
-7500.0
-7500.0
7500.0
7500.0
7500.0
7500.0
7500.0
7500.0
7500.0
7500.0
-7500.0
7500.0
7500.0
7500.0
-7165.149067410783
-7318.532833095262
-7298.906257478233
-7500.0
-7500.0
-7500.0
-7500.0
-7500.0
7500.0
7500.0
7500.0
7500.0
7500.0
7500.0
7500.0
7500.0
7500.0
-7500.0
-7500.0
-7500.0
-7500.0
-7500.0
-6786.601732595329
-6335.902450035674
-7500.0
7500.0
7500.0
7500.0
7500.0
7500.0
7500.0
7500.0
7500.0
-7311.095670665958
-6861.470383477648
-7004.538947480685
-7191.6671924740585
-7500.0
-7500.0
7500.0
7500.0
7500.0
7500.0
7500.0
7500.0
7500.0
7500.0
7500.0
-7500.0
-7500.0
-7500.0
-7500.0
-7500.0
7500.0
7500.0
7500.0
7500.0
7500.0
7500.0
7500.0
-6987.9626302551205
-7500.0
-7500.0
-7500.0
-7500.0
-7500.0
-5529.514244722288
7500.0
7500.0
7500.0
7500.0
7500.0
7500.0
7500.0
7500.0
7500.0
-7500.0
-7500.0
-7500.0
-7500.0
7500.0
7500.0
7500.0
7500.0
7500.0
7500.0
-7500.0
-7500.0
-7500.0
7500.0
7500.0
7500.0
7500.0
-6731.611761732245
-6778.890621055098
-7500.0
-7500.0
7500.0
7500.0
7500.0
7500.0
7500.0
-7500.0
-7500.0
-7500.0
-7209.691368028998
-7500.0
-6841.706428322763
-496.35215821763086
7500.0
7500.0
7500.0
7500.0
7500.0
7500.0
7500.0
7500.0
7500.0
-7500.0
-7500.0
-7500.0
-7500.0
-7500.0
-7500.0
7500.0
7500.0
7500.0
7500.0
7500.0
7500.0
7500.0
-7500.0
-7500.0
-7500.0
-7500.0
-7500.0
7500.0
7500.0
7500.0
7500.0
7500.0
7500.0
-7500.0
-7500.0
-7500.0
-7500.0
-7500.0
7500.0
7500.0
7500.0
7500.0
7500.0
7500.0
-6557.089291622249
-6657.42729758046
-6395.502472322976
-6677.9738931191405
-6781.291412287874
-7500.0
-7500.0
-7500.0
7500.0
7500.0
7500.0
7500.0
7500.0
7500.0
7500.0
7500.0
-7500.0
7500.0
7500.0
-7500.0
-7500.0
-7500.0
-7500.0
-7500.0
7500.0
7500.0
7500.0
7500.0
7500.0
7500.0
7500.0
-7500.0
-6349.140608821703
-5773.014616853083
-3742.137697824662
-2502.1844604757785
-3.848767546601266
-191.9249293934563
-1588.1662068939627
1867.5074986104137
7500.0
7500.0
7500.0
7500.0
7500.0
7500.0
-7500.0
-7500.0
-7500.0
-7500.0
7500.0
7500.0
7500.0
7500.0
7500.0
7500.0
7500.0
-7500.0
-7273.169437566328
-7500.0
-7500.0
-7500.0
7500.0
7500.0
7500.0
7500.0
7500.0
7500.0
-7500.0
-7500.0
-7500.0
-6636.716630515177
443.13957603466815
7500.0
7500.0
7500.0
7500.0
7500.0
7500.0
-7500.0
-7500.0
-7500.0
-3693.8376418964053
-2153.1766343811255
-1859.1946326880002
1420.7007827940279
6104.856056562506
4918.9925704507805
7500.0
-5281.386362869702
7500.0
7500.0
7500.0
-7500.0
-7500.0
-7165.145082441442
-4499.718014453903
7500.0
7500.0
7500.0
7500.0
7500.0
7500.0
-7500.0
-7500.0
-7500.0
-7500.0
-5355.799373040758
7500.0
7500.0
7500.0
7500.0
7500.0
7500.0
-7500.0
-7500.0
-7500.0
-7500.0
-7500.0
-7172.413793103449
-5080.710313989561
-1872.771473410798
7500.0
7500.0
-3049.487223949789
7500.0
7500.0
7500.0
7500.0
7500.0
7500.0
-7500.0
-7500.0
-7500.0
-7500.0
-7500.0
-7500.0
-7500.0
7500.0
7500.0
7500.0
7500.0
7500.0
7500.0
7500.0
7500.0
-7334.580678805942
-7319.643907847716
-7500.0
-7500.0
-7500.0
-7500.0
-7500.0
7500.0
7500.0
7500.0
7500.0
7500.0
7500.0
7500.0
7500.0
7500.0
-7500.0
-7500.0
-7500.0
-7500.0
-7500.0
-7500.0
-6874.8476724348075
7500.0
7500.0
7500.0
7500.0
3950.653022754815
7500.0
7500.0
7500.0
7500.0
-6550.9490509490515
-3758.902866347322
-2680.9069479258433
7500.0
7500.0
-6515.151515151516
-2992.883500263569
7500.0
7500.0
7500.0
-7155.005447282414
-7100.670208774283
-7251.760447010327
-6045.105828397736
-3404.824252441292
7500.0
7500.0
7500.0
7500.0
7500.0
7500.0
-7500.0
-7500.0
-3348.739495798318
-3658.2430528250934
-3946.4970195048645
-4205.1634375542
-4413.064804650079
-5357.712931477568
-5597.010746378968
7500.0
7500.0
7500.0
7500.0
7500.0
7500.0
7500.0
-7500.0
-7320.179820179821
-6885.378433325603
-7256.290401071436
-7500.0
-7500.0
-7500.0
7500.0
7500.0
7500.0
7500.0
7500.0
7500.0
7500.0
-4971.152516608978
-3785.0463808260297
-2213.199597214247
7500.0
7500.0
7500.0
7500.0
-7500.0
-7500.0
-7500.0
-6541.7185554171865
-4971.351401938457
1170.6329386694888
7500.0
7500.0
7500.0
7500.0
7500.0
7500.0
7500.0
7500.0
7500.0
-7500.0
-7500.0
-6914.116034719051
-5920.87535269506
-5876.220138580036
-5712.849461693115
-4548.502046865429
-5126.924425675454
7500.0
7500.0
7500.0
7500.0
7500.0
7500.0
7500.0
-6394.450002967122
-6629.245640829151
-6499.727463951802
-6030.671275227072
-5476.9749236061725
-4288.438514337064
7500.0
7500.0
7500.0
7500.0
7500.0
7500.0
-7500.0
-7500.0
-7500.0
7500.0
7500.0
7500.0
7500.0
7500.0
-7500.0
-7500.0
-7500.0
-6775.607896297553
-5628.346888727367
-5187.668115362583
489.03456370414233
7500.0
7500.0
7500.0
7500.0
7500.0
7500.0
7500.0
-7500.0
-7500.0
-7500.0
-7500.0
-7500.0
-7500.0
-7500.0
7500.0
7500.0
7500.0
7500.0
7500.0
7500.0
7500.0
7500.0
7500.0
-5622.529644268776
7500.0
7500.0
-7500.0
-6994.456762749445
-7500.0
-7500.0
-7500.0
-6651.436920119066
-6406.615579037569
7500.0
7500.0
7500.0
7500.0
7500.0
7500.0
7500.0
-7500.0
-7500.0
-7500.0
-5839.160839160839
7500.0
7500.0
7500.0
7500.0
7500.0
-7329.385850461265
-6565.018846706946
-7500.0
-7500.0
-6890.423036275388
-7500.0
-4859.937447574379
7500.0
7500.0
7500.0
7500.0
7500.0
7500.0
7500.0
7500.0
7500.0
-7500.0
-7500.0
-7500.0
-7249.872010531704
-7185.67433247221
-6140.821606481493
-6606.09951218499
7500.0
7500.0
7500.0
7500.0
7500.0
7500.0
7500.0
7500.0
7500.0
7500.0
7500.0
-7329.358347470314
-7115.8746550452925
-7274.830570011571
-6353.837217201291
-6251.156112193616
-7500.0
7500.0
7500.0
7500.0
7500.0
7500.0
7500.0
7500.0
-7500.0
-7133.893280632412
-7500.0
-7500.0
-4034.310708501671
-4998.786952109342
-3723.0628243480824
7500.0
7500.0
7500.0
3699.8301624148025
7500.0
7500.0
7500.0
7500.0
-7500.0
-7500.0
-6217.37173717372
-6804.73848439149
-6157.042590223951
7500.0
7500.0
7500.0
7500.0
7500.0
7500.0
7500.0
-1496.6740576496686
-618.2229202265216
89.06886414855353
1104.1140516316086
2232.157321578412
1120.7875704865783
847.1949751839611
-3409.0909090909095
7500.0
-2104.4138328945955
-2300.2175029366463
-1504.4134604761325
-1027.1316538522701
-1049.1755639322068
-516.1068183167836
385.2307667140867
1235.3184145032374
1603.5467307379163
2963.7500917588495
4801.058106621758
-1893.939393939394
3915.441176470586
-1363.6363636363637
7500.0
-2348.4848484848485
7500.0
1947.7359289039387
504.9263005029943
-125.80963704776332
-197.977310248104
7500.0
-5606.060606060606
-3489.2535022068696
-3516.1204143555588
-3695.8867567095112
-4379.33019588621
-4733.513514969869
-3424.115841710925
7500.0
7500.0
7500.0
7500.0
7500.0
7500.0
-2058.7611370386094
-1225.791914682115
-1770.9498683221009
-1205.3272371025273
880.9666722266247
3018.871521255163
2906.8918429325977
1516.1119807216733
1077.8949835104177
-160.5606864422989
-1339.1855898926792
-1645.9292039941906
-1126.1634868286606
5431.562287001648
3112.9876206628087
7500.0
-5265.187419215856
-4907.600602549877
-5273.525099471772
-4752.623798335178
-4011.334459841106
-3187.9963404985797
-1633.6140135719502
1168.2470838401532
7500.0
7500.0
6096.859903840619
2902.815336392261
7500.0
7500.0
7500.0
-6557.851239669424
7500.0
7500.0
7500.0
-7500.0
-7500.0
-7500.0
7500.0
7500.0