Demand
7500.0
7500.0
7500.0
7500.0
7500.0
7500.0
7500.0
7500.0
7500.0
7500.0
-7500.0
-7500.0
-7500.0
-7500.0
-7500.0
7500.0
7500.0
7500.0
7500.0
7500.0
7500.0
7500.0
7500.0
7500.0
7500.0
-7500.0
-7500.0
-7500.0
-6761.849261849264
-6859.240837947857
-7500.0
-7500.0
7500.0
7500.0
7500.0
7500.0
7500.0
7500.0
7500.0
-7500.0
-7500.0
-7288.057160178083
-7500.0
-7500.0
-7500.0
-7500.0
-7500.0
7500.0
7500.0
7500.0
7500.0
7500.0
7500.0
7500.0
7500.0
7500.0
-3626.2113775288562
-3016.3201951065967
-2743.115554367186
-2625.8936544977983
-2918.6174625227086
-2893.890500796293
448.71372365163734
3551.037785081715
4625.9940672521825
1958.3358013443726
853.2760646337392
3654.811657928599
5748.28859707218
2524.4139188573713
7500.0
7500.0
7500.0
-7189.711486118673
-7500.0
-7309.246469905618
-7275.955044884255
-7500.0
-7500.0
-4823.67767999884
7500.0
7500.0
7500.0
7500.0
7500.0
7500.0
7500.0
-7500.0
-7500.0
-7500.0
7500.0
7500.0
7500.0
7500.0
7500.0
7500.0
-7500.0
-7500.0
-7500.0
-7500.0
-7500.0
-7500.0
7500.0
7500.0
7500.0
7500.0
7500.0
7500.0
-7500.0
-7500.0
-7500.0
7500.0
7500.0
7500.0
7500.0
7500.0
-7500.0
-7500.0
-7500.0
-7500.0
-7500.0
-7500.0
-7500.0
7500.0
7500.0
7500.0
7500.0
7500.0
7500.0
7500.0
7500.0
7500.0
-7500.0
-7500.0
7500.0
7500.0
7500.0
7500.0
-7500.0
-7500.0
-7500.0
-7500.0
-7500.0
-7500.0
-7500.0
7500.0
7500.0
7500.0
7500.0
7500.0
7500.0
7500.0
7500.0
7500.0
7500.0
-7500.0
-7500.0
-7037.337662337664
-4542.898963655905
-3063.9486419222485
-2851.567204837476
7500.0
6468.353304466643
134.1864675200186
7500.0
7500.0
7500.0
7500.0
-7500.0
-7500.0
-7500.0
-7280.617350473403
-6947.437709706546
-6694.432225176208
-7500.0
7500.0
7500.0
7500.0
7500.0
7500.0
7500.0
7500.0
-7500.0
-7065.075212557229
-6261.111762636336
-5434.575374387145
7500.0
7500.0
7500.0
7500.0
7500.0
-7500.0
7500.0
7500.0
-7500.0
-7500.0
-7293.9634917766125
-7500.0
-7187.7285182249325
-6557.503605437809
-6310.870979731437
7500.0
7500.0
7500.0
7500.0
7500.0
7500.0
7500.0
7500.0
-7500.0
-7500.0
-7500.0
-7500.0
-7500.0
-7500.0
7500.0
7500.0
7500.0
7500.0
7500.0
7500.0
7500.0
7500.0
-7500.0
-7500.0
-7500.0
-7500.0
7500.0
7500.0
7500.0
7500.0
7500.0
-7500.0
7500.0
7500.0
7500.0
-7500.0
-7500.0
-7500.0
-7500.0
-7500.0
-7500.0
7500.0
7500.0
7500.0
7500.0
7500.0
7500.0
7500.0
-7500.0
-7500.0
-7500.0
-7500.0
7500.0
7500.0
7500.0
7500.0
7500.0
-7500.0
-7500.0
-7500.0
-7500.0
7500.0
7500.0
7500.0
7500.0
7500.0
-7500.0
-7500.0
-7271.837751289806
-7500.0
-7500.0
-7500.0
7500.0
7500.0
7500.0
7500.0
7500.0
7500.0
7500.0
7500.0
7500.0
-5737.476808905381
-6064.545349419883
-4990.926328838799
7500.0
7500.0
7500.0
-7500.0
-7500.0
-7500.0
-7500.0
-7500.0
-7500.0
7500.0
7500.0
7500.0
7500.0
7500.0
7500.0
7500.0
7500.0
-7304.66072652502
-7500.0
-7500.0
-7500.0
-7500.0
7500.0
7500.0
7500.0
7500.0
7500.0
7500.0
7500.0
-7500.0
-7016.447892492035
-5864.011926620193
-5293.490489398115
5074.628076339473
7500.0
7500.0
7500.0
7500.0
7500.0
7500.0
-7500.0
-4630.322209436139
-2834.6985357799117
934.6861799409385
7500.0
7500.0
7500.0
-6544.487427466151
-7326.770910186635
-7500.0
-7500.0
-7500.0
-7500.0
-7500.0
7500.0
7500.0
7500.0
7500.0
7500.0
7500.0
7500.0
-7500.0
-7500.0
-7500.0
-7500.0
-7500.0
7500.0
7500.0
7500.0
7500.0
7500.0
7500.0
-7500.0
-7500.0
-7500.0
-7500.0
7500.0
7500.0
7500.0
7500.0
7500.0
7500.0
-2866.686232217306
7500.0
7500.0
-7500.0
-7500.0
-7500.0
-7500.0
-7500.0
-7500.0
-7500.0
7500.0
7500.0
7500.0
7500.0
7500.0
7500.0
7500.0
7500.0
-7500.0
-7500.0
-7500.0
-7500.0
7500.0
7500.0
7500.0
7500.0
7500.0
-7500.0
7500.0
7500.0
7500.0
7500.0
-7500.0
-7500.0
-7500.0
-7500.0
-7126.670159811372
-7500.0
-7500.0
7500.0
7500.0
7500.0
7500.0
7500.0
7500.0
7500.0
7500.0
-6596.307099328093
-6241.956090890477
-5943.118288016698
-5657.983401682744
-5883.160980559014
7500.0
7500.0
7500.0
7500.0
7500.0
7500.0
-4335.53088133241
-3986.2215840338195
-2201.2849037069805
7500.0
1900.195310599669
7500.0
7500.0
-7083.789704271632
-6953.303750953341
-7034.503494094484
7500.0
7500.0
7500.0
7500.0
7500.0
-7196.969696969698
-6558.9504270494
-6668.230804161649
-7500.0
-7500.0
1003.6624743732973
854.7518727742399
1023.8720848177272
1790.0788056310707
3845.2049369656434
2656.4503533361008
7500.0
7500.0
7500.0
7500.0
7500.0
7500.0
-7500.0
-7294.734314980795
-7500.0
-7102.864996318349
-3730.9400532006875
7500.0
7500.0
7500.0
7500.0
7500.0
7500.0
-7500.0
-7500.0
-6768.184287195696
-4217.956470199773
-3619.3929144938015
-4375.266149174389
-3314.408214109861
-3160.748010827898
-2861.6269094760446
7500.0
7500.0
7500.0
7500.0
7500.0
7500.0
7500.0
-6671.855541718558
-6417.494826916842
-6496.784484686226
-6341.874055346601
-6083.957230325117
-6729.313013992734
-7500.0
7500.0
7500.0
7500.0
7500.0
7500.0
7500.0
7500.0
7500.0
-5463.477570464473
7500.0
7500.0
7500.0
-7500.0
-7500.0
-7500.0
-7500.0
7500.0
7500.0
7500.0
7500.0
7500.0
7500.0
-6344.204123014533
-6182.945913191235
-6186.659036614134
-7154.199732731153
-7500.0
7500.0
7500.0
7500.0
7500.0
7500.0
7500.0
7500.0
7500.0
-7500.0
-7500.0
-7500.0
7500.0
7500.0
7500.0
7500.0
7500.0
-6542.676887300289
-6631.939889661109
-6141.580725426369
-6380.904495109753
-6668.302933732801
-3899.2144243478688
227.56581175131623
-4133.550022860283
7500.0
7500.0
7500.0
7500.0
7500.0
7500.0
-7500.0
-7500.0
-7500.0
-7500.0
7500.0
7500.0
7500.0
7500.0
-7500.0
-7157.33737799737
-6933.259554228
-6858.440885385706
-6234.988728699926
-6544.314602901117
-7500.0
-7500.0
7500.0
7500.0
7500.0
7500.0
7500.0
7500.0
7500.0
7500.0
-7500.0
-7500.0
-7500.0
-7500.0
-7500.0
7500.0
7500.0
7500.0
7500.0
7500.0
7500.0
-7043.521894890597
-4905.471625582006
-2836.3875288004183
7500.0
7500.0
7500.0
7500.0
-7134.489222118091
-7500.0
-6767.561589504996
-7500.0
-6567.334733648295
-6343.976417962784
7500.0
7500.0
7500.0
7500.0
7500.0
7500.0
7500.0
7500.0
-7500.0
-7322.9813664596295
-7296.31794695238
-6751.566875543873
-7160.066122854669
-7500.0
7500.0
7500.0
7500.0
7500.0
7500.0
7500.0
7500.0
-7500.0
-7500.0
-6869.003690036901
-7247.815593593476
-6825.222119446415
-6931.384013600764
7500.0
5642.223525281466
7500.0
7500.0
7500.0
7500.0
7500.0
7500.0
-6950.302173074451
-7284.993361720211
-7500.0
-6605.338615317025
-7500.0
7500.0
7500.0
7500.0
7500.0
7500.0
7500.0
-6716.310879191371
-7165.069947204642
-7500.0
-7500.0
-6783.805562915017
-7500.0
-7500.0
-7500.0
7500.0
7500.0
7500.0
7500.0
7500.0
7500.0
7500.0
7500.0
7500.0
-3462.2195985832373
-723.0388354248576
214.44952341197222
931.8780544155629
1966.9947890503113
3173.297257644081
2149.8896041232692
2026.3114420762086
1481.0759158940018
-781.4036899070884
-1395.1441026943935
1569.5337083522504
7500.0
-934.731246308329
-939.3733351486535
-370.53149221983404
579.2167376876728
1465.1900959456548
1826.1374752809152
3171.7070896253585
4825.727303981299
-1893.939393939394
4465.317919075143
-1363.6363636363637
7500.0
4065.5460513228554
3250.4484570553323
-132.35824958421472
-1192.6188046363554
-1996.8771251619987
-3068.458370957455
-2967.277438405359
-1958.675045252743
-1879.712747912498
1530.099301266233
7500.0
6264.850962228608
7500.0
-7028.925619834712
-7146.356779195778
-6868.586582895767
-5016.321887143298
-2064.9305510965078
7500.0
7329.535309175908
7500.0
5293.704670440046
1088.036141077026
7500.0
7500.0
7500.0
7500.0
7500.0
586.2767805442954
7500.0
-1803.3509700176382
-2453.509881956681
-2880.502281373554
-2041.560861846836
-1886.5598008778366
-2525.0940015495908
-2887.756006317257
3809.252281909538
7500.0
6585.83098173229
6954.544903230733
-6515.151515151516
-5277.254028111072
-5291.516877426337
-4468.685682287885
-3896.9673897999983
-3893.4636979174375
-4374.149139044246
-3574.7775286603173
-2614.6345946074125
7500.0
7500.0
7500.0
7500.0
7500.0
7500.0
7500.0
-7500.0
7500.0
7500.0