Demand
7500.0
7500.0
7500.0
7500.0
7500.0
7500.0
7500.0
7500.0
7500.0
7500.0
7500.0
7500.0
-7500.0
-7500.0
-7500.0
-7500.0
-7500.0
-7500.0
-7500.0
7500.0
7500.0
7500.0
7500.0
7500.0
7500.0
7500.0
7500.0
7500.0
7500.0
-7140.98257400798
-7500.0
-7500.0
-7500.0
7500.0
7500.0
7500.0
7500.0
7500.0
7500.0
-7500.0
-7500.0
-7304.901423877331
-7500.0
-7500.0
-7500.0
7500.0
7500.0
7500.0
7500.0
7500.0
7500.0
7500.0
-7500.0
-7500.0
-5710.2272727272775
-2010.9078114004242
7500.0
7500.0
5748.589240562992
3894.0853834366553
7500.0
-4862.547632008711
-3404.7149175641334
-2167.6914979531557
-1574.0341133802121
-2619.266991224111
-3442.814599046284
-3124.143285188473
-2812.5262844229583
-3086.0136658094357
-1782.5238221260865
7500.0
7500.0
7500.0
7500.0
7500.0
-7348.040522527328
-7500.0
-7500.0
-6741.23656929782
-7500.0
7500.0
7500.0
7500.0
7500.0
-7500.0
-7500.0
-7500.0
-7500.0
-7500.0
-7500.0
-5086.547294416761
7500.0
7500.0
7500.0
7500.0
7500.0
7500.0
7500.0
7500.0
-7500.0
-7500.0
-7500.0
-7500.0
-7500.0
-7500.0
7500.0
7500.0
7500.0
7500.0
7500.0
7500.0
7500.0
7500.0
7500.0
-7500.0
-7500.0
-7500.0
-7500.0
-7500.0
7500.0
7500.0
7500.0
7500.0
7500.0
-6898.499179238646
-7003.368404117473
-7140.178229847177
-7500.0
7500.0
7500.0
7500.0
7500.0
7500.0
7500.0
-7500.0
-7500.0
-7500.0
-7500.0
-7500.0
-7500.0
7500.0
7500.0
7500.0
7500.0
7500.0
7500.0
7500.0
-7500.0
-7500.0
-7222.151659156147
-6265.195691805959
-7500.0
7500.0
7500.0
7500.0
7500.0
7500.0
7500.0
7500.0
-6397.180762852406
-6458.180199573768
-6705.444207733495
-7256.153646245388
-7500.0
-7500.0
7500.0
7500.0
7500.0
7500.0
7500.0
7500.0
-7180.134680134681
-7122.66728312038
-7500.0
-7500.0
7500.0
7500.0
7500.0
7500.0
7500.0
7500.0
7500.0
-7168.893406912579
-6783.470763042125
-6909.84325441982
-7500.0
-7500.0
-7500.0
-7500.0
-7500.0
7500.0
7500.0
7500.0
7500.0
7500.0
7500.0
7500.0
7500.0
7500.0
-7319.98431498661
-7283.514975114014
-7500.0
-7500.0
7500.0
7500.0
7500.0
7500.0
7500.0
7500.0
-7500.0
-7500.0
-7500.0
-7500.0
-7500.0
-7500.0
7500.0
7500.0
7500.0
7500.0
7500.0
7500.0
7500.0
7500.0
7500.0
-7500.0
-7500.0
-7500.0
7500.0
7500.0
7500.0
7500.0
-7500.0
-7500.0
7500.0
7500.0
7500.0
7500.0
-7500.0
-7500.0
-7500.0
7500.0
7500.0
7500.0
7500.0
7500.0
-6544.158747903857
-6794.411459633058
-6887.910290022066
-7500.0
-7500.0
-7500.0
7500.0
7500.0
7500.0
7500.0
7500.0
7500.0
-7500.0
-7500.0
-7500.0
-7500.0
-7500.0
7500.0
7500.0
7500.0
7500.0
7500.0
-7500.0
-7304.863245070594
-7500.0
-7500.0
-7500.0
-7500.0
-7500.0
7500.0
7500.0
7500.0
7500.0
7500.0
7500.0
7500.0
7500.0
7500.0
-6489.61675880976
-6648.866788602938
7500.0
7500.0
7500.0
-7500.0
-7500.0
-7500.0
-7500.0
-7500.0
-7500.0
-7500.0
7500.0
7500.0
7500.0
7500.0
7500.0
7500.0
7500.0
-7500.0
-7500.0
7500.0
7500.0
7500.0
7500.0
-7500.0
-7500.0
-7500.0
-7500.0
-7500.0
7500.0
7500.0
7500.0
7500.0
7500.0
7500.0
7500.0
-7500.0
-7500.0
-7500.0
-7500.0
-7500.0
7500.0
7500.0
7500.0
7500.0
2161.016949152523
7500.0
7500.0
-7341.308140613981
-7500.0
-7500.0
-7500.0
-7500.0
-7500.0
-6917.944983313497
4032.926834943349
7500.0
7500.0
7500.0
7500.0
7500.0
7500.0
7500.0
7500.0
-7500.0
-7500.0
-5671.122994652409
-4236.758446036985
7500.0
7500.0
7500.0
7500.0
7500.0
-7500.0
-7500.0
-7500.0
-7500.0
-7500.0
7500.0
7500.0
7500.0
7500.0
7500.0
7500.0
7500.0
-7500.0
7500.0
7500.0
7500.0
7500.0
-7500.0
-7500.0
-7500.0
-7500.0
-7500.0
-7500.0
-7500.0
7500.0
7500.0
7500.0
7500.0
7500.0
7500.0
7500.0
-7338.135625307637
-7324.148474351508
-7304.709110600217
-7500.0
-7500.0
-7500.0
-7500.0
-7500.0
7500.0
7500.0
7500.0
7500.0
7500.0
7500.0
7500.0
7500.0
-7500.0
7500.0
7500.0
7500.0
7500.0
-7500.0
-7500.0
-7263.026607538806
-5877.655097248715
7500.0
7500.0
7500.0
1500.9268999538717
7500.0
-7334.833674612681
-7500.0
-7500.0
-6098.209725285915
-2474.1684528279525
-2601.112615815699
-873.2833314942363
298.50392903115426
3840.3941448839687
4989.697818990191
4061.168645826421
7500.0
7500.0
7500.0
7500.0
7500.0
-6881.701364262173
-6660.203231318374
-6567.557625850464
-6212.5962994071
-5936.520241411341
-6091.189967067832
-4245.3843215768775
7500.0
-7500.0
7500.0
7500.0
7500.0
7500.0
7500.0
-5695.234519313111
-6514.563228646313
-7052.470783473336
-7500.0
-7500.0
-7500.0
-7500.0
7500.0
7500.0
7500.0
7500.0
7500.0
7500.0
7500.0
7500.0
-7500.0
-7500.0
-7500.0
-7500.0
-7500.0
7500.0
7500.0
7500.0
7500.0
7500.0
7500.0
7500.0
-6197.286610591744
-6935.314432158946
-7500.0
7500.0
7500.0
7500.0
7500.0
7500.0
7500.0
-6530.429030429032
-6611.6548368708845
-6489.789097719953
-6289.789076518578
-6861.241402454767
-7500.0
7500.0
7500.0
7500.0
7500.0
7500.0
7500.0
7500.0
-5825.874125874125
-5254.650691119123
1859.5386594624556
7500.0
7500.0
7500.0
7500.0
-7500.0
-7500.0
-7500.0
-6682.356105433031
-3549.632239865732
7500.0
7500.0
7500.0
7500.0
7500.0
7500.0
7500.0
-7500.0
-7500.0
-7500.0
-7500.0
-7500.0
-7500.0
-7500.0
-7500.0
7500.0
7500.0
7500.0
7500.0
7500.0
7500.0
7500.0
7500.0
7500.0
-6386.718750000002
-6437.61456027203
-5689.5925995981215
-5775.264040979746
-5675.455714641701
7500.0
7500.0
7500.0
7500.0
7500.0
7500.0
7500.0
-7500.0
-7500.0
-7500.0
-7500.0
-7500.0
-7500.0
-7500.0
7500.0
7500.0
7500.0
7500.0
7500.0
7500.0
7500.0
7500.0
-6969.955276092636
-7500.0
-7500.0
-6677.160690621193
-7500.0
-7500.0
-7500.0
7500.0
7500.0
7500.0
7500.0
7500.0
7500.0
7500.0
7500.0
-7500.0
-7500.0
-7500.0
-7500.0
-6954.9862539615715
-3281.6553858190746
7500.0
7500.0
7500.0
7500.0
7500.0
7500.0
7500.0
7500.0
-7127.207325049054
-7500.0
-6680.379938406179
-7500.0
-5572.516950190427
7500.0
7500.0
7500.0
7500.0
7500.0
7500.0
7500.0
-7500.0
-7500.0
-7500.0
-7214.837049742713
-6982.6833340468365
7500.0
7500.0
7500.0
7500.0
7500.0
7500.0
-7500.0
-7500.0
-7500.0
7500.0
7500.0
7500.0
-6913.549306178442
-7277.025573535762
-6960.96991567962
-7143.9810814360135
-5131.842500606586
-1625.8107620106916
7500.0
7500.0
7500.0
7500.0
7500.0
7500.0
7500.0
7500.0
-7500.0
-7114.160969335953
-7500.0
-7500.0
-1376.5574742245026
57.856193815479855
7500.0
7500.0
7500.0
7500.0
7500.0
7500.0
7500.0
7500.0
-7500.0
-7500.0
-7500.0
7500.0
7500.0
7500.0
-6238.778606650652
-5841.4582381093605
-3458.4664176266338
-191.01936287921762
-422.48743164740335
4565.914348907274
7500.0
7500.0
7221.825422547154
740.2180533035348
7500.0
7500.0
4281.8181818181765
3144.245656287628
1755.871224042401
-4318.181818181819
7500.0
7500.0
7500.0
-4545.454545454546
-651.4803104340335
-73.58441318791847
890.3583255611684
1779.722872048635
2129.4843454051766
3505.466907369748
5308.899364208532
3807.5108773141765
-2272.727272727273
6964.285714285706
-681.8181818181819
7500.0
4694.185408667032
807.276535767633
-403.5337037963709
-1323.5250709809025
-2551.062701283369
-2504.9356336292108
-1594.541284300849
-1952.2532660661223
-739.3962765104097
2398.1287301607367
7500.0
133.0773691896634
7500.0
7500.0
-6974.815724815726
-5588.615880368563
-3862.3518755680107
2112.3965792439994
5629.497603132232
7500.0
7134.851463085052
-530.7589003637995
7500.0
284.70374001961045
2267.7389087248503
2267.341314263889
1058.6584332985335
678.723054118947
-487.9735005960647
-1679.2579214375492
-2196.8212911400547
-2351.1588720659106
-580.5991516320428
1326.270156616431
4900.153042573271
7500.0
-6439.39393939394
-5314.950339780451
-4813.434841637931
-4105.526751071344
-3334.028227987976
-1893.7543327749954
667.8412326282605
7500.0
7500.0
5608.812317533422
4004.433698497378
7500.0
7500.0
7500.0
-7186.709904364077
-7500.0
-7500.0
7500.0
7500.0
7500.0
-7500.0
-7500.0
-7500.0