Demand
-7500.0
-7500.0
-7500.0
-7500.0
-7500.0
-7500.0
7500.0
7500.0
7500.0
7500.0
7500.0
7500.0
7500.0
7500.0
7500.0
-7500.0
-7500.0
-7500.0
-7500.0
-7500.0
-7500.0
7500.0
7500.0
7500.0
7500.0
7500.0
7500.0
7500.0
-6967.603243011383
-7103.4509577588815
-7500.0
-7500.0
-7500.0
-7500.0
7500.0
7500.0
7500.0
7500.0
7500.0
7500.0
7500.0
7500.0
-7500.0
-7500.0
7500.0
7500.0
7500.0
7500.0
-7500.0
-7500.0
-7500.0
-7500.0
-7500.0
-7500.0
-3604.3610327619954
7500.0
7500.0
7500.0
7500.0
6249.802097957879
3254.8834546869493
7500.0
7500.0
-5151.515151515152
-1980.6338028169048
-3033.679499842737
-3912.5818937198237
-3868.0471142637143
-3982.9774438523946
-4744.177665688621
-5345.043091475161
-5757.1699998257645
-5804.338061103355
-1776.245913537652
7500.0
7500.0
7500.0
7500.0
7500.0
7500.0
7500.0
-7500.0
7500.0
7500.0
-7500.0
7500.0
7500.0
-7500.0
7500.0
7500.0
7500.0
7500.0
7500.0
-7303.553649383473
-7500.0
-7500.0
-7500.0
7500.0
7500.0
7500.0
7500.0
7500.0
7500.0
-7500.0
-7500.0
-7500.0
-7500.0
-7500.0
-7500.0
7500.0
7500.0
7500.0
7500.0
7500.0
7500.0
7500.0
7500.0
-7500.0
-7500.0
7500.0
7500.0
-7500.0
-7500.0
-7500.0
-7245.781610049808
-6535.855115339233
-6585.742223492145
-6550.654471641663
7500.0
7500.0
7500.0
7500.0
7500.0
7500.0
7500.0
7500.0
7500.0
-7500.0
-7500.0
-7500.0
-7500.0
-7500.0
7500.0
7500.0
7500.0
7500.0
7500.0
-7500.0
-7500.0
-7500.0
-7140.98257400798
-3581.7258335256047
7500.0
7500.0
7500.0
7500.0
7500.0
-7108.031907578052
-5142.096025900628
-4246.097486436498
-4567.252631567075
-1587.408518476705
7500.0
7500.0
7500.0
7500.0
7500.0
7500.0
-7500.0
-7500.0
-7500.0
-7276.485197045944
-6959.252358757438
-6784.699331523232
-7500.0
-7500.0
7500.0
7500.0
7500.0
7500.0
7500.0
7500.0
7500.0
7500.0
-6587.173180104741
-6515.168213139776
-7500.0
7500.0
7500.0
7500.0
7500.0
7500.0
-7500.0
-7500.0
-7500.0
-7500.0
-6580.154184799838
7500.0
7500.0
7500.0
7500.0
7500.0
7500.0
-7500.0
-7500.0
7500.0
7500.0
7500.0
-7500.0
7500.0
7500.0
7500.0
-7500.0
-7500.0
-7500.0
-7500.0
-7500.0
-7500.0
-7500.0
-7500.0
7500.0
7500.0
7500.0
7500.0
7500.0
7500.0
7500.0
7500.0
7500.0
-7500.0
-7323.747680890538
-7500.0
-7500.0
-7500.0
-7500.0
-7500.0
-7500.0
7500.0
7500.0
7500.0
7500.0
7500.0
7500.0
7500.0
7500.0
7500.0
-6553.268121307625
-6822.829107003108
-6943.595637777993
-7500.0
-7500.0
-7500.0
-7500.0
-7500.0
7500.0
7500.0
7500.0
7500.0
7500.0
7500.0
7500.0
7500.0
-7500.0
-7500.0
-7500.0
-7500.0
-7500.0
-7500.0
7500.0
7500.0
7500.0
7500.0
7500.0
7500.0
7500.0
7500.0
-6556.21698336356
-6006.175258639003
-3795.719930988842
-902.295947319994
7500.0
4173.438015691914
7500.0
7500.0
-6819.673761686892
-7310.191256128366
-7500.0
-7500.0
-7500.0
-7500.0
7500.0
7500.0
7500.0
7500.0
7500.0
7500.0
7500.0
-7500.0
-7500.0
-7500.0
-7500.0
-7500.0
-7007.280991217918
-7500.0
7500.0
7500.0
7500.0
7500.0
7500.0
7500.0
7500.0
7500.0
7500.0
-7500.0
-7500.0
-7060.448976094596
-6078.418795608539
-5770.395662325116
-3509.510994490133
7500.0
7500.0
7500.0
7500.0
7500.0
7500.0
-7500.0
-4756.519817297776
-4070.8464343966175
-4409.301243562926
-3924.449174536261
-3826.024889825314
-3444.610527442488
-2858.804727760875
-1792.308491741031
7500.0
7500.0
7500.0
7500.0
7500.0
7500.0
7500.0
-7179.859421290295
-7153.424841101067
-7500.0
-7500.0
-7500.0
-7500.0
-7500.0
-7500.0
7500.0
7500.0
7500.0
7500.0
7500.0
7500.0
7500.0
7500.0
7500.0
7500.0
-7500.0
-7500.0
-7500.0
-7500.0
-7189.551114308477
-5009.878719933482
808.9647335460036
7500.0
7500.0
7500.0
7500.0
7500.0
7500.0
7500.0
-7500.0
-7500.0
-7500.0
-7500.0
-7500.0
-7500.0
7500.0
7500.0
7500.0
7500.0
7500.0
7500.0
7500.0
-7500.0
-7500.0
-7500.0
-7140.151515151516
-6896.221973753902
-3924.525098699991
7500.0
7500.0
7500.0
7500.0
7500.0
7500.0
7500.0
7500.0
-7500.0
-7500.0
-7500.0
-7239.313548534819
-7500.0
-7500.0
7500.0
7500.0
7500.0
7500.0
7500.0
7500.0
7500.0
-6824.404409150175
-6534.366709911905
-6098.593295473596
-5615.285039773715
-4707.506303794649
7500.0
7500.0
-7500.0
7500.0
7500.0
7500.0
-4921.998744702663
-4511.385984977413
-4602.658273450348
-4394.064938327625
-4559.152009138981
-4968.504634235895
-4296.412137447229
7500.0
7500.0
7500.0
7500.0
7500.0
7500.0
-6674.869716270992
-6333.440515267841
-5989.291593907519
-5827.661790064618
7500.0
7500.0
-7500.0
7500.0
7500.0
-2462.003287395926
-2055.606841650588
-453.0779043432549
7500.0
-758.9619594752749
7500.0
7500.0
7500.0
-7500.0
-7500.0
-7500.0
7500.0
7500.0
7500.0
7500.0
7500.0
7500.0
-7500.0
-7500.0
7500.0
7500.0
7500.0
7500.0
-7500.0
-6794.670846394985
-4409.805911455031
-3935.870585893617
-4727.73898976935
-4027.672445548962
-4278.18433258139
-4887.972653748982
-5862.699141704148
7500.0
7500.0
7500.0
7500.0
7500.0
7500.0
7500.0
7500.0
-6504.347488549029
-6283.183551839946
-5812.721532546842
-6170.841548030932
7500.0
7500.0
7500.0
7500.0
7500.0
7500.0
-7500.0
-6842.964727580113
-5593.095683917038
-5269.093349885827
-4095.0372145456317
7500.0
7500.0
-7500.0
7500.0
7500.0
7500.0
7500.0
-7114.962687393279
-6610.580230824653
-5610.821563017946
-5736.374471169507
-4615.581075532429
5600.846173457028
7500.0
7500.0
-4893.533029378397
7500.0
7500.0
7500.0
7500.0
-7500.0
-7500.0
7500.0
7500.0
7500.0
7500.0
7500.0
-7500.0
-7500.0
-7500.0
-7500.0
-7500.0
-5698.374473208913
7500.0
7500.0
7500.0
7500.0
7500.0
7500.0
-6666.666666666667
-7094.113458343225
-7500.0
-7500.0
-7500.0
-7500.0
7500.0
7500.0
7500.0
7500.0
7500.0
7500.0
7500.0
7500.0
-7500.0
-7500.0
-7500.0
-6983.110405803674
-6520.377390836798
-6094.749683196056
-2705.1809439741173
7500.0
-7500.0
7500.0
7500.0
7500.0
7500.0
7500.0
7500.0
7500.0
-7500.0
-7500.0
7500.0
7500.0
7500.0
-7500.0
-7500.0
7500.0
7500.0
7500.0
-7336.063882068298
-7129.9282320433085
-6625.560617700585
-6943.26023523619
-4442.978214663779
-4238.451735312559
7500.0
7500.0
7500.0
7500.0
7500.0
7500.0
-7009.7789386506975
-7500.0
-7019.042276026232
-7132.619254253121
-7500.0
7500.0
7500.0
7500.0
7500.0
7500.0
-7500.0
-7500.0
-7500.0
-6704.91399618021
7500.0
7500.0
7500.0
7500.0
7500.0
7500.0
-7500.0
-7500.0
-7500.0
-7500.0
-7500.0
-7500.0
-7500.0
7500.0
7500.0
7500.0
7500.0
7500.0
7500.0
7500.0
7500.0
7500.0
-7500.0
-7500.0
-7018.716577540108
-6525.322503583375
-6930.0252414875795
7500.0
7500.0
7500.0
7500.0
7500.0
7500.0
7500.0
-6786.023991906348
-6504.312618011021
-6352.638829312529
-6940.4930910350595
-7500.0
-7500.0
7500.0
7500.0
7500.0
7500.0
7500.0
7500.0
7500.0
7500.0
-6182.189744860047
-4648.6986567438835
-3066.8555686670065
-3761.2911125848987
-2854.187760067008
-1135.4224256240818
4041.9665428635235
5120.410951539757
5234.913134820345
5515.219434261985
5557.166844996225
2784.4203898212704
1980.9021044433243
-3409.0909090909095
7500.0
-725.4778306005642
-655.0634816351485
1005.733076946769
2228.6692641374775
2503.237902370189
3929.944099259288
3906.321258353689
-3863.6363636363644
2096.60583204256
3525.039878377318
5636.048550929825
4772.402219150139
-2272.727272727273
5564.516129032255
-681.8181818181819
3124.999999999997
-2500.0000000000005
3181.8181818181806
-4469.69696969697
-959.331758353022
-2025.2235397262284
-1251.246911788286
2288.60816824959
5504.142450517452
6140.61822742388
-6363.636363636364
-4723.124391036055
7500.0
7500.0
-7348.484848484849
-6959.3584732122345
-5637.199828945848
-4316.640551509374
-821.9456063744406
591.7757152693584
7500.0
6783.031947945042
3212.9812783637813
4782.247974513083
7116.791925298479
2121.862939681656
-3181.818181818182
931.5178859168536
556.174184934117
-590.118918085489
-1741.917514465813
-2187.7833414990723
-2172.441487897852
395.8330214790294
4978.447655827508
3126.739364925121
7500.0
-5120.345914628953
-5493.236163922136
-5092.977916310292
-4566.253804941109
-4090.149278720184
-3310.2816419282644
-2286.1385157803634
3213.5696183979226
7500.0
4111.326509744333
5629.546898053099
7500.0
1067.9714202352916
7500.0
7500.0
7500.0
7500.0
-7500.0
-7500.0
-7500.0
7500.0
7500.0
7500.0