Demand
7500.0
7500.0
7500.0
7500.0
7500.0
7500.0
7500.0
7500.0
7500.0
7500.0
7500.0
7500.0
7500.0
-7500.0
-7500.0
-7500.0
7500.0
7500.0
7500.0
7500.0
7500.0
7500.0
7500.0
7500.0
7500.0
7500.0
-7500.0
-7500.0
-6833.567751201621
-6944.483693229578
-7500.0
-7500.0
7500.0
7500.0
7500.0
7500.0
7500.0
7500.0
7500.0
-7500.0
7500.0
-7310.394630360202
-7500.0
-7500.0
-7500.0
7500.0
7500.0
7500.0
7500.0
7500.0
-7500.0
-7500.0
-7500.0
-7500.0
-5129.240919665564
-1415.3722398543978
6479.5078254013915
7078.003061859802
5642.429227394939
4934.370335725733
3866.379422246295
5677.28236113916
7500.0
7500.0
1779.0335905301945
7500.0
-1987.4274661508753
1748.2254899585546
7500.0
3391.4372487089313
7500.0
-6600.37878787879
-6892.11298102171
-7019.477315318594
-7500.0
-6988.628505773897
-5081.378797294607
7500.0
7500.0
7500.0
7500.0
7500.0
7500.0
7500.0
-7500.0
-7500.0
7500.0
7500.0
7500.0
7500.0
-7500.0
-7126.535626535628
-7285.958098384539
-7239.448738365172
-7500.0
-7500.0
7500.0
7500.0
7500.0
7500.0
7500.0
7500.0
7500.0
7500.0
-7500.0
-7500.0
-7500.0
-7500.0
7500.0
7500.0
7500.0
7500.0
-7500.0
-7110.12311901505
-7040.980796479345
-7500.0
-7500.0
-7500.0
7500.0
7500.0
7500.0
7500.0
7500.0
7500.0
7500.0
-6996.867879185445
-7121.440762988763
-7274.803077747187
-7500.0
-7500.0
-7500.0
7500.0
7500.0
7500.0
7500.0
7500.0
7500.0
-7500.0
-7500.0
-7500.0
-7500.0
-7500.0
7500.0
7500.0
7500.0
7500.0
7500.0
7500.0
7500.0
7500.0
-7346.570721027887
-7004.131821867006
-7500.0
-7500.0
-7500.0
-7500.0
-7500.0
-4804.71572259966
7500.0
7500.0
7500.0
7500.0
7500.0
7500.0
7500.0
7500.0
-7500.0
-7500.0
-7500.0
-7500.0
-7500.0
-7139.240506329115
-6364.197580687884
-4171.722291907054
7500.0
7500.0
7500.0
7500.0
7500.0
7500.0
7500.0
7500.0
7500.0
-7193.625255312289
-6841.090486935038
-6961.093346695547
-7500.0
-7500.0
-7500.0
-7500.0
-7500.0
7500.0
7500.0
7500.0
7500.0
7500.0
7500.0
7500.0
7500.0
-7185.950413223141
-7331.405929348599
-7315.59405982711
-7500.0
-7500.0
-7500.0
-7500.0
-7500.0
7500.0
7500.0
7500.0
7500.0
7500.0
7500.0
7500.0
7500.0
7500.0
-7500.0
-7500.0
-7500.0
-7500.0
-7500.0
-7500.0
-7500.0
-7500.0
7500.0
7500.0
7500.0
7500.0
7500.0
7500.0
7500.0
7500.0
-7500.0
-7500.0
-7500.0
7500.0
7500.0
7500.0
7500.0
-7500.0
-7500.0
-7500.0
-7500.0
-6809.602314783664
-5831.285770917593
-5702.723974573366
-4166.971378743676
-2107.8438352825415
7500.0
7500.0
7500.0
7500.0
7500.0
7500.0
7500.0
7500.0
-7500.0
-7500.0
7500.0
7500.0
7500.0
-7500.0
-7500.0
-7500.0
-7500.0
7500.0
7500.0
7500.0
7500.0
-7332.84457478006
-7500.0
-7500.0
-7500.0
-7500.0
-7500.0
-7500.0
7500.0
7500.0
7500.0
7500.0
7500.0
7500.0
7500.0
7500.0
7500.0
-7316.4842240824255
-7500.0
-7500.0
-7500.0
-7500.0
7500.0
7500.0
7500.0
7500.0
7500.0
7500.0
7500.0
-7500.0
-7500.0
-7500.0
-7500.0
-7500.0
7500.0
7500.0
7500.0
7500.0
7500.0
7500.0
-7500.0
-7500.0
-7500.0
-7500.0
-7500.0
-7500.0
7500.0
7500.0
7500.0
7500.0
7500.0
7500.0
7500.0
-7500.0
-7500.0
-7500.0
7500.0
7500.0
7500.0
7500.0
7500.0
7500.0
-5690.476190476193
-5798.399194181646
-6078.275899850456
-7126.097939573567
-7500.0
7500.0
7500.0
7500.0
7500.0
-7292.310630757856
-6402.039584922328
-6595.57069086366
4074.970436744148
7500.0
7500.0
7500.0
7500.0
7500.0
-7500.0
-7500.0
7500.0
7500.0
7500.0
7500.0
7500.0
-7500.0
-7500.0
-7500.0
-7500.0
-7500.0
7500.0
7500.0
7500.0
7500.0
7500.0
-6474.123105227374
-6386.423055820462
-6677.378463843836
-7263.4836534849
-7500.0
-7500.0
-7500.0
7500.0
7500.0
7500.0
7500.0
7500.0
7500.0
7500.0
7500.0
7500.0
-7500.0
-7500.0
-7500.0
-7500.0
-7500.0
-7500.0
-7500.0
7500.0
7500.0
7500.0
7500.0
7500.0
7500.0
7500.0
7500.0
7500.0
-7500.0
-7500.0
-7500.0
-7500.0
-7500.0
-7500.0
-5772.727272727283
7500.0
7500.0
7500.0
7500.0
7500.0
7500.0
7500.0
7500.0
-7346.720628176514
-6825.394523961029
-6549.736049607178
-6158.491480462508
-5799.905189144172
-5382.612384610971
-5189.24328557244
7500.0
7500.0
7500.0
7500.0
7500.0
7500.0
-4981.497846017895
-4805.25591911755
-3581.413740732252
7500.0
7500.0
-7272.727272727273
-7250.946693853777
-6599.941989607443
7500.0
7500.0
7500.0
7500.0
7500.0
-6575.944631500188
-6500.328989509026
-6763.023614651171
-6439.598350252823
-6468.040743545675
-7500.0
-7500.0
7500.0
7500.0
7500.0
7500.0
7500.0
7500.0
7500.0
-7500.0
7500.0
7500.0
-7500.0
-7500.0
-7500.0
-7249.577559986483
-7500.0
-7072.527549508723
-5176.009044147504
-2368.696343727111
7500.0
7500.0
7500.0
7500.0
7500.0
7500.0
7500.0
7500.0
7500.0
-4869.314795326654
-5441.810101480913
-4849.081847202306
-4805.537357998461
-4394.290511840649
7500.0
7500.0
7500.0
7500.0
-7500.0
-7500.0
-6566.739435521598
-4536.458577959105
7500.0
7500.0
7500.0
7500.0
7500.0
7500.0
-7500.0
-7500.0
-7500.0
-7500.0
-7500.0
-7500.0
7500.0
7500.0
7500.0
7500.0
7500.0
7500.0
7500.0
-7500.0
-7500.0
-7500.0
-7500.0
-6733.870967741939
-5029.336507303982
4699.450806507277
7316.551065625565
6289.0357880274105
7500.0
7500.0
6081.420279183648
5877.933444956236
7500.0
7500.0
7500.0
-7500.0
-7500.0
-7500.0
-7500.0
-7500.0
-7500.0
-7500.0
-7500.0
7500.0
7500.0
7500.0
7500.0
7500.0
7500.0
7500.0
7500.0
7500.0
-6715.308370044055
-6979.001654049287
-5693.586640430158
-4851.780908208739
-6873.89066300336
-7500.0
7500.0
7500.0
7500.0
7500.0
7500.0
7500.0
-7500.0
-7500.0
7500.0
7500.0
7500.0
7500.0
-7500.0
-7500.0
-6716.571765167881
-4141.535579200408
7500.0
7500.0
7500.0
7500.0
7500.0
7500.0
-7500.0
-7500.0
-7500.0
-6258.845944474691
7500.0
7500.0
7500.0
7500.0
-7500.0
-7500.0
-7500.0
-7500.0
-7500.0
-7500.0
-7500.0
7500.0
7500.0
7500.0
7500.0
7500.0
7500.0
7500.0
7500.0
7500.0
-7500.0
-7161.148710444486
-7500.0
-6848.186950449752
-7500.0
-6774.240640214255
-6846.420041978548
7500.0
7500.0
7500.0
7500.0
7500.0
7500.0
7500.0
7500.0
-7500.0
-7309.746328437919
-7276.710788248103
-6650.448134123008
-7086.115568790383
-7500.0
7500.0
7500.0
7500.0
7500.0
7500.0
7500.0
7500.0
-7500.0
7500.0
7500.0
7500.0
7500.0
-7332.36389778446
-6712.50617115119
-6753.419170553894
-7500.0
-7500.0
7500.0
7500.0
7500.0
7500.0
7500.0
-6229.915560764002
7500.0
7500.0
-7500.0
-7500.0
-4228.204469629061
-4775.546274927932
2868.378681158256
7500.0
7500.0
7500.0
7500.0
7500.0
-7500.0
-6131.5620998719605
7500.0
7500.0
7500.0
7500.0
7500.0
-7156.833232992174
-6163.843751028009
-5769.171948359028
-3414.8079378752645
-497.48652539591785
-1106.5429481625943
1865.0068490214844
6913.730050388673
7500.0
7500.0
6748.687646557991
3846.356509159601
2681.852118308416
-3409.0909090909095
2912.3996678660405
2508.614043417287
142.41406913345918
-1002.7139851325628
-1060.880287561246
239.23998843978734
1142.2284965583017
1344.8155697833413
2459.571381245891
3850.5707166219304
3904.305492060328
2017.1706239888395
-3106.0606060606065
7500.0
7432.7354260089705
-2272.727272727273
7500.0
-681.8181818181819
3197.725767277544
-2500.0000000000005
511.36363636363467
-513.1004366812285
229.95780590718505
7500.0
-2092.8853754940774
-227.9302946325388
1132.2679742837208
7500.0
3635.3574545524966
7500.0
-6500.292312189418
-6911.662164579777
-6978.521952042858
-6039.494383893185
7500.0
7500.0
7500.0
7500.0
7500.0
-440.8220645334068
-961.9101420898696
-127.62711219107041
2574.416714038393
4975.491972360077
4033.2139115666214
1918.079588699586
1276.969950885053
-47.979281951824305
-156.41078289709912
7500.0
-2399.7852541159623
1509.8325289375189
7500.0
-6060.606060606061
-5328.677476069546
-5003.75014942065
-5381.93588416115
-4936.736231804583
-4338.664662510888
-3766.0872258823583
-2801.557317503795
-1438.0536025517654
5672.733871162818
7500.0
3501.0719173795824
6564.897436077184
5859.26457226136
7500.0
-570.2591326481415
7500.0
-7500.0
-7500.0
-7500.0
-7500.0
-7500.0
-7500.0
-7500.0
7500.0