Demand
7500.0
7500.0
7500.0
7500.0
7500.0
7500.0
7500.0
7500.0
7500.0
7500.0
7500.0
7500.0
7500.0
7500.0
7500.0
7500.0
7500.0
7500.0
7500.0
7500.0
7500.0
7500.0
7500.0
7500.0
-7500.0
-7500.0
7500.0
7500.0
7500.0
7500.0
7500.0
7500.0
7500.0
7500.0
7500.0
7500.0
7500.0
-7500.0
-7500.0
-7500.0
-7500.0
-6978.340451494816
7500.0
7500.0
7500.0
7500.0
7500.0
7500.0
-7500.0
-7500.0
-7500.0
-7500.0
-7500.0
-7500.0
7500.0
7500.0
7500.0
7500.0
7500.0
7500.0
7500.0
7500.0
-2629.8701298701285
-750.8886255924172
454.4910033054698
-544.985957097143
-610.5535535344197
5238.351668745792
6185.255066832823
1539.8871275132365
7500.0
7500.0
7500.0
-7167.298993141692
-7500.0
-7227.074297337946
-6945.933011561614
7500.0
7500.0
7500.0
7500.0
7500.0
-7500.0
-7500.0
-7500.0
-7500.0
7500.0
7500.0
7500.0
7500.0
-7500.0
-7107.438016528928
-7275.184209110959
-7227.553311710364
-7500.0
-7500.0
-7500.0
7500.0
7500.0
7500.0
7500.0
7500.0
7500.0
7500.0
7500.0
-7500.0
7500.0
7500.0
-7500.0
-7500.0
-7500.0
-7500.0
-7500.0
-3012.8001816705932
7500.0
7500.0
7500.0
7500.0
7500.0
7500.0
-7500.0
-7500.0
-7500.0
-7500.0
-7123.29270083713
-5322.68104855817
7500.0
7500.0
7500.0
7500.0
7500.0
7500.0
7500.0
7500.0
-7500.0
-7500.0
-7500.0
-7500.0
-7500.0
7500.0
7500.0
7500.0
7500.0
7500.0
-7500.0
-7500.0
-7500.0
-7500.0
7500.0
7500.0
7500.0
7500.0
7500.0
-7500.0
-7500.0
7500.0
7500.0
7500.0
-3419.8282032927727
7500.0
7500.0
7500.0
-7196.969696969698
-7016.949152542375
7500.0
7500.0
7500.0
-7500.0
7500.0
7500.0
-7500.0
-7159.730513389051
-5935.741629545224
7500.0
7500.0
7500.0
7500.0
7500.0
7500.0
-7500.0
-7500.0
-7500.0
-7500.0
7500.0
7500.0
7500.0
7500.0
7500.0
7500.0
7500.0
-7500.0
-7500.0
-7500.0
-7500.0
-7500.0
7500.0
7500.0
7500.0
7500.0
7500.0
7500.0
7500.0
-7500.0
7500.0
7500.0
7500.0
-7500.0
-7500.0
-7500.0
-7500.0
-7500.0
-7500.0
7500.0
7500.0
7500.0
7500.0
7500.0
7500.0
7500.0
-7500.0
-7500.0
-7500.0
-7500.0
-7500.0
-7500.0
-7500.0
7500.0
7500.0
7500.0
7500.0
7500.0
7500.0
7500.0
7500.0
-7500.0
-7500.0
-7500.0
7500.0
7500.0
7500.0
7500.0
7500.0
7500.0
-6920.426301122241
-6083.903277953075
-5904.896866916017
-3951.7496837572594
7500.0
7500.0
-7500.0
7500.0
7500.0
7500.0
-7500.0
-7500.0
-7500.0
-7500.0
-7500.0
7500.0
7500.0
7500.0
7500.0
7500.0
7500.0
7500.0
-7500.0
-7500.0
-7500.0
-7500.0
-6835.66433566434
7500.0
7500.0
7500.0
7500.0
7500.0
7500.0
7500.0
-5598.415346121765
988.2202926710888
7500.0
7500.0
7500.0
7500.0
-7045.454545454546
-6425.744440256314
-6871.354717053295
7500.0
7500.0
7500.0
7500.0
-7500.0
-7500.0
-7500.0
-7500.0
7500.0
7500.0
7500.0
7500.0
7500.0
7500.0
-7500.0
-7500.0
-7186.33061853401
-7500.0
7500.0
7500.0
7500.0
7500.0
-7500.0
-7500.0
-7500.0
-7500.0
7500.0
7500.0
7500.0
7500.0
7500.0
7500.0
7500.0
-7500.0
-7500.0
7500.0
7500.0
7500.0
-7500.0
-7500.0
7500.0
7500.0
7500.0
7500.0
-4852.941176470593
-4300.0557724484115
-975.9491187338303
7500.0
7500.0
7500.0
7500.0
-7500.0
-7500.0
-7255.903584974916
-5970.558034511851
-4894.4129880282235
7500.0
7500.0
7500.0
7500.0
7500.0
-7500.0
-7500.0
7500.0
7500.0
7500.0
7500.0
7500.0
-7500.0
-7500.0
-7500.0
-7500.0
-7500.0
-7500.0
-7500.0
7500.0
7500.0
7500.0
7500.0
7500.0
7500.0
7500.0
7500.0
-7500.0
-7500.0
7500.0
7500.0
7500.0
7500.0
-7500.0
-7500.0
-7500.0
-7500.0
-7500.0
7500.0
7500.0
7500.0
7500.0
7500.0
7500.0
7500.0
-7500.0
-7500.0
-7150.551760378352
-6659.557150284245
7500.0
7500.0
7500.0
7500.0
7500.0
7500.0
7500.0
7500.0
-7500.0
-7500.0
-7500.0
-7500.0
-7064.553093964862
-7500.0
7500.0
7500.0
7500.0
7500.0
7500.0
7500.0
7500.0
-7318.964430100268
-6601.109805482021
-5899.192808457374
-3182.9909897357265
7500.0
7500.0
7500.0
7500.0
7500.0
-7500.0
-6253.371728512066
-3003.3546773156195
-3019.697424735144
-1109.7028776206694
942.1830066943317
7500.0
2071.3149129447525
7500.0
7500.0
7500.0
7500.0
-7145.267844319978
-7301.347200837756
-6571.371742440617
-6071.384017754146
-5548.238059491456
-3352.6448306300776
7500.0
4361.730241704368
7500.0
7500.0
7500.0
7500.0
7500.0
7500.0
-4925.183512140036
-4698.674097149389
-1224.7925991424818
7500.0
7500.0
-7500.0
-7500.0
-7500.0
7500.0
7500.0
7500.0
7500.0
-7500.0
-7290.88707902267
-6724.250994268357
-7141.058125011263
-7500.0
7500.0
7500.0
7500.0
7500.0
7500.0
7500.0
7500.0
-4738.409259134649
-4212.91621755328
-4796.139650940884
-3647.404328321698
-2709.0642333313917
7500.0
-3368.900955904565
7500.0
7500.0
7500.0
-7500.0
-7500.0
-6808.979958968248
-6040.012352693757
-4961.253400357087
-3092.530571738805
7500.0
7500.0
7500.0
7500.0
7500.0
7500.0
7500.0
-7500.0
-7500.0
-7500.0
-6253.871379121882
-652.8310692967307
7500.0
7500.0
7500.0
7500.0
7500.0
7500.0
7500.0
-7500.0
-7500.0
-7071.750563486103
-6292.032705199297
-2972.829809344192
7500.0
7500.0
7500.0
7500.0
7500.0
-7324.543402421508
-7500.0
-7500.0
7500.0
7500.0
7500.0
7500.0
7500.0
7500.0
-7500.0
-7500.0
-7500.0
-7500.0
-7500.0
7500.0
7500.0
7500.0
7500.0
7500.0
7500.0
7500.0
-6702.446629887265
-6981.86712992038
-5772.724763141772
-5120.275745587884
-6996.733606041165
-7500.0
-7500.0
-7500.0
7500.0
7500.0
7500.0
7500.0
7500.0
7500.0
7500.0
-7500.0
-7500.0
-7500.0
-7500.0
-7500.0
7500.0
7500.0
7500.0
7500.0
7500.0
7500.0
7500.0
7500.0
-7500.0
-7500.0
-7500.0
7500.0
7500.0
7500.0
7500.0
7500.0
-7500.0
-7500.0
-7500.0
-7500.0
-7500.0
-7500.0
7500.0
7500.0
7500.0
7500.0
7500.0
7500.0
7500.0
-7299.9297999298
-6026.424346667887
-7500.0
7500.0
7500.0
7500.0
7500.0
-7500.0
7500.0
-7335.180004081703
-7500.0
-7500.0
-7500.0
-7500.0
-7500.0
7500.0
7500.0
7500.0
7500.0
7500.0
7500.0
-6911.7408410451535
-7239.314272190237
-7500.0
7500.0
7500.0
7500.0
7500.0
7500.0
-7500.0
-7500.0
-7500.0
-7500.0
-6592.6777502653
-7039.073285270973
-4431.139477666644
7500.0
7500.0
7500.0
7500.0
7500.0
7500.0
7500.0
-7500.0
-7148.8225629791905
-6874.4326967232155
-7227.792492191089
-7500.0
7500.0
7500.0
7500.0
7500.0
7500.0
7500.0
-6848.19897084048
-6241.711372496753
7500.0
7500.0
7500.0
-7500.0
-6904.008132442639
-7500.0
-7500.0
-7500.0
-2578.7290261201815
7500.0
7500.0
7500.0
7500.0
7500.0
7500.0
7500.0
7500.0
-3830.6235298972497
-1424.6271229898862
-625.352898643061
-6.6365036365168635
919.5087316860377
2068.4810987832207
1315.970812059441
1315.330613985314
939.5372956990122
-1092.449599603267
-1872.3004342804174
-1159.99597178791
5765.016976529887
-4545.454545454546
-1015.2289329767286
-535.245501697832
299.9473739477812
1097.2995600711074
1462.9966963889374
2847.7481169888274
4971.885125631039
4403.775726018828
-2272.727272727273
5425.531914893614
-681.8181818181819
3042.6356589147267
-2500.0000000000005
1045.4545454545441
18.796992481221878
7500.0
-3348.739495798321
-3456.0453187632525
-2973.4314148058565
-3548.3978948711847
-3404.745207232893
-3248.930037773989
-3230.9042783114296
3077.876291562736
7500.0
7500.0
7500.0
7500.0
-5224.201474201474
-3280.3016586014364
-2903.586582544089
172.78303862104985
1675.3645609389223
1013.1100216454524
2301.10469901201
5852.221632654708
7044.43138241393
3899.860947080886
1120.6455027571192
380.05762049995246
7500.0
-1339.7965670692943
-2060.107825602676
-2550.3034356723256
-1720.2340393640807
-1671.1186031939415
-2521.340105011699
-3308.677588730931
-614.691119283998
3371.7992579957254
7500.0
7500.0
7500.0
1615.4917863776905
7500.0
7500.0
7500.0
-4699.0171990172
-5106.905495218029
-4525.899940676623
-3539.060667791234
7500.0
7500.0
7500.0
7500.0
7500.0
-7500.0
-7500.0
7500.0
7500.0
7500.0