Demand
7500.0
7500.0
7500.0
7500.0
7500.0
7500.0
7500.0
7500.0
7500.0
7500.0
7500.0
7500.0
7500.0
7500.0
7500.0
7500.0
-7500.0
-7500.0
7500.0
7500.0
7500.0
7500.0
7500.0
7500.0
7500.0
7500.0
7500.0
-7500.0
-6771.022061174464
-6812.522661097048
-7500.0
7500.0
7500.0
7500.0
7500.0
7500.0
7500.0
-7500.0
-7500.0
-7500.0
7500.0
7500.0
7500.0
7500.0
7500.0
-7500.0
-7500.0
-7500.0
-7500.0
-7500.0
-7500.0
-7500.0
7500.0
7500.0
7500.0
7500.0
7500.0
7500.0
7500.0
7500.0
-4530.924443469679
-4635.140959115748
-2819.1020666431364
-1050.503069283563
79.93605836013785
-864.6169910836556
-959.2820315943331
4407.485173355715
7500.0
-1690.245990426316
7500.0
-6010.971786833859
7500.0
7500.0
7500.0
-7304.868771395966
-7258.268154486574
-7500.0
-7500.0
7500.0
7500.0
7500.0
7500.0
7500.0
7500.0
-7500.0
-7500.0
-7500.0
-7500.0
7500.0
7500.0
7500.0
7500.0
7500.0
-7500.0
-7500.0
-7500.0
-7500.0
-7500.0
-7500.0
7500.0
7500.0
7500.0
7500.0
7500.0
7500.0
7500.0
7500.0
7500.0
-7500.0
-7500.0
-7500.0
-7500.0
-4378.422782037251
7500.0
7500.0
7500.0
7500.0
7500.0
-7500.0
-7500.0
7500.0
7500.0
7500.0
7500.0
7500.0
-7166.5496665496685
-7308.805093350464
-7500.0
-7500.0
-7500.0
7500.0
7500.0
7500.0
7500.0
7500.0
7500.0
-7500.0
-7500.0
7500.0
7500.0
-7500.0
-7500.0
7500.0
7500.0
7500.0
7500.0
7500.0
7500.0
-7500.0
-7321.221771858716
-6896.713236545736
-7500.0
-7500.0
-7500.0
-7500.0
7500.0
7500.0
7500.0
7500.0
7500.0
7500.0
7500.0
7500.0
-7500.0
-7500.0
-7500.0
-7500.0
7500.0
7500.0
7500.0
7500.0
-7166.764104063141
-7101.222340984159
-7500.0
-7500.0
7500.0
7500.0
7500.0
7500.0
7500.0
-7500.0
7500.0
7500.0
7500.0
7500.0
-7500.0
-7500.0
-7500.0
-7500.0
-7500.0
7500.0
7500.0
7500.0
7500.0
7500.0
7500.0
7500.0
-7325.331971399388
-7084.199839802603
-7227.052183263313
-7027.042223034758
7500.0
7500.0
7500.0
7500.0
7500.0
7500.0
-7500.0
-7500.0
7500.0
7500.0
7500.0
7500.0
-7500.0
-7500.0
-7500.0
-7500.0
7500.0
7500.0
7500.0
7500.0
7500.0
7500.0
-7500.0
-7500.0
-7500.0
-7500.0
-7500.0
-7500.0
4590.90909090909
7500.0
7500.0
7500.0
7500.0
7500.0
7500.0
7500.0
-7500.0
-7500.0
-7500.0
-7500.0
-7500.0
-6543.624161073825
-4790.814031752312
-3528.579243321073
7500.0
7500.0
3571.419293262683
7500.0
7500.0
7500.0
7500.0
7500.0
7500.0
-7500.0
-7500.0
7500.0
7500.0
-7500.0
-7500.0
-7500.0
7500.0
7500.0
7500.0
7500.0
7500.0
7500.0
-7500.0
-7260.378349973727
-7500.0
-7500.0
7500.0
7500.0
7500.0
7500.0
7500.0
7500.0
-4887.318563789153
-4350.250098517039
-3331.595830702408
-3876.9769793566497
-5146.4609612584045
-5844.1282365525185
-6077.28842231083
-6943.3212013800985
-7500.0
7500.0
7500.0
7500.0
7500.0
7500.0
7500.0
7500.0
7500.0
-7500.0
-7500.0
-7500.0
-7500.0
-7500.0
-7500.0
-7500.0
-6083.107032006668
7500.0
7500.0
7500.0
7500.0
7500.0
7500.0
7500.0
7500.0
7500.0
-7500.0
-7500.0
-7500.0
-7017.071930865035
-5928.716733236641
-5597.699882576622
-3534.5673686066566
7500.0
7500.0
7500.0
7500.0
7500.0
7500.0
7500.0
-5159.824046920821
-2798.765826257871
7500.0
7500.0
-5622.529644268776
-5778.1215340610615
-6142.414942450783
-7200.234358892729
-7500.0
7500.0
7500.0
7500.0
7500.0
7500.0
7500.0
-7143.972517176766
-7091.054619484788
-7500.0
-7500.0
-7500.0
7500.0
7500.0
7500.0
7500.0
7500.0
7500.0
7500.0
-7500.0
7500.0
7500.0
-7500.0
-7500.0
-7500.0
-7500.0
7500.0
7500.0
7500.0
7500.0
7500.0
7500.0
-6543.683589138136
-6774.511728334477
-7278.106425318349
-7500.0
-7500.0
7500.0
7500.0
7500.0
7500.0
7500.0
-7500.0
-7500.0
-7500.0
-7500.0
-7500.0
7500.0
7500.0
7500.0
7500.0
7500.0
7500.0
-7500.0
-7500.0
-7141.151392871418
-6594.0141772156985
7500.0
7500.0
7500.0
7500.0
7500.0
7500.0
-7500.0
-7500.0
7500.0
7500.0
7500.0
-7500.0
-7302.622466411192
-7500.0
-7500.0
-7500.0
-7500.0
-7500.0
7500.0
7500.0
7500.0
7500.0
7500.0
7500.0
7500.0
7500.0
7500.0
7500.0
-7177.480196152397
7500.0
7500.0
7500.0
-4397.802862326145
-4710.859227809404
-4195.0648409042315
-4194.717018554002
-3762.950247317698
-3593.323422780837
-3086.027588536835
7500.0
7500.0
7500.0
7500.0
7500.0
7500.0
-6658.431434308441
-6586.875673513823
-6286.245887610432
-6118.8780997430895
-6404.025483761803
-5708.615756426276
-5289.756016384756
-7500.0
7500.0
7500.0
7500.0
7500.0
7500.0
7500.0
7500.0
7500.0
-7500.0
-7500.0
-7500.0
-7500.0
-7500.0
7500.0
7500.0
7500.0
7500.0
7500.0
7500.0
-7500.0
-7500.0
7500.0
7500.0
7500.0
7500.0
7500.0
-6830.1435406698565
-4569.988137603797
-4120.719726006206
-4867.458031633931
-4188.597296821617
-4393.586928710105
-4906.241798198873
-5655.096502648317
7500.0
7500.0
7500.0
7500.0
7500.0
7500.0
7500.0
-6524.5293782087865
-6596.136107369273
-6451.37804468473
-6194.357209698774
-6746.713105474853
-7500.0
7500.0
7500.0
7500.0
7500.0
7500.0
7500.0
-6943.7970017908865
-6036.782747637068
-6049.30306292517
-6010.663093860499
-5424.603518949636
-6723.975500656485
7500.0
7500.0
7500.0
7500.0
7500.0
7500.0
7500.0
7500.0
-6521.067094114955
-4149.094489937952
7500.0
7500.0
-6675.1220189087035
-7321.538814758513
-7500.0
-7500.0
-7500.0
-7500.0
-7500.0
7500.0
7500.0
7500.0
7500.0
7500.0
7500.0
7500.0
7500.0
7500.0
-7500.0
-7500.0
-6858.950328022493
-5806.637350380181
-5208.678188031605
7500.0
2975.3585249997673
7500.0
7500.0
7500.0
7500.0
-7500.0
-7500.0
-7500.0
-7500.0
-7500.0
-7500.0
-7500.0
7500.0
7500.0
7500.0
7500.0
7500.0
7500.0
7500.0
7500.0
-7178.005084130253
-6973.266593127879
-6912.77005564532
-6368.814063706635
-6676.208498002277
-7500.0
-7500.0
7500.0
7500.0
7500.0
7500.0
7500.0
7500.0
7500.0
7500.0
-7500.0
7500.0
7500.0
7500.0
-7500.0
-7500.0
-7500.0
-7500.0
7500.0
7500.0
7500.0
7500.0
7500.0
7500.0
7500.0
-6585.561497326205
-7500.0
-7500.0
-6347.841337407706
7500.0
7500.0
7500.0
7500.0
7500.0
7500.0
-7500.0
-7500.0
-7500.0
-7500.0
7500.0
7500.0
7500.0
7500.0
-7302.768166089963
-7266.057212070013
-6592.478568000446
-7038.9044301186095
-7500.0
7500.0
7500.0
7500.0
7500.0
7500.0
7500.0
7500.0
-7500.0
-7500.0
-6930.579933709034
-7287.095863530409
-7000.496387166037
-7188.272797444561
-5711.217924384569
-4985.029373712712
7500.0
7500.0
7500.0
7500.0
7500.0
7500.0
7500.0
7500.0
7500.0
-6986.9486948694885
7500.0
7500.0
-5608.026554013277
-6355.383911370916
-6381.336800684081
-6357.592001814901
-5287.096897115554
-926.3607583582066
7500.0
7500.0
7500.0
7500.0
7500.0
7500.0
-7500.0
-6295.5484598046605
-6865.616095755457
-6387.085145376563
7500.0
7500.0
7500.0
7500.0
7500.0
7500.0
-5681.818181818183
444.87528819953604
1740.181351248335
2633.5139568115865
3660.0641876285445
4259.123341326796
1738.721713502709
-3333.3333333333335
7500.0
1962.45059288537
651.3242978213325
2128.7000123012695
7500.0
-4545.454545454546
-730.40380047506
-136.61803954085008
847.0961388523092
1752.171558300413
2097.6321681328777
3441.899046132996
5058.597436587621
-1893.939393939394
4465.317919075143
-1363.6363636363637
7500.0
3602.101969770414
2894.4631657685227
-333.5323982114314
-1369.5467327035713
-2172.9643219091836
-3249.083131558715
-3243.7566520786536
-2502.8186559223145
-2786.2298031313735
-1580.1930743318117
3286.2223044070383
7500.0
5434.810298960729
7500.0
-7136.711281070748
-6870.773548975647
-5187.782602915613
-3142.347223096777
3120.1082302401765
4898.453516630485
7500.0
7500.0
4346.174655469095
5040.8431218577425
5666.734848724222
-3257.575757575758
3302.094588978469
1767.9420474400808
1282.4985569781547
-1.1425200091625811
-1145.8279752046437
-1193.3360845493858
636.9662754625865
7500.0
-5606.060606060606
-4419.678410254468
-5281.393916516916
-4928.8651527958555
-5294.429539030631
-4783.356088214396
-4059.0269126999683
-3262.1082273373627
-1765.9955359481305
914.0213871833644
7500.0
7500.0
5872.577041089247
3387.1491246744877
7500.0
7500.0
7500.0
-7178.1479390175045
-7500.0
-7500.0
-7500.0
7500.0
7500.0
7500.0
7500.0
7500.0