Demand
7500.0
7500.0
7500.0
7500.0
7500.0
7500.0
7500.0
7500.0
7500.0
7500.0
7500.0
7500.0
7500.0
7500.0
-7500.0
-7500.0
-7500.0
-7500.0
-7500.0
-7500.0
7500.0
7500.0
7500.0
7500.0
7500.0
7500.0
-7500.0
-7500.0
-6426.84238838085
-5859.041624434665
7500.0
7500.0
7500.0
7500.0
7500.0
7500.0
-7500.0
-7500.0
-7500.0
-7500.0
-7500.0
7500.0
7500.0
7500.0
7500.0
7500.0
7500.0
-7500.0
-7500.0
-7500.0
-7500.0
-7500.0
7500.0
7500.0
7500.0
7500.0
7500.0
7500.0
7500.0
7500.0
-4437.650219143223
-4627.247498837807
-3018.1679961256796
-1645.5969080769537
-985.658416297998
-2136.3172668647626
-3039.857213776435
-2692.1102538400064
-2386.7340837955776
-2806.5169522729975
-2062.3985112637624
7500.0
7500.0
7045.075254435724
-7500.0
7500.0
7500.0
-7500.0
-7500.0
-6917.2129557816315
-7500.0
-7500.0
7500.0
7500.0
7500.0
7500.0
7500.0
7500.0
-7500.0
-7500.0
-7500.0
-7025.475541345482
-7214.348814427452
-7121.481291980335
-7500.0
-7500.0
7500.0
7500.0
7500.0
7500.0
7500.0
7500.0
7500.0
7500.0
7500.0
-7500.0
-7500.0
-7500.0
7500.0
7500.0
7500.0
7500.0
7500.0
7500.0
-7164.902998236334
-7500.0
-7500.0
-7500.0
-7500.0
7500.0
7500.0
7500.0
7500.0
7500.0
7500.0
7500.0
-7174.099485420242
-7310.956808230043
-7500.0
-7500.0
-7500.0
7500.0
7500.0
7500.0
7500.0
7500.0
-7500.0
-7500.0
-7500.0
-7500.0
-7500.0
7500.0
7500.0
7500.0
7500.0
7500.0
7500.0
7500.0
7500.0
-7500.0
-7298.568778160616
-6713.278331741001
-7500.0
-7500.0
7500.0
7500.0
7500.0
7500.0
7500.0
-5584.886379574233
-6077.052999015177
-5899.1298128232775
-5630.2357039137005
7500.0
7500.0
7500.0
7500.0
7500.0
-7500.0
-7500.0
-7500.0
-7270.900321543406
-6928.826707208684
-6693.486066638392
-7500.0
7500.0
7500.0
7500.0
7500.0
7500.0
7500.0
7500.0
7500.0
-7112.332804352756
-4444.62917353137
7500.0
7500.0
-7500.0
-7500.0
-7500.0
7500.0
7500.0
7500.0
7500.0
7500.0
-7500.0
-7311.374273152747
-7500.0
-7249.932498816808
-6871.556103743431
-7052.775474752003
-6557.95570423418
7500.0
7500.0
7500.0
7500.0
7500.0
7500.0
7500.0
7500.0
7500.0
-7500.0
-7500.0
-7500.0
7500.0
7500.0
7500.0
7500.0
7500.0
-7500.0
-7500.0
-7500.0
-7500.0
-7500.0
7500.0
7500.0
7500.0
7500.0
7500.0
7500.0
-7269.355273806314
-7500.0
7500.0
7500.0
-7500.0
-7500.0
-7500.0
7500.0
7500.0
7500.0
7500.0
7500.0
-7500.0
-6973.707042400161
-6314.35929802819
-6350.824862431935
-5775.902975013374
-5870.501886768825
-4832.285496460652
7500.0
7500.0
7500.0
7500.0
7500.0
7500.0
7500.0
-7500.0
-7500.0
-7500.0
7500.0
7500.0
7500.0
7500.0
7500.0
-7500.0
-7500.0
-7500.0
-7500.0
-7500.0
7500.0
7500.0
7500.0
7500.0
7500.0
7500.0
-7500.0
-6129.493931760935
-4926.50243420261
2219.637405019723
7500.0
7500.0
3576.2962507283646
7500.0
7500.0
-6879.422972237344
7500.0
-7500.0
-7500.0
-7500.0
-7500.0
7500.0
7500.0
7500.0
7500.0
7500.0
7500.0
-7500.0
-7500.0
-7500.0
-7500.0
7500.0
7500.0
7500.0
7500.0
7500.0
-7500.0
-7500.0
7500.0
7500.0
7500.0
-7500.0
-7500.0
-7500.0
7500.0
7500.0
7500.0
7500.0
7500.0
-6951.3368983957225
-7500.0
-7500.0
-7500.0
-7500.0
-7500.0
7500.0
7500.0
7500.0
7500.0
7500.0
7500.0
7500.0
-5946.571178731012
-6374.100001024481
-7289.727129667166
-7500.0
-7500.0
-7500.0
-7500.0
7500.0
7500.0
7500.0
7500.0
7500.0
7500.0
7500.0
7500.0
-7500.0
-7500.0
-7500.0
-7500.0
-7500.0
-4692.431198287402
7500.0
7500.0
7500.0
7500.0
7500.0
7500.0
7500.0
7500.0
7500.0
-7500.0
-7500.0
-7292.727272727274
-6292.797789252712
-5743.00030847891
-5184.309289433479
-5058.991669470675
-5335.551171226627
7500.0
7500.0
7500.0
7500.0
7500.0
7500.0
7500.0
7500.0
-7500.0
-7500.0
7500.0
7500.0
7500.0
7500.0
-7500.0
-7500.0
-7500.0
-7500.0
-7500.0
-7500.0
7500.0
7500.0
7500.0
7500.0
7500.0
7500.0
7500.0
-7500.0
-7500.0
-7500.0
7500.0
7500.0
7500.0
7500.0
-7328.416616496088
-7500.0
-7500.0
7500.0
7500.0
7500.0
-7500.0
-7500.0
-7500.0
-7273.073290925044
-6372.3975749705405
-5565.829371245123
-3421.092232950339
7500.0
6406.303821748656
869.3047131916778
7500.0
7500.0
7500.0
7500.0
7500.0
-5197.348734215095
-4802.673911637145
-4824.454909859982
-4474.69564768754
-4220.192632345308
-2632.860970984208
7500.0
7500.0
7500.0
7500.0
-7346.552081176227
-6830.117267403337
-6568.488600288347
-6428.500080084525
-5930.528165428328
-5374.941586944991
-5012.805895796222
7500.0
7500.0
-7500.0
7500.0
7500.0
7500.0
7500.0
-3767.1423263390443
-2946.4459940489323
3688.425024951058
7500.0
7500.0
7500.0
7500.0
-7500.0
-7500.0
-7500.0
-6641.13510798594
7500.0
7500.0
7500.0
7500.0
7500.0
7500.0
-7500.0
-7500.0
-7500.0
-7500.0
-7500.0
371.11622554662927
7500.0
7500.0
7500.0
7500.0
7500.0
7500.0
-7165.689149560118
7500.0
-7500.0
-7500.0
-7500.0
-7500.0
7500.0
7500.0
7500.0
7500.0
7500.0
-6630.567419158026
-7100.655569150844
-7500.0
-7500.0
-7500.0
7500.0
7500.0
7500.0
7500.0
7500.0
7500.0
-6494.867026633983
-6572.775808174072
-6434.646702000517
-7240.411810628944
-7500.0
-7500.0
7500.0
7500.0
7500.0
7500.0
7500.0
7500.0
7500.0
-6711.690945970868
-5660.01213519392
7500.0
7500.0
-7339.533977218589
-7500.0
-7500.0
-7500.0
-7500.0
-7500.0
-7500.0
7500.0
7500.0
7500.0
7500.0
7500.0
7500.0
7500.0
-7500.0
-7500.0
-7500.0
-6596.886146950243
-4905.4855967111325
-3458.091858642285
7500.0
7500.0
7500.0
7500.0
7500.0
7500.0
-7500.0
7500.0
-7500.0
-7500.0
-7500.0
-7500.0
-7500.0
-7500.0
7500.0
7500.0
7500.0
7500.0
7500.0
7500.0
7500.0
7500.0
-6858.452992944847
-6708.826644281011
-5650.097479635335
-5410.5881321376655
7500.0
7500.0
7500.0
7500.0
7500.0
7500.0
7500.0
7500.0
7500.0
-7500.0
-7500.0
7500.0
7500.0
-7500.0
-7500.0
-7500.0
-7500.0
-7500.0
-7044.56676136364
-5201.870812916746
7500.0
7500.0
7500.0
7500.0
7500.0
7500.0
7500.0
7500.0
-7160.826446280993
-7500.0
-6721.318033041902
-7500.0
475.1920690076354
7500.0
7500.0
7500.0
7500.0
7500.0
-7500.0
-7500.0
-7500.0
-7500.0
-7500.0
7500.0
7500.0
7500.0
7500.0
7500.0
7500.0
-7500.0
7500.0
7500.0
7500.0
-7500.0
-7500.0
-7500.0
-7500.0
-6612.702366127025
-7079.269155841968
-5631.188549362707
7500.0
7500.0
7500.0
7500.0
7500.0
7500.0
7500.0
7500.0
-7194.8281400578235
-6986.744641857151
-7299.282727076257
-7500.0
-6619.827379553195
-7500.0
7500.0
7500.0
7500.0
7500.0
7500.0
-6646.351034436855
-6538.100916661251
-7045.76397743322
-7500.0
-7500.0
7500.0
-7500.0
7500.0
7500.0
7500.0
7500.0
7500.0
-6215.435481188071
-5828.9087721402575
-3515.877867547957
-543.3461725894986
-995.5498976661856
2588.044040495692
7500.0
7500.0
7500.0
4384.721373615053
2849.175365305999
-3181.818181818182
2498.375832385902
2421.2514769308586
1936.0807181074929
-366.85766516963304
-1282.5323064500885
-805.6441399628516
2393.563189093184
5561.1864505804015
-4621.212121212122
-1004.5819286833485
-212.4033490569891
550.0041342562231
909.4384071009713
2225.096667072618
4201.964050342021
-1893.939393939394
3510.6382978723404
-1363.6363636363637
7016.129032258057
-2348.4848484848485
7058.823529411804
-3939.39393939394
-262.7402320078472
-1199.652793250205
-2447.050418365588
-2387.659104320175
-1435.2018219056695
-1783.5538454284997
-481.1076366135994
2846.3237388177095
7500.0
-457.4413367305742
7500.0
7500.0
-7031.360112755461
-5977.225853180884
-5099.021027846382
-3009.067473856738
-2571.5056318045627
801.7814058761414
2405.9530884530736
1595.1110611841555
2895.031886453272
6432.245440710893
7227.18971054929
3922.9302179319207
1127.9322341278335
384.59757493296775
7500.0
-1417.1374764595098
-2093.2975450202816
-2521.576234965063
-1562.0255444344675
-1338.3445269652293
-1972.3828741235047
-2210.294219230492
7461.424442412115
1397.2466088990768
7500.0
7500.0
7500.0
-5196.182066907102
-5213.335738884894
-4369.065755383343
-3796.078500090744
-3824.2667565211646
-4368.251856243565
-3730.276364394058
-3363.6176375373725
6196.220913357063
5877.4200768778155
7500.0
7500.0
7500.0
7500.0
7500.0
7500.0
-7500.0
-7500.0