Demand
7500.0
7500.0
7500.0
7500.0
7500.0
7500.0
7500.0
7500.0
7500.0
7500.0
7500.0
7500.0
7500.0
7500.0
7500.0
7500.0
7500.0
7500.0
7500.0
7500.0
7500.0
7500.0
7500.0
7500.0
7500.0
7500.0
-7500.0
-7500.0
7500.0
7500.0
7500.0
7500.0
7500.0
7500.0
7500.0
7500.0
7500.0
7500.0
7500.0
-7500.0
-7500.0
-7306.1243765760555
-7500.0
-7500.0
-7500.0
-7500.0
-7500.0
7500.0
7500.0
7500.0
7500.0
7500.0
7500.0
7500.0
7500.0
7500.0
7500.0
7500.0
7500.0
-3758.2056892778996
-3755.4156508223205
-3103.033085580808
4725.861369142336
7500.0
1435.110564332504
7500.0
-3994.033706482963
-3974.6579577042703
-4118.518676648422
-4888.071421526274
-5510.407967485164
-5974.726868968517
-6209.569772230983
-5693.8930424899845
7500.0
7500.0
7500.0
7500.0
7500.0
7500.0
7500.0
7500.0
-7500.0
7500.0
7500.0
7500.0
-7500.0
-7500.0
-7500.0
7500.0
7500.0
7500.0
-7331.211134142732
-7316.494718800714
-7500.0
-7500.0
-7500.0
-7500.0
-7500.0
-7500.0
7500.0
7500.0
7500.0
7500.0
7500.0
7500.0
7500.0
7500.0
7500.0
-7500.0
7500.0
7500.0
-7500.0
-7053.953112379164
-6790.554858628984
-7500.0
7500.0
7500.0
7500.0
7500.0
-7500.0
-7500.0
-7500.0
-7500.0
-7057.466538653665
-3513.030535515425
7500.0
7500.0
7500.0
7500.0
7500.0
7500.0
7500.0
7500.0
7500.0
-7500.0
-7500.0
-7500.0
-7500.0
-7500.0
-7500.0
-7500.0
7500.0
7500.0
7500.0
7500.0
7500.0
7500.0
7500.0
7500.0
7500.0
7500.0
-7500.0
-7500.0
-7500.0
-7500.0
7500.0
7500.0
7500.0
7500.0
7500.0
-6587.351005159226
-6760.59416476867
-7224.126939596346
-7500.0
7500.0
7500.0
7500.0
-7500.0
-7500.0
-7500.0
-7245.479454221893
-6815.9414507732145
-6333.437354552318
-7500.0
7500.0
7500.0
7500.0
7500.0
7500.0
7500.0
7500.0
-7500.0
-7128.533289188426
-6649.522475000491
-6736.331504744452
-7500.0
-7500.0
-7500.0
7500.0
7500.0
7500.0
7500.0
7500.0
7500.0
7500.0
-7294.130746268598
-7500.0
-7188.18781750907
-6559.805883482861
-6318.726740534934
7500.0
7500.0
7500.0
7500.0
7500.0
7500.0
7500.0
7500.0
-7500.0
-7500.0
-7500.0
-7500.0
-7500.0
-7500.0
-7500.0
7500.0
7500.0
7500.0
7500.0
7500.0
7500.0
7500.0
-7500.0
7500.0
7500.0
7500.0
7500.0
7500.0
-7500.0
-7282.505008108366
-7500.0
-7500.0
7500.0
7500.0
7500.0
7500.0
7500.0
7500.0
-7500.0
-7500.0
-7500.0
-7500.0
7500.0
7500.0
7500.0
7500.0
7500.0
-6981.818181818182
-7500.0
-7500.0
-7500.0
-7500.0
-7500.0
7500.0
7500.0
7500.0
7500.0
7500.0
7500.0
7500.0
-7500.0
-7500.0
-7500.0
-7500.0
-7500.0
-7500.0
7500.0
7500.0
7500.0
7500.0
7500.0
7500.0
7500.0
7500.0
-7500.0
-5885.486916644188
-4127.983692002972
7500.0
7500.0
7500.0
995.3680023079355
7500.0
7500.0
-6326.7581475128645
7500.0
7500.0
7500.0
-7500.0
-7500.0
-7500.0
-7500.0
7500.0
7500.0
7500.0
7500.0
7500.0
-7500.0
-7500.0
-7500.0
-7500.0
-7500.0
-6993.083003952572
-7500.0
7500.0
7500.0
7500.0
7500.0
7500.0
7500.0
7500.0
7500.0
-7500.0
-7500.0
-7500.0
-6995.914801526869
-5922.015770269571
-5764.131513731767
-5125.493671267937
-7500.0
7500.0
7500.0
7500.0
7500.0
7500.0
7500.0
7500.0
7500.0
-4570.2197657690285
-3683.6835717100184
-2309.81032837017
7500.0
1663.6530134479694
7500.0
7500.0
7500.0
-7500.0
-7500.0
-7500.0
-7255.804986719217
-6212.711949689405
-6493.620958824262
-3593.963442640368
7500.0
7500.0
7500.0
7500.0
7500.0
7500.0
7500.0
-7500.0
-6586.329287840623
-7171.226468092691
-7500.0
7500.0
7500.0
7500.0
7500.0
7500.0
-7500.0
-7500.0
7500.0
7500.0
7500.0
-6494.038748137111
-6019.36756228298
-5453.36955041164
-4869.16258410075
7500.0
7500.0
7500.0
7500.0
7500.0
7500.0
7500.0
7500.0
-7500.0
-7500.0
-7500.0
-7500.0
-7500.0
-7500.0
-7500.0
-7500.0
7500.0
7500.0
7500.0
7500.0
7500.0
7500.0
7500.0
7500.0
-7500.0
-7500.0
-7500.0
-7500.0
-7500.0
-7500.0
-7500.0
7500.0
7500.0
7500.0
7500.0
7500.0
7500.0
7500.0
7500.0
-7500.0
-7500.0
-7500.0
-7500.0
-7500.0
7500.0
7500.0
7500.0
7500.0
7500.0
7500.0
7500.0
-7341.048522030118
-7500.0
-7500.0
-6188.722794926229
-2880.5474983723275
-3052.569583077442
-1608.2798162811105
-681.4555413943144
2363.3095444032692
5250.156621644141
3505.287634460303
7500.0
7500.0
7500.0
7500.0
7500.0
-6807.552136059932
-6530.47229739801
-6373.413007032281
-5821.58616139504
-5152.8389923864015
-4494.334050029371
7500.0
7500.0
7500.0
7500.0
7500.0
7500.0
7500.0
-4847.888332140301
-5093.959472226588
-5921.0737682376075
-6341.298272001302
7500.0
7500.0
7500.0
7500.0
7500.0
7500.0
-7314.493382512475
-7500.0
-7239.928504567666
-6440.338217348222
-6894.5049999539915
-7500.0
7500.0
7500.0
7500.0
7500.0
7500.0
7500.0
7500.0
-1453.7474080319498
7500.0
7500.0
-5150.602409638555
-5489.308612865194
-6090.208816267119
-6892.654794611257
-7500.0
-7500.0
7500.0
7500.0
7500.0
7500.0
7500.0
7500.0
-6518.276692231118
-6397.690461303093
-6216.22426967691
-6865.388116862519
-7500.0
-7500.0
7500.0
7500.0
7500.0
7500.0
7500.0
7500.0
7500.0
7500.0
7500.0
-6664.222873900295
-7314.580566875773
-7500.0
-7500.0
-7500.0
-7500.0
7500.0
7500.0
7500.0
7500.0
7500.0
7500.0
7500.0
-6327.6429452900065
-6346.468008419739
-7201.778848859985
-7500.0
-7500.0
7500.0
7500.0
7500.0
7500.0
7500.0
7500.0
-7500.0
-7500.0
-7500.0
-7500.0
-7500.0
-7500.0
7500.0
7500.0
7500.0
7500.0
7500.0
7500.0
7500.0
7500.0
-6010.971786833858
-5545.027900525756
-7113.634988692853
-7500.0
-7500.0
-7500.0
-7500.0
-7500.0
7500.0
7500.0
7500.0
7500.0
7500.0
7500.0
7500.0
7500.0
-7500.0
-7500.0
-7106.597182056412
-6823.7685937308015
-6687.818215321215
-5723.549763863453
-5864.557566364305
-7500.0
7500.0
7500.0
7500.0
7500.0
7500.0
7500.0
7500.0
7500.0
-7500.0
-7500.0
-7500.0
-7500.0
-7500.0
-7500.0
-7500.0
7500.0
7500.0
7500.0
7500.0
7500.0
7500.0
7500.0
7500.0
7500.0
-6600.37878787879
-7500.0
-7500.0
-6854.5241502964745
-7500.0
2721.851877550977
7500.0
7500.0
7500.0
7500.0
7500.0
7500.0
7500.0
-7500.0
-7500.0
-7500.0
-7500.0
-7500.0
-7189.711486118673
-7033.705914305652
-3814.192293695696
7500.0
7500.0
7500.0
7500.0
7500.0
7500.0
7500.0
7500.0
-7500.0
-7500.0
-7500.0
-6562.271508652208
-7012.735377449031
-3661.20356196168
7500.0
7500.0
7500.0
7500.0
7500.0
7500.0
7500.0
-7500.0
-7002.346393102698
-6416.901169476176
-6659.892052268084
7500.0
7500.0
7500.0
7500.0
7500.0
7500.0
-6562.6233390343405
-6380.7327652503445
-288.5380452289237
7500.0
7500.0
7500.0
-7500.0
-6943.037058482918
-7500.0
-7500.0
-7500.0
7500.0
7500.0
7500.0
7500.0
7500.0
7500.0
-3446.1966604823756
-3812.9037368208005
-1965.237055031188
4255.700276208805
7500.0
5345.19728962665
-4090.9090909090914
2114.0871677236537
3222.395291849065
1757.3473988399528
1338.124808758264
-3409.0909090909095
7500.0
206.67010043780874
420.889992947476
2636.0312309136566
3836.019489976343
3209.081658830867
4545.391189598746
-4166.666666666667
767.9425837320537
1128.4720310900211
2476.6904041696575
4563.669571959561
4078.0968935135297
-2272.727272727273
5425.531914893614
-681.8181818181819
3042.6356589147267
-2500.0000000000005
1045.4545454545441
18.796992481221878
7500.0
2262.8458498023842
7500.0
-5606.060606060606
-2309.6885813148797
-729.3542159265999
5765.300988920633
3219.412606368997
7500.0
7500.0
-7185.314685314686
-6979.031735751296
-5721.415643126997
-4497.4744949741125
-1304.8714360888475
-46.39083901291178
6622.371943789456
6464.377247838729
3199.8279355620525
4777.118322820876
7119.028866657731
2120.1664671649164
-3181.818181818182
7500.0
3990.6747120131517
1155.531899491576
749.1349902016659
7500.0
-2588.8412345868132
-1652.0237947086166
-1440.8783165458813
-2075.071267280708
-2336.3677626486283
6741.990658510491
2607.239723023966
7500.0
7500.0
7500.0
-5295.9547888161815
-5262.0400096338235
-4315.26155588338
-3499.029284806731
-3107.9593512789215
-2876.8221872418585
4198.999900563431
7500.0
5244.2305600339805
7500.0
7500.0
7500.0
-7500.0
-7500.0
-7500.0
-7500.0
-7500.0
-7500.0