Demand
-7500.0
7500.0
7500.0
7500.0
7500.0
7500.0
7500.0
7500.0
7500.0
7500.0
7500.0
7500.0
7500.0
7500.0
7500.0
7500.0
-7500.0
-7500.0
-7500.0
-7500.0
-7500.0
-7500.0
7500.0
7500.0
7500.0
7500.0
7500.0
7500.0
-6995.932083480722
-7134.069508700768
-7500.0
-7500.0
-7500.0
-7500.0
-7500.0
7500.0
7500.0
7500.0
7500.0
7500.0
7500.0
7500.0
7500.0
7500.0
-7500.0
-7500.0
-7500.0
7500.0
7500.0
7500.0
7500.0
-7500.0
-7500.0
-7500.0
-245.45454545455232
7500.0
7500.0
7500.0
7500.0
7500.0
-1968.8457609805969
1930.8803802636112
7500.0
7500.0
-5000.000000000001
-2912.6386970808144
-3780.0836436762984
-3671.537546095242
-3701.979028197822
-4405.657937941853
-4879.780278700822
-4913.390308144835
-596.6835741388977
7500.0
7500.0
7500.0
7500.0
7500.0
7500.0
-7185.950413223141
-7500.0
-7500.0
-7500.0
7500.0
7500.0
7500.0
7500.0
7500.0
-7500.0
-7500.0
-7500.0
-6196.397941680967
7500.0
7500.0
7500.0
7500.0
-7500.0
-7500.0
-7500.0
-7500.0
7500.0
7500.0
7500.0
7500.0
7500.0
7500.0
-7500.0
-7500.0
-7500.0
-7500.0
-7500.0
-7500.0
-7500.0
-641.7112299465898
7500.0
7500.0
7500.0
7500.0
7500.0
7500.0
7500.0
7500.0
7500.0
-7500.0
-7305.924412665987
-6798.648511642339
-6882.580074460906
-6972.001807827644
-7500.0
7500.0
7500.0
7500.0
7500.0
7500.0
7500.0
-7500.0
-7500.0
-7500.0
-7500.0
-7500.0
-7500.0
-7500.0
7500.0
7500.0
7500.0
7500.0
7500.0
7500.0
7500.0
7500.0
-7334.6602027682675
-6959.235070417639
-7500.0
-7500.0
-7500.0
-7500.0
-7500.0
7500.0
7500.0
7500.0
7500.0
7500.0
7500.0
7500.0
7500.0
7500.0
7500.0
7500.0
-7500.0
-7500.0
-7500.0
-7017.649903288204
-590.5378539574021
7500.0
7500.0
7500.0
7500.0
7500.0
7500.0
-7500.0
7500.0
7500.0
-7500.0
-6409.090909090912
7500.0
7500.0
-7500.0
-7500.0
-7500.0
-7500.0
-7500.0
-7500.0
-7500.0
7500.0
7500.0
7500.0
7500.0
7500.0
7500.0
7500.0
7500.0
7500.0
-7500.0
-7500.0
-7500.0
-7500.0
-7500.0
-7500.0
-7500.0
7500.0
7500.0
7500.0
7500.0
7500.0
7500.0
7500.0
7500.0
-7500.0
-7500.0
-7500.0
-7500.0
7500.0
7500.0
7500.0
7500.0
7500.0
7500.0
-7500.0
-7500.0
-7500.0
-7121.073624729934
-7500.0
7500.0
7500.0
7500.0
7500.0
7500.0
7500.0
7500.0
-7500.0
-7500.0
-7500.0
7500.0
7500.0
7500.0
-6670.340181319141
-6415.190579521011
-6695.395823646553
-6800.324397196804
-7500.0
-7500.0
-7500.0
7500.0
7500.0
7500.0
7500.0
7500.0
7500.0
7500.0
7500.0
-7500.0
-7500.0
7500.0
7500.0
7500.0
-7500.0
-7500.0
-7500.0
-7500.0
-7246.441281138794
-7500.0
-7500.0
-7500.0
7500.0
7500.0
7500.0
7500.0
7500.0
7500.0
7500.0
7500.0
-3930.403493442909
7500.0
7500.0
7500.0
7500.0
7500.0
-7500.0
7500.0
7500.0
7500.0
-7500.0
-7500.0
-7500.0
-7500.0
-7500.0
-7500.0
-7500.0
7500.0
7500.0
7500.0
7500.0
7500.0
7500.0
7500.0
-7500.0
-7500.0
-7500.0
-7500.0
7500.0
7500.0
7500.0
7500.0
7500.0
7500.0
-7146.426356054864
-6447.919842191477
-6412.441744241431
-6166.943008436554
-7500.0
7500.0
7500.0
7500.0
7500.0
7500.0
-7500.0
-4393.086216937338
-2945.194189940143
-2030.860863610278
7366.865610342463
2261.7171391132138
7500.0
7500.0
7500.0
-7500.0
7500.0
7500.0
-7500.0
-7500.0
-7273.059057730588
-6396.604327724923
-6776.617471483318
-6306.719428793396
-7500.0
7500.0
7500.0
7500.0
7500.0
7500.0
7500.0
7500.0
7500.0
7500.0
7500.0
7500.0
-7500.0
-7500.0
-7500.0
-7500.0
-7500.0
-7500.0
-7500.0
7500.0
7500.0
7500.0
7500.0
7500.0
7500.0
7500.0
7500.0
7500.0
-7500.0
-7500.0
-7500.0
-7500.0
-7500.0
7500.0
7500.0
7500.0
7500.0
7500.0
-7500.0
-7500.0
-7500.0
7500.0
7500.0
7500.0
7500.0
7500.0
7500.0
-7328.416616496088
-7306.637044516552
-7500.0
-7500.0
-7500.0
-7500.0
7500.0
7500.0
7500.0
7500.0
7500.0
7500.0
7500.0
-7327.8832570899995
-7500.0
-7500.0
-7500.0
-7500.0
7500.0
7500.0
7500.0
7500.0
7500.0
7500.0
-6607.96421311915
-6262.505409146619
-5977.4254346270445
-5720.22573182944
-6005.904773853743
7500.0
7500.0
7500.0
7500.0
7500.0
7500.0
-4703.377836486297
-4860.0042507862
-4789.595998073475
-5115.915265557145
-5749.186902408021
-6248.926681627252
-6511.923610942107
7500.0
7500.0
7500.0
7500.0
7500.0
7500.0
7500.0
-6531.435853865762
-6747.518784270389
-6284.067128444722
-5905.413376943918
-7500.0
7500.0
7500.0
7500.0
7500.0
-5015.259021919159
-5424.8676762156865
-6341.183145473413
-6953.445544528229
-7500.0
-7500.0
-7500.0
7500.0
7500.0
7500.0
7500.0
7500.0
7500.0
7500.0
7500.0
7500.0
7500.0
7500.0
7500.0
-7500.0
7500.0
7500.0
-6877.559377559379
-4610.2944414811645
-3870.2636998715043
-4184.237060116107
-844.6425657044724
7500.0
7500.0
-3244.398608938336
7500.0
-7500.0
-7500.0
-7500.0
-7500.0
-6508.8388327281245
-4991.604044594349
-590.6818209155681
7500.0
7500.0
7500.0
7500.0
7500.0
7500.0
7500.0
7500.0
-7500.0
7500.0
7500.0
-6972.439325380503
-6112.6838502943665
-6121.440355266219
-6073.096489541802
-5458.401999051692
-6645.2054115970095
7500.0
7500.0
7500.0
7500.0
7500.0
7500.0
7500.0
-6244.888329663418
-6423.806818139397
-6019.913975021353
-3916.4418656575763
7500.0
7500.0
7500.0
7500.0
7500.0
-7500.0
-7500.0
-7500.0
-7500.0
-7500.0
-7500.0
7500.0
7500.0
7500.0
7500.0
7500.0
7500.0
-7500.0
-7500.0
-6848.0471066677965
-5832.624330105544
-5447.821211037168
-80.76572816996213
7500.0
7500.0
7500.0
7500.0
7500.0
7500.0
-7500.0
-7500.0
7500.0
7500.0
7500.0
7500.0
-7500.0
-7500.0
7500.0
7500.0
7500.0
7500.0
-7500.0
-7500.0
-7077.339463146969
-6717.19252838465
-6408.103740227811
-3906.9319200227837
7500.0
7500.0
7500.0
7500.0
7500.0
7500.0
7500.0
-7190.1752955564625
-7333.991568323225
-7500.0
-7500.0
-7500.0
-7500.0
-7500.0
-7500.0
7500.0
7500.0
7500.0
7500.0
7500.0
7500.0
7500.0
7500.0
7500.0
-6917.773237997959
-7254.673575129538
-5570.652628214759
-7500.0
7500.0
7500.0
7500.0
7500.0
7500.0
-7163.643135272232
-7316.48244277354
-7500.0
-7500.0
-7500.0
-7500.0
-7500.0
7500.0
7500.0
7500.0
7500.0
7500.0
7500.0
7500.0
7500.0
7500.0
-7500.0
-7500.0
-7500.0
-7500.0
-7500.0
-7500.0
-7500.0
-7500.0
7500.0
7500.0
7500.0
7500.0
7500.0
7500.0
7500.0
7500.0
-7500.0
-7500.0
-7500.0
-7500.0
-6154.073199527753
7500.0
7500.0
7500.0
7500.0
7500.0
7500.0
7500.0
7500.0
-6433.782267115603
-6391.267431688366
-5197.575946488994
5970.706478485377
7500.0
-7500.0
7500.0
7500.0
7500.0
-7500.0
-7500.0
-5971.353081572495
-6413.168976469293
7500.0
7500.0
7500.0
7500.0
7500.0
7500.0
-4230.71408087181
-3149.620709442166
296.0295354513123
1667.8386663521615
2627.23162956309
3622.7907719671784
3816.394485855614
-3409.0909090909095
7500.0
1848.0461631909288
-425.9416230559473
-1335.6137260000346
-871.6132884113613
2277.0549451457505
5620.049779858386
-4621.212121212122
-138.19528155674197
737.4809553936029
1565.9294729981352
1932.9027363134287
3367.325299175019
5573.949946602013
4977.419725131862
3290.4071573184046
-1363.6363636363637
6562.499999999996
-2348.4848484848485
3349.315068493155
-3939.39393939394
719.1780821917873
1527.6430649854506
7500.0
-3388.805409466568
-3026.2000050093775
-3744.5497690908505
-3881.243719545677
-4206.168594729494
-5019.515626505454
-5699.766165242116
-6256.517311364518
-5834.62992162203
7500.0
7500.0
7500.0
7500.0
7500.0
7500.0
7500.0
7500.0
-1233.7341828950916
796.6007660724244
2900.574759577776
2852.6301300945292
1530.6029938786141
1109.654977873592
-131.26563707633613
-1379.0018647177817
-1899.5669040682478
-2016.9202464217665
-11.709318095628078
2100.35286856012
4916.177042129538
7500.0
-6439.39393939394
-5708.571428571429
-5388.594583054466
-4985.009217755927
-4666.042478178046
-4172.9349918224325
-3643.640866118177
-540.6163852128338
4482.325101582765
5568.852770717538
3438.4142884105754
7500.0
7500.0
7500.0
-7348.484848484849
-7500.0
-7500.0
-7500.0
-7500.0
-7500.0
-7500.0
7500.0
7500.0