Demand
-7500.0
7500.0
7500.0
7500.0
7500.0
7500.0
7500.0
7500.0
7500.0
7500.0
7500.0
7500.0
7500.0
-7500.0
7500.0
7500.0
7500.0
-7500.0
-7500.0
-7500.0
7500.0
7500.0
7500.0
7500.0
-7500.0
-7500.0
-7500.0
-7500.0
-6063.266677869267
-5487.70871867453
7500.0
7500.0
7500.0
7500.0
7500.0
7500.0
7500.0
7500.0
7500.0
-7500.0
-7500.0
-7303.122409505389
-7500.0
-7500.0
-7500.0
7500.0
7500.0
7500.0
7500.0
7500.0
7500.0
7500.0
-7500.0
-7500.0
-6089.2197689950535
-4319.341044357856
-907.068569356823
1762.7480200435293
4175.5954069923355
5209.180271935105
4113.201306468909
7500.0
5467.985423220478
-5151.515151515152
-1658.6269719680367
-2753.046473801965
-3657.1477236047667
-3558.0768549525383
-3612.967605712238
-4369.233284473214
-4917.905888956802
-5141.034671345833
-3899.4709111110624
7500.0
7500.0
7500.0
7500.0
7500.0
7500.0
7500.0
-7500.0
-7500.0
7500.0
7500.0
7500.0
-7500.0
-7500.0
7500.0
7500.0
7500.0
-7500.0
-6251.3691128149
7500.0
7500.0
-7500.0
7500.0
7500.0
7500.0
-7500.0
-7500.0
-7500.0
-7500.0
-7500.0
-7500.0
-7500.0
-7500.0
7500.0
7500.0
7500.0
7500.0
7500.0
7500.0
7500.0
7500.0
-7107.922761364109
-7500.0
-7500.0
-7500.0
7500.0
7500.0
7500.0
7500.0
7500.0
7500.0
-7344.281931660573
-6988.790615451053
-7118.526481202824
-7276.819606726256
-7500.0
-7500.0
-7500.0
7500.0
7500.0
7500.0
7500.0
7500.0
7500.0
7500.0
-7500.0
7500.0
-7500.0
-7500.0
-7500.0
7500.0
7500.0
7500.0
7500.0
7500.0
-7500.0
-7500.0
-7275.138073113001
-6611.84925974291
-7500.0
-7500.0
7500.0
7500.0
7500.0
7500.0
7500.0
7500.0
-6239.984899203375
-6257.5840015312115
-6479.4951592259
-7132.643765585177
-7500.0
7500.0
7500.0
7500.0
7500.0
7500.0
7500.0
-7344.268707329726
-7152.606075589634
-7097.1102725254805
-7500.0
-7500.0
-7500.0
7500.0
7500.0
7500.0
7500.0
7500.0
7500.0
-7176.428335010152
-6781.713268891457
-6883.843977813423
-7500.0
-7500.0
-7500.0
7500.0
7500.0
7500.0
7500.0
7500.0
7500.0
7500.0
-7326.113483831607
-7500.0
-7244.096564150617
-6734.428288654895
-6458.458136373556
7500.0
7500.0
7500.0
7500.0
7500.0
7500.0
-7500.0
-7500.0
7500.0
7500.0
7500.0
7500.0
-7500.0
-7500.0
-7500.0
-7500.0
-7500.0
-7500.0
-7500.0
7500.0
7500.0
7500.0
7500.0
7500.0
7500.0
7500.0
7500.0
7500.0
-7500.0
-7300.140252454419
-7500.0
-7500.0
-7500.0
-7500.0
7500.0
7500.0
7500.0
7500.0
7500.0
7500.0
7500.0
-7500.0
-6863.1334262364435
-5996.14453689348
-5938.016877946931
-4824.763899567315
-4073.6344456465754
7500.0
7500.0
7500.0
7500.0
7500.0
7500.0
7500.0
7500.0
-7500.0
-7500.0
-7500.0
-7500.0
-7500.0
-7500.0
-7500.0
7500.0
7500.0
7500.0
7500.0
7500.0
7500.0
7500.0
7500.0
-7500.0
7500.0
7500.0
7500.0
-7500.0
-6478.392910484916
-5987.3541228743525
-4260.77238997204
-3245.0188223577966
-1160.913029579327
-1197.2461689850147
-2155.768820423908
3489.080749385894
7500.0
7500.0
7500.0
7500.0
7500.0
-7500.0
-7500.0
-7500.0
-7500.0
7500.0
7500.0
7500.0
7500.0
7500.0
-7500.0
-7500.0
-7500.0
-7500.0
-7135.083226632525
-7500.0
7500.0
7500.0
7500.0
7500.0
7500.0
7500.0
7500.0
7500.0
-7500.0
-7500.0
-7500.0
-6885.858585858588
-4886.709375884202
2127.8368776759803
7500.0
7500.0
7500.0
7500.0
7500.0
7500.0
-7500.0
-7500.0
-1778.7496415256737
7500.0
2082.808654146895
7500.0
7500.0
7500.0
-6488.365213961744
-7317.3638713509445
-7500.0
-7500.0
-7500.0
-7500.0
-7500.0
7500.0
7500.0
7500.0
7500.0
7500.0
7500.0
7500.0
7500.0
7500.0
-7500.0
-7500.0
-7500.0
-6374.740894284869
-7114.3561730780275
-7500.0
7500.0
7500.0
7500.0
7500.0
7500.0
7500.0
7500.0
7500.0
-7500.0
-7330.558858501785
-6536.022052305172
-6133.489376031979
-5755.765555621736
-5733.902318127692
-6074.2558439163
7500.0
7500.0
7500.0
7500.0
7500.0
7500.0
-7500.0
-7500.0
-7500.0
-7500.0
-7500.0
-7500.0
-7500.0
-7500.0
7500.0
7500.0
7500.0
7500.0
7500.0
7500.0
7500.0
7500.0
7500.0
-7500.0
-7500.0
-7500.0
7500.0
7500.0
7500.0
-7500.0
-7500.0
-7500.0
-7500.0
7500.0
7500.0
7500.0
7500.0
7500.0
-7500.0
-7500.0
-7500.0
-7500.0
7500.0
7500.0
7500.0
7500.0
7500.0
-5225.05543237251
7500.0
7500.0
7500.0
-7500.0
-7500.0
-6311.928811928814
-3462.476016569519
-3737.2713156861428
-2788.9017091468777
-2441.4092882094756
-1064.2301473566986
617.6734560581094
6525.720801337322
1275.279255124376
7500.0
7500.0
7500.0
7500.0
7500.0
-6736.470798356851
-6638.093529908494
-6263.51396423402
-5852.80479791327
-5520.7553462314445
7500.0
7500.0
7500.0
7500.0
7500.0
-4210.8726462846735
-4565.895079720633
-4928.702296857653
-5309.751719282913
-6236.0891581056785
-6863.624169818011
-7500.0
-7500.0
7500.0
7500.0
7500.0
7500.0
7500.0
7500.0
7500.0
7500.0
-7340.643089398049
-7500.0
-7500.0
-7500.0
-7500.0
-7500.0
-7500.0
-7500.0
7500.0
7500.0
7500.0
7500.0
7500.0
7500.0
7500.0
7500.0
-7500.0
-7500.0
7500.0
7500.0
7500.0
7500.0
-6726.9183805736175
-6493.842920196517
-6571.648815603447
-6433.0321995628
-6199.44835154292
-6790.314172456756
-7500.0
7500.0
7500.0
7500.0
7500.0
7500.0
7500.0
7500.0
-6292.059510422976
-6369.447446457576
-6443.433143991879
-6264.530171753295
-7191.402701974646
-7500.0
-7500.0
7500.0
7500.0
7500.0
7500.0
7500.0
7500.0
7500.0
7500.0
-6192.238313393043
-502.1235543034163
7500.0
7500.0
-7500.0
-7500.0
-7500.0
-7500.0
-7500.0
-7500.0
-7500.0
7500.0
7500.0
7500.0
7500.0
7500.0
7500.0
7500.0
7500.0
7500.0
-7028.405956977385
-6450.873632391806
-6498.077925111951
-5781.964268663427
-5825.9383995715725
-5539.303177714302
7500.0
7500.0
7500.0
7500.0
7500.0
7500.0
-7500.0
-7500.0
-7500.0
7500.0
7500.0
7500.0
-7500.0
7500.0
7500.0
7500.0
-7500.0
-7500.0
-7082.672361195853
-6761.3487098027
-6566.1778988309
-5221.2647885301485
-4693.994528972778
7500.0
7500.0
7500.0
7500.0
7500.0
7500.0
7500.0
7500.0
-7500.0
7500.0
7500.0
7500.0
7500.0
7500.0
-7500.0
-7500.0
-7500.0
-7500.0
-3798.7012987013404
7500.0
7500.0
7500.0
7500.0
7500.0
-7313.668947159504
-6329.365160858133
-7500.0
-7500.0
7500.0
7500.0
7500.0
7500.0
7500.0
-7328.710094804426
-7500.0
-7500.0
-7500.0
7500.0
7500.0
7500.0
7500.0
7500.0
7500.0
-7322.783235915929
-7292.550349010504
-6709.657371004498
-7108.108309268355
-7500.0
7500.0
7500.0
7500.0
7500.0
7500.0
7500.0
-7500.0
-7500.0
-7500.0
-6190.248807572252
7500.0
7500.0
7500.0
7500.0
7500.0
-7500.0
-7500.0
-7500.0
-7500.0
-7500.0
7500.0
7500.0
7500.0
7500.0
7500.0
7500.0
7500.0
-2976.1904761904843
7500.0
7500.0
7500.0
-6733.458848843466
-6560.552936715618
-6938.127741271161
-7500.0
7500.0
7500.0
7500.0
-7500.0
-7500.0
-6403.599226502305
-6972.698586351742
-6785.5157099378885
-3063.211610332044
7500.0
7500.0
7500.0
7500.0
7500.0
6931.245876060744
5948.411519026269
-4318.181818181819
-280.88411888321843
578.0499933554047
1697.7409644321633
1087.6414473196041
1165.8343702173825
905.9342558609637
-1031.5566984582433
-2002.2346169622592
-2073.3651203731674
-997.9838312317138
-187.0511221870147
138.02789006201465
1440.619052749154
3378.1186273041008
3256.5952739868344
-3712.1212121212125
5327.211588204864
7351.989466793637
5901.484705350974
3615.3650468686137
-1363.6363636363637
6785.714285714281
-2348.4848484848485
4356.287425149714
-3939.39393939394
7500.0
-2131.5789473684213
-3251.0006078190763
-3324.472956617304
-2761.1643926312186
-3279.9084552728964
-2940.7903709273123
-2327.736318012079
-664.7450320807739
7500.0
7500.0
7500.0
7500.0
-5936.420530743286
-5057.581387947312
-2993.6238140893092
-2631.9571732284476
510.5716737094581
1947.350187260643
1164.4269648415502
2255.1509759781125
5577.421210964904
7500.0
5225.800116525676
2502.867236735489
1689.409282418159
218.20761478895338
97.12270334900722
7500.0
-3001.89393939394
-2133.958034991592
-1891.1831523308715
-2359.1312631958226
-2195.6807335783815
7500.0
7500.0
1940.4011367620242
7500.0
-5377.539329308598
-5215.702373544669
-5188.367761880021
-4234.640215439975
-3456.2217971334558
-3187.1300095213905
-3273.9962396953865
123.89312976579095
7500.0
7500.0
2634.769489737169
7500.0
7500.0
7500.0
-7500.0
-7500.0
-7500.0
-7500.0
-7500.0