Demand
7500.0
7500.0
7500.0
7500.0
7500.0
7500.0
7500.0
7500.0
7500.0
7500.0
7500.0
7500.0
7500.0
7500.0
7500.0
7500.0
7500.0
7500.0
7500.0
7500.0
7500.0
7500.0
7500.0
7500.0
7500.0
7500.0
7500.0
7500.0
-6047.715445988944
-5648.290465168335
7500.0
7500.0
7500.0
7500.0
7500.0
7500.0
7500.0
7500.0
7500.0
7500.0
-7500.0
-7209.430756159729
-7500.0
7500.0
7500.0
7500.0
7500.0
7500.0
-7500.0
-7500.0
-7500.0
-7500.0
-7500.0
-7500.0
7500.0
7500.0
7500.0
7500.0
7500.0
7500.0
7500.0
-3310.894268774707
439.26753040434505
4723.988246337063
5394.282152271568
1803.364135439982
4365.829257084668
7500.0
-6212.121212121213
-5253.120665742028
-5762.94272800508
-6109.595508428882
-6135.959263671621
858.1103893549298
7500.0
7500.0
7500.0
7500.0
7500.0
-7094.536918480582
-7500.0
7500.0
7500.0
7500.0
7500.0
-7500.0
-7500.0
-7500.0
-7500.0
7500.0
7500.0
7500.0
7500.0
7500.0
7500.0
7500.0
7500.0
7500.0
-7500.0
-7500.0
-7500.0
-7500.0
7500.0
7500.0
7500.0
7500.0
7500.0
7500.0
-7500.0
-7500.0
-7500.0
-7500.0
-7500.0
7500.0
7500.0
7500.0
7500.0
7500.0
7500.0
-7500.0
-7500.0
7500.0
7500.0
7500.0
7500.0
7500.0
-7187.573408503642
-7330.4996084728755
-7500.0
-7500.0
-7500.0
-7500.0
-7500.0
7500.0
7500.0
7500.0
7500.0
7500.0
7500.0
7500.0
7500.0
-7500.0
-7500.0
-7500.0
-7500.0
-7500.0
7500.0
7500.0
7500.0
7500.0
7500.0
7500.0
-7500.0
-7500.0
-7500.0
-7500.0
-7500.0
3491.735537190187
7500.0
7500.0
7500.0
7500.0
7500.0
7500.0
7500.0
-7500.0
-7500.0
-7500.0
-7500.0
-7500.0
-7500.0
7500.0
7500.0
7500.0
7500.0
7500.0
7500.0
7500.0
-7500.0
-7500.0
-7500.0
-7500.0
-7500.0
-5943.230589153345
7500.0
7500.0
7500.0
7500.0
7500.0
7500.0
7500.0
-7500.0
7500.0
7500.0
-7500.0
-7500.0
-7292.311896520312
-7500.0
-7012.276955401943
7500.0
7500.0
7500.0
7500.0
7500.0
7500.0
-7500.0
-7500.0
-7500.0
-7500.0
7500.0
7500.0
7500.0
7500.0
7500.0
-7500.0
-7500.0
-7500.0
-7500.0
7500.0
7500.0
7500.0
7500.0
7500.0
7500.0
7500.0
-7500.0
7500.0
7500.0
7500.0
7500.0
-7340.693124650645
-7500.0
-7500.0
-7500.0
-7500.0
-7500.0
7500.0
7500.0
7500.0
7500.0
7500.0
7500.0
-7500.0
-6908.752707267044
-6081.205777730336
-5967.962799300087
-4554.124015563661
-923.9191870803038
7500.0
7500.0
7500.0
7500.0
7500.0
7500.0
-7500.0
-7500.0
-7500.0
7500.0
7500.0
7500.0
7500.0
7500.0
7500.0
-7500.0
-7500.0
-7500.0
-7500.0
-7500.0
7500.0
7500.0
7500.0
7500.0
7500.0
7500.0
-7500.0
-7500.0
7500.0
7500.0
7500.0
7500.0
-4112.136307030454
-4544.465435805014
-5556.750435760025
-6084.820549116221
-6145.871229277174
-6625.14093128608
7500.0
7500.0
7500.0
7500.0
7500.0
-7500.0
-7500.0
-7500.0
-7500.0
7500.0
7500.0
7500.0
7500.0
7500.0
7500.0
-7500.0
-7275.0946969697
-7500.0
7500.0
7500.0
7500.0
7500.0
-7500.0
-7500.0
-7500.0
-7500.0
-7500.0
-7500.0
-7500.0
1320.116054158516
7500.0
7500.0
7500.0
7500.0
7500.0
7500.0
7500.0
7500.0
-7500.0
-7500.0
-1919.580419580423
2853.5603462830477
5040.259431507926
7500.0
3431.734437635323
7500.0
7500.0
7500.0
-7500.0
-7500.0
-7500.0
-7500.0
-7500.0
-7078.713968957873
-4199.541014475706
7500.0
7500.0
-7500.0
7500.0
7500.0
7500.0
7500.0
7500.0
7500.0
-7500.0
-6764.191072728296
-7295.450267705108
-7500.0
-7500.0
-7500.0
-7500.0
7500.0
7500.0
7500.0
7500.0
7500.0
7500.0
7500.0
7500.0
7500.0
-6587.026161238657
-6832.160663649429
-7309.6541054753125
-7500.0
-7500.0
-7500.0
7500.0
7500.0
7500.0
7500.0
7500.0
7500.0
-7500.0
-7500.0
7500.0
7500.0
7500.0
-7500.0
-7500.0
7500.0
7500.0
7500.0
7500.0
7500.0
-7329.620182535571
-7313.304783230165
-7500.0
-7500.0
-7500.0
-7500.0
-7500.0
7500.0
7500.0
7500.0
7500.0
7500.0
7500.0
7500.0
7500.0
7500.0
-7500.0
-7500.0
-7500.0
7500.0
7500.0
7500.0
7500.0
7500.0
7500.0
-6033.447684391082
-3460.0297176820186
7500.0
7500.0
7500.0
-7500.0
-7500.0
-6394.124168514414
-3828.3212311039038
-4151.919163281093
-3454.809143124565
-3366.3315566293336
-2686.3440492242858
-2285.5109019904885
-1259.8595599196215
7500.0
7500.0
7500.0
7500.0
7500.0
7500.0
7500.0
-6633.475220431745
-6254.594113827543
-5834.867605950021
-5476.777247201882
7500.0
7500.0
7500.0
7500.0
7500.0
-4485.612126921596
-4810.661168808294
-5138.691004058264
-5477.247362005572
-6316.337839905238
-6881.265348547862
-7500.0
-7500.0
7500.0
7500.0
7500.0
7500.0
7500.0
7500.0
-7312.623754084398
-6873.30014857801
-7260.8941393014975
-7500.0
-7500.0
-7500.0
-7500.0
7500.0
7500.0
7500.0
7500.0
7500.0
7500.0
7500.0
7500.0
7500.0
-6098.101601953929
-6871.435039166214
-7500.0
7500.0
7500.0
7500.0
7500.0
7500.0
7500.0
-6563.150589868148
-6663.590813180668
-6587.42643234392
-6480.115637054958
-7027.163360347007
-7500.0
-7500.0
-7500.0
7500.0
7500.0
7500.0
7500.0
7500.0
7500.0
7500.0
7500.0
-6164.4798500468605
7500.0
7500.0
-7500.0
-7500.0
-7500.0
-7500.0
7500.0
7500.0
7500.0
7500.0
7500.0
7500.0
7500.0
-6585.561497326205
-7001.024727340138
7500.0
7500.0
-7500.0
-7500.0
-7500.0
-7500.0
-7500.0
-7500.0
-7500.0
7500.0
7500.0
7500.0
7500.0
7500.0
7500.0
7500.0
7500.0
-6573.572434716656
-6674.164317521971
-6241.170209551608
-6503.274745718149
-6810.694140978827
-4949.040160819493
-3430.2272123213565
-6412.088776002984
-7500.0
7500.0
7500.0
7500.0
7500.0
7500.0
7500.0
7500.0
-7500.0
7500.0
7500.0
7500.0
-7500.0
-7500.0
-7500.0
-7011.505967217528
-6570.235894108038
-6142.15445327821
-2423.4361078957886
7500.0
7500.0
7500.0
7500.0
7500.0
7500.0
7500.0
7500.0
-7320.254076943869
-7500.0
-7500.0
-7500.0
-7500.0
-7500.0
7500.0
7500.0
7500.0
7500.0
7500.0
7500.0
7500.0
7500.0
7500.0
-6437.482076283339
-7009.40731778653
-7318.51883730497
-6448.962784576694
-7500.0
-7500.0
-5926.430136402732
7500.0
7500.0
7500.0
7500.0
7500.0
7500.0
7500.0
-7500.0
-7500.0
-7500.0
-7500.0
7500.0
7500.0
7500.0
7500.0
7500.0
-7022.308244871898
-7326.996931282691
-7500.0
-7500.0
-7500.0
-7500.0
-7500.0
7500.0
7500.0
7500.0
7500.0
7500.0
7500.0
7500.0
7500.0
-7334.068036263829
-6676.163245767742
-6599.475609379468
-7500.0
7500.0
7500.0
7500.0
7500.0
-7143.469016619283
-6910.59172526166
-7278.068323282234
-7500.0
-6820.397955081262
-7500.0
-7500.0
7500.0
7500.0
7500.0
7500.0
7500.0
7500.0
7500.0
7500.0
7500.0
-6905.9555961277165
-7500.0
7500.0
7500.0
7500.0
7500.0
-7195.545347719262
-6305.8942914705785
-5924.031983083927
-3610.6807258701174
-244.25594961211118
-125.65198782991592
7061.617891381317
6595.2086935881325
7500.0
2240.480180443932
7500.0
1864.731653888277
3025.9069703536697
1834.9497801279394
1589.1035316569396
838.4698416924289
-4318.181818181819
7500.0
-1269.2307692307695
-90.69086801365575
705.6064992065722
854.4425469230046
1827.1493397138906
3198.6522617094165
3869.482427561339
3058.961060546817
2926.939176894508
-2045.4545454545457
7500.0
-2272.727272727273
7500.0
-681.8181818181819
4257.568403809984
3303.585235632648
-168.9794755063731
-1213.5443079088068
-1967.3888087282448
-2945.145866589754
-2538.567765396443
-367.5439105235355
3636.2505672189927
7500.0
-6363.636363636364
-5834.631865991432
-6405.865732382215
-6876.098358878351
-6992.006667173053
-6441.825538061461
-1449.1518810225075
7500.0
7500.0
7500.0
7500.0
7500.0
5510.002380126161
-4848.484848484849
7500.0
7500.0
7161.5523465704255
-3636.3636363636365
7500.0
227.56617172369215
-1131.3157219092568
-1800.1483327709593
-2181.7753564608624
-1002.1563558387556
-557.0582101648206
-954.804646365501
-149.38245300738527
7500.0
7500.0
7500.0
-6515.151515151516
-5334.418837675352
-5176.906226210978
-5162.039314527019
-4229.405562031778
-3512.7261535827256
-3360.2293439419773
-3668.4845466398206
-1799.2618645531766
5052.957633563872
7500.0
3697.3814385675737
7500.0
7500.0
7500.0
7500.0
-7500.0
-7500.0
-7500.0
-7500.0