Demand
3000.0
3000.0
3000.0
3000.0
3000.0
3000.0
3000.0
3000.0
3000.0
3000.0
3000.0
3000.0
3000.0
3000.0
3000.0
3000.0
3000.0
3000.0
3000.0
3000.0
3000.0
3000.0
3000.0
3000.0
3000.0
3000.0
3000.0
3000.0
3000.0
3000.0
3000.0
1187.5
0.0
0.0
0.0
0.0
0.0
0.0
0.0
0.0
-818.1818181818182
83.3333333333403
3000.0
-1705.6460956206074
-1426.2586169192782
-1421.3359482585365
-2282.5544469306515
-2398.3938527287974
3000.0
3000.0
3000.0
-2936.070377369767
-3000.0
-2846.1398496812662
-3000.0
-3000.0
-3000.0
-1334.6927659343576
3000.0
3000.0
3000.0
3000.0
3000.0
3000.0
1574.6808794857097
-1049.03164716312
3000.0
-3000.0
-3000.0
-3000.0
3000.0
3000.0
3000.0
3000.0
3000.0
3000.0
3000.0
-3000.0
-2913.796000672157
-2888.6997259857435
3000.0
3000.0
3000.0
3000.0
3000.0
0.0
0.0
0.0
3000.0
2050.3620273531765
-1604.1778146738607
-1285.799928035125
-185.53737578191385
-280.0747179937739
-197.9270096221403
411.1938279675189
3000.0
3000.0
3000.0
3000.0
3000.0
0.0
0.0
0.0
3000.0
3000.0
0.0
0.0
3000.0
3000.0
3000.0
0.0
0.0
-818.1818181818182
-1864.864864864865
-2358.999037536093
-2360.9494294636606
-2683.5884446456166
3000.0
3000.0
3000.0
3000.0
-3000.0
-3000.0
-3000.0
-3000.0
-3000.0
3000.0
3000.0
3000.0
3000.0
3000.0
3000.0
3000.0
3000.0
3000.0
-948.8636363636333
3000.0
3000.0
-3000.0
3000.0
3000.0
3000.0
-3000.0
-3000.0
3000.0
3000.0
3000.0
1322.5480283114255
-1766.7484322192258
1516.8935611840188
3000.0
3000.0
3000.0
3000.0
0.0
0.0
0.0
-454.54545454545456
-354.33070866141725
-602.7265577208759
-622.4615599770655
-553.0086351393684
3000.0
-3000.0
-3000.0
3000.0
3000.0
3000.0
-3000.0
-3000.0
-3000.0
-3000.0
3000.0
3000.0
3000.0
3000.0
3000.0
3000.0
-3000.0
-3000.0
-3000.0
-3000.0
-3000.0
-3000.0
3000.0
3000.0
3000.0
3000.0
3000.0
3000.0
3000.0
3000.0
3000.0
3000.0
-3000.0
-3000.0
-3000.0
-3000.0
3000.0
3000.0
3000.0
3000.0
3000.0
3000.0
3000.0
3000.0
3000.0
-3000.0
-3000.0
-3000.0
-3000.0
-3000.0
-3000.0
3000.0
3000.0
3000.0
3000.0
3000.0
3000.0
3000.0
3000.0
3000.0
-3000.0
-3000.0
3000.0
2614.8259454044583
3000.0
3000.0
3000.0
-1848.4848484848487
-511.52073732718964
-1415.6912736122404
-1955.9286075531309
3000.0
3000.0
-1848.4848484848487
3000.0
3000.0
3000.0
3000.0
3000.0
0.0
3000.0
0.0
0.0
0.0
0.0
0.0
0.0
0.0
0.0
0.0
0.0
0.0
0.0
3000.0
0.0
0.0
0.0
0.0
3000.0
3000.0
3000.0
3000.0
0.0
0.0
0.0
0.0
-939.3939393939395
-737.0689655172418
-393.4233333755078
1250.2253884016352
3000.0
0.0
0.0
3000.0
3000.0
3000.0
-242.42424242424244
-1285.7142857142862
-2281.013783903957
-3000.0
-3000.0
-3000.0
3000.0
3000.0
3000.0
3000.0
-3000.0
-3000.0
-3000.0
-3000.0
-3000.0
3000.0
3000.0
3000.0
3000.0
3000.0
3000.0
3000.0
3000.0
3000.0
899.3963782696176
-1261.7252450375236
-1346.737196497731
-1587.7128758959288
-1710.9979986596054
-1758.3386390453716
-1693.6276454852796
3000.0
3000.0
3000.0
3000.0
3000.0
-3000.0
-3000.0
-1995.5537835137682
-1939.0508860786692
-3000.0
3000.0
3000.0
3000.0
3000.0
3000.0
3000.0
3000.0
616.5510176697296
-2154.15866090481
-3000.0
-3000.0
-3000.0
-3000.0
-3000.0
-3000.0
3000.0
3000.0
3000.0
3000.0
3000.0
3000.0
3000.0
-3000.0
-3000.0
-3000.0
2487.10099807982
3000.0
3000.0
3000.0
3000.0
3000.0
-285.91947138324895
3000.0
3000.0
-3000.0
-3000.0
3000.0
3000.0
3000.0
3000.0
-3000.0
-3000.0
-3000.0
-3000.0
-3000.0
-3000.0
-3000.0
3000.0
3000.0
3000.0
3000.0
3000.0
3000.0
3000.0
3000.0
-2925.31747631526
-3000.0
-3000.0
-3000.0
-3000.0
-3000.0
3000.0
3000.0
3000.0
3000.0
3000.0
3000.0
3000.0
3000.0
-3000.0
-3000.0
-3000.0
-3000.0
3000.0
3000.0
3000.0
3000.0
3000.0
3000.0
3000.0
3000.0
-3000.0
-3000.0
-3000.0
3000.0
3000.0
3000.0
3000.0
3000.0
3000.0
3000.0
3000.0
3000.0
-3000.0
-3000.0
-3000.0
-3000.0
3000.0
3000.0
3000.0
3000.0
3000.0
3000.0
3000.0
3000.0
3000.0
3000.0
3000.0
3000.0
3000.0
-3000.0
-3000.0
-3000.0
-3000.0
-3000.0
-3000.0
3000.0
3000.0
3000.0
3000.0
3000.0
3000.0
3000.0
3000.0
-1190.4761904761924
-1131.8767069840032
-2061.997848480929
-2461.7900568932637
3000.0
3000.0
3000.0
3000.0
3000.0
3000.0
3000.0
3000.0
-2746.9478357380694
-2096.3373659757144
-692.3523137443067
3000.0
3000.0
3000.0
3000.0
3000.0
3000.0
3000.0
3000.0
0.0
3000.0
3000.0
0.0
0.0
0.0
0.0
3000.0
3000.0
3000.0
3000.0
4.841312533618748
-1397.4200855172567
-337.16438887224604
3000.0
-274.56629681848926
-601.6572854295296
761.4960178585793
1517.8054964161302
1775.187708456293
3000.0
3000.0
3000.0
3000.0
0.0
0.0
0.0
0.0
0.0
3000.0
-1121.2121212121212
3000.0
0.0
3000.0
3000.0
0.0
0.0
0.0
0.0
0.0
0.0
0.0
0.0
0.0
0.0
0.0
0.0
0.0
0.0
0.0
3000.0
3000.0
3000.0
-1472.09240807689
-663.1129749041238
-478.9375524081329
-50.94865329043705
399.8332929522869
3000.0
3000.0
94.92430359680361
3000.0
-2541.2663217541267
-2716.0868688268874
-1971.7639553543866
-1850.2182964400945
-2181.126891120529
-1959.5230794504114
-2427.5035752008935
479.58944956192545
3000.0
3000.0
3000.0
3000.0
3000.0
3000.0
3000.0
-3000.0
-3000.0
-3000.0
-3000.0
3000.0
3000.0
3000.0
3000.0
3000.0
-3000.0
-3000.0
-3000.0
-3000.0
-1991.150442477877
-2292.5888217831252
-3000.0
-199.86423810245788
3000.0
3000.0
3000.0
3000.0
3000.0
3000.0
3000.0
3000.0
3000.0
3000.0
3000.0
3000.0
3000.0
0.0
0.0
0.0
0.0
0.0
0.0
0.0
0.0
0.0
0.0
0.0
3000.0
3000.0
3000.0
3000.0
0.0
-939.3939393939395
-1411.764705882355
3000.0
-3000.0
-3000.0
-3000.0
-3000.0
-3000.0
3000.0
3000.0
3000.0
3000.0
3000.0
3000.0
3000.0
-3000.0
-3000.0
-3000.0
-3000.0
-3000.0
-3000.0
-3000.0
3000.0
3000.0
3000.0
3000.0
3000.0
3000.0
3000.0
3000.0
-3000.0
-3000.0
-3000.0
-3000.0
-3000.0
-3000.0
-3000.0
3000.0
3000.0
3000.0
3000.0
3000.0
3000.0
3000.0
-2059.632239216361
-1923.150985995575
3000.0
3000.0
3000.0
3000.0
3000.0
-3000.0
-3000.0
-3000.0
-3000.0
3000.0
3000.0
3000.0
3000.0
3000.0
3000.0
3000.0
3000.0
3000.0
3000.0
2534.507377439317
2705.5255586291096
2608.324988894059
2565.014692749837
3000.0
0.0
0.0
0.0
0.0
3000.0
0.0
0.0
0.0
0.0
0.0
0.0
0.0
0.0
0.0
3000.0
3000.0
3000.0
3000.0
3000.0
3000.0
0.0
0.0
0.0
0.0
0.0
3000.0
3000.0
-70.12987012986969
-613.22850794736
-2410.3185233271242
-2514.7053215033784
-3000.0
3000.0
3000.0
3000.0
3000.0
-3000.0
-3000.0
-3000.0
-3000.0
3000.0
3000.0
3000.0
3000.0
3000.0
3000.0
3000.0
-1346.2282398452617
-2521.7479547369667
-2910.511455613144
-3000.0
-3000.0
-3000.0
-3000.0
3000.0
3000.0
3000.0
3000.0
3000.0
3000.0
3000.0
3000.0
3000.0
-3000.0
-3000.0
-3000.0
-3000.0
-3000.0
3000.0
3000.0
3000.0
3000.0
3000.0
3000.0
3000.0
3000.0
3000.0
-653.1682524662901
-1146.9741364371857
-1511.9571256811741
-1595.6765636083016
3000.0
3000.0
3000.0