Demand
3000.0
3000.0
3000.0
3000.0
3000.0
3000.0
3000.0
3000.0
3000.0
3000.0
3000.0
3000.0
3000.0
3000.0
3000.0
3000.0
-1405.5944055944071
2151.738935182876
2099.8914452357285
3000.0
3000.0
3000.0
3000.0
3000.0
0.0
0.0
0.0
0.0
0.0
3000.0
3000.0
1432.9657573998838
3000.0
0.0
0.0
0.0
0.0
0.0
0.0
0.0
-818.1818181818182
83.3333333333403
3000.0
3000.0
3000.0
3000.0
-1907.0364663585005
-2422.63616464226
3000.0
3000.0
3000.0
3000.0
3000.0
3000.0
3000.0
3000.0
3000.0
3000.0
3000.0
3000.0
-932.2752870620939
3000.0
-369.9846758835556
-331.19379110235604
-883.0518142837755
-2175.1877084957023
-2771.989485909695
-3000.0
-3000.0
-3000.0
-3000.0
3000.0
3000.0
3000.0
3000.0
3000.0
3000.0
-3000.0
-2823.318019919425
-2633.7088543734226
3000.0
3000.0
3000.0
3000.0
3000.0
3000.0
3000.0
3000.0
3000.0
3000.0
-1305.9440559440575
-551.7000271714537
2179.7039882862236
1441.1000960199808
1948.721902480354
2881.6577340771055
3000.0
0.0
3000.0
3000.0
3000.0
0.0
0.0
0.0
0.0
0.0
0.0
0.0
0.0
0.0
0.0
3000.0
3000.0
1720.371599203715
-1870.5971965802637
-2398.041749179194
-2480.612000108581
-2827.9662585610486
-3000.0
-3000.0
-3000.0
3000.0
3000.0
3000.0
3000.0
3000.0
3000.0
-3000.0
-3000.0
-3000.0
-1356.3680545034792
3000.0
3000.0
3000.0
3000.0
3000.0
-1302.507836990596
-2710.46928808374
-3000.0
-3000.0
-3000.0
-3000.0
3000.0
3000.0
3000.0
3000.0
3000.0
3000.0
3000.0
3000.0
3000.0
3000.0
3000.0
3000.0
3000.0
3000.0
3000.0
0.0
3000.0
139.9295024182311
-239.21493322204606
-549.7770303630041
-1794.93341940503
-2129.3873531601284
3000.0
3000.0
3000.0
3000.0
-3000.0
-3000.0
-3000.0
-3000.0
-3000.0
-3000.0
-3000.0
-3000.0
3000.0
3000.0
3000.0
3000.0
3000.0
3000.0
3000.0
3000.0
-3000.0
-3000.0
-3000.0
-3000.0
3000.0
3000.0
3000.0
3000.0
3000.0
-3000.0
-3000.0
-3000.0
-3000.0
-3000.0
-3000.0
-3000.0
-3000.0
3000.0
3000.0
3000.0
3000.0
3000.0
3000.0
3000.0
3000.0
3000.0
3000.0
3000.0
3000.0
3000.0
3000.0
3000.0
3000.0
3000.0
3000.0
3000.0
3000.0
3000.0
3000.0
3000.0
-3000.0
3000.0
3000.0
3000.0
3000.0
3000.0
130.51018933371893
206.3565307497015
-867.7135884525624
-582.5921532993721
3000.0
3000.0
1327.672327672346
3000.0
3000.0
3000.0
3000.0
3000.0
3000.0
0.0
0.0
0.0
0.0
0.0
0.0
0.0
0.0
3000.0
3000.0
3000.0
3000.0
3000.0
0.0
0.0
3000.0
0.0
0.0
0.0
0.0
0.0
0.0
0.0
3000.0
0.0
0.0
-939.3939393939395
-737.0689655172418
-393.4233333755078
1250.2253884016352
3000.0
0.0
0.0
3000.0
3000.0
3000.0
3000.0
-818.181818181818
-2041.1622276029057
-3000.0
-3000.0
3000.0
3000.0
3000.0
3000.0
-3000.0
-3000.0
-3000.0
3000.0
3000.0
3000.0
3000.0
3000.0
3000.0
3000.0
3000.0
3000.0
0.0
3000.0
3000.0
3000.0
1583.9160839160795
2506.479030235497
296.8448025129535
3000.0
-2218.4133202742414
-2713.533824871298
-3000.0
-3000.0
3000.0
3000.0
3000.0
3000.0
3000.0
3000.0
3000.0
3000.0
-1617.9340961296357
-281.0535113530732
3000.0
3000.0
3000.0
3000.0
3000.0
3000.0
-1800.4875314513185
3000.0
3000.0
-3000.0
-3000.0
3000.0
3000.0
3000.0
-3000.0
-3000.0
-3000.0
-3000.0
3000.0
3000.0
3000.0
3000.0
3000.0
3000.0
3000.0
652.2453450164282
2048.525188698477
1374.0659601166833
912.0873485797049
-1122.8277039928669
-3000.0
-3000.0
3000.0
3000.0
3000.0
3000.0
3000.0
3000.0
3000.0
-3000.0
-3000.0
-3000.0
-3000.0
3000.0
3000.0
3000.0
3000.0
3000.0
3000.0
3000.0
3000.0
3000.0
-1634.8756465669965
-2877.9327043616186
-3000.0
-3000.0
3000.0
3000.0
3000.0
3000.0
3000.0
3000.0
3000.0
3000.0
3000.0
3000.0
-3000.0
-3000.0
-3000.0
-3000.0
-3000.0
3000.0
3000.0
3000.0
3000.0
3000.0
3000.0
3000.0
3000.0
-3000.0
-3000.0
-3000.0
-3000.0
3000.0
3000.0
3000.0
3000.0
3000.0
3000.0
-3000.0
-3000.0
-3000.0
-3000.0
-3000.0
3000.0
3000.0
3000.0
3000.0
3000.0
3000.0
-3000.0
-3000.0
-3000.0
-3000.0
-3000.0
3000.0
3000.0
3000.0
3000.0
3000.0
3000.0
-3000.0
-3000.0
-3000.0
-3000.0
-3000.0
3000.0
3000.0
3000.0
3000.0
3000.0
3000.0
3000.0
3000.0
3000.0
3000.0
-3000.0
-3000.0
-3000.0
3000.0
3000.0
3000.0
3000.0
3000.0
3000.0
3000.0
3000.0
3000.0
-1946.2671406805484
1288.2227495908544
1055.8396811233683
1911.9997564891564
3000.0
3000.0
3000.0
0.0
0.0
0.0
0.0
0.0
0.0
0.0
0.0
3000.0
3000.0
3000.0
231.57024793388496
-1284.0924181802839
-1366.7767697183729
784.5391080401339
-110.6775944728115
561.1406822233062
3000.0
-1727.2727272727275
-105.85701097548599
1092.161341201203
2269.77036562767
0.0
0.0
0.0
0.0
0.0
0.0
0.0
-848.4848484848486
3000.0
3000.0
3000.0
3000.0
3000.0
3000.0
0.0
0.0
0.0
0.0
3000.0
3000.0
3000.0
3000.0
3000.0
3000.0
0.0
0.0
0.0
3000.0
3000.0
0.0
-636.3636363636364
-1760.8695652173926
-476.686780032916
3000.0
-2363.636363636364
-1266.630464295412
-1033.3127066561788
-989.9108537160669
-501.3739619991411
-640.1912942845902
-181.87181179955496
3000.0
3000.0
3000.0
3000.0
3000.0
-1146.2292151492602
3000.0
3000.0
3000.0
3000.0
3000.0
3000.0
3000.0
3000.0
-3000.0
-3000.0
-3000.0
-3000.0
3000.0
3000.0
3000.0
3000.0
3000.0
3000.0
3000.0
3000.0
3000.0
-2377.143724389134
-2593.128289007769
-3000.0
-2326.145405874284
3000.0
3000.0
3000.0
3000.0
3000.0
3000.0
3000.0
3000.0
3000.0
3000.0
3000.0
3000.0
3000.0
3000.0
0.0
0.0
0.0
0.0
0.0
0.0
0.0
0.0
0.0
0.0
0.0
0.0
0.0
3000.0
0.0
-939.3939393939395
-1816.4383561643845
-2475.874539628512
-3000.0
3000.0
3000.0
-3000.0
-3000.0
3000.0
3000.0
3000.0
3000.0
3000.0
-3000.0
-3000.0
-3000.0
-3000.0
-3000.0
3000.0
3000.0
3000.0
3000.0
3000.0
3000.0
3000.0
3000.0
3000.0
3000.0
3000.0
-3000.0
-3000.0
-3000.0
-3000.0
-3000.0
-3000.0
-3000.0
3000.0
3000.0
3000.0
3000.0
3000.0
3000.0
3000.0
3000.0
3000.0
3000.0
3000.0
3000.0
154.15019762845782
-3000.0
3000.0
3000.0
3000.0
3000.0
3000.0
3000.0
3000.0
-3000.0
3000.0
3000.0
3000.0
3000.0
3000.0
-2222.727272727274
652.6856237369434
618.6016610013219
1074.1354174199205
1379.0314569296
1678.992259304714
0.0
0.0
0.0
0.0
0.0
3000.0
3000.0
3000.0
0.0
0.0
0.0
0.0
0.0
0.0
0.0
0.0
0.0
0.0
0.0
3000.0
0.0
0.0
0.0
0.0
0.0
0.0
0.0
-60.60606060606061
1904.3478260869574
765.5410118583552
-2074.5668652406157
-2014.4850176280834
-3000.0
3000.0
3000.0
3000.0
3000.0
-3000.0
-3000.0
-3000.0
-3000.0
3000.0
3000.0
3000.0
3000.0
3000.0
3000.0
3000.0
3000.0
3000.0
-2904.4826141600342
-3000.0
3000.0
3000.0
3000.0
-3000.0
-3000.0
-3000.0
-3000.0
-3000.0
3000.0
3000.0
3000.0
3000.0
3000.0
3000.0
3000.0
3000.0
3000.0
3000.0
778.1356140414955
697.9520086396269
2046.812597624943
1161.805664257522
1408.0279938756812
-1202.946236282085
-1023.4318701840602
3000.0
-2363.636363636364
934.2645850451904
1004.2715924669776
3000.0
3000.0
3000.0
3000.0