Demand
3000.0
3000.0
3000.0
3000.0
3000.0
3000.0
3000.0
3000.0
3000.0
3000.0
3000.0
3000.0
3000.0
3000.0
3000.0
3000.0
3000.0
3000.0
3000.0
3000.0
3000.0
3000.0
3000.0
3000.0
3000.0
3000.0
3000.0
3000.0
3000.0
3000.0
3000.0
3000.0
3000.0
3000.0
3000.0
0.0
0.0
3000.0
3000.0
0.0
-818.1818181818182
-533.3333333333321
-966.1016949152549
2595.3635405690247
-2303.030303030303
-653.7175199382568
-1981.2367955458312
-2420.3104024356726
3000.0
3000.0
3000.0
3000.0
3000.0
3000.0
-3000.0
-3000.0
-3000.0
-2145.0872359963287
3000.0
3000.0
1273.2377593551028
3000.0
1200.686818490246
1260.008096361783
-2030.3030303030305
-1320.18419033001
-2371.0335759998234
-3000.0
3000.0
3000.0
3000.0
3000.0
3000.0
3000.0
-3000.0
-3000.0
-3000.0
-3000.0
3000.0
2635.336107683598
3000.0
3000.0
3000.0
3000.0
3000.0
3000.0
3000.0
3000.0
3000.0
3000.0
-831.0950413223154
-179.0457479340448
1862.7256879079403
1379.5144418860336
1297.1659915274113
1947.7272400034235
3000.0
3000.0
3000.0
3000.0
3000.0
0.0
0.0
0.0
3000.0
3000.0
0.0
0.0
0.0
0.0
0.0
0.0
3000.0
1412.6659856996928
-2454.5454545454545
-2392.4050632911403
-2448.4576476455104
-2796.179227050703
-3000.0
3000.0
3000.0
3000.0
3000.0
3000.0
-3000.0
-3000.0
3000.0
3000.0
3000.0
3000.0
3000.0
3000.0
3000.0
3000.0
3000.0
0.0
-2424.2424242424245
-2800.246609124538
-3000.0
-3000.0
-3000.0
-3000.0
3000.0
3000.0
3000.0
3000.0
3000.0
-1832.4900980628008
3000.0
-900.3770547141162
3000.0
3000.0
3000.0
3000.0
3000.0
3000.0
0.0
0.0
-454.54545454545456
3000.0
-655.3595658073277
-1004.9847809784288
-2105.8039000775916
-2555.4361219090933
-3000.0
-3000.0
-3000.0
-3000.0
-3000.0
3000.0
3000.0
3000.0
3000.0
3000.0
3000.0
3000.0
3000.0
-3000.0
3000.0
3000.0
3000.0
3000.0
3000.0
-3000.0
-3000.0
-3000.0
-3000.0
-3000.0
-3000.0
-3000.0
3000.0
3000.0
3000.0
3000.0
3000.0
3000.0
3000.0
3000.0
3000.0
-3000.0
-3000.0
-3000.0
-3000.0
-3000.0
3000.0
3000.0
3000.0
3000.0
3000.0
3000.0
-3000.0
-3000.0
-3000.0
-3000.0
-3000.0
3000.0
3000.0
3000.0
3000.0
3000.0
3000.0
3000.0
3000.0
-3000.0
-3000.0
3000.0
3000.0
3000.0
3000.0
3000.0
348.79406307977524
415.947918922702
-745.4040872585774
-276.39195903472455
3000.0
3000.0
-666.646717337962
227.75569927080141
1030.3617645335187
0.0
0.0
0.0
0.0
0.0
0.0
0.0
3000.0
3000.0
3000.0
0.0
0.0
0.0
0.0
0.0
0.0
0.0
0.0
3000.0
3000.0
0.0
0.0
0.0
0.0
0.0
0.0
0.0
0.0
0.0
0.0
-939.3939393939395
-485.0299401197626
1269.7224461591386
3000.0
3000.0
3000.0
3000.0
3000.0
3000.0
3000.0
-242.42424242424244
-1291.5254237288136
-2300.8337631642526
-3000.0
-3000.0
-3000.0
-3000.0
-3000.0
3000.0
3000.0
3000.0
3000.0
3000.0
3000.0
-3000.0
-3000.0
3000.0
3000.0
3000.0
3000.0
3000.0
3000.0
3000.0
-1339.9737081605836
3000.0
-439.39471297206546
-270.18902740966723
-112.3912833280333
1969.0024537046738
3000.0
-1743.880146853703
3000.0
3000.0
-3000.0
-3000.0
-3000.0
-3000.0
-3000.0
2239.0840814860803
1358.2001391073068
3000.0
3000.0
3000.0
3000.0
3000.0
3000.0
3000.0
3000.0
1520.819563780568
-1962.6837120414802
-3000.0
-3000.0
-3000.0
-3000.0
3000.0
3000.0
3000.0
3000.0
3000.0
3000.0
3000.0
-3000.0
-3000.0
-3000.0
-3000.0
-3000.0
3000.0
3000.0
3000.0
3000.0
3000.0
3000.0
3000.0
3000.0
-3000.0
-3000.0
-3000.0
-3000.0
3000.0
3000.0
3000.0
3000.0
3000.0
3000.0
3000.0
3000.0
-3000.0
-3000.0
-3000.0
-3000.0
-3000.0
3000.0
3000.0
3000.0
781.3267813267867
3000.0
-1075.0713063320145
3000.0
3000.0
3000.0
3000.0
3000.0
3000.0
3000.0
3000.0
-3000.0
-3000.0
-3000.0
-3000.0
3000.0
3000.0
3000.0
3000.0
3000.0
3000.0
3000.0
3000.0
-3000.0
-3000.0
-3000.0
-3000.0
-3000.0
-3000.0
3000.0
3000.0
3000.0
3000.0
3000.0
3000.0
3000.0
3000.0
-3000.0
-3000.0
-3000.0
-3000.0
3000.0
3000.0
3000.0
3000.0
3000.0
3000.0
3000.0
-3000.0
-3000.0
-3000.0
-3000.0
-3000.0
-3000.0
-3000.0
-3000.0
3000.0
3000.0
3000.0
3000.0
3000.0
3000.0
3000.0
3000.0
3000.0
-3000.0
-3000.0
-3000.0
3000.0
3000.0
3000.0
3000.0
3000.0
3000.0
3000.0
3000.0
3000.0
-3000.0
-3000.0
-3000.0
3000.0
3000.0
3000.0
-2837.64538333729
-2541.5056952129135
-2255.2909378842996
-1842.335416472355
-854.7348196971466
3000.0
3000.0
3000.0
3000.0
3000.0
3000.0
3000.0
3000.0
0.0
0.0
0.0
3000.0
3000.0
0.0
0.0
0.0
0.0
-1515.1515151515152
-891.8918918918907
3000.0
-1757.5757575757575
-375.79129100326145
-599.0985204998556
1068.2374211154693
1944.718959892436
1909.2462443605882
3000.0
2478.3155049599654
0.0
0.0
3000.0
3000.0
3000.0
3000.0
3000.0
-848.4848484848486
943.4628975265016
0.0
0.0
0.0
0.0
0.0
0.0
3000.0
3000.0
3000.0
3000.0
3000.0
3000.0
0.0
0.0
0.0
0.0
0.0
0.0
3000.0
0.0
0.0
-636.3636363636364
-1812.500000000001
-1246.255023748631
-1150.4369413134827
-865.2811564555823
-346.6586834251557
3000.0
3000.0
3000.0
-2313.6664659843473
-2482.378325436942
-2673.3142714757387
-1780.9753073853753
-1593.56886802357
-1953.0325667775514
-1535.6771479085783
-2009.2167748841475
3000.0
3000.0
3000.0
3000.0
3000.0
3000.0
3000.0
3000.0
-3000.0
-3000.0
-3000.0
-3000.0
-3000.0
-3000.0
3000.0
3000.0
3000.0
3000.0
3000.0
3000.0
3000.0
3000.0
3000.0
3000.0
-2714.3879742304944
-2662.698320247886
1261.4313834720515
2432.7129452564172
3000.0
3000.0
3000.0
3000.0
3000.0
2083.8167639078465
0.0
0.0
0.0
0.0
0.0
3000.0
3000.0
3000.0
3000.0
0.0
0.0
0.0
0.0
0.0
0.0
0.0
0.0
0.0
0.0
0.0
-939.3939393939395
-1455.4734910852894
-2444.3065778659548
-3000.0
-3000.0
-3000.0
-3000.0
-3000.0
3000.0
3000.0
3000.0
3000.0
3000.0
3000.0
3000.0
3000.0
3000.0
3000.0
-3000.0
-3000.0
-3000.0
-3000.0
3000.0
3000.0
3000.0
3000.0
3000.0
3000.0
3000.0
3000.0
3000.0
-3000.0
-3000.0
3000.0
3000.0
3000.0
3000.0
-3000.0
-3000.0
-3000.0
-3000.0
3000.0
3000.0
3000.0
3000.0
3000.0
3000.0
3000.0
3000.0
-3000.0
-3000.0
-3000.0
-3000.0
-3000.0
-3000.0
-3000.0
3000.0
3000.0
3000.0
3000.0
3000.0
3000.0
3000.0
3000.0
748.5493230174079
711.5006745927544
1177.060308780594
1502.4211924486053
1848.0902199446728
0.0
0.0
0.0
0.0
0.0
0.0
3000.0
3000.0
3000.0
0.0
0.0
0.0
0.0
0.0
0.0
0.0
3000.0
0.0
0.0
0.0
0.0
0.0
0.0
0.0
0.0
0.0
0.0
3000.0
953.6599763872488
154.5920475320454
-2170.0985301107485
-72.05719019146272
3000.0
3000.0
-3000.0
-3000.0
-3000.0
-3000.0
-3000.0
3000.0
3000.0
3000.0
3000.0
3000.0
3000.0
3000.0
3000.0
3000.0
-623.0954290296722
-2282.8509296285765
-2845.812815220809
-3000.0
-3000.0
3000.0
3000.0
3000.0
3000.0
3000.0
3000.0
3000.0
3000.0
3000.0
-3000.0
3000.0
3000.0
3000.0
3000.0
3000.0
3000.0
3000.0
3000.0
2124.875124875147
-1151.5151515151515
2126.21359223301
2461.1252156593227
-677.8745866826448
-830.0664232595614
-834.1387552956048
-480.7855616636916
-732.5196482508682
94.05559259830761
3000.0
3000.0
3000.0
3000.0