Demand
-3000.0
-3000.0
3000.0
3000.0
3000.0
3000.0
3000.0
3000.0
3000.0
3000.0
3000.0
3000.0
3000.0
3000.0
3000.0
2596.358369202818
-2575.757575757576
-375.00000000000136
-172.917191039518
3000.0
3000.0
0.0
0.0
0.0
0.0
3000.0
3000.0
3000.0
0.0
0.0
0.0
-969.6969696969697
3000.0
0.0
0.0
0.0
0.0
0.0
0.0
0.0
1507.4135090609561
-1878.787878787879
-1306.3932448733428
-1532.5140359411425
-1202.175456136935
-1193.8784656885482
-2193.0720402707493
-2459.915022256957
3000.0
3000.0
3000.0
3000.0
-3000.0
-2775.8281651792477
-3000.0
-3000.0
-3000.0
3000.0
3000.0
3000.0
3000.0
3000.0
3000.0
3000.0
3000.0
3000.0
3000.0
-3000.0
-3000.0
-3000.0
-3000.0
3000.0
3000.0
3000.0
3000.0
3000.0
3000.0
3000.0
-2901.096858152073
-2880.839548290701
3000.0
3000.0
3000.0
3000.0
3000.0
3000.0
3000.0
3000.0
0.0
-1212.1212121212122
-1708.8607594936711
3000.0
-2151.5151515151515
274.9209997127259
302.12504712728287
884.814196228087
3000.0
3000.0
3000.0
3000.0
3000.0
3000.0
0.0
0.0
0.0
0.0
3000.0
3000.0
3000.0
3000.0
3000.0
3000.0
0.0
-818.1818181818182
-1736.8421052631566
677.4193548387698
3000.0
3000.0
3000.0
3000.0
3000.0
-3000.0
-3000.0
-3000.0
-3000.0
-3000.0
-3000.0
3000.0
3000.0
3000.0
3000.0
3000.0
3000.0
3000.0
3000.0
3000.0
3000.0
-2727.670869276709
-3000.0
-3000.0
-3000.0
-3000.0
3000.0
3000.0
3000.0
3000.0
3000.0
3000.0
3000.0
3000.0
784.0246147314188
3000.0
3000.0
0.0
0.0
0.0
0.0
0.0
-454.54545454545456
-375.0
-656.154628687691
-822.3338774216654
-1719.5784910006441
3000.0
3000.0
-3000.0
-3000.0
-3000.0
-3000.0
3000.0
3000.0
3000.0
3000.0
3000.0
-3000.0
-3000.0
-3000.0
-3000.0
3000.0
3000.0
3000.0
3000.0
3000.0
3000.0
-3000.0
-3000.0
-3000.0
-3000.0
-3000.0
-3000.0
-3000.0
3000.0
3000.0
3000.0
3000.0
3000.0
3000.0
3000.0
3000.0
3000.0
3000.0
-3000.0
-3000.0
-3000.0
-3000.0
-3000.0
-3000.0
-3000.0
-3000.0
3000.0
3000.0
3000.0
3000.0
3000.0
3000.0
3000.0
3000.0
3000.0
-3000.0
-3000.0
-3000.0
-3000.0
-3000.0
3000.0
3000.0
3000.0
3000.0
3000.0
3000.0
3000.0
3000.0
3000.0
1471.9800747198096
518.8904628004934
3000.0
3000.0
452.2160240299131
1741.1105961125204
2762.943875453243
3000.0
3000.0
3000.0
0.0
0.0
0.0
0.0
0.0
0.0
0.0
0.0
3000.0
3000.0
3000.0
3000.0
3000.0
3000.0
3000.0
3000.0
3000.0
3000.0
3000.0
3000.0
3000.0
3000.0
0.0
0.0
3000.0
3000.0
3000.0
1576.1511216056679
-751.0036044846702
-533.2319527304799
738.2635413502323
3000.0
0.0
0.0
0.0
0.0
0.0
-242.42424242424244
3000.0
-1972.9729729729734
3000.0
3000.0
-3000.0
-3000.0
3000.0
3000.0
3000.0
3000.0
3000.0
3000.0
3000.0
-3000.0
-3000.0
-3000.0
-3000.0
-3000.0
3000.0
3000.0
3000.0
83.39594290006949
3000.0
3000.0
146.5664299599348
3000.0
-1573.8115095913254
-1396.019561881907
3000.0
-1770.6108645059812
3000.0
3000.0
-3000.0
-3000.0
-3000.0
-3000.0
-3000.0
3000.0
3000.0
3000.0
3000.0
3000.0
3000.0
3000.0
3000.0
3000.0
3000.0
589.5379783461892
-2606.060606060606
-3000.0
-3000.0
3000.0
3000.0
3000.0
3000.0
3000.0
3000.0
-3000.0
-3000.0
-3000.0
-3000.0
-3000.0
3000.0
3000.0
3000.0
3000.0
3000.0
3000.0
3000.0
3000.0
3000.0
3000.0
-3000.0
-3000.0
-3000.0
-3000.0
-3000.0
-3000.0
-3000.0
3000.0
3000.0
3000.0
3000.0
3000.0
3000.0
3000.0
3000.0
3000.0
3000.0
3000.0
3000.0
3000.0
3000.0
-2107.438016528926
185.64356435643185
3000.0
3000.0
3000.0
-3000.0
-3000.0
-3000.0
-3000.0
-3000.0
3000.0
3000.0
3000.0
3000.0
3000.0
3000.0
3000.0
3000.0
3000.0
3000.0
3000.0
-3000.0
-3000.0
-3000.0
-3000.0
-3000.0
-3000.0
3000.0
3000.0
3000.0
3000.0
3000.0
3000.0
3000.0
3000.0
3000.0
3000.0
3000.0
-3000.0
-3000.0
-3000.0
-3000.0
-3000.0
-3000.0
3000.0
3000.0
3000.0
3000.0
3000.0
3000.0
3000.0
3000.0
-3000.0
-3000.0
-3000.0
-3000.0
3000.0
3000.0
3000.0
3000.0
3000.0
3000.0
-3000.0
-3000.0
-3000.0
-3000.0
-3000.0
-3000.0
3000.0
3000.0
3000.0
3000.0
3000.0
3000.0
3000.0
3000.0
3000.0
3000.0
-3000.0
-3000.0
-3000.0
-3000.0
-3000.0
3000.0
3000.0
3000.0
3000.0
3000.0
3000.0
3000.0
3000.0
3000.0
3000.0
0.0
0.0
0.0
3000.0
3000.0
3000.0
3000.0
0.0
3000.0
3000.0
3000.0
3000.0
70.24293723205392
-1369.1428147311872
-1526.611512841226
35.23264482970171
-699.6792802609898
-841.1695629080523
915.6727790778396
1977.9764493813036
1570.7645198804946
2325.639567846976
-454.54545454545456
3000.0
3000.0
3000.0
3000.0
3000.0
0.0
0.0
-848.4848484848486
2239.436619718309
0.0
3000.0
0.0
0.0
0.0
0.0
0.0
3000.0
3000.0
3000.0
3000.0
3000.0
0.0
0.0
0.0
0.0
0.0
0.0
0.0
0.0
3000.0
3000.0
-1305.429510248788
-455.98701247710505
-350.04022146053285
-118.2005295743229
-164.77043068274634
1862.2007800365952
2492.587543882898
2672.003877397803
570.910948533688
3000.0
3000.0
-358.28877005347704
1354.5185185185192
1051.424505315118
3000.0
3000.0
3000.0
3000.0
3000.0
-2424.2424242424245
3000.0
-829.4484191091628
-1689.8509086082659
-2485.621360547764
3000.0
3000.0
3000.0
-3000.0
-3000.0
-3000.0
-3000.0
-3000.0
3000.0
3000.0
3000.0
3000.0
3000.0
3000.0
3000.0
-3000.0
-2788.676913570712
-2743.064114929044
589.5472540575372
2015.1661770972926
3000.0
2242.834818492377
3000.0
0.0
-151.51515151515153
2770.150806032242
3000.0
3000.0
0.0
0.0
0.0
0.0
0.0
0.0
0.0
0.0
0.0
0.0
3000.0
0.0
0.0
0.0
0.0
0.0
0.0
0.0
-939.3939393939395
-1706.5868263473067
81.4966683751968
3000.0
-3000.0
-3000.0
-3000.0
-3000.0
-3000.0
-3000.0
3000.0
3000.0
3000.0
3000.0
3000.0
3000.0
3000.0
3000.0
3000.0
3000.0
-3000.0
-3000.0
-2731.512011304758
-3000.0
-3000.0
-3000.0
3000.0
3000.0
3000.0
3000.0
3000.0
3000.0
3000.0
-3000.0
-3000.0
-3000.0
3000.0
3000.0
3000.0
3000.0
-3000.0
-3000.0
-2831.7299562282733
-2626.3592543877467
3000.0
3000.0
3000.0
3000.0
3000.0
3000.0
3000.0
3000.0
-3000.0
-3000.0
-3000.0
-3000.0
-3000.0
-3000.0
3000.0
3000.0
3000.0
3000.0
3000.0
3000.0
3000.0
3000.0
602.9425120334204
972.4071065968092
-727.2727272727273
3000.0
0.0
0.0
0.0
0.0
0.0
0.0
0.0
0.0
0.0
3000.0
3000.0
3000.0
3000.0
3000.0
3000.0
3000.0
0.0
0.0
0.0
0.0
0.0
3000.0
0.0
0.0
0.0
0.0
-60.60606060606061
-145.74898785425103
-679.232583163534
-2433.647333002533
-2568.0976687894627
-3000.0
-3000.0
-3000.0
3000.0
3000.0
3000.0
3000.0
-3000.0
3000.0
3000.0
3000.0
3000.0
3000.0
3000.0
3000.0
3000.0
-1518.1058495821735
-2544.7156883376456
-2897.067524112229
-3000.0
3000.0
3000.0
3000.0
3000.0
3000.0
3000.0
3000.0
3000.0
3000.0
3000.0
-3000.0
-3000.0
-3000.0
3000.0
3000.0
3000.0
3000.0
3000.0
3000.0
3000.0
1675.629628465087
1110.8144378867491
1505.881741718269
-1027.5107125781465
-1166.8975250620515
-1180.5307815470906
-881.1725733365633
-1014.836405739859
916.6652460926568
3000.0
3000.0
3000.0
-3000.0