Demand
-3000.0
-3000.0
3000.0
3000.0
3000.0
3000.0
3000.0
3000.0
3000.0
3000.0
3000.0
3000.0
3000.0
3000.0
3000.0
3000.0
-2089.324382540819
-307.1405068758436
-144.5925241640416
3000.0
3000.0
0.0
0.0
0.0
0.0
0.0
0.0
0.0
3000.0
0.0
0.0
-969.6969696969697
3000.0
0.0
0.0
0.0
0.0
0.0
0.0
0.0
-818.1818181818182
83.3333333333403
3000.0
-1691.9682259488088
-1491.017462204336
-1609.391330541236
-2473.0996788502207
-2824.818207857983
-3000.0
-3000.0
-1727.1697573320707
3000.0
3000.0
3000.0
3000.0
3000.0
3000.0
-2055.054119611663
3000.0
3000.0
2155.4913036301696
3000.0
1225.2303212371671
1250.4696754370125
-2030.3030303030305
-1413.2998260197212
-2289.2357482239213
3000.0
3000.0
3000.0
3000.0
3000.0
-3000.0
-3000.0
-3000.0
-3000.0
-3000.0
-3000.0
3000.0
3000.0
3000.0
3000.0
3000.0
3000.0
3000.0
3000.0
3000.0
3000.0
3000.0
-1212.1212121212122
-1930.409914204004
-1713.7486891285062
-930.8724353301054
-1003.4074371921674
-939.9099028582586
-450.5340420969542
3000.0
3000.0
3000.0
0.0
0.0
0.0
3000.0
3000.0
3000.0
0.0
0.0
0.0
0.0
0.0
0.0
3000.0
3000.0
1757.0789865871839
-1858.863180217366
-2394.397924351795
-2482.0595351044985
-2831.244146769336
-3000.0
-3000.0
-3000.0
3000.0
3000.0
3000.0
3000.0
3000.0
3000.0
3000.0
-3000.0
3000.0
3000.0
3000.0
3000.0
3000.0
3000.0
0.0
-2424.2424242424245
3000.0
3000.0
3000.0
3000.0
3000.0
-3000.0
-3000.0
3000.0
3000.0
3000.0
3000.0
3000.0
3000.0
3000.0
3000.0
3000.0
3000.0
3000.0
3000.0
3000.0
3000.0
3000.0
3000.0
3000.0
3000.0
-2606.060606060606
-2492.9577464788736
-3000.0
-3000.0
3000.0
3000.0
3000.0
3000.0
3000.0
-3000.0
-3000.0
3000.0
3000.0
3000.0
3000.0
3000.0
3000.0
3000.0
-3000.0
3000.0
3000.0
3000.0
3000.0
3000.0
3000.0
3000.0
3000.0
-3000.0
-3000.0
-3000.0
-3000.0
-3000.0
3000.0
3000.0
3000.0
3000.0
3000.0
3000.0
3000.0
3000.0
3000.0
3000.0
3000.0
3000.0
3000.0
3000.0
-3000.0
-3000.0
-3000.0
-3000.0
-3000.0
3000.0
3000.0
3000.0
3000.0
3000.0
3000.0
3000.0
3000.0
3000.0
3000.0
-3000.0
-3000.0
3000.0
3000.0
3000.0
3000.0
3000.0
1600.6796941376351
1285.461248130534
-393.6808787995142
631.8891732604216
3000.0
3000.0
3000.0
1332.339791356195
-1060.6060606060607
3000.0
3000.0
3000.0
0.0
0.0
0.0
0.0
3000.0
3000.0
0.0
0.0
0.0
0.0
0.0
0.0
0.0
0.0
0.0
0.0
0.0
0.0
0.0
3000.0
0.0
0.0
0.0
0.0
0.0
0.0
0.0
-939.3939393939395
-698.6301369863022
-258.64110515928905
1785.4646294086733
3000.0
0.0
3000.0
3000.0
3000.0
3000.0
2698.4344960175777
-2151.5151515151515
-2281.8280739934717
-3000.0
-3000.0
-3000.0
-3000.0
3000.0
3000.0
3000.0
3000.0
3000.0
3000.0
-3000.0
-3000.0
-3000.0
-3000.0
-3000.0
-3000.0
3000.0
3000.0
3000.0
3000.0
3000.0
3000.0
3000.0
-2393.939393939394
-1731.7049050632904
-1982.68672719379
-2265.9772244765463
-2747.398946055041
-3000.0
-3000.0
3000.0
3000.0
3000.0
3000.0
3000.0
3000.0
3000.0
3000.0
3000.0
3000.0
3000.0
3000.0
0.0
0.0
0.0
-1333.3333333333335
-1581.8181818181865
3000.0
-3000.0
-3000.0
-3000.0
-3000.0
-3000.0
-3000.0
-3000.0
3000.0
3000.0
3000.0
3000.0
3000.0
3000.0
3000.0
3000.0
3000.0
-1630.711257654264
-595.4054118699046
373.85771978153866
124.4739378116933
-60.410146406445165
-1517.1424363627602
-3000.0
3000.0
3000.0
3000.0
3000.0
3000.0
3000.0
-3000.0
-3000.0
3000.0
3000.0
3000.0
3000.0
3000.0
3000.0
3000.0
-3000.0
3000.0
3000.0
3000.0
-1531.1381531853986
-2384.5213510659014
-1804.5691329875901
-2824.292501312624
3000.0
3000.0
3000.0
-3000.0
-3000.0
-3000.0
-3000.0
-3000.0
-3000.0
-3000.0
3000.0
3000.0
3000.0
3000.0
3000.0
3000.0
3000.0
3000.0
3000.0
3000.0
3000.0
3000.0
-3000.0
-3000.0
-3000.0
-3000.0
-3000.0
3000.0
3000.0
3000.0
3000.0
3000.0
3000.0
3000.0
3000.0
-3000.0
-3000.0
-3000.0
-3000.0
-3000.0
-3000.0
3000.0
3000.0
3000.0
3000.0
3000.0
3000.0
3000.0
3000.0
3000.0
3000.0
-3000.0
-3000.0
-3000.0
3000.0
3000.0
3000.0
3000.0
3000.0
3000.0
-3000.0
-3000.0
-3000.0
-3000.0
3000.0
3000.0
3000.0
3000.0
3000.0
3000.0
-512.7272727272762
3000.0
3000.0
3000.0
3000.0
3000.0
-3000.0
-3000.0
-3000.0
-3000.0
3000.0
3000.0
3000.0
3000.0
3000.0
3000.0
3000.0
3000.0
3000.0
3000.0
3000.0
3000.0
3000.0
0.0
0.0
0.0
0.0
0.0
0.0
3000.0
3000.0
3000.0
-1515.1515151515152
-1340.425531914894
-1508.9724417859431
37.178271132931286
-709.9101359230613
-896.0642426354898
609.6305505851822
1575.2173183902416
1673.9872270581088
2835.9832348341306
-454.54545454545456
3000.0
3000.0
3000.0
3000.0
0.0
0.0
0.0
-848.4848484848486
915.7894736842106
0.0
0.0
0.0
0.0
0.0
0.0
0.0
3000.0
3000.0
3000.0
3000.0
3000.0
0.0
0.0
0.0
0.0
0.0
0.0
0.0
0.0
0.0
-636.3636363636364
1026.0223048326957
3000.0
3000.0
-2363.636363636364
-963.9069767441869
-572.3052079055283
-350.9471931630774
660.7826906797841
711.7503256442899
2463.9930172813724
986.8684375432204
3000.0
3000.0
3000.0
3000.0
3000.0
3000.0
3000.0
3000.0
-1655.9106422587665
3000.0
-866.5874410646702
-1138.596041748988
3000.0
-3000.0
-3000.0
3000.0
3000.0
3000.0
3000.0
3000.0
-3000.0
-3000.0
-3000.0
3000.0
3000.0
3000.0
3000.0
3000.0
-3000.0
-2560.0343053173237
3000.0
3000.0
3000.0
1888.5077186963972
2187.6277247956377
3000.0
3000.0
3000.0
1556.1707041610857
0.0
0.0
0.0
0.0
0.0
0.0
0.0
3000.0
3000.0
3000.0
3000.0
0.0
0.0
0.0
0.0
0.0
3000.0
3000.0
0.0
0.0
-939.3939393939395
3000.0
-2124.199743918054
-3000.0
-3000.0
3000.0
3000.0
3000.0
3000.0
3000.0
3000.0
3000.0
3000.0
-3000.0
-3000.0
-3000.0
-3000.0
-3000.0
-3000.0
3000.0
3000.0
3000.0
3000.0
3000.0
3000.0
3000.0
3000.0
3000.0
3000.0
-3000.0
-3000.0
-3000.0
-3000.0
3000.0
3000.0
3000.0
3000.0
3000.0
3000.0
3000.0
3000.0
3000.0
3000.0
3000.0
3000.0
3000.0
3000.0
3000.0
-1554.280670785527
-3000.0
-3000.0
-3000.0
-3000.0
-3000.0
3000.0
3000.0
3000.0
3000.0
3000.0
3000.0
3000.0
3000.0
-2690.8152088874995
-1948.019963330633
2115.3172558087826
1866.1864567677521
2295.788694065065
2491.272158977692
2712.872827407269
3000.0
0.0
0.0
0.0
0.0
0.0
0.0
3000.0
3000.0
3000.0
0.0
0.0
0.0
0.0
0.0
3000.0
3000.0
3000.0
3000.0
0.0
0.0
0.0
0.0
0.0
0.0
0.0
0.0
-60.60606060606061
3000.0
3000.0
3000.0
-1382.5007389890634
-3000.0
3000.0
3000.0
3000.0
3000.0
3000.0
3000.0
3000.0
-3000.0
-3000.0
3000.0
3000.0
3000.0
3000.0
3000.0
3000.0
3000.0
3000.0
3000.0
3000.0
3000.0
3000.0
-3000.0
3000.0
3000.0
3000.0
3000.0
3000.0
3000.0
3000.0
-3000.0
-3000.0
-3000.0
-3000.0
3000.0
3000.0
3000.0
3000.0
3000.0
3000.0
1858.3097569452782
1054.7069113772309
1318.289900255175
-1228.3595126430291
-1065.8426790238464
3000.0
-2363.636363636364
-203.2710280373867
221.36484802469158
3000.0
3000.0
3000.0
3000.0