Demand
3000.0
3000.0
3000.0
3000.0
3000.0
3000.0
3000.0
3000.0
3000.0
3000.0
3000.0
3000.0
3000.0
3000.0
3000.0
3000.0
-660.9235206576582
3000.0
3000.0
3000.0
3000.0
3000.0
0.0
0.0
3000.0
3000.0
3000.0
3000.0
0.0
0.0
0.0
-969.6969696969697
3000.0
0.0
0.0
0.0
0.0
0.0
0.0
0.0
3000.0
2381.818181818182
236.51452282157925
1718.6611346790285
3000.0
-2393.939393939394
-2213.017751479292
3000.0
3000.0
3000.0
-2894.165535956581
-2867.2792802707245
-3000.0
-2204.6254796550875
3000.0
3000.0
3000.0
3000.0
3000.0
3000.0
3000.0
3000.0
3000.0
3000.0
-728.5180572851823
-1995.6485883054984
-2282.979419176814
3000.0
3000.0
-3000.0
-3000.0
-3000.0
-3000.0
-3000.0
-3000.0
-3000.0
3000.0
3000.0
3000.0
3000.0
3000.0
3000.0
3000.0
3000.0
3000.0
3000.0
3000.0
3000.0
0.0
-1212.1212121212122
-1879.12087912088
-1448.921616267335
424.50401115470413
1824.4518643064002
2899.9215438612273
-2272.727272727273
556.5930709485992
3000.0
-30.303030303030305
3000.0
0.0
0.0
0.0
0.0
0.0
0.0
0.0
0.0
0.0
0.0
3000.0
3000.0
0.0
-818.1818181818182
-1870.5882352941178
-2374.4524268442265
-2409.7167069042544
-2758.447305873252
-3000.0
3000.0
3000.0
3000.0
3000.0
-3000.0
-3000.0
-3000.0
-3000.0
3000.0
3000.0
3000.0
3000.0
3000.0
3000.0
3000.0
3000.0
3000.0
3000.0
3000.0
-3000.0
-3000.0
-3000.0
3000.0
3000.0
3000.0
3000.0
3000.0
3000.0
3000.0
3000.0
-1956.5714830528677
789.531010131551
3000.0
3000.0
0.0
0.0
0.0
0.0
0.0
-454.54545454545456
-245.9016393442621
-153.59688917693256
3000.0
-1414.9732620320856
-2064.6952206973237
-3000.0
3000.0
3000.0
3000.0
3000.0
3000.0
3000.0
3000.0
3000.0
-3000.0
-3000.0
-3000.0
-3000.0
-3000.0
3000.0
3000.0
3000.0
3000.0
3000.0
3000.0
3000.0
3000.0
3000.0
3000.0
-3000.0
-3000.0
-3000.0
-3000.0
3000.0
3000.0
3000.0
3000.0
3000.0
3000.0
3000.0
-3000.0
3000.0
3000.0
3000.0
-3000.0
-3000.0
3000.0
3000.0
-3000.0
-3000.0
-3000.0
-3000.0
-3000.0
-3000.0
3000.0
3000.0
3000.0
3000.0
3000.0
3000.0
3000.0
3000.0
3000.0
3000.0
-3000.0
-3000.0
3000.0
3000.0
3000.0
3000.0
3000.0
-3.557312252963584
-10.4784642776267
-1114.7229864829815
-1790.2161133698264
3000.0
3000.0
2656.809127173974
-1454.5454545454545
3000.0
3000.0
3000.0
3000.0
3000.0
3000.0
0.0
0.0
0.0
0.0
0.0
0.0
0.0
3000.0
3000.0
3000.0
3000.0
3000.0
0.0
0.0
0.0
0.0
0.0
0.0
0.0
0.0
0.0
0.0
0.0
0.0
3000.0
3000.0
1030.3030303030278
1416.75392670157
3000.0
3000.0
3000.0
0.0
0.0
0.0
0.0
3000.0
185.31084722083642
-1633.0256286438587
-3000.0
-3000.0
3000.0
3000.0
3000.0
3000.0
3000.0
3000.0
3000.0
-3000.0
-3000.0
-3000.0
-3000.0
-3000.0
-3000.0
3000.0
3000.0
3000.0
3000.0
3000.0
3000.0
3000.0
-1572.67283614589
-1707.0607111282513
-1977.301290277458
-2191.6561013872597
-2428.5405810080474
-2809.3163329020063
-3000.0
-3000.0
-3000.0
3000.0
3000.0
3000.0
3000.0
3000.0
3000.0
3000.0
-2000.4908241957182
-1206.8501713607357
3000.0
3000.0
3000.0
3000.0
3000.0
618.4923741334117
-2606.060606060606
3000.0
-3000.0
-3000.0
-3000.0
-3000.0
-3000.0
3000.0
3000.0
3000.0
3000.0
3000.0
-3000.0
-3000.0
-3000.0
3000.0
3000.0
3000.0
3000.0
3000.0
3000.0
3000.0
3000.0
3000.0
3000.0
-3000.0
-3000.0
3000.0
3000.0
3000.0
3000.0
-3000.0
3000.0
3000.0
3000.0
3000.0
3000.0
-3000.0
-3000.0
-3000.0
-3000.0
-3000.0
-1129.8701298701326
1125.2153934520381
3000.0
-976.9478419232906
3000.0
-2460.5006922944895
3000.0
3000.0
3000.0
3000.0
3000.0
-3000.0
-3000.0
-3000.0
-3000.0
3000.0
3000.0
3000.0
3000.0
3000.0
-3000.0
-3000.0
-3000.0
-3000.0
-3000.0
-3000.0
3000.0
3000.0
3000.0
3000.0
3000.0
3000.0
3000.0
3000.0
-3000.0
-3000.0
-3000.0
3000.0
3000.0
3000.0
3000.0
3000.0
-3000.0
-3000.0
-3000.0
-3000.0
-3000.0
-3000.0
3000.0
3000.0
3000.0
3000.0
3000.0
3000.0
3000.0
3000.0
3000.0
-3000.0
-3000.0
-3000.0
-3000.0
-3000.0
3000.0
3000.0
3000.0
3000.0
3000.0
3000.0
3000.0
-3000.0
-3000.0
-1031.0880829015568
1154.6186932753844
3000.0
2775.4767914736676
1705.784965539129
-630.7651577930524
3000.0
3000.0
3000.0
3000.0
3000.0
3000.0
-3000.0
3000.0
3000.0
-2869.9125142639796
-2638.6493061048122
-2422.414308797551
-2113.5029202136184
-1355.642658743397
3000.0
3000.0
3000.0
3000.0
3000.0
0.0
0.0
0.0
3000.0
3000.0
3000.0
0.0
0.0
0.0
0.0
0.0
0.0
-1515.1515151515152
3000.0
-1220.7357859531776
555.9121677165379
-361.6464484109365
-668.6948866843627
681.6646261503522
1445.4369524875208
1707.0566806971292
3000.0
3000.0
3000.0
0.0
0.0
0.0
0.0
0.0
3000.0
2036.9755743400929
1162.2803924762102
3000.0
0.0
0.0
0.0
0.0
0.0
0.0
0.0
0.0
0.0
0.0
3000.0
3000.0
3000.0
3000.0
3000.0
0.0
0.0
0.0
0.0
0.0
-636.3636363636364
3000.0
-288.29686013320816
-239.7785630356052
-114.85029351149205
-354.07021598942765
742.2144724697282
1796.989499668157
3000.0
671.6027048721642
3000.0
3000.0
3000.0
3000.0
-2270.9832134292574
-2127.781328845457
-2574.9191018568044
-1539.0469947477138
3000.0
3000.0
3000.0
3000.0
3000.0
1562.4440027911214
3000.0
3000.0
-3000.0
-3000.0
-3000.0
-3000.0
-3000.0
3000.0
3000.0
3000.0
3000.0
3000.0
3000.0
3000.0
3000.0
3000.0
-3000.0
-2739.6694214876043
-2633.3899089646666
3000.0
3000.0
3000.0
3000.0
0.0
0.0
3000.0
3000.0
3000.0
3000.0
0.0
0.0
0.0
0.0
0.0
0.0
3000.0
3000.0
3000.0
3000.0
0.0
0.0
0.0
0.0
0.0
0.0
3000.0
3000.0
1636.363636363636
-1824.9258160237384
-2577.3543889719185
-3000.0
-3000.0
-3000.0
-3000.0
3000.0
3000.0
3000.0
3000.0
3000.0
3000.0
-3000.0
-3000.0
-3000.0
-3000.0
-3000.0
-3000.0
3000.0
3000.0
3000.0
3000.0
3000.0
3000.0
-3000.0
-3000.0
-3000.0
-3000.0
-3000.0
3000.0
3000.0
3000.0
3000.0
3000.0
3000.0
3000.0
-3000.0
-3000.0
-3000.0
3000.0
3000.0
3000.0
3000.0
3000.0
3000.0
3000.0
3000.0
-1131.876706984005
3000.0
3000.0
-3000.0
-3000.0
-3000.0
-3000.0
-3000.0
-3000.0
-3000.0
3000.0
3000.0
3000.0
3000.0
3000.0
3000.0
3000.0
3000.0
3000.0
3000.0
3000.0
3000.0
3000.0
3000.0
0.0
3000.0
3000.0
3000.0
3000.0
3000.0
3000.0
0.0
0.0
0.0
0.0
0.0
0.0
0.0
0.0
0.0
3000.0
3000.0
3000.0
0.0
0.0
0.0
0.0
0.0
-60.60606060606061
-92.78350515463626
3000.0
-2229.151014274982
-2414.731078179998
-3000.0
-3000.0
-3000.0
3000.0
3000.0
3000.0
3000.0
3000.0
3000.0
3000.0
3000.0
3000.0
-3000.0
-3000.0
-3000.0
-2222.032659029979
53.531257650278576
-2048.327914966577
-2744.906078882632
-3000.0
3000.0
3000.0
3000.0
3000.0
3000.0
3000.0
3000.0
3000.0
-3000.0
-3000.0
3000.0
3000.0
3000.0
3000.0
-3000.0
-3000.0
-3000.0
-3000.0
3000.0
3000.0
3000.0
3000.0
3000.0
3000.0
3000.0
-1020.2604920405215
-923.3984755515839
-1438.5587281307664
-1896.5293987969417
-2373.6587190682503
-3000.0
3000.0
3000.0