Demand
3000.0
3000.0
3000.0
3000.0
3000.0
3000.0
3000.0
3000.0
3000.0
3000.0
3000.0
3000.0
3000.0
3000.0
0.0
-424.2424242424243
-2097.3488865323434
-410.5324875586166
-288.49984941135244
3000.0
3000.0
0.0
0.0
0.0
0.0
0.0
0.0
0.0
0.0
0.0
0.0
-969.6969696969697
3000.0
3000.0
0.0
0.0
0.0
0.0
0.0
0.0
-818.1818181818182
-678.4313725490192
-1303.3249858336221
-1492.8290966705454
-1047.1993611548019
-816.0087574693598
-1657.4722992014522
3000.0
3000.0
3000.0
-2928.196514801596
-2920.589195470743
-3000.0
-2783.2667233334005
-3000.0
-3000.0
-3000.0
3000.0
3000.0
3000.0
3000.0
3000.0
3000.0
3000.0
3000.0
3000.0
3000.0
3000.0
-3000.0
-3000.0
-3000.0
3000.0
3000.0
3000.0
3000.0
3000.0
3000.0
-3000.0
-2882.6125330979694
-2850.4178903519223
3000.0
3000.0
3000.0
3000.0
3000.0
3000.0
3000.0
3000.0
3000.0
-1212.1212121212122
-1708.8607594936711
3000.0
-2151.5151515151515
3000.0
3000.0
3000.0
3000.0
3000.0
3000.0
3000.0
3000.0
0.0
0.0
0.0
0.0
0.0
0.0
0.0
0.0
0.0
0.0
0.0
0.0
2624.486066697121
-1795.8527710118606
-2255.6523999795018
-1920.7752671439002
3000.0
3000.0
3000.0
-3000.0
-3000.0
-3000.0
-3000.0
-3000.0
-3000.0
-3000.0
3000.0
3000.0
3000.0
3000.0
3000.0
3000.0
3000.0
3000.0
3000.0
-1279.0174137588565
-2697.102816984746
-3000.0
-3000.0
-3000.0
3000.0
3000.0
3000.0
3000.0
3000.0
3000.0
3000.0
3000.0
-1668.4029584734917
1924.8351677597275
3000.0
3000.0
3000.0
3000.0
0.0
0.0
0.0
-454.54545454545456
-354.33070866141725
-602.7265577208759
-622.4615599770655
-553.0086351393684
3000.0
3000.0
3000.0
3000.0
3000.0
3000.0
-3000.0
-3000.0
-3000.0
-3000.0
-3000.0
-3000.0
3000.0
3000.0
3000.0
3000.0
3000.0
3000.0
3000.0
-3000.0
-3000.0
-3000.0
-3000.0
-3000.0
-3000.0
-3000.0
3000.0
3000.0
3000.0
3000.0
3000.0
3000.0
3000.0
3000.0
-3000.0
-3000.0
-3000.0
-3000.0
-3000.0
3000.0
3000.0
3000.0
3000.0
3000.0
3000.0
-3000.0
3000.0
3000.0
3000.0
3000.0
3000.0
3000.0
3000.0
-3000.0
-3000.0
-3000.0
-3000.0
-3000.0
3000.0
3000.0
3000.0
3000.0
3000.0
3000.0
3000.0
3000.0
3000.0
646.4646464646521
1558.3117363939373
3000.0
-2356.295878035009
-725.5222701959865
-226.108655923078
1467.6222784604788
2968.8037227543123
-1060.6060606060607
3000.0
3000.0
3000.0
3000.0
3000.0
0.0
0.0
0.0
0.0
0.0
3000.0
0.0
3000.0
3000.0
3000.0
3000.0
0.0
0.0
0.0
0.0
0.0
0.0
0.0
0.0
0.0
0.0
0.0
3000.0
3000.0
0.0
-939.3939393939395
-698.6301369863022
-258.64110515928905
1785.4646294086733
3000.0
0.0
3000.0
3000.0
3000.0
0.0
-242.42424242424244
-1290.4717853839045
-2297.434680410869
-3000.0
-3000.0
-3000.0
-3000.0
3000.0
3000.0
3000.0
3000.0
3000.0
3000.0
-3000.0
-3000.0
-3000.0
-3000.0
3000.0
3000.0
3000.0
3000.0
3000.0
3000.0
3000.0
3000.0
3000.0
3000.0
3000.0
911.7647058823509
2122.628150665536
-35.606431530096415
3000.0
3000.0
3000.0
3000.0
3000.0
-3000.0
-3000.0
3000.0
2888.429752066092
-3000.0
3000.0
3000.0
3000.0
3000.0
3000.0
3000.0
3000.0
-1333.3333333333335
3000.0
-3000.0
-3000.0
-3000.0
-3000.0
-3000.0
-3000.0
3000.0
3000.0
3000.0
3000.0
3000.0
3000.0
3000.0
3000.0
3000.0
-3000.0
-2339.130434782609
-1362.119521842082
45.073860896635324
1406.0539917423673
961.1389874909883
718.2837628364691
-1065.704678115083
-3000.0
3000.0
3000.0
3000.0
3000.0
3000.0
3000.0
-3000.0
-3000.0
-3000.0
3000.0
3000.0
3000.0
3000.0
3000.0
3000.0
3000.0
-3000.0
-2025.3633513821608
-1306.214857834445
-660.4772107518024
-2046.1715306258484
-1326.9758865119693
-2837.861312686011
-3000.0
3000.0
3000.0
3000.0
3000.0
3000.0
3000.0
3000.0
3000.0
3000.0
-3000.0
-3000.0
-3000.0
-3000.0
3000.0
3000.0
3000.0
3000.0
3000.0
3000.0
3000.0
-3000.0
-3000.0
-3000.0
-3000.0
-3000.0
-3000.0
-3000.0
3000.0
3000.0
3000.0
3000.0
3000.0
3000.0
3000.0
3000.0
-3000.0
-3000.0
-3000.0
-3000.0
-3000.0
3000.0
3000.0
3000.0
3000.0
3000.0
3000.0
3000.0
-3000.0
-3000.0
-3000.0
3000.0
3000.0
3000.0
3000.0
-3000.0
-3000.0
-3000.0
3000.0
3000.0
3000.0
3000.0
3000.0
3000.0
3000.0
3000.0
-1943.51279788173
-1581.4873698824304
-1405.70260202815
-1361.6242122875
-2178.2193258427724
-2532.234695552247
3000.0
3000.0
3000.0
3000.0
3000.0
3000.0
3000.0
-3000.0
-1662.7565982404803
3000.0
3000.0
-2157.65777695384
-1605.7922119731902
3000.0
2277.2135974821213
3000.0
3000.0
3000.0
3000.0
3000.0
0.0
0.0
0.0
0.0
0.0
0.0
3000.0
3000.0
0.0
0.0
-1515.1515151515152
-1247.1910112359546
-1267.959161107219
1499.998784103767
144.10468849064068
3000.0
-1909.0909090909095
655.3338762214976
950.9526601448845
2526.8582889149884
3000.0
3000.0
3000.0
3000.0
0.0
0.0
0.0
0.0
-848.4848484848486
1148.6988847583643
0.0
0.0
0.0
3000.0
3000.0
3000.0
3000.0
0.0
0.0
0.0
3000.0
3000.0
3000.0
3000.0
0.0
0.0
0.0
0.0
0.0
0.0
0.0
3000.0
3000.0
3000.0
-778.5308819791576
-716.0995177788013
-945.9074141737715
-242.20323559356711
687.4431934350835
3000.0
975.7678892089917
3000.0
3000.0
3000.0
3000.0
-2394.0870335511026
-2316.61694408757
-2698.582507725384
-2208.066236325247
3000.0
3000.0
-117.07384976317235
3000.0
2893.0543633293805
-524.1906456674565
1118.6147957725746
3000.0
3000.0
-3000.0
-3000.0
-3000.0
-3000.0
3000.0
3000.0
3000.0
3000.0
3000.0
-3000.0
-3000.0
-2227.5550536420105
-2457.0189674409185
-3000.0
3000.0
3000.0
3000.0
3000.0
3000.0
-1333.3333333333335
3000.0
3000.0
2842.1698241788176
-787.878787878788
3000.0
0.0
0.0
0.0
0.0
0.0
0.0
3000.0
3000.0
3000.0
3000.0
3000.0
0.0
0.0
0.0
0.0
0.0
0.0
3000.0
3000.0
-939.3939393939395
-1836.2068965517237
-2526.9462773639953
-3000.0
3000.0
3000.0
3000.0
-3000.0
-3000.0
-3000.0
-3000.0
-3000.0
3000.0
3000.0
3000.0
3000.0
3000.0
3000.0
-3000.0
-3000.0
-3000.0
3000.0
3000.0
3000.0
3000.0
3000.0
-3000.0
3000.0
3000.0
3000.0
3000.0
3000.0
3000.0
3000.0
3000.0
-3000.0
-3000.0
-3000.0
-3000.0
-3000.0
-3000.0
3000.0
3000.0
3000.0
3000.0
3000.0
3000.0
3000.0
3000.0
-3000.0
-3000.0
3000.0
3000.0
3000.0
3000.0
3000.0
3000.0
3000.0
3000.0
-3000.0
-3000.0
-2553.2915360501574
-2389.8383288944497
270.1284059655584
3000.0
3000.0
3000.0
3000.0
3000.0
3000.0
3000.0
0.0
3000.0
3000.0
3000.0
0.0
0.0
0.0
0.0
0.0
0.0
0.0
3000.0
3000.0
3000.0
0.0
0.0
0.0
0.0
0.0
0.0
0.0
0.0
0.0
0.0
0.0
-60.60606060606061
3000.0
3000.0
-1578.9473684210543
3000.0
-3000.0
3000.0
3000.0
-3000.0
-3000.0
-3000.0
3000.0
3000.0
3000.0
3000.0
3000.0
3000.0
3000.0
3000.0
3000.0
3000.0
-1062.3229461756378
-2432.295267834066
-2889.9113185737315
-3000.0
-3000.0
-3000.0
3000.0
3000.0
3000.0
3000.0
3000.0
3000.0
3000.0
3000.0
3000.0
3000.0
-3000.0
-3000.0
-3000.0
-3000.0
-3000.0
-3000.0
3000.0
3000.0
3000.0
3000.0
3000.0
3000.0
3000.0
3000.0
3000.0
3000.0
-2368.589231506631
-2733.694887977247
-3000.0
-3000.0
-3000.0