Demand
3000.0
3000.0
3000.0
3000.0
3000.0
3000.0
3000.0
3000.0
3000.0
3000.0
3000.0
3000.0
3000.0
3000.0
3000.0
3000.0
3000.0
3000.0
3000.0
3000.0
3000.0
3000.0
3000.0
3000.0
3000.0
3000.0
3000.0
3000.0
3000.0
3000.0
3000.0
3000.0
3000.0
3000.0
3000.0
3000.0
3000.0
3000.0
3000.0
3000.0
-818.1818181818182
83.3333333333403
3000.0
-1657.486447753754
-1402.2857912524007
-1460.7257660132627
-2367.6409471821116
-2728.9674508117005
-3000.0
3000.0
3000.0
3000.0
3000.0
-2700.9650559463335
-3000.0
3000.0
3000.0
3000.0
3000.0
3000.0
3000.0
3000.0
3000.0
663.0094043887173
-53.64826589353925
-1720.320124668664
-2220.618642097592
3000.0
3000.0
3000.0
-3000.0
-3000.0
3000.0
3000.0
3000.0
3000.0
3000.0
-3000.0
-2904.6291132180704
-2870.7445906642497
3000.0
3000.0
3000.0
3000.0
3000.0
3000.0
0.0
0.0
3000.0
-1212.1212121212122
-1895.306859205776
-1547.603716309447
-227.5392112168879
311.8636976049943
2851.5910498536578
406.7387991983742
3000.0
3000.0
3000.0
0.0
0.0
0.0
0.0
0.0
0.0
0.0
3000.0
3000.0
3000.0
0.0
0.0
0.0
3000.0
3000.0
-1578.4004310676619
-2188.960289488271
-2186.528329922733
-2621.567505796621
-3000.0
3000.0
3000.0
3000.0
3000.0
3000.0
-3000.0
-3000.0
-3000.0
-3000.0
-3000.0
3000.0
3000.0
3000.0
3000.0
3000.0
3000.0
3000.0
3000.0
3000.0
-3000.0
-3000.0
-3000.0
-3000.0
3000.0
3000.0
3000.0
3000.0
-3000.0
-2082.0516949834946
3000.0
-1419.505517936158
3000.0
3000.0
3000.0
3000.0
0.0
0.0
0.0
0.0
3000.0
682.0653666575117
184.87934762923123
-261.5489650756813
-1740.3395836309953
-2313.8998622857816
-3000.0
-3000.0
3000.0
3000.0
3000.0
3000.0
3000.0
3000.0
3000.0
3000.0
-3000.0
-3000.0
-3000.0
-3000.0
-3000.0
3000.0
3000.0
3000.0
3000.0
3000.0
3000.0
3000.0
3000.0
-3000.0
-3000.0
-3000.0
-3000.0
-3000.0
3000.0
3000.0
3000.0
3000.0
3000.0
3000.0
-3000.0
-3000.0
-3000.0
-3000.0
3000.0
3000.0
3000.0
3000.0
3000.0
3000.0
3000.0
3000.0
-3000.0
-3000.0
-3000.0
3000.0
3000.0
3000.0
3000.0
3000.0
3000.0
-3000.0
-3000.0
-3000.0
-3000.0
3000.0
3000.0
3000.0
3000.0
3000.0
3000.0
3000.0
3000.0
-805.3475935828887
-1679.2976676902051
-2318.392141351187
-696.2808964332448
-344.69556097815985
846.6980301843166
2432.777932292718
2576.5111546162643
3000.0
0.0
0.0
3000.0
3000.0
3000.0
0.0
0.0
0.0
0.0
0.0
0.0
0.0
0.0
0.0
0.0
3000.0
3000.0
0.0
0.0
0.0
0.0
0.0
0.0
3000.0
3000.0
3000.0
3000.0
0.0
0.0
-939.3939393939395
3000.0
583.6873406966861
2339.786227610441
3000.0
3000.0
3000.0
3000.0
3000.0
0.0
-242.42424242424244
-1279.8634812286691
-2258.034316584304
-3000.0
-3000.0
3000.0
3000.0
3000.0
-3000.0
-3000.0
-3000.0
-3000.0
-3000.0
3000.0
3000.0
3000.0
3000.0
3000.0
3000.0
3000.0
3000.0
3000.0
3000.0
3000.0
3000.0
689.0677251482443
686.4991841649655
422.720052337618
999.4386630998514
3000.0
-1545.2504802683125
3000.0
3000.0
3000.0
3000.0
-3000.0
-3000.0
-3000.0
-2335.803032436862
-2522.5218702402535
-3000.0
-1436.735604717821
502.0384706144214
3000.0
3000.0
3000.0
3000.0
3000.0
3000.0
-2049.2779261585165
3000.0
-3000.0
-3000.0
-3000.0
-3000.0
-3000.0
-3000.0
3000.0
3000.0
3000.0
3000.0
3000.0
3000.0
3000.0
3000.0
3000.0
3000.0
3000.0
3000.0
3000.0
3000.0
3000.0
-331.2524385485717
-3000.0
3000.0
3000.0
3000.0
3000.0
3000.0
3000.0
3000.0
3000.0
-3000.0
-3000.0
-3000.0
-3000.0
3000.0
3000.0
3000.0
3000.0
3000.0
3000.0
3000.0
3000.0
3000.0
3000.0
3000.0
-3000.0
-3000.0
-3000.0
-3000.0
3000.0
3000.0
3000.0
3000.0
3000.0
3000.0
3000.0
-3000.0
-3000.0
-3000.0
-3000.0
-3000.0
-3000.0
-3000.0
3000.0
3000.0
3000.0
3000.0
3000.0
3000.0
3000.0
-3000.0
3000.0
3000.0
3000.0
3000.0
3000.0
3000.0
-3000.0
-3000.0
-3000.0
3000.0
3000.0
3000.0
3000.0
3000.0
3000.0
3000.0
3000.0
3000.0
-3000.0
-3000.0
-3000.0
3000.0
3000.0
3000.0
3000.0
3000.0
3000.0
3000.0
3000.0
3000.0
-3000.0
-3000.0
-3000.0
-3000.0
3000.0
3000.0
3000.0
3000.0
3000.0
3000.0
-1973.0673775163177
-1501.7176041692055
-1037.7901832613802
-157.83415963381503
1809.5250704697182
3000.0
3000.0
3000.0
-3000.0
-3000.0
-3000.0
-3000.0
-3000.0
-3000.0
3000.0
3000.0
3000.0
3000.0
3000.0
3000.0
3000.0
-1303.030303030303
3000.0
3000.0
3000.0
3000.0
0.0
0.0
0.0
3000.0
3000.0
3000.0
3000.0
0.0
0.0
0.0
-1515.1515151515152
3000.0
-742.5742574257424
1680.2093867110839
366.8385531853751
15.197654527607483
1947.9808486951097
2608.604620535283
2371.3405833004626
3000.0
3000.0
3000.0
0.0
0.0
0.0
3000.0
3000.0
0.0
-848.4848484848486
3000.0
3000.0
3000.0
3000.0
3000.0
3000.0
0.0
0.0
0.0
0.0
0.0
0.0
0.0
3000.0
3000.0
3000.0
0.0
0.0
0.0
0.0
0.0
0.0
-636.3636363636364
-1784.0000000000011
-927.4897756162281
153.53472595189714
3000.0
3000.0
-1964.2248722316872
-2018.355461545886
-1904.5084422561595
-2091.3434325006274
-2183.8730039016345
-2238.7809143590057
3000.0
3000.0
3000.0
2893.0146738721296
-1589.3370321871598
3000.0
3000.0
3000.0
3000.0
3000.0
3000.0
-1490.7741858003346
-2543.1343299539158
-3000.0
-3000.0
-3000.0
-3000.0
3000.0
3000.0
3000.0
3000.0
3000.0
3000.0
3000.0
3000.0
3000.0
-2436.802323798869
-2648.873949088512
-3000.0
-2638.9196232734284
-2203.66690010364
3000.0
3000.0
3000.0
3000.0
3000.0
3000.0
-151.51515151515153
1456.395348837209
0.0
0.0
0.0
0.0
0.0
0.0
0.0
3000.0
0.0
0.0
0.0
0.0
0.0
0.0
0.0
0.0
0.0
0.0
3000.0
3000.0
3000.0
3000.0
-2538.6344899947544
-3000.0
-3000.0
-3000.0
3000.0
3000.0
3000.0
3000.0
3000.0
3000.0
-3000.0
-3000.0
-3000.0
-3000.0
-3000.0
3000.0
3000.0
3000.0
3000.0
3000.0
3000.0
3000.0
3000.0
3000.0
3000.0
3000.0
-3000.0
-3000.0
-3000.0
-3000.0
3000.0
3000.0
3000.0
3000.0
-3000.0
-3000.0
-3000.0
3000.0
3000.0
3000.0
3000.0
3000.0
3000.0
3000.0
3000.0
3000.0
2120.8556149732476
-3000.0
3000.0
3000.0
3000.0
3000.0
3000.0
3000.0
3000.0
-3000.0
3000.0
3000.0
3000.0
3000.0
3000.0
3000.0
3000.0
2505.681818181816
2883.484248684231
3000.0
3000.0
3000.0
3000.0
0.0
0.0
0.0
0.0
0.0
0.0
0.0
3000.0
3000.0
3000.0
3000.0
3000.0
3000.0
0.0
0.0
0.0
0.0
0.0
0.0
0.0
0.0
0.0
0.0
0.0
3000.0
3000.0
-140.36648283223667
-677.2106883802221
-2436.5541001719785
-2584.0725935360015
-3000.0
-3000.0
-3000.0
-3000.0
3000.0
3000.0
3000.0
3000.0
3000.0
-3000.0
-3000.0
-3000.0
-3000.0
3000.0
3000.0
3000.0
3000.0
3000.0
-2789.547230103879
3000.0
3000.0
3000.0
3000.0
3000.0
-3000.0
-3000.0
-3000.0
-3000.0
-3000.0
3000.0
3000.0
3000.0
3000.0
3000.0
3000.0
3000.0
3000.0
3000.0
3000.0
3000.0
3000.0
2335.7335733573364
2693.4085426793836
-566.7221218700247
-757.483631735181
-819.761355663441
-593.3665973304314
-1041.705390383388
-1274.2604969172244
483.72952680958474
3000.0
3000.0
3000.0