Demand
-3000.0
3000.0
3000.0
3000.0
3000.0
3000.0
3000.0
3000.0
3000.0
3000.0
3000.0
3000.0
3000.0
3000.0
3000.0
3000.0
-1322.900499452002
2584.190943219331
2337.404626906956
3000.0
3000.0
3000.0
3000.0
3000.0
0.0
0.0
0.0
0.0
3000.0
3000.0
3000.0
1255.5483331785697
0.0
0.0
0.0
0.0
0.0
0.0
3000.0
0.0
-818.1818181818182
83.3333333333403
3000.0
-1039.3120393120394
-264.9616022192922
320.92788733651764
-755.1526254373784
3000.0
3000.0
3000.0
-2913.153885220925
-2895.8856786104734
-3000.0
-2552.525111929007
-3000.0
3000.0
3000.0
3000.0
3000.0
3000.0
3000.0
3000.0
3000.0
428.3705049858286
-268.7540192550773
-1902.4586704209269
-2652.919580535845
-3000.0
3000.0
3000.0
3000.0
3000.0
3000.0
3000.0
-3000.0
-3000.0
-3000.0
-3000.0
-2886.9421487603313
-2830.6056657947056
3000.0
3000.0
3000.0
3000.0
3000.0
3000.0
3000.0
0.0
3000.0
-1212.1212121212122
-1271.1864406779641
3000.0
-798.8736926790025
-912.7977130359773
-913.5470050890845
-565.1113338007185
3000.0
3000.0
3000.0
3000.0
0.0
0.0
0.0
0.0
0.0
3000.0
3000.0
3000.0
0.0
0.0
0.0
0.0
0.0
-818.1818181818182
-1499.9999999999964
3000.0
-2202.7972027972037
-2705.7626445624674
-3000.0
-3000.0
3000.0
3000.0
3000.0
3000.0
3000.0
3000.0
3000.0
3000.0
-3000.0
-3000.0
-766.6516334082039
3000.0
3000.0
3000.0
3000.0
3000.0
-442.7390791027151
-2341.1682292676514
3000.0
3000.0
3000.0
3000.0
-3000.0
-3000.0
-3000.0
-3000.0
3000.0
3000.0
3000.0
3000.0
3000.0
3000.0
3000.0
3000.0
3000.0
3000.0
0.0
0.0
-454.54545454545456
-415.38461538461524
-745.5440775036136
-1050.6013875937942
-2097.549759351028
-2505.494919037411
-3000.0
-3000.0
3000.0
3000.0
3000.0
3000.0
-3000.0
-3000.0
-3000.0
3000.0
3000.0
3000.0
3000.0
3000.0
3000.0
3000.0
3000.0
3000.0
-3000.0
3000.0
3000.0
3000.0
3000.0
3000.0
-3000.0
-3000.0
3000.0
3000.0
3000.0
3000.0
3000.0
3000.0
3000.0
3000.0
3000.0
-3000.0
3000.0
3000.0
3000.0
3000.0
3000.0
-3000.0
-3000.0
3000.0
3000.0
3000.0
-3000.0
-3000.0
-3000.0
3000.0
3000.0
3000.0
3000.0
3000.0
3000.0
3000.0
-3000.0
-3000.0
-3000.0
-3000.0
3000.0
3000.0
3000.0
3000.0
3000.0
3000.0
3000.0
722.319123700549
-773.8678211226766
-1810.0975426232926
1394.6707833375986
1723.6072899164665
3000.0
3000.0
3000.0
3000.0
3000.0
0.0
0.0
0.0
0.0
3000.0
3000.0
3000.0
3000.0
3000.0
3000.0
0.0
0.0
0.0
0.0
0.0
0.0
0.0
0.0
3000.0
3000.0
0.0
0.0
0.0
0.0
0.0
0.0
0.0
3000.0
3000.0
971.4664897146644
1434.2965712943976
3000.0
3000.0
0.0
0.0
0.0
3000.0
3000.0
3000.0
27.579162410623667
-1729.300051994186
-3000.0
-3000.0
-3000.0
3000.0
3000.0
3000.0
3000.0
3000.0
3000.0
3000.0
3000.0
3000.0
-3000.0
-3000.0
-3000.0
-3000.0
3000.0
3000.0
3000.0
3000.0
128.532236437336
3000.0
-1217.5390890550652
-1315.6778687470378
-1579.0356659977733
-1739.6379451881457
-1880.0818720766347
-2290.4760389253934
3000.0
3000.0
3000.0
3000.0
3000.0
3000.0
-3000.0
-2350.015837820716
-2508.2783957654065
-3000.0
-8.527614138924491
3000.0
3000.0
3000.0
3000.0
3000.0
0.0
3000.0
3000.0
-3000.0
3000.0
3000.0
-3000.0
-3000.0
3000.0
3000.0
3000.0
3000.0
3000.0
3000.0
3000.0
-3000.0
-3000.0
-3000.0
-3000.0
3000.0
3000.0
3000.0
3000.0
3000.0
3000.0
-2124.760076775433
-3000.0
-3000.0
-3000.0
-3000.0
3000.0
3000.0
3000.0
3000.0
3000.0
3000.0
3000.0
-3000.0
-3000.0
-3000.0
-3000.0
3000.0
3000.0
3000.0
3000.0
3000.0
-1494.0831116411346
-2405.505940674475
-2049.692835394945
-2917.4497957297817
-3000.0
-3000.0
-3000.0
3000.0
3000.0
3000.0
3000.0
3000.0
3000.0
-3000.0
-3000.0
-3000.0
-3000.0
-3000.0
-3000.0
3000.0
3000.0
3000.0
3000.0
3000.0
3000.0
3000.0
3000.0
3000.0
3000.0
3000.0
3000.0
3000.0
3000.0
-3000.0
-3000.0
3000.0
3000.0
3000.0
3000.0
3000.0
3000.0
3000.0
-3000.0
-3000.0
-3000.0
-3000.0
-3000.0
3000.0
3000.0
3000.0
3000.0
3000.0
3000.0
3000.0
-3000.0
-3000.0
-3000.0
-3000.0
3000.0
3000.0
3000.0
3000.0
3000.0
3000.0
3000.0
-3000.0
-3000.0
-3000.0
-3000.0
3000.0
3000.0
3000.0
3000.0
3000.0
-1648.221343873518
3000.0
-3000.0
-3000.0
3000.0
3000.0
3000.0
3000.0
3000.0
3000.0
-2828.700225394441
-2505.3208041012795
-2169.295785252685
-1638.0126141853234
-244.5267473575418
3000.0
3000.0
3000.0
3000.0
3000.0
3000.0
3000.0
3000.0
0.0
0.0
3000.0
3000.0
3000.0
0.0
0.0
0.0
0.0
-1515.1515151515152
-1105.2631578947364
-632.8456819254361
3000.0
3000.0
-1215.2176182026926
-267.15660858626234
308.7889196124413
611.7824334239601
2091.0220451268906
3000.0
3000.0
0.0
0.0
0.0
0.0
0.0
0.0
3000.0
3000.0
3000.0
3000.0
3000.0
3000.0
0.0
0.0
0.0
3000.0
3000.0
0.0
0.0
0.0
0.0
0.0
0.0
0.0
0.0
0.0
0.0
0.0
0.0
-636.3636363636364
-1157.281863136067
-361.17370534359543
-395.28939152697785
-398.71389765479034
-774.0462263157337
-312.89120400512684
-38.729481580564425
1122.498069942305
953.0121528979364
2456.996322064362
1004.8201515369791
3000.0
3000.0
3000.0
3000.0
3000.0
3000.0
3000.0
3000.0
3000.0
3000.0
3000.0
3000.0
-2534.5672291780083
-3000.0
-3000.0
3000.0
3000.0
3000.0
3000.0
-3000.0
3000.0
3000.0
3000.0
3000.0
3000.0
-3000.0
-2317.932524513878
-2573.952134972239
-3000.0
-2587.387755713422
-2308.4790519969783
3000.0
3000.0
3000.0
3000.0
3000.0
3000.0
3000.0
-787.878787878788
3000.0
3000.0
3000.0
3000.0
3000.0
3000.0
0.0
0.0
0.0
0.0
0.0
3000.0
0.0
0.0
0.0
0.0
0.0
0.0
0.0
0.0
-939.3939393939395
-1836.2068965517237
-2526.9462773639953
-3000.0
3000.0
3000.0
3000.0
3000.0
3000.0
3000.0
3000.0
3000.0
-3000.0
-3000.0
-3000.0
-3000.0
-3000.0
3000.0
3000.0
3000.0
3000.0
3000.0
3000.0
3000.0
3000.0
3000.0
3000.0
3000.0
3000.0
3000.0
-3000.0
-3000.0
3000.0
3000.0
3000.0
3000.0
3000.0
3000.0
3000.0
-3000.0
-3000.0
-3000.0
-2902.8712618215914
-2872.322946291274
-1324.2814949888088
-570.9666359562812
3000.0
3000.0
3000.0
3000.0
3000.0
3000.0
3000.0
-3000.0
-3000.0
-3000.0
-3000.0
3000.0
3000.0
3000.0
3000.0
3000.0
3000.0
3000.0
3000.0
3000.0
3000.0
3000.0
3000.0
3000.0
3000.0
3000.0
0.0
3000.0
3000.0
3000.0
3000.0
0.0
0.0
0.0
0.0
0.0
0.0
0.0
0.0
0.0
0.0
0.0
0.0
3000.0
3000.0
0.0
0.0
0.0
0.0
0.0
-60.60606060606061
3000.0
1224.5096976920586
-1988.6354040289152
-2040.0756742031035
-3000.0
3000.0
3000.0
3000.0
3000.0
3000.0
3000.0
-3000.0
-3000.0
-3000.0
-3000.0
-3000.0
3000.0
3000.0
3000.0
3000.0
3000.0
3000.0
3000.0
3000.0
3000.0
3000.0
-3000.0
-3000.0
-3000.0
3000.0
3000.0
3000.0
3000.0
3000.0
3000.0
3000.0
3000.0
-3000.0
-3000.0
-3000.0
-3000.0
-3000.0
3000.0
3000.0
3000.0
3000.0
3000.0
3000.0
3000.0
3000.0
567.8092399403461
3000.0
-2435.992578849722
-2758.808290155441
-3000.0
-3000.0
-3000.0