Demand
3000.0
3000.0
3000.0
3000.0
3000.0
3000.0
3000.0
3000.0
3000.0
3000.0
3000.0
3000.0
3000.0
3000.0
3000.0
3000.0
3000.0
3000.0
3000.0
3000.0
3000.0
3000.0
3000.0
3000.0
3000.0
3000.0
3000.0
3000.0
3000.0
3000.0
3000.0
2995.826157674732
3000.0
0.0
0.0
0.0
0.0
0.0
3000.0
0.0
3000.0
500.63840653728334
-476.89213293264265
-790.1950592107223
-251.69810691885186
-264.5915406090289
-1829.6380958003083
-2342.2733377511067
3000.0
3000.0
3000.0
3000.0
3000.0
3000.0
3000.0
-3000.0
-3000.0
-1990.866938316708
3000.0
3000.0
2317.315611774773
3000.0
2252.15260135786
1536.7144840424735
357.1020996346249
-349.8951828897207
3000.0
-3000.0
-3000.0
-3000.0
3000.0
3000.0
3000.0
3000.0
3000.0
3000.0
-3000.0
-3000.0
-2874.759681406207
-2826.7842320794334
3000.0
3000.0
3000.0
3000.0
3000.0
3000.0
3000.0
3000.0
3000.0
-1212.1212121212122
3000.0
-836.1638361638361
866.9082885284529
788.2551307335154
1055.148432291772
2142.68158475891
3000.0
3000.0
3000.0
0.0
0.0
3000.0
3000.0
3000.0
3000.0
3000.0
3000.0
0.0
0.0
0.0
0.0
0.0
0.0
3000.0
-1045.1823625476322
-1720.6106908228357
-845.3952339923303
3000.0
3000.0
3000.0
3000.0
3000.0
-3000.0
-3000.0
-3000.0
-3000.0
3000.0
3000.0
3000.0
3000.0
3000.0
3000.0
3000.0
3000.0
3000.0
3000.0
-1753.739930955122
-2760.395350332452
-3000.0
3000.0
3000.0
3000.0
-3000.0
-3000.0
-3000.0
-3000.0
3000.0
3000.0
3000.0
3000.0
2665.609980570607
3000.0
3000.0
3000.0
0.0
0.0
0.0
0.0
-454.54545454545456
3000.0
3000.0
3000.0
3000.0
3000.0
-3000.0
-3000.0
-3000.0
-3000.0
-3000.0
-3000.0
3000.0
3000.0
3000.0
3000.0
3000.0
3000.0
3000.0
3000.0
-3000.0
3000.0
3000.0
3000.0
3000.0
3000.0
-3000.0
-3000.0
-3000.0
-3000.0
3000.0
3000.0
3000.0
3000.0
3000.0
3000.0
3000.0
3000.0
-3000.0
-3000.0
-3000.0
3000.0
3000.0
3000.0
3000.0
3000.0
3000.0
3000.0
3000.0
3000.0
3000.0
3000.0
3000.0
3000.0
3000.0
-3000.0
-3000.0
-3000.0
-3000.0
3000.0
3000.0
3000.0
3000.0
3000.0
3000.0
3000.0
3000.0
3000.0
3000.0
3000.0
2749.2253938954445
3000.0
-1848.4848484848487
-568.480300187618
-1482.8056731564284
-2102.1578386539777
2276.119220274949
1796.9115262215564
3000.0
-1454.5454545454545
2108.9184543892025
3000.0
3000.0
0.0
0.0
0.0
0.0
0.0
0.0
0.0
0.0
0.0
3000.0
3000.0
3000.0
3000.0
3000.0
0.0
0.0
0.0
0.0
0.0
0.0
0.0
0.0
0.0
0.0
3000.0
3000.0
0.0
0.0
-939.3939393939395
-792.3784494086731
-556.0331733084245
749.2592865981451
3000.0
0.0
0.0
0.0
0.0
0.0
3000.0
-946.8267581475147
-1854.4490886370534
3000.0
3000.0
-3000.0
-3000.0
-3000.0
-3000.0
-3000.0
3000.0
3000.0
3000.0
3000.0
3000.0
3000.0
3000.0
3000.0
3000.0
3000.0
3000.0
3000.0
-1432.391138273493
-1485.0400154348463
2381.8879412223096
-695.9939947411058
-788.1308328023852
-1092.2988518743136
-1235.9552162206128
-1293.8933528287043
-1479.394228288131
3000.0
3000.0
3000.0
3000.0
3000.0
3000.0
3000.0
-2436.950146627566
-2582.156611039796
-3000.0
-756.9064289713547
3000.0
3000.0
3000.0
3000.0
3000.0
3000.0
-1333.3333333333335
-2165.77540106952
-3000.0
-3000.0
-3000.0
3000.0
3000.0
3000.0
3000.0
3000.0
-3000.0
-3000.0
-3000.0
-3000.0
-3000.0
-3000.0
3000.0
3000.0
3000.0
3000.0
3000.0
3000.0
3000.0
3000.0
3000.0
-3000.0
-3000.0
-3000.0
3000.0
3000.0
3000.0
3000.0
3000.0
-3000.0
-3000.0
-3000.0
-3000.0
-3000.0
3000.0
3000.0
3000.0
3000.0
3000.0
3000.0
3000.0
3000.0
3000.0
3000.0
3000.0
3000.0
3000.0
3000.0
3000.0
3000.0
3000.0
3000.0
3000.0
3000.0
3000.0
-3000.0
-3000.0
-3000.0
-3000.0
3000.0
3000.0
3000.0
3000.0
3000.0
3000.0
3000.0
3000.0
3000.0
-3000.0
-3000.0
-3000.0
-3000.0
3000.0
3000.0
3000.0
3000.0
3000.0
-3000.0
-3000.0
-3000.0
-3000.0
-3000.0
3000.0
3000.0
3000.0
3000.0
3000.0
3000.0
3000.0
3000.0
3000.0
3000.0
-3000.0
-3000.0
-3000.0
-3000.0
-3000.0
-3000.0
-3000.0
3000.0
3000.0
3000.0
3000.0
3000.0
3000.0
3000.0
-3000.0
-3000.0
-3000.0
-3000.0
-444.5828144458337
3000.0
3000.0
3000.0
1608.551830056188
-216.14149921437956
3000.0
3000.0
3000.0
3000.0
-3000.0
-3000.0
-3000.0
3000.0
3000.0
3000.0
3000.0
-2519.7936814958093
-2326.502736056448
-1919.8494882108062
1498.780285318971
1215.9892941513626
2075.7138610152806
3000.0
3000.0
3000.0
0.0
0.0
0.0
0.0
0.0
0.0
3000.0
3000.0
3000.0
3000.0
3000.0
3000.0
2702.741702741695
1420.3635317250967
3000.0
2735.9703041728562
1048.8125368960937
3000.0
3000.0
221.8643156316134
3000.0
2304.161185349304
0.0
0.0
0.0
0.0
0.0
0.0
0.0
-848.4848484848486
915.7894736842106
0.0
0.0
0.0
0.0
0.0
0.0
0.0
3000.0
3000.0
3000.0
0.0
0.0
0.0
0.0
0.0
0.0
0.0
0.0
3000.0
3000.0
3000.0
3000.0
-2424.2424242424245
3000.0
-2303.030303030303
93.02325581395212
3000.0
3000.0
3000.0
3000.0
-1141.6927899686534
-1219.4649367236325
-1164.354736781348
3000.0
3000.0
3000.0
3000.0
3000.0
3000.0
3000.0
3000.0
3000.0
3000.0
-2000.0000000000002
-1834.09090909091
-2657.0877214497195
-3000.0
-3000.0
-3000.0
-3000.0
-3000.0
3000.0
3000.0
3000.0
3000.0
3000.0
3000.0
3000.0
3000.0
-2032.987747408106
-2330.6179661177184
-3000.0
-1060.9760903071146
3000.0
3000.0
3000.0
3000.0
3000.0
3000.0
3000.0
3000.0
3000.0
3000.0
3000.0
3000.0
3000.0
0.0
0.0
0.0
0.0
3000.0
3000.0
3000.0
3000.0
0.0
0.0
0.0
0.0
0.0
0.0
0.0
0.0
-939.3939393939395
3000.0
53.57142857143299
3000.0
3000.0
3000.0
3000.0
-3000.0
3000.0
3000.0
3000.0
3000.0
3000.0
3000.0
3000.0
-3000.0
-3000.0
-3000.0
-3000.0
-3000.0
-3000.0
-3000.0
3000.0
3000.0
3000.0
3000.0
3000.0
3000.0
3000.0
3000.0
-3000.0
-3000.0
-3000.0
3000.0
3000.0
3000.0
3000.0
3000.0
3000.0
3000.0
3000.0
3000.0
3000.0
3000.0
-2371.3716780271125
-2529.3704793687466
3000.0
3000.0
-1076.253847692074
-3000.0
3000.0
3000.0
3000.0
3000.0
-3000.0
-3000.0
-3000.0
-3000.0
-3000.0
-3000.0
3000.0
3000.0
3000.0
3000.0
3000.0
3000.0
3000.0
3000.0
3000.0
3000.0
3000.0
3000.0
0.0
3000.0
3000.0
3000.0
3000.0
0.0
0.0
0.0
0.0
0.0
0.0
0.0
3000.0
3000.0
3000.0
3000.0
3000.0
3000.0
0.0
0.0
0.0
0.0
0.0
0.0
-60.60606060606061
3000.0
3000.0
3000.0
-2818.1818181818185
-3000.0
-3000.0
-3000.0
-3000.0
-3000.0
-3000.0
3000.0
3000.0
3000.0
3000.0
3000.0
3000.0
3000.0
3000.0
3000.0
3000.0
3000.0
3000.0
3000.0
3000.0
3000.0
3000.0
-3000.0
-3000.0
-3000.0
-3000.0
-3000.0
3000.0
3000.0
3000.0
3000.0
3000.0
3000.0
3000.0
3000.0
-3000.0
-3000.0
-3000.0
1641.9403381428676
1420.0866462674257
2883.9388497734776
1763.1022889036365
2006.863515462408
-929.5804694197373
-934.7983906687546
-535.4771342848449
2726.0437587017964
-597.8646845004605
3000.0
-2724.859211584876
-3000.0
-3000.0
-3000.0