Demand
3000.0
3000.0
3000.0
3000.0
3000.0
3000.0
3000.0
3000.0
3000.0
3000.0
3000.0
3000.0
3000.0
3000.0
3000.0
3000.0
-1585.8668556430566
3000.0
1819.1735356260779
3000.0
0.0
0.0
3000.0
3000.0
3000.0
3000.0
3000.0
0.0
0.0
0.0
0.0
-969.6969696969697
3000.0
0.0
0.0
0.0
0.0
0.0
0.0
3000.0
1632.2720218219447
-726.1939769603291
-1359.6315221012273
-1595.0357903663123
-1315.7941430245728
-1362.830357190669
-2317.271529846954
-2690.142260768728
-3000.0
3000.0
3000.0
3000.0
3000.0
-2790.5103455498156
-3000.0
-3000.0
-3000.0
3000.0
3000.0
3000.0
3000.0
3000.0
3000.0
3000.0
3000.0
-86.75534858599349
3000.0
3000.0
3000.0
-3000.0
-3000.0
-3000.0
-3000.0
3000.0
3000.0
3000.0
3000.0
3000.0
3000.0
3000.0
3000.0
3000.0
3000.0
3000.0
3000.0
3000.0
0.0
0.0
0.0
-1212.1212121212122
-1906.5849923430324
-1607.1592287566616
-522.4632995511392
-307.06406426047397
642.0566428145414
3000.0
3000.0
0.0
3000.0
3000.0
3000.0
3000.0
0.0
0.0
0.0
0.0
0.0
0.0
0.0
0.0
0.0
0.0
0.0
3000.0
2829.545454545516
-2727.2727272727275
3000.0
3000.0
3000.0
3000.0
3000.0
3000.0
-3000.0
-3000.0
-3000.0
-3000.0
3000.0
3000.0
3000.0
3000.0
3000.0
3000.0
3000.0
3000.0
3000.0
3000.0
-1364.8716658278825
-2671.8622114294903
-3000.0
3000.0
3000.0
3000.0
3000.0
-3000.0
-3000.0
-3000.0
3000.0
3000.0
3000.0
3000.0
3000.0
3000.0
3000.0
3000.0
3000.0
3000.0
0.0
0.0
-454.54545454545456
-410.9589041095892
-736.5559562900362
-1031.6560004960102
-2077.0821056708055
-2469.8767039672584
-3000.0
3000.0
3000.0
3000.0
3000.0
-3000.0
-3000.0
-3000.0
3000.0
3000.0
3000.0
3000.0
3000.0
3000.0
3000.0
-3000.0
-3000.0
-3000.0
-3000.0
-3000.0
-3000.0
-3000.0
3000.0
3000.0
3000.0
3000.0
3000.0
3000.0
3000.0
3000.0
-3000.0
-3000.0
-3000.0
-3000.0
3000.0
3000.0
3000.0
3000.0
3000.0
3000.0
3000.0
3000.0
3000.0
-3000.0
-3000.0
3000.0
3000.0
3000.0
3000.0
-3000.0
-3000.0
-3000.0
-3000.0
3000.0
3000.0
3000.0
3000.0
3000.0
3000.0
3000.0
3000.0
2626.4359665295706
2335.102287663606
3000.0
3000.0
3000.0
-1848.4848484848487
-568.480300187618
-1482.8056731564284
-2102.1578386539777
2276.119220274949
1796.9115262215564
3000.0
-1454.5454545454545
1147.4182851729036
3000.0
0.0
0.0
0.0
0.0
0.0
0.0
0.0
0.0
0.0
0.0
0.0
3000.0
0.0
0.0
0.0
3000.0
0.0
0.0
0.0
0.0
0.0
0.0
0.0
0.0
3000.0
3000.0
3000.0
3000.0
3000.0
-939.3939393939395
-792.3784494086731
-556.0331733084245
749.2592865981451
3000.0
0.0
0.0
0.0
0.0
0.0
3000.0
-129.75451847855538
-1767.7214986863619
-3000.0
-3000.0
3000.0
3000.0
3000.0
3000.0
3000.0
3000.0
3000.0
-3000.0
-3000.0
-3000.0
3000.0
3000.0
3000.0
3000.0
3000.0
3000.0
3000.0
3000.0
3000.0
1633.2372954085681
-964.2909542636477
-1066.3708724032567
-1359.0534620206065
-1531.9383978377755
-1682.6691339648123
-2164.4545022750763
3000.0
3000.0
3000.0
3000.0
3000.0
3000.0
3000.0
-2042.1286031042137
-2156.7400805553207
-3000.0
3000.0
3000.0
3000.0
3000.0
3000.0
3000.0
3000.0
399.60238568588466
-2606.060606060606
-3000.0
-3000.0
3000.0
3000.0
3000.0
-3000.0
3000.0
3000.0
3000.0
3000.0
3000.0
3000.0
-3000.0
-3000.0
-3000.0
-3000.0
3000.0
3000.0
3000.0
3000.0
3000.0
3000.0
-1025.974025974021
3000.0
-3000.0
-3000.0
3000.0
3000.0
3000.0
3000.0
3000.0
3000.0
3000.0
3000.0
3000.0
-3000.0
-3000.0
-3000.0
-3000.0
-3000.0
3000.0
3000.0
3000.0
3000.0
3000.0
3000.0
3000.0
3000.0
3000.0
-3000.0
-3000.0
-3000.0
3000.0
3000.0
3000.0
3000.0
3000.0
3000.0
3000.0
-3000.0
-3000.0
-3000.0
3000.0
3000.0
3000.0
3000.0
3000.0
3000.0
3000.0
3000.0
-3000.0
-3000.0
-3000.0
-3000.0
3000.0
3000.0
3000.0
3000.0
-3000.0
-3000.0
-3000.0
-3000.0
-3000.0
3000.0
3000.0
3000.0
3000.0
3000.0
3000.0
3000.0
3000.0
3000.0
3000.0
-3000.0
3000.0
3000.0
3000.0
3000.0
3000.0
3000.0
3000.0
3000.0
3000.0
3000.0
-3000.0
-3000.0
-3000.0
-3000.0
-3000.0
3000.0
3000.0
3000.0
3000.0
3000.0
3000.0
3000.0
3000.0
3000.0
3000.0
3000.0
3000.0
3000.0
3000.0
3000.0
-3000.0
-3000.0
-3000.0
-2772.227772227773
-2153.959545173743
-411.82859899679625
3000.0
3000.0
3000.0
3000.0
3000.0
3000.0
0.0
3000.0
3000.0
0.0
0.0
0.0
0.0
3000.0
3000.0
3000.0
3000.0
0.0
0.0
-1515.1515151515152
1252.5107604017194
842.484522777916
3000.0
2294.6304340611096
1191.900472716045
3000.0
3000.0
2224.711974508073
2840.18452362341
-454.54545454545456
3000.0
3000.0
3000.0
3000.0
3000.0
0.0
0.0
-848.4848484848486
879.4901506373117
0.0
0.0
0.0
0.0
0.0
0.0
0.0
0.0
0.0
3000.0
3000.0
0.0
0.0
0.0
0.0
0.0
0.0
0.0
0.0
0.0
3000.0
3000.0
-1385.9910581222084
3000.0
3000.0
-1693.3106919764696
-1922.8050278010405
-1779.3143625715302
-1716.8811251362931
-1228.863219837881
-540.564019760991
3000.0
3000.0
3000.0
3000.0
-1811.3391984359741
-954.6920214964883
197.7638088681856
3000.0
3000.0
3000.0
3000.0
3000.0
3000.0
3000.0
3000.0
3000.0
3000.0
3000.0
-3000.0
-3000.0
-3000.0
-3000.0
3000.0
3000.0
3000.0
3000.0
3000.0
3000.0
-1671.3286713286732
-1929.70630717381
-3000.0
3000.0
3000.0
3000.0
3000.0
3000.0
3000.0
3000.0
3000.0
3000.0
1663.4582748880073
3000.0
0.0
0.0
0.0
0.0
0.0
0.0
0.0
0.0
0.0
0.0
0.0
3000.0
0.0
0.0
0.0
0.0
0.0
0.0
0.0
-939.3939393939395
-1781.954887218046
-2334.5378735232816
3000.0
3000.0
-3000.0
-3000.0
-3000.0
-3000.0
-3000.0
-3000.0
3000.0
3000.0
3000.0
3000.0
3000.0
3000.0
3000.0
3000.0
3000.0
3000.0
3000.0
-2710.9502931699335
-3000.0
-3000.0
-3000.0
-3000.0
-3000.0
3000.0
3000.0
3000.0
3000.0
3000.0
3000.0
3000.0
3000.0
3000.0
3000.0
3000.0
-3000.0
-3000.0
-3000.0
3000.0
3000.0
3000.0
3000.0
3000.0
3000.0
3000.0
3000.0
-3000.0
-3000.0
-3000.0
-3000.0
-3000.0
3000.0
3000.0
3000.0
3000.0
3000.0
3000.0
3000.0
3000.0
3000.0
1684.931506849315
1532.8201245072514
1997.92959294287
2256.142924629341
2535.601215448398
3000.0
0.0
0.0
0.0
0.0
0.0
0.0
3000.0
3000.0
3000.0
3000.0
0.0
3000.0
0.0
0.0
0.0
0.0
0.0
0.0
0.0
0.0
0.0
0.0
0.0
3000.0
0.0
0.0
-60.60606060606061
-145.74898785425103
-679.232583163534
-2433.647333002533
-2568.0976687894627
-3000.0
-3000.0
-3000.0
3000.0
3000.0
3000.0
3000.0
-3000.0
-3000.0
-3000.0
-3000.0
3000.0
3000.0
3000.0
3000.0
3000.0
3000.0
3000.0
3000.0
3000.0
3000.0
3000.0
-3000.0
-3000.0
3000.0
3000.0
3000.0
3000.0
3000.0
3000.0
3000.0
3000.0
-3000.0
-3000.0
3000.0
3000.0
3000.0
3000.0
3000.0
3000.0
3000.0
1195.3997809419488
1634.9333857910333
-937.4802747162471
-1138.1491950728941
-1251.0681132676727
-1173.743026192855
-1630.9363853705936
-2038.5129235931718
-2459.483613828551
-3000.0
3000.0
3000.0