Demand
3000.0
3000.0
3000.0
3000.0
3000.0
3000.0
3000.0
3000.0
3000.0
3000.0
3000.0
3000.0
3000.0
3000.0
3000.0
3000.0
3000.0
3000.0
3000.0
3000.0
3000.0
3000.0
3000.0
3000.0
3000.0
3000.0
3000.0
3000.0
3000.0
3000.0
3000.0
-969.6969696969697
3000.0
0.0
0.0
0.0
3000.0
3000.0
3000.0
0.0
-818.1818181818182
-650.7936507936502
-1253.1726564999462
-1353.8509259170642
-452.1827521169871
1941.3217543231385
80.62018747078514
3000.0
-3000.0
-3000.0
3000.0
3000.0
-3000.0
3000.0
3000.0
3000.0
3000.0
3000.0
3000.0
3000.0
-2060.606060606061
3000.0
-1757.5757575757575
87.86610878661145
-312.7982900477218
-855.6902160749237
3000.0
-3000.0
-3000.0
-3000.0
-3000.0
3000.0
3000.0
3000.0
3000.0
3000.0
3000.0
3000.0
-2897.6069801757894
-2875.349060725778
3000.0
3000.0
3000.0
3000.0
3000.0
3000.0
3000.0
3000.0
0.0
-1212.1212121212122
-1708.8607594936711
3000.0
-2151.5151515151515
-1331.7369093231164
-1368.997360180585
-1153.6578392687145
1673.7435595535262
3000.0
3000.0
0.0
0.0
0.0
0.0
0.0
0.0
3000.0
0.0
0.0
0.0
0.0
0.0
0.0
0.0
-818.1818181818182
-1846.1538461538464
-2298.8764044943828
-2054.1534796267542
3000.0
3000.0
3000.0
-3000.0
-3000.0
-3000.0
-3000.0
-3000.0
-3000.0
3000.0
3000.0
3000.0
3000.0
3000.0
3000.0
3000.0
3000.0
3000.0
3000.0
-598.6696230598718
-2240.91885161593
3000.0
3000.0
3000.0
-3000.0
-3000.0
-3000.0
-3000.0
-3000.0
3000.0
3000.0
3000.0
3000.0
3000.0
3000.0
3000.0
3000.0
3000.0
3000.0
3000.0
3000.0
3000.0
1213.6759658540896
605.9836727989541
129.7448803271077
-1505.6775251379631
-2003.2101358029902
-3000.0
3000.0
3000.0
3000.0
3000.0
3000.0
-3000.0
-3000.0
-3000.0
-3000.0
-3000.0
-3000.0
3000.0
3000.0
3000.0
3000.0
3000.0
3000.0
3000.0
3000.0
3000.0
3000.0
-3000.0
-3000.0
-3000.0
-3000.0
-3000.0
-3000.0
-3000.0
3000.0
3000.0
3000.0
3000.0
3000.0
3000.0
3000.0
3000.0
-3000.0
-3000.0
-3000.0
-3000.0
3000.0
3000.0
3000.0
3000.0
3000.0
3000.0
3000.0
3000.0
3000.0
3000.0
-3000.0
-3000.0
3000.0
3000.0
3000.0
3000.0
3000.0
3000.0
-3000.0
-3000.0
3000.0
3000.0
3000.0
-424.2424242424243
3000.0
125.54112554112476
44.158446362514724
-1155.1125897851507
-2010.7168520608373
658.3814412190054
1155.3614054041366
2644.736866947079
3000.0
3000.0
3000.0
0.0
0.0
0.0
3000.0
0.0
0.0
0.0
0.0
0.0
0.0
0.0
0.0
0.0
0.0
0.0
0.0
0.0
0.0
3000.0
3000.0
3000.0
3000.0
0.0
0.0
0.0
0.0
0.0
0.0
0.0
-939.3939393939395
3000.0
-327.84288881849807
1017.4560807291032
3000.0
3000.0
0.0
0.0
0.0
0.0
-242.42424242424244
-1256.0553633217996
-2111.4113344669386
3000.0
3000.0
-3000.0
3000.0
3000.0
3000.0
3000.0
3000.0
-3000.0
-3000.0
-3000.0
-3000.0
-3000.0
3000.0
3000.0
3000.0
3000.0
3000.0
3000.0
3000.0
3000.0
3000.0
3000.0
3000.0
48.128342245976
3000.0
3000.0
-2826.4941754961083
-3000.0
-3000.0
-3000.0
-3000.0
3000.0
3000.0
3000.0
3000.0
3000.0
3000.0
3000.0
3000.0
3000.0
3000.0
3000.0
0.0
0.0
3000.0
-1442.459274829217
3000.0
3000.0
-3000.0
-3000.0
-3000.0
-3000.0
-3000.0
-3000.0
-3000.0
3000.0
3000.0
3000.0
3000.0
3000.0
3000.0
3000.0
3000.0
-1642.1439831844455
-682.8542335709258
170.94022440049048
-100.06162905580095
-342.47895809183365
-1725.0626268572905
-3000.0
-3000.0
-3000.0
3000.0
3000.0
3000.0
3000.0
3000.0
3000.0
3000.0
3000.0
-3000.0
-3000.0
-3000.0
-3000.0
-3000.0
3000.0
3000.0
3000.0
3000.0
3000.0
3000.0
3000.0
3000.0
3000.0
3000.0
3000.0
-3000.0
-3000.0
-3000.0
-3000.0
-3000.0
3000.0
3000.0
3000.0
3000.0
3000.0
3000.0
3000.0
3000.0
3000.0
-3000.0
-3000.0
-3000.0
-3000.0
-3000.0
-3000.0
3000.0
3000.0
3000.0
3000.0
3000.0
3000.0
3000.0
3000.0
3000.0
3000.0
-3000.0
-3000.0
-3000.0
-3000.0
-3000.0
3000.0
3000.0
3000.0
3000.0
3000.0
3000.0
3000.0
3000.0
3000.0
3000.0
3000.0
3000.0
3000.0
3000.0
3000.0
3000.0
3000.0
-3000.0
-3000.0
-3000.0
-3000.0
-3000.0
3000.0
3000.0
3000.0
3000.0
3000.0
3000.0
3000.0
3000.0
3000.0
3000.0
3000.0
3000.0
-3000.0
-3000.0
-3000.0
-3000.0
-3000.0
3000.0
3000.0
3000.0
3000.0
3000.0
3000.0
3000.0
3000.0
3000.0
3000.0
3000.0
3000.0
3000.0
3000.0
3000.0
0.0
0.0
0.0
0.0
3000.0
3000.0
3000.0
3000.0
0.0
0.0
-1515.1515151515152
-1196.5317919075142
-1091.699164345402
3000.0
-516.8433359298042
3000.0
-461.9666048237482
35.27200445786161
297.32880262087974
1650.8295582980218
2956.2483169641037
3000.0
0.0
0.0
0.0
0.0
0.0
0.0
-848.4848484848486
1376.4705882352932
0.0
0.0
3000.0
3000.0
0.0
0.0
0.0
0.0
0.0
0.0
0.0
0.0
0.0
0.0
3000.0
3000.0
0.0
0.0
0.0
0.0
0.0
-636.3636363636364
-1266.559960600839
-479.5242491364188
-467.15726184095865
-401.58181724613587
-681.521565189279
57.71450170002686
816.3834888496804
3000.0
657.9467670221097
3000.0
3000.0
3000.0
3000.0
-2757.5757575757575
-2288.4635389576624
-2699.0597192783725
-2279.2309608590613
3000.0
3000.0
-600.46398242746
3000.0
1445.9846189449572
-521.2629459403424
-2046.5715445343328
-3000.0
3000.0
3000.0
3000.0
3000.0
3000.0
3000.0
3000.0
-3000.0
-3000.0
-3000.0
-3000.0
-3000.0
448.2831785337512
1230.3387101315134
3000.0
3000.0
3000.0
3000.0
3000.0
3000.0
3000.0
3000.0
3000.0
3000.0
3000.0
3000.0
3000.0
3000.0
0.0
0.0
0.0
0.0
0.0
0.0
0.0
0.0
0.0
0.0
0.0
0.0
0.0
0.0
3000.0
3000.0
3000.0
-939.3939393939395
-1816.4383561643845
-2475.874539628512
-3000.0
3000.0
3000.0
3000.0
3000.0
3000.0
3000.0
3000.0
3000.0
3000.0
3000.0
3000.0
3000.0
3000.0
-3000.0
3000.0
3000.0
3000.0
3000.0
3000.0
3000.0
3000.0
3000.0
3000.0
3000.0
3000.0
3000.0
3000.0
3000.0
3000.0
3000.0
3000.0
3000.0
3000.0
-3000.0
-3000.0
-3000.0
-3000.0
3000.0
3000.0
3000.0
3000.0
3000.0
3000.0
3000.0
3000.0
3000.0
3000.0
3000.0
3000.0
-3000.0
-3000.0
-3000.0
-3000.0
-3000.0
-3000.0
-3000.0
-3000.0
3000.0
3000.0
3000.0
3000.0
3000.0
3000.0
3000.0
3000.0
3000.0
3000.0
3000.0
3000.0
3000.0
3000.0
3000.0
3000.0
0.0
0.0
0.0
0.0
0.0
0.0
3000.0
3000.0
3000.0
3000.0
3000.0
0.0
0.0
0.0
0.0
0.0
0.0
0.0
0.0
-60.60606060606061
-92.78350515463626
3000.0
-2449.1768074445245
-2559.242348211128
-3000.0
-3000.0
3000.0
3000.0
3000.0
-3000.0
-3000.0
-3000.0
-3000.0
3000.0
3000.0
3000.0
3000.0
3000.0
3000.0
-2299.0868121546036
-447.36420167750293
-2233.03149484419
-2835.4302672434733
-3000.0
-3000.0
3000.0
3000.0
3000.0
3000.0
3000.0
3000.0
3000.0
3000.0
3000.0
3000.0
-3000.0
-3000.0
-3000.0
-3000.0
-3000.0
3000.0
3000.0
3000.0
3000.0
3000.0
3000.0
3000.0
3000.0
3000.0
3000.0
-1544.9335764522011
-1972.0737103457686
-2358.7563785396396
-2725.539615234992
-3000.0
-3000.0
-3000.0