Demand
-3000.0
-3000.0
-3000.0
3000.0
3000.0
3000.0
3000.0
3000.0
3000.0
-3000.0
3000.0
3000.0
3000.0
3000.0
3000.0
3000.0
-2147.564036047146
-175.03640222702143
219.3001410566294
3000.0
0.0
0.0
3000.0
3000.0
3000.0
3000.0
3000.0
0.0
0.0
3000.0
3000.0
2004.4226044226034
3000.0
0.0
0.0
0.0
0.0
0.0
0.0
0.0
3000.0
-4.261363636364877
-467.02185190377895
3000.0
-2303.030303030303
3000.0
3000.0
3000.0
3000.0
3000.0
-2914.993040365878
-2902.726221749087
-3000.0
-2694.106520129568
-3000.0
-3000.0
3000.0
3000.0
3000.0
3000.0
3000.0
3000.0
3000.0
3000.0
3000.0
3000.0
-2621.353470717443
-3000.0
3000.0
3000.0
3000.0
3000.0
-3000.0
-3000.0
-3000.0
3000.0
3000.0
3000.0
3000.0
3000.0
3000.0
3000.0
3000.0
3000.0
3000.0
3000.0
3000.0
3000.0
0.0
-1212.1212121212122
-1271.1864406779641
3000.0
-533.8655678599025
-680.1335981622515
-711.0927861532991
-387.02066659261845
3000.0
3000.0
3000.0
3000.0
3000.0
3000.0
0.0
0.0
0.0
0.0
0.0
0.0
3000.0
3000.0
3000.0
3000.0
3000.0
-818.1818181818182
-1864.864864864865
-2358.999037536093
-2360.9494294636606
-2683.5884446456166
3000.0
3000.0
3000.0
3000.0
-3000.0
-3000.0
-3000.0
-3000.0
-3000.0
-3000.0
3000.0
3000.0
3000.0
3000.0
3000.0
3000.0
3000.0
0.0
-2424.2424242424245
3000.0
-3000.0
-3000.0
-3000.0
3000.0
3000.0
3000.0
3000.0
3000.0
-3000.0
-1816.7113571490374
3000.0
-864.399177898671
3000.0
3000.0
3000.0
3000.0
3000.0
3000.0
0.0
0.0
-454.54545454545456
3000.0
3000.0
3000.0
-826.979472140757
3000.0
3000.0
-3000.0
-3000.0
-3000.0
-3000.0
-3000.0
-3000.0
-3000.0
3000.0
3000.0
3000.0
3000.0
3000.0
3000.0
3000.0
-3000.0
3000.0
3000.0
3000.0
3000.0
3000.0
3000.0
-3000.0
-3000.0
-3000.0
-3000.0
-3000.0
-3000.0
3000.0
3000.0
3000.0
3000.0
3000.0
3000.0
3000.0
-3000.0
-3000.0
-3000.0
-3000.0
3000.0
3000.0
3000.0
3000.0
3000.0
3000.0
3000.0
3000.0
3000.0
-3000.0
-3000.0
-3000.0
-3000.0
-3000.0
3000.0
3000.0
3000.0
3000.0
3000.0
3000.0
3000.0
3000.0
770.2834799608991
776.3721956663178
1652.2586673975447
-424.2424242424243
3000.0
-1848.4848484848487
-636.1149110807119
-1556.4842034089563
-2218.4858136437706
16.2858909519598
790.0395615925256
2844.009179420018
2469.4015470326694
1068.4219025457273
0.0
3000.0
3000.0
0.0
0.0
0.0
0.0
0.0
0.0
0.0
0.0
0.0
0.0
0.0
3000.0
3000.0
3000.0
3000.0
3000.0
3000.0
0.0
3000.0
3000.0
3000.0
3000.0
0.0
0.0
0.0
0.0
0.0
-939.3939393939395
1445.9076175040518
1740.6126920390552
3000.0
3000.0
3000.0
3000.0
3000.0
0.0
0.0
-242.42424242424244
-1153.8461538461559
3000.0
-3000.0
-3000.0
-3000.0
-3000.0
3000.0
3000.0
3000.0
3000.0
3000.0
3000.0
3000.0
3000.0
3000.0
-3000.0
-3000.0
-3000.0
3000.0
3000.0
3000.0
749.6573777980836
1303.2856852516811
3000.0
3000.0
1791.9412145720057
1477.4460748236136
3000.0
1175.79946227481
3000.0
-3000.0
-3000.0
3000.0
3000.0
3000.0
3000.0
3000.0
-2476.442366834789
-2646.3559255865903
-3000.0
-2173.247712466039
-1685.5480331460412
3000.0
3000.0
3000.0
3000.0
3000.0
357.6362390559375
-2606.060606060606
-3000.0
3000.0
3000.0
-3000.0
3000.0
3000.0
3000.0
3000.0
-3000.0
-3000.0
-3000.0
-3000.0
-3000.0
3000.0
3000.0
3000.0
3000.0
3000.0
3000.0
-779.917822290704
-979.9934686720295
-1169.6929587033237
-2138.7634706184617
-3000.0
-3000.0
-3000.0
-3000.0
3000.0
3000.0
3000.0
3000.0
3000.0
3000.0
-3000.0
-3000.0
-3000.0
-3000.0
-3000.0
-3000.0
3000.0
3000.0
3000.0
3000.0
3000.0
3000.0
2207.4824883318233
-2542.5437519457364
3000.0
3000.0
3000.0
3000.0
3000.0
3000.0
-3000.0
-3000.0
-3000.0
-3000.0
-3000.0
-3000.0
-3000.0
3000.0
3000.0
3000.0
3000.0
3000.0
3000.0
3000.0
3000.0
3000.0
3000.0
-3000.0
-3000.0
-3000.0
-3000.0
-3000.0
-3000.0
3000.0
3000.0
3000.0
3000.0
3000.0
3000.0
3000.0
3000.0
3000.0
-3000.0
-3000.0
-3000.0
3000.0
3000.0
3000.0
3000.0
3000.0
3000.0
3000.0
-3000.0
-3000.0
-3000.0
-3000.0
-3000.0
-3000.0
3000.0
3000.0
3000.0
3000.0
3000.0
3000.0
3000.0
3000.0
-3000.0
-3000.0
-3000.0
-1825.6502704094783
-964.1245440667341
157.47738011167667
1004.5463759158043
1406.6485051778884
-725.8140096560646
3000.0
3000.0
3000.0
3000.0
3000.0
3000.0
3000.0
-3000.0
-3000.0
3000.0
3000.0
3000.0
3000.0
3000.0
3000.0
3000.0
3000.0
3000.0
3000.0
3000.0
3000.0
0.0
0.0
0.0
3000.0
3000.0
0.0
0.0
0.0
3000.0
3000.0
304.6736343916384
-1246.5340029361241
-1425.7556962405313
197.35377075167298
-599.8411561489074
-817.7988096212512
648.8728735827019
1539.0524245013896
1708.350233553252
3000.0
2397.438182910685
0.0
0.0
3000.0
3000.0
3000.0
3000.0
0.0
-848.4848484848486
895.2879581151831
0.0
0.0
0.0
0.0
0.0
0.0
0.0
0.0
3000.0
3000.0
3000.0
3000.0
0.0
0.0
0.0
0.0
0.0
0.0
0.0
0.0
0.0
3000.0
3000.0
3000.0
3000.0
3000.0
-38.96103896101977
3000.0
-1451.9883608147445
-1133.246719860741
-1277.9622687107533
-1051.1483574031013
1338.6941107057824
3000.0
3000.0
3000.0
3000.0
3000.0
3000.0
3000.0
2822.353811991117
-1531.487176697473
3000.0
-472.7026908885664
-1523.8910140228327
-2503.95308254314
-3000.0
3000.0
3000.0
3000.0
3000.0
3000.0
-3000.0
-3000.0
-3000.0
-3000.0
3000.0
3000.0
3000.0
3000.0
3000.0
3000.0
3000.0
3000.0
3000.0
3000.0
3000.0
3000.0
3000.0
3000.0
3000.0
3000.0
3000.0
3000.0
3000.0
0.0
0.0
3000.0
0.0
0.0
0.0
0.0
0.0
3000.0
3000.0
3000.0
3000.0
0.0
0.0
0.0
0.0
0.0
3000.0
123.96694214876175
-1531.520395550062
3000.0
3000.0
3000.0
3000.0
3000.0
3000.0
-3000.0
-3000.0
-3000.0
-3000.0
-3000.0
-3000.0
-3000.0
-3000.0
3000.0
3000.0
3000.0
3000.0
3000.0
3000.0
3000.0
3000.0
-3000.0
-3000.0
-3000.0
-3000.0
-3000.0
3000.0
3000.0
3000.0
3000.0
3000.0
3000.0
3000.0
3000.0
3000.0
3000.0
-3000.0
-3000.0
-2783.1875237732984
-2371.300963505747
3000.0
3000.0
3000.0
3000.0
3000.0
3000.0
3000.0
3000.0
3000.0
3000.0
3000.0
3000.0
3000.0
3000.0
-3000.0
-3000.0
-3000.0
3000.0
3000.0
3000.0
3000.0
3000.0
3000.0
3000.0
3000.0
3000.0
3000.0
3000.0
3000.0
3000.0
3000.0
0.0
0.0
0.0
0.0
0.0
3000.0
0.0
0.0
0.0
0.0
0.0
0.0
0.0
0.0
0.0
0.0
3000.0
3000.0
3000.0
3000.0
3000.0
3000.0
-1575.757575757576
-510.14040561622596
-2383.0514717895867
-2482.0511562178453
-3000.0
3000.0
3000.0
3000.0
3000.0
-3000.0
-3000.0
3000.0
3000.0
3000.0
3000.0
3000.0
3000.0
-3000.0
-3000.0
-2087.478559176674
1612.5338330210252
-1602.2796462661654
3000.0
-3000.0
3000.0
3000.0
3000.0
3000.0
-3000.0
3000.0
3000.0
3000.0
3000.0
3000.0
3000.0
-3000.0
-3000.0
-3000.0
3000.0
3000.0
3000.0
3000.0
3000.0
3000.0
3000.0
3000.0
3000.0
3000.0
3000.0
1113.0708334987396
1835.434195391636
657.8386000868932
3000.0
-528.5247078719867
3000.0
3000.0
-3000.0