Demand
-3000.0
-3000.0
3000.0
3000.0
3000.0
3000.0
3000.0
3000.0
3000.0
3000.0
3000.0
3000.0
3000.0
3000.0
3000.0
3000.0
-1999.3730407523515
6.163654871700146
192.62564528150938
3000.0
3000.0
3000.0
0.0
0.0
0.0
0.0
0.0
0.0
3000.0
3000.0
3000.0
1656.6860858962195
3000.0
0.0
0.0
0.0
0.0
0.0
0.0
0.0
-818.1818181818182
3000.0
3000.0
3000.0
3000.0
3000.0
-2389.233778382516
-2782.3376143802634
-3000.0
-3000.0
3000.0
3000.0
3000.0
3000.0
3000.0
3000.0
3000.0
3000.0
3000.0
3000.0
3000.0
3000.0
3000.0
3000.0
-343.6397244160653
-1958.1467634771107
-2702.5564930726423
-3000.0
-3000.0
-3000.0
3000.0
3000.0
3000.0
3000.0
3000.0
3000.0
3000.0
3000.0
-2921.537299657248
-2902.600243119022
3000.0
3000.0
3000.0
3000.0
0.0
0.0
0.0
0.0
3000.0
2565.001551349674
-1556.233457302542
-1012.6913709699933
966.6561242179632
1147.5154907644041
1956.1291588516287
2867.3497061215994
3000.0
0.0
3000.0
3000.0
0.0
0.0
0.0
0.0
0.0
0.0
0.0
0.0
0.0
3000.0
3000.0
3000.0
0.0
-818.1818181818182
-1799.9999999999998
-2032.258064516128
3000.0
3000.0
-3000.0
-3000.0
-3000.0
-3000.0
-3000.0
-3000.0
3000.0
3000.0
3000.0
3000.0
3000.0
3000.0
3000.0
3000.0
3000.0
3000.0
3000.0
3000.0
-2424.2424242424245
-2694.9152542372876
3000.0
3000.0
-3000.0
-3000.0
3000.0
3000.0
3000.0
3000.0
3000.0
-2262.1726575724397
1482.141736278482
-1732.92702305351
1784.1924429139153
3000.0
3000.0
3000.0
0.0
0.0
0.0
0.0
-454.54545454545456
1.3642420526593924E-12
3000.0
-1102.5600380439093
-2114.7565827189983
-2499.8349220356467
-3000.0
3000.0
3000.0
3000.0
3000.0
-3000.0
-3000.0
-3000.0
-3000.0
-3000.0
3000.0
3000.0
3000.0
3000.0
3000.0
3000.0
3000.0
3000.0
3000.0
3000.0
-3000.0
-3000.0
3000.0
3000.0
3000.0
3000.0
3000.0
3000.0
3000.0
-3000.0
-3000.0
-3000.0
-3000.0
-3000.0
-3000.0
3000.0
3000.0
3000.0
3000.0
3000.0
3000.0
3000.0
3000.0
3000.0
3000.0
-3000.0
-3000.0
-3000.0
-3000.0
-3000.0
-3000.0
3000.0
3000.0
3000.0
3000.0
3000.0
3000.0
3000.0
3000.0
3000.0
3000.0
3000.0
669.6446838982465
1541.2023325088267
-424.2424242424243
3000.0
-1848.4848484848487
-688.7159533073941
-1609.6894964621833
-2283.9645642454325
-599.096720318852
-266.88003923739734
873.1097176767942
2406.032295910634
2831.075498496789
3000.0
0.0
0.0
0.0
3000.0
3000.0
3000.0
3000.0
3000.0
3000.0
0.0
0.0
0.0
0.0
0.0
0.0
0.0
0.0
3000.0
3000.0
3000.0
0.0
0.0
0.0
0.0
0.0
3000.0
3000.0
3000.0
3000.0
2429.3318391931634
-646.4311576955483
-184.79612739099503
1928.720194773481
3000.0
0.0
3000.0
3000.0
3000.0
0.0
-242.42424242424244
-1290.4717853839045
-2297.434680410869
-3000.0
-3000.0
-3000.0
-3000.0
3000.0
3000.0
3000.0
3000.0
3000.0
3000.0
-3000.0
-3000.0
-3000.0
-3000.0
-3000.0
3000.0
3000.0
3000.0
3000.0
3000.0
3000.0
3000.0
783.549783549779
1118.0720404582476
1306.445439444286
3000.0
31.579863817138175
3000.0
3000.0
-3000.0
-3000.0
-3000.0
-3000.0
-3000.0
-3000.0
3000.0
3000.0
3000.0
3000.0
3000.0
3000.0
3000.0
3000.0
3000.0
0.0
-1333.3333333333335
-2158.705701078583
-3000.0
-3000.0
-3000.0
3000.0
3000.0
3000.0
3000.0
-3000.0
-3000.0
-3000.0
-3000.0
3000.0
3000.0
3000.0
3000.0
3000.0
3000.0
3000.0
3000.0
3000.0
2238.142292490119
1310.5437651650598
-820.8112319976981
-3000.0
3000.0
3000.0
3000.0
-3000.0
-3000.0
-3000.0
-3000.0
-3000.0
-3000.0
-3000.0
3000.0
3000.0
3000.0
3000.0
3000.0
3000.0
3000.0
3000.0
3000.0
3000.0
-2408.418220257544
-1364.1677916640874
3000.0
3000.0
-3000.0
-3000.0
-3000.0
-3000.0
-3000.0
-3000.0
-3000.0
-3000.0
3000.0
3000.0
3000.0
3000.0
3000.0
3000.0
3000.0
3000.0
3000.0
-3000.0
-3000.0
-3000.0
-3000.0
-3000.0
-3000.0
3000.0
3000.0
3000.0
3000.0
3000.0
3000.0
3000.0
3000.0
-3000.0
-3000.0
-3000.0
3000.0
3000.0
3000.0
3000.0
3000.0
3000.0
3000.0
3000.0
-3000.0
-3000.0
-3000.0
-3000.0
-3000.0
-3000.0
-3000.0
3000.0
3000.0
3000.0
3000.0
3000.0
3000.0
3000.0
3000.0
3000.0
-3000.0
-3000.0
-3000.0
-3000.0
-3000.0
-3000.0
3000.0
3000.0
3000.0
3000.0
3000.0
3000.0
3000.0
3000.0
3000.0
3000.0
3000.0
3000.0
-3000.0
3000.0
-3000.0
-2857.1353976293676
-2594.923980268665
-2333.364452463119
-1929.582336155546
-858.2620103115237
3000.0
3000.0
3000.0
3000.0
3000.0
3000.0
0.0
0.0
3000.0
3000.0
3000.0
3000.0
3000.0
0.0
0.0
0.0
0.0
-1515.1515151515152
-277.46767469794486
-512.3217951529018
2195.5364494471924
641.6282745854751
241.62246915508877
2309.870560560449
2828.3724668737104
2454.6614970958663
3000.0
3000.0
3000.0
0.0
0.0
0.0
3000.0
3000.0
3000.0
3000.0
3000.0
3000.0
3000.0
3000.0
3000.0
0.0
0.0
0.0
0.0
0.0
0.0
3000.0
3000.0
3000.0
3000.0
3000.0
3000.0
0.0
0.0
0.0
0.0
0.0
-636.3636363636364
-1538.4615384615417
3000.0
-1214.5045965270692
-1159.5750194350867
-1315.6474470425883
-594.6456378276134
1151.6596143556417
3000.0
3000.0
-893.285650664649
3000.0
-1813.7940342969405
-1655.1164717953634
-2026.462887684551
-1725.0282512826486
-2265.482666150843
3000.0
3000.0
3000.0
3000.0
3000.0
3000.0
1616.166806039114
3000.0
-3000.0
-3000.0
-3000.0
-3000.0
-3000.0
-3000.0
3000.0
3000.0
3000.0
3000.0
3000.0
3000.0
3000.0
3000.0
3000.0
-3000.0
3000.0
3000.0
3000.0
3000.0
1170.4774099140284
1484.570990139147
3000.0
3000.0
-151.51515151515153
1500.0
0.0
0.0
0.0
3000.0
3000.0
3000.0
3000.0
3000.0
3000.0
3000.0
3000.0
3000.0
3000.0
3000.0
0.0
0.0
0.0
3000.0
0.0
0.0
-939.3939393939395
-1485.8882125069174
-2440.6092727689484
-3000.0
-3000.0
-3000.0
3000.0
3000.0
3000.0
3000.0
3000.0
3000.0
3000.0
3000.0
-3000.0
-3000.0
-3000.0
-3000.0
3000.0
3000.0
3000.0
3000.0
3000.0
3000.0
3000.0
-3000.0
-3000.0
3000.0
3000.0
3000.0
3000.0
3000.0
3000.0
3000.0
-3000.0
-3000.0
-3000.0
3000.0
3000.0
3000.0
3000.0
3000.0
3000.0
-2848.706038487061
-295.9021512623781
3000.0
3000.0
3000.0
3000.0
-3000.0
3000.0
3000.0
-3000.0
-3000.0
-3000.0
-3000.0
-3000.0
3000.0
3000.0
3000.0
3000.0
3000.0
3000.0
3000.0
3000.0
3000.0
3000.0
1214.3186742642774
1622.7966066556428
0.0
0.0
0.0
0.0
0.0
0.0
0.0
3000.0
3000.0
3000.0
3000.0
3000.0
3000.0
0.0
0.0
3000.0
3000.0
3000.0
0.0
0.0
0.0
0.0
0.0
0.0
0.0
0.0
0.0
-60.60606060606061
-92.78350515463626
3000.0
-2255.5198507307978
-2353.8828249217004
-3000.0
3000.0
3000.0
3000.0
3000.0
3000.0
-3000.0
-3000.0
-3000.0
3000.0
3000.0
3000.0
3000.0
3000.0
3000.0
3000.0
3000.0
-1688.93756845564
-2039.3746087074187
3000.0
3000.0
3000.0
3000.0
3000.0
3000.0
-3000.0
-3000.0
-3000.0
-3000.0
-3000.0
-3000.0
3000.0
3000.0
3000.0
3000.0
3000.0
3000.0
-3000.0
3000.0
3000.0
3000.0
2629.283865592935
2282.9127310566287
-1011.7457078618778
-695.0428199961816
3000.0
-2363.636363636364
3000.0
3000.0
3000.0
3000.0
3000.0
3000.0