Demand
-7500.0
-7500.0
-7500.0
-7500.0
7500.0
7500.0
7500.0
7500.0
7500.0
7500.0
7500.0
7500.0
7500.0
7500.0
7500.0
7500.0
-7500.0
-7500.0
-7500.0
-7500.0
-7500.0
-7500.0
7500.0
7500.0
7500.0
7500.0
7500.0
7500.0
7500.0
7500.0
-7500.0
-7500.0
-7500.0
-7500.0
-7500.0
-7500.0
7500.0
7500.0
7500.0
7500.0
7500.0
7500.0
-7500.0
-7500.0
-7500.0
-7500.0
-7500.0
-7500.0
-7500.0
7500.0
7500.0
7500.0
7500.0
7500.0
7500.0
7500.0
7500.0
-7500.0
-7500.0
-7500.0
7500.0
7500.0
7500.0
7500.0
-7500.0
-7500.0
7500.0
7500.0
7500.0
7500.0
7500.0
7500.0
-7500.0
-7500.0
-7500.0
-7500.0
7500.0
7500.0
7500.0
7500.0
7500.0
-7500.0
-7500.0
-7500.0
7500.0
7500.0
7500.0
7500.0
7500.0
7500.0
-7500.0
-7500.0
-7500.0
-7500.0
-7500.0
-7500.0
7500.0
7500.0
7500.0
7500.0
7500.0
7500.0
7500.0
-7500.0
-7500.0
-7500.0
-7500.0
-6632.23140495868
7500.0
7500.0
7500.0
7500.0
7500.0
7500.0
7500.0
-7500.0
7500.0
7500.0
-7500.0
-7500.0
-7500.0
-7500.0
7500.0
7500.0
7500.0
7500.0
7500.0
-7500.0
-7500.0
-7500.0
-7500.0
-7500.0
7500.0
7500.0
7500.0
7500.0
7500.0
-7500.0
-7500.0
-7500.0
-7500.0
-7500.0
7500.0
7500.0
7500.0
7500.0
7500.0
7500.0
7500.0
7500.0
-6884.947396816833
-7322.196557412861
-7500.0
-7500.0
7500.0
7500.0
7500.0
7500.0
7500.0
-7500.0
-7500.0
7500.0
7500.0
7500.0
-7500.0
-7500.0
-7500.0
-7500.0
7500.0
7500.0
7500.0
7500.0
7500.0
7500.0
-7500.0
-7500.0
-7500.0
-7500.0
7500.0
7500.0
7500.0
7500.0
7500.0
7500.0
-7500.0
-7500.0
-7500.0
7500.0
7500.0
7500.0
7500.0
7500.0
-7500.0
-7500.0
-7500.0
-7500.0
-6991.97860962567
-1652.0820760411134
7500.0
7500.0
7500.0
7500.0
7500.0
7500.0
-7500.0
-7500.0
-7500.0
-6113.8601399122945
7500.0
7500.0
7500.0
7500.0
7500.0
-7500.0
-7500.0
-7500.0
-7500.0
7500.0
7500.0
7500.0
7500.0
7500.0
-6988.21548821549
-6884.977769455438
-6103.76320654257
-6974.514762269233
7500.0
7500.0
7500.0
7500.0
7500.0
-6732.323232323237
7500.0
-7278.366496272411
-7500.0
7500.0
7500.0
7500.0
7500.0
-7500.0
-7500.0
-7500.0
-7500.0
7500.0
7500.0
7500.0
7500.0
7500.0
-7500.0
-7500.0
-7500.0
-7500.0
-7500.0
-4946.914399469148
-2008.5077794381818
7500.0
7500.0
-2035.8346604616418
7500.0
7500.0
7500.0
7500.0
7500.0
7500.0
7500.0
-7500.0
-6021.893754167597
-5469.464596133535
-4505.676661712265
-3345.852624925304
1645.9845089862802
7500.0
7500.0
7500.0
7500.0
7500.0
7500.0
-7018.71657754011
-7500.0
7500.0
7500.0
7500.0
7500.0
7500.0
-7023.145566090352
-7156.81249906007
-7500.0
-7500.0
-7500.0
-7500.0
-7500.0
-7500.0
7500.0
7500.0
7500.0
7500.0
7500.0
7500.0
7500.0
7500.0
-7500.0
-7034.7191932807
-4519.29923340156
-3829.7624028699443
-2420.7363636940736
7500.0
3407.2703784037567
7500.0
7500.0
7500.0
7500.0
7500.0
-7500.0
-7500.0
-7500.0
-7500.0
-7500.0
7500.0
7500.0
7500.0
7500.0
7500.0
7500.0
-7500.0
-7500.0
-7500.0
1390.3743315507782
7500.0
7500.0
7500.0
7500.0
7500.0
-7500.0
-7500.0
-6971.243042671616
-7500.0
7500.0
7500.0
7500.0
7500.0
7500.0
-7500.0
-7294.964028776978
-7500.0
-6515.6602784888
-6440.1006786190555
7500.0
7500.0
6641.8471561516535
7500.0
7500.0
7500.0
3111.0502712395955
7500.0
-5310.499359795136
-5350.939611774811
-5524.788689387809
-5459.5446453135755
7500.0
7500.0
7500.0
7500.0
7500.0
-7500.0
-7500.0
-7500.0
7500.0
7500.0
7500.0
7500.0
7500.0
7500.0
-7500.0
-7500.0
-7500.0
-5975.935828877013
7500.0
7500.0
7500.0
7500.0
7500.0
-7500.0
-7500.0
7500.0
7500.0
7500.0
7500.0
-7500.0
-7328.075043735296
-7300.515141905289
-7250.714770221295
-7133.7211757158
-6537.451060278685
7500.0
7500.0
7500.0
7500.0
7500.0
7500.0
-4948.577214110628
-3130.019033637953
-1950.453070827567
3669.950851264747
7500.0
5447.772180733356
7500.0
7500.0
-7500.0
-7500.0
-7500.0
-7500.0
-7500.0
-4526.825633383034
7500.0
7500.0
7500.0
7500.0
7500.0
7500.0
7500.0
-7500.0
-6850.726838793666
-7195.666597148274
-2340.0667069613432
7500.0
7500.0
7500.0
7500.0
7500.0
-7179.475164011248
-7500.0
7500.0
7500.0
-7500.0
-7500.0
-7500.0
-7500.0
-6510.231959095079
-4496.851349983312
2198.4081712441543
7500.0
7500.0
7000.645390261901
2848.9946033300052
7500.0
7500.0
7500.0
7500.0
-7500.0
-7500.0
7500.0
7500.0
7500.0
7500.0
7500.0
-7500.0
-7500.0
-7500.0
7500.0
7500.0
7500.0
7500.0
-7500.0
-7500.0
-7500.0
-7500.0
-7500.0
-7500.0
7500.0
7500.0
7500.0
7500.0
7500.0
7500.0
7500.0
7500.0
-7500.0
-7500.0
-7500.0
-7500.0
-7500.0
7500.0
7500.0
7500.0
7500.0
7500.0
7500.0
7500.0
7500.0
-6839.3346984507225
-7320.969415811145
-7500.0
-7500.0
-6648.529401991696
-7500.0
-6126.559179794944
-7500.0
7500.0
7500.0
7500.0
7500.0
7500.0
7500.0
7500.0
7500.0
-7500.0
-7500.0
-7500.0
-7153.099130709534
-5805.292382431146
3865.5347703350653
7500.0
7500.0
7500.0
7500.0
-4573.07094544816
7500.0
7500.0
7500.0
-5280.36981532873
-2682.347468654818
7500.0
5193.641350527061
7500.0
7500.0
7500.0
-7500.0
-7500.0
-7500.0
-7500.0
7500.0
7500.0
7500.0
7500.0
7500.0
-7017.007626195376
-6974.272571359796
-7304.705199109427
-7500.0
-7500.0
-7500.0
-7500.0
7500.0
7500.0
7500.0
7500.0
7500.0
7500.0
7500.0
7500.0
-7500.0
-7500.0
-7500.0
-7500.0
-4738.117212736501
7500.0
7500.0
7500.0
7500.0
7500.0
7500.0
7500.0
-6053.662051249923
-6229.475532760665
-5968.479480734586
-6010.581259310682
-3864.8587610674713
7500.0
7500.0
7500.0
7500.0
7500.0
-7500.0
-7500.0
-7500.0
-7500.0
-7500.0
-7500.0
-5475.8522727272775
3287.9345468883303
4579.285209763008
7500.0
7500.0
7500.0
7500.0
5569.953474474969
7500.0
7500.0
-6439.39393939394
-3394.35774309724
-1781.9464124159863
-2076.5190395690893
-2893.2472410303253
-3896.5523600664164
-3711.118959861973
-3465.682005232815
-2010.2419253949738
7500.0
7500.0
7500.0
7500.0
7500.0
-7500.0
-7500.0
-7136.54581891055
-5618.971539549353
7500.0
7500.0
7500.0
7500.0
7500.0
7500.0
-7500.0
-7500.0
-7500.0
-6164.479850046864
7500.0
7500.0
7500.0
7500.0
7500.0
-7500.0
-7500.0
-7500.0
-7500.0
7500.0
7500.0
7500.0
7500.0
7500.0
-6710.526315789477
-6625.283899085387
-7097.595891897974
-7500.0
-7500.0
-7500.0
7500.0
7500.0
7500.0
7500.0
7500.0
7500.0
-7296.615644148824
-7500.0
-7500.0
7500.0
7500.0
7500.0
7500.0
7500.0
7500.0
-7500.0
-7500.0
-7233.810709838108
-7500.0
7500.0
7500.0
7500.0
7500.0
7500.0
-7500.0
-7500.0
-7500.0
-6787.631920014812
-6868.30398015102
-6396.293427990104
5663.8826525452405
7500.0
7500.0
7500.0
7500.0
7500.0
7500.0
-7500.0
-7500.0
-7243.981315127565
-5774.8670152669965
-5278.250299513307
-3067.098449103445
7500.0
7500.0
7500.0
7500.0
7500.0
7500.0
7500.0
-7500.0
7500.0
7500.0
7500.0
-6182.58859784284
7500.0
-7500.0
-7500.0
-7500.0
7500.0
7500.0
7500.0
7500.0
7500.0
7500.0
-5612.433966727116
-3807.989426461599
-3056.4466483604433
-3154.7026188937
-949.0295892220893
1627.6614744641465
4639.631959422857
7500.0
6909.479510257237
-530.3030303030304
7500.0
-681.8181818181819
7103.174603174597
-2045.4545454545457
7500.0
3866.568914956017
-1893.939393939394
5679.190751445085
-1590.909090909091