Demand
7500.0
7500.0
7500.0
7500.0
7500.0
7500.0
7500.0
7500.0
7500.0
7500.0
7500.0
7500.0
7500.0
-7500.0
-7500.0
7500.0
7500.0
7500.0
7500.0
7500.0
-7500.0
-7500.0
-7500.0
-7500.0
-7500.0
-7500.0
7500.0
7500.0
7500.0
7500.0
7500.0
7500.0
-7500.0
-7500.0
-7500.0
-7500.0
-7500.0
7500.0
7500.0
7500.0
7500.0
7500.0
7500.0
-7500.0
-7500.0
-7500.0
-7500.0
-7500.0
-7500.0
7500.0
7500.0
7500.0
7500.0
7500.0
7500.0
7500.0
-7500.0
-7500.0
-7500.0
-7500.0
-7500.0
-7500.0
-7500.0
7500.0
7500.0
7500.0
7500.0
7500.0
7500.0
7500.0
7500.0
7500.0
7500.0
-7500.0
-7500.0
-7500.0
-7500.0
-7500.0
7500.0
7500.0
7500.0
7500.0
7500.0
7500.0
-7500.0
-7500.0
-7500.0
7500.0
7500.0
7500.0
7500.0
7500.0
7500.0
-7500.0
-7500.0
-7500.0
7500.0
7500.0
7500.0
7500.0
7500.0
-7500.0
-7500.0
-7500.0
-7500.0
-7500.0
7500.0
7500.0
7500.0
7500.0
7500.0
7500.0
-7500.0
-7500.0
-7500.0
-7500.0
-7500.0
-7500.0
-7500.0
7500.0
7500.0
7500.0
7500.0
7500.0
7500.0
7500.0
7500.0
-7500.0
-7500.0
-7500.0
-7500.0
-7500.0
7500.0
7500.0
7500.0
7500.0
7500.0
7500.0
7500.0
-7500.0
-7500.0
-7500.0
-7500.0
-7500.0
-7500.0
7500.0
7500.0
7500.0
7500.0
7500.0
7500.0
7500.0
7500.0
-7500.0
-7500.0
-7500.0
-7500.0
-7500.0
-7500.0
-7500.0
7500.0
7500.0
7500.0
7500.0
7500.0
7500.0
7500.0
7500.0
7500.0
7500.0
-7500.0
-7500.0
-7500.0
7500.0
7500.0
7500.0
7500.0
7500.0
7500.0
-7500.0
-7500.0
-7500.0
-7500.0
-7500.0
7500.0
7500.0
7500.0
7500.0
7500.0
7500.0
7500.0
-7500.0
-7500.0
-7500.0
7500.0
7500.0
7500.0
7500.0
-7500.0
-7500.0
-7500.0
-7500.0
-7500.0
-7500.0
7500.0
7500.0
7500.0
7500.0
7500.0
7500.0
7500.0
7500.0
7500.0
-7500.0
7500.0
7500.0
7500.0
7500.0
-7500.0
-7307.080484667978
-7268.070269531852
-6260.120278753648
-5967.158790625877
2235.2579114668515
7500.0
7500.0
7500.0
7500.0
7500.0
7500.0
-7500.0
7500.0
7500.0
-7347.053772673607
-7500.0
-7500.0
-7500.0
-7500.0
7500.0
7500.0
7500.0
7500.0
7500.0
7500.0
-7328.8288288288295
-7500.0
-7500.0
-7500.0
-7500.0
7500.0
7500.0
7500.0
7500.0
7500.0
7500.0
7500.0
-6372.775214238629
-7068.4338258961
-7500.0
-7500.0
-7500.0
7500.0
7500.0
7500.0
7500.0
7500.0
7500.0
7500.0
-6037.127865860613
-6048.683636275864
-6226.3611601691155
-6406.595749574251
-5256.219336221002
-506.3989558976673
7500.0
7500.0
7500.0
7500.0
7500.0
-7500.0
-5555.197513079083
-6465.178818305465
-6077.7311154010495
-6173.093749306527
7500.0
7500.0
7500.0
7500.0
7500.0
7500.0
7500.0
-7500.0
-7500.0
-6761.247917052402
-5625.286780146951
7500.0
7500.0
7500.0
7500.0
7500.0
7500.0
-6702.797202797206
7500.0
7500.0
-6324.046466827871
-6769.370107976609
-7090.5444399889
-7500.0
-7500.0
-7500.0
-7500.0
7500.0
7500.0
7500.0
7500.0
7500.0
7500.0
7500.0
7500.0
-7500.0
-7500.0
7500.0
7500.0
7500.0
7500.0
-7500.0
-6012.193303005446
-7244.015601717065
-6418.122567989167
-6795.470659143048
7500.0
7500.0
7500.0
7500.0
7500.0
7500.0
7500.0
-7500.0
-7500.0
-7500.0
-7500.0
-7500.0
-6998.128989654417
-7500.0
7500.0
7500.0
7500.0
7500.0
7500.0
7500.0
7500.0
-2031.9303019776212
3403.109945487522
3920.0535783728133
7500.0
101.81345936993557
7500.0
-6848.1989708404835
-7145.2418891526595
-7500.0
-7500.0
-7500.0
-7500.0
-7500.0
7500.0
7500.0
7500.0
7500.0
7500.0
7500.0
7500.0
7500.0
-7500.0
-7500.0
-7500.0
-6982.335845972211
-7500.0
-6869.613752114037
7500.0
-7500.0
7500.0
7500.0
7500.0
7500.0
7500.0
7500.0
-7500.0
-7500.0
-7065.9822513916915
-2531.080888068378
7500.0
7500.0
7500.0
7500.0
7500.0
-7500.0
-4047.9826048276627
-243.13030789280583
7500.0
7500.0
7431.812529478937
-779.1518352597996
7500.0
-5673.578687173855
-6153.378330956168
-6820.587261080787
-3720.1334263812787
7500.0
7500.0
7500.0
7500.0
-7500.0
-7115.068663028702
-7500.0
-7500.0
-7146.433885493707
-7500.0
-7500.0
7500.0
7500.0
7500.0
7500.0
7500.0
7500.0
7500.0
7500.0
-5852.850285981842
-6249.510743502193
-6501.346156461446
-7032.196065365895
-7500.0
-7500.0
-7500.0
7500.0
7500.0
7500.0
7500.0
7500.0
7500.0
7500.0
-3541.096590343548
7500.0
-6027.992371086775
7500.0
7500.0
-7500.0
-7500.0
-7500.0
-7500.0
-7500.0
-7500.0
7500.0
7500.0
7500.0
7500.0
7500.0
7500.0
7500.0
7500.0
-7149.086804843015
-7307.162618587563
-7281.768352644507
-7500.0
-7500.0
-7500.0
-7500.0
7500.0
7500.0
7500.0
7500.0
7500.0
7500.0
7500.0
7500.0
7500.0
-7098.308668076112
-7500.0
-7500.0
7500.0
7500.0
7500.0
7500.0
-7500.0
-7500.0
-6926.478846873833
-6643.916512581294
-4136.2969144183335
7500.0
7500.0
7500.0
7500.0
7500.0
7500.0
7500.0
-7500.0
-7094.1949616648435
-7500.0
-7500.0
-7500.0
-7500.0
7500.0
7500.0
7500.0
7500.0
7500.0
7500.0
7500.0
7500.0
7500.0
-6959.691252144083
-6300.162532409739
-5003.057902976965
-3821.243454535552
-4678.619423229677
-5800.451131885939
-6655.912884250654
7500.0
7500.0
7500.0
7500.0
7500.0
7500.0
7500.0
7500.0
-6800.699300699303
-7096.551724137933
-7500.0
-7500.0
-7500.0
7500.0
7500.0
7500.0
7500.0
7500.0
7500.0
-6913.947590269434
-6570.53886738065
-1824.9791487825532
7500.0
7500.0
7500.0
-7500.0
-7500.0
-7500.0
-7500.0
-7500.0
-7500.0
-7500.0
-7500.0
7500.0
7500.0
7500.0
7500.0
7500.0
7500.0
7500.0
7500.0
7500.0
-5155.1191623714
-4655.579754578508
-3204.5710081281377
-3321.8562227575185
-4010.5626575197493
-2835.2898094241646
7500.0
7500.0
7500.0
7400.497825674178
7500.0
-2204.13905628142
7500.0
-7140.98123549519
-7500.0
-7500.0
-7500.0
-7500.0
-7500.0
-7500.0
7500.0
7500.0
7500.0
7500.0
7500.0
7500.0
7500.0
7500.0
7500.0
-4993.3495618177
-4773.289675787002
-2087.9150462362663
287.63905466979213
-5.822069293162713
-974.458194803175
-2082.3691836128623
-849.5093607464955
2200.4690904008876
7500.0
386.01713118888483
7500.0
7500.0
7500.0
-7500.0
-7500.0
-7500.0
-5266.457680250793
7500.0
7500.0
7500.0
7500.0
7500.0
-7500.0
-7500.0
-7500.0
-7500.0
-7500.0
-4824.2144027842605
7500.0
7500.0
7500.0
7500.0
7500.0
7500.0
7500.0
7500.0
-7500.0
-7500.0
-7500.0
-7500.0
-7228.416237850202
-6368.4011919890345
-4068.247815634173
7500.0
631.2094479365769
7500.0
7500.0
7500.0
7500.0
7500.0
7500.0
-6438.876822835868
-6924.581596717639
-6858.879756842665
-7254.13487384395
-7500.0
-7500.0
-7500.0
-7500.0
7500.0
7500.0
7500.0
7500.0
7500.0
7500.0
7500.0
7500.0
7500.0
-7500.0
-7500.0
-7500.0
-7500.0
-7500.0
7500.0
7500.0
7500.0
7500.0
7500.0
7500.0
7500.0
7500.0
-7500.0
-7500.0
-7500.0
-7500.0
7500.0
7500.0
7500.0
7500.0
7500.0
7500.0
-7316.247582205029
7500.0
7500.0
-7500.0
-7500.0
-7500.0
-7500.0
-7500.0
7500.0
7500.0
7500.0
7500.0
7500.0
7500.0
-7500.0
-7500.0
-7500.0
-7500.0
-7500.0
-6767.352185089978
-2921.455127761696
2256.7794601132005
7500.0
7500.0
7500.0
7500.0
7500.0
7500.0
7500.0
7500.0
-1363.6363636363637
6793.621839225057
-75.75757575757576
6148.897058823528
-530.3030303030304
3495.475113122173
-2500.0000000000005
3318.181818181818
-1893.939393939394
4627.6595744680835
-1590.909090909091