Demand
7500.0
7500.0
7500.0
7500.0
7500.0
7500.0
7500.0
7500.0
7500.0
7500.0
7500.0
7500.0
7500.0
7500.0
7500.0
7500.0
7500.0
7500.0
-7500.0
-7500.0
7500.0
7500.0
7500.0
7500.0
7500.0
7500.0
-7500.0
-7500.0
-7500.0
-7500.0
-7500.0
-7500.0
7500.0
7500.0
7500.0
7500.0
7500.0
7500.0
7500.0
7500.0
7500.0
-7174.099485420242
7500.0
7500.0
-7500.0
-7500.0
-7500.0
-7500.0
7500.0
7500.0
7500.0
7500.0
7500.0
-7500.0
-7283.414078084923
-7207.448825782178
-7500.0
7500.0
7500.0
7500.0
7500.0
7500.0
7500.0
-7500.0
-7500.0
-7500.0
7500.0
7500.0
7500.0
7500.0
-7500.0
-7500.0
-7500.0
-7500.0
-7500.0
-7500.0
7500.0
7500.0
7500.0
7500.0
7500.0
7500.0
7500.0
-7500.0
-7500.0
-7500.0
-7500.0
-7500.0
7500.0
7500.0
7500.0
7500.0
7500.0
7500.0
-7500.0
-7500.0
-7500.0
-7500.0
-7500.0
-7500.0
7500.0
7500.0
7500.0
7500.0
7500.0
7500.0
7500.0
7500.0
-7500.0
-7328.88877770551
-7307.289375506132
-6818.955543294351
-7500.0
-7500.0
-7500.0
7500.0
7500.0
7500.0
7500.0
7500.0
7500.0
7500.0
-7500.0
-7500.0
-7036.325907545033
-7500.0
-7500.0
-7500.0
-7500.0
7500.0
7500.0
7500.0
7500.0
7500.0
7500.0
7500.0
7500.0
7500.0
7500.0
7500.0
-7500.0
-7500.0
7500.0
7500.0
7500.0
-7500.0
-7500.0
-7500.0
-5704.320432043205
7500.0
7500.0
7500.0
-7500.0
7500.0
7500.0
7500.0
-7500.0
-7500.0
7500.0
7500.0
7500.0
7500.0
-7500.0
-7500.0
-7500.0
-7500.0
-7500.0
-7500.0
7500.0
7500.0
7500.0
7500.0
7500.0
7500.0
7500.0
7500.0
-7500.0
7500.0
7500.0
7500.0
-7500.0
-7500.0
-7500.0
-7500.0
-7500.0
-7500.0
7500.0
7500.0
7500.0
7500.0
7500.0
7500.0
7500.0
7500.0
-7500.0
-7500.0
-7190.637720488468
-6958.702392214291
-7500.0
7500.0
7500.0
7500.0
7500.0
7500.0
7500.0
-7500.0
-7500.0
-5349.75746059031
7500.0
7500.0
7500.0
7500.0
-7500.0
7500.0
7500.0
-7500.0
-7500.0
-7500.0
-7500.0
-6998.533724340177
7500.0
7500.0
7500.0
7500.0
7500.0
7500.0
-7500.0
-7500.0
-7500.0
7500.0
7500.0
7500.0
7500.0
7500.0
-7500.0
-7500.0
-7500.0
-7500.0
7500.0
7500.0
7500.0
7500.0
7500.0
7500.0
-7310.189810189811
-7500.0
-7500.0
-7500.0
7500.0
7500.0
7500.0
7500.0
7500.0
-6404.601381655188
-5948.562664918705
-4158.038360567645
-4338.713178337786
7500.0
7500.0
7500.0
7500.0
7500.0
-7500.0
-7500.0
-7500.0
-7500.0
-3167.0803599131364
7500.0
7500.0
7500.0
1866.505686243972
7500.0
7500.0
7500.0
-7143.767126580455
-7500.0
-7500.0
-6906.518501209106
-7500.0
-7500.0
7500.0
7500.0
7500.0
7500.0
7500.0
7500.0
7500.0
7500.0
-7500.0
-7500.0
-7500.0
-7500.0
-7500.0
-6388.618084328546
-1061.7599854647146
7500.0
7500.0
7500.0
7500.0
7500.0
7500.0
7500.0
-4693.961273383664
7500.0
7500.0
7500.0
-7166.351479130084
-7500.0
-7500.0
-7500.0
-7500.0
-7500.0
7500.0
7500.0
7500.0
7500.0
7500.0
7500.0
7500.0
7500.0
-7500.0
-7500.0
-7500.0
-7500.0
7500.0
7500.0
7500.0
7500.0
7500.0
-7295.669630054488
-7500.0
7500.0
7500.0
7500.0
7500.0
-7500.0
-7500.0
-7500.0
-7500.0
-7500.0
-7500.0
-7500.0
7500.0
7500.0
7500.0
7500.0
7500.0
7500.0
7500.0
-6070.532915360502
-3478.5122128667244
7500.0
7500.0
-6212.121212121213
-2413.237481408031
7500.0
7500.0
7500.0
-7178.510998307955
-7500.0
-7500.0
-7500.0
-7500.0
-7500.0
7500.0
7500.0
7500.0
7500.0
7500.0
7500.0
-7500.0
-7500.0
-7500.0
7500.0
7500.0
7500.0
7500.0
7500.0
7500.0
-7500.0
-7500.0
-7500.0
-7500.0
-7500.0
-7500.0
-7500.0
7500.0
7500.0
7500.0
7500.0
7500.0
7500.0
7500.0
7500.0
7500.0
-7500.0
-4455.128205128205
-605.866776404061
7500.0
7500.0
7500.0
-6439.39393939394
-5293.141592920358
-5261.627780697907
-5573.831433881542
-5534.3928108751825
7500.0
7500.0
7500.0
7500.0
-7500.0
-7500.0
-7001.161127735133
-7500.0
7500.0
7500.0
7500.0
7500.0
7500.0
-7500.0
-7500.0
-6857.625845229151
-7200.845370990202
-2584.113210614305
7500.0
7500.0
7500.0
7500.0
7500.0
-7021.678321678322
-7500.0
7500.0
7500.0
7500.0
7500.0
7500.0
-7500.0
-6972.737550747726
-6311.692597804273
-5425.640884481178
-5250.866652465174
-4421.829053177757
-2063.2958944086545
7500.0
-2193.9971525348483
7500.0
7500.0
7500.0
7500.0
7500.0
-7500.0
-7500.0
7500.0
7500.0
7500.0
-7500.0
-7500.0
-7500.0
7500.0
7500.0
7500.0
7500.0
7500.0
-7500.0
-7500.0
-7500.0
-7500.0
-7500.0
7500.0
7500.0
7500.0
7500.0
7500.0
7500.0
-7271.005509641876
-6817.015163824681
-7500.0
7500.0
7500.0
7500.0
7500.0
7500.0
-7500.0
-7500.0
-7122.1455238901635
-7070.984780389954
-6734.6868612951
-6846.257394172009
-6999.119946472942
-1356.9610886423943
7500.0
7500.0
7500.0
7500.0
7500.0
7500.0
7500.0
7500.0
-7500.0
-7500.0
-7500.0
-7500.0
-7500.0
-7500.0
7500.0
7500.0
7500.0
7500.0
7500.0
7500.0
7500.0
-5003.649635036496
-2964.9656713589734
-1717.9960256578966
7500.0
7500.0
7500.0
7500.0
-5617.983711204051
-5814.743738885536
-5030.900981173891
-4751.760191460848
-4932.037470069436
-3887.8744518266903
7500.0
7500.0
7500.0
7500.0
7500.0
7500.0
7500.0
-7500.0
-7500.0
-7296.238244514107
-7263.683281271224
-6626.689998423766
-6316.837904380725
-6818.024989908667
-7500.0
7500.0
7500.0
7500.0
7500.0
7500.0
7500.0
7500.0
7500.0
-7500.0
-7500.0
-7500.0
-7500.0
-7500.0
7500.0
7500.0
7500.0
7500.0
7500.0
7500.0
7500.0
7500.0
-2277.218828602228
7500.0
252.20699788562115
7500.0
-6304.852478658082
-6580.476799493361
-6285.656713790659
-5904.679038620632
-4847.8140021810905
-5260.300960360824
-5340.224500235594
-5981.160920968965
7500.0
7500.0
7500.0
7500.0
7500.0
7500.0
7500.0
7500.0
7500.0
-5828.445747800588
-5525.838691002165
-5351.080536336605
-5110.259413869504
-5257.090278206133
-5069.3386556780115
-1733.8939061338265
659.6918465598919
7500.0
7500.0
7500.0
4956.956400419068
1825.8694663727883
7500.0
7500.0
-6818.181818181819
-6821.921882228538
-7302.41028243083
-7500.0
-7500.0
-7500.0
7500.0
7500.0
7500.0
7500.0
7500.0
-7500.0
7500.0
7500.0
-7500.0
-7500.0
7500.0
7500.0
7500.0
7500.0
7500.0
-7323.747680890538
-7500.0
-7500.0
-7500.0
7500.0
7500.0
7500.0
7500.0
7500.0
7500.0
-7500.0
-7332.5953370684965
-6942.754273906536
-6440.143806198639
-6238.21830724615
-6846.331033138498
-7500.0
-7500.0
7500.0
7500.0
7500.0
7500.0
7500.0
7500.0
7500.0
-7338.182720229277
-7500.0
-7500.0
-7500.0
-7500.0
-7500.0
7500.0
7500.0
7500.0
7500.0
7500.0
7500.0
7500.0
-7500.0
-7500.0
-7500.0
-7500.0
-7500.0
7500.0
7500.0
7500.0
7500.0
7500.0
7500.0
7500.0
7500.0
-7500.0
-7500.0
7500.0
7500.0
7500.0
-7500.0
-7500.0
-7173.071408087182
-4471.761048692018
7500.0
2277.819806811538
7500.0
7500.0
7500.0
7500.0
7500.0
-7500.0
-7500.0
-7500.0
-6768.449197860966
-6200.378325368405
7500.0
7500.0
7500.0
7500.0
7500.0
-7500.0
-7500.0
7500.0
7500.0
7500.0
-6102.655771195097
-5679.794752991367
-4495.46737583854
85.44484817919238
3992.203294480256
4309.893975478493
7500.0
7500.0
3538.0036225931017
-1893.939393939394
6715.526720914889
7500.0
7370.717070144563
-681.8181818181819
6567.278287461773
-2045.4545454545457
2852.9411764705897
-2348.4848484848485
4329.484902309063
-1742.4242424242427
5046.916890080434