Demand
-7500.0
-7500.0
7500.0
7500.0
7500.0
7500.0
7500.0
7500.0
7500.0
7500.0
7500.0
7500.0
7500.0
-7500.0
-7500.0
-7500.0
-7500.0
-7500.0
-7500.0
7500.0
7500.0
7500.0
7500.0
7500.0
7500.0
7500.0
-7500.0
-7500.0
-7500.0
-7500.0
7500.0
7500.0
7500.0
7500.0
7500.0
7500.0
-7500.0
7500.0
7500.0
7500.0
-6978.340451494814
7500.0
7500.0
-7500.0
-7500.0
-7500.0
-7500.0
-7500.0
-7500.0
-7500.0
7500.0
7500.0
7500.0
7500.0
7500.0
7500.0
7500.0
7500.0
7500.0
-7500.0
7500.0
7500.0
7500.0
-7500.0
7500.0
7500.0
7500.0
-7500.0
-7246.981534090908
-7500.0
7500.0
7500.0
7500.0
7500.0
-7500.0
-7500.0
-7500.0
-7500.0
-7500.0
-7500.0
-7500.0
7500.0
7500.0
7500.0
7500.0
7500.0
7500.0
7500.0
-7500.0
-7500.0
-7500.0
-7500.0
-7500.0
-7500.0
-7500.0
7500.0
7500.0
7500.0
7500.0
7500.0
7500.0
7500.0
7500.0
7500.0
-7500.0
-7500.0
7500.0
7500.0
-7500.0
7500.0
7500.0
-6175.103305785127
7500.0
7500.0
7500.0
-7500.0
-7500.0
-7500.0
-7500.0
-7500.0
-7500.0
-7500.0
7500.0
7500.0
7500.0
7500.0
7500.0
7500.0
7500.0
7500.0
7500.0
-7500.0
-7500.0
-7500.0
-7500.0
7500.0
7500.0
7500.0
7500.0
7500.0
-7500.0
-7500.0
-7500.0
-7500.0
-7500.0
-7500.0
7500.0
7500.0
7500.0
7500.0
7500.0
7500.0
7500.0
7500.0
-7500.0
-7500.0
-7500.0
-7500.0
-7500.0
-7500.0
7500.0
7500.0
7500.0
7500.0
7500.0
7500.0
7500.0
-7500.0
-7500.0
-7500.0
7500.0
7500.0
7500.0
7500.0
-7500.0
-7500.0
-7500.0
-7500.0
7500.0
7500.0
7500.0
7500.0
7500.0
-7500.0
-7500.0
-7500.0
7500.0
7500.0
7500.0
7500.0
-7500.0
-7500.0
-7500.0
-7500.0
-7500.0
-7500.0
7500.0
7500.0
7500.0
7500.0
7500.0
7500.0
7500.0
-7500.0
-7500.0
-7500.0
-7500.0
-6996.095476646533
-7500.0
-7500.0
-7500.0
7500.0
7500.0
7500.0
7500.0
7500.0
7500.0
7500.0
7500.0
7500.0
-7339.47279486313
-6803.338482141686
-6924.748482633793
-6846.673921262145
-6205.199296031224
-7171.236525465823
-7500.0
-7500.0
7500.0
7500.0
7500.0
7500.0
7500.0
7500.0
7500.0
7500.0
-7500.0
-7500.0
7500.0
7500.0
-7500.0
-7500.0
-7500.0
-7500.0
-7159.7310442746275
-7500.0
-7500.0
7500.0
7500.0
7500.0
7500.0
7500.0
7500.0
7500.0
7500.0
7500.0
-6581.417538162048
-7159.9049860894065
-7500.0
-7500.0
-7500.0
-7500.0
7500.0
7500.0
7500.0
7500.0
7500.0
-6050.569472864438
-5628.015523417565
-5482.150603556054
-5430.284428772815
-4807.603925893793
7500.0
7500.0
7500.0
7500.0
7500.0
7500.0
-7500.0
-7500.0
-5566.027574321415
-6530.804986161864
-6337.931781637375
-6744.720369794417
-5692.001121493688
-3888.421031939657
7500.0
7500.0
7500.0
7500.0
7500.0
7500.0
7500.0
7500.0
7500.0
-7500.0
-7500.0
-7500.0
-7500.0
-7500.0
-7500.0
7500.0
7500.0
7500.0
7500.0
7500.0
7500.0
7500.0
-7500.0
-7500.0
-7500.0
-7500.0
-7500.0
-7500.0
-7500.0
-7500.0
7500.0
7500.0
7500.0
7500.0
7500.0
7500.0
7500.0
7500.0
7500.0
-7500.0
-6134.496919917867
-7274.729702423121
-6639.835761534805
-7077.753940746328
-7500.0
7500.0
7500.0
7500.0
7500.0
7500.0
7500.0
7500.0
-7500.0
-7500.0
-7500.0
-7500.0
-7217.87127003376
-7500.0
-3846.9396583732237
7500.0
7500.0
7500.0
7500.0
7500.0
7500.0
7500.0
-2508.7565674255698
-2360.51230557947
405.76350460369895
7500.0
7500.0
7500.0
-7186.296092460099
-7500.0
-7500.0
-7500.0
-7500.0
-7500.0
7500.0
7500.0
7500.0
7500.0
7500.0
7500.0
-7500.0
-7500.0
7500.0
7500.0
7500.0
7500.0
7500.0
7500.0
-7333.797706213958
-7500.0
-7500.0
-7500.0
-7500.0
7500.0
7500.0
7500.0
7500.0
7500.0
-7332.160674281997
-7313.672490758616
-7285.8534674571965
-7239.278789992075
-7145.45405649846
-7500.0
7500.0
7500.0
7500.0
7500.0
7500.0
7500.0
7500.0
7500.0
-5464.112594608387
-5490.032574185305
-5871.335626396431
-6297.575796719293
7500.0
7500.0
7500.0
7500.0
-7500.0
-7500.0
-7079.473727354703
-7500.0
-7500.0
-5821.007613231217
7500.0
7500.0
7500.0
7500.0
7500.0
7500.0
-7325.757485397451
-5951.7399388975355
-6191.9293887200565
2374.115474804077
7500.0
7500.0
7500.0
7500.0
7500.0
7500.0
-7500.0
-7500.0
-7500.0
-7500.0
-7500.0
-6294.926004228331
-3266.433163803864
7500.0
7500.0
7130.84202718336
6032.3410314363955
6920.114336390725
-2300.884634332078
7500.0
7500.0
7500.0
-7500.0
7500.0
7500.0
7500.0
7500.0
-7500.0
-7500.0
7500.0
7500.0
-7500.0
-7500.0
-6914.010867968866
-6964.615477993897
7500.0
7500.0
7500.0
7500.0
7500.0
7500.0
-7500.0
-7500.0
-7500.0
-7500.0
-7500.0
7500.0
7500.0
7500.0
7500.0
7500.0
7500.0
-7500.0
-7500.0
-7500.0
-7500.0
-7500.0
-7500.0
-4923.405323957821
7500.0
7500.0
7500.0
7500.0
7500.0
7500.0
7500.0
7500.0
7500.0
-7500.0
-7130.090314206915
-7500.0
-7500.0
-7500.0
-7500.0
7500.0
7500.0
7500.0
7500.0
7500.0
7500.0
7500.0
7500.0
-7338.160136286202
-6953.659788713836
-6220.124977043037
-4578.150464376227
-2471.557778808552
-2459.9438197582967
2759.4842954631877
7500.0
7500.0
7500.0
7500.0
7500.0
-5973.691257196413
-6047.937767344109
-6463.590395534389
-6743.758210257018
-6646.311074659559
-6997.46236901848
-7500.0
-7500.0
-7500.0
7500.0
7500.0
7500.0
7500.0
7500.0
7500.0
7500.0
7500.0
7500.0
7500.0
-7500.0
-7500.0
-7500.0
-7500.0
-7500.0
-7500.0
-7500.0
7500.0
7500.0
7500.0
7500.0
7500.0
7500.0
7500.0
7500.0
-7043.812846295916
-6014.293175757966
-5509.87152312507
-5271.086888179894
-4666.310152056603
-3705.2795527082967
-717.770382825745
644.1005582413491
3011.5062868797377
7500.0
7500.0
7500.0
7500.0
-6969.696969696971
-5396.67896678967
-5462.419837730766
-4033.9810139493657
7500.0
7500.0
7500.0
7500.0
-7500.0
-7500.0
-7500.0
-6231.722822631915
-1495.9634252939145
7500.0
7500.0
7500.0
3093.0719896538812
7500.0
7500.0
3409.090909090966
7500.0
7500.0
-3499.438517686694
-1912.5418438789875
-2182.7165293454345
-2956.37598569985
-3899.9837934165243
-3590.9371387330684
-2976.2717988967343
1401.4671180894184
7500.0
7500.0
7500.0
7500.0
-7500.0
-7500.0
-7500.0
-7260.593615829755
-6849.690251298371
-6915.494375028324
7500.0
7500.0
7500.0
7500.0
7500.0
7500.0
7500.0
-7500.0
7500.0
7500.0
7500.0
7500.0
-7500.0
-7500.0
-7500.0
-7500.0
-7500.0
-7500.0
-7500.0
7500.0
7500.0
7500.0
7500.0
7500.0
7500.0
7500.0
7500.0
-7500.0
-7500.0
-7500.0
-7500.0
7500.0
7500.0
7500.0
7500.0
7500.0
7500.0
7500.0
7500.0
-7500.0
-7500.0
-7500.0
-7500.0
-7500.0
-7500.0
7500.0
7500.0
7500.0
7500.0
7500.0
7500.0
7500.0
7500.0
-7500.0
7500.0
7500.0
-7016.471087233142
-7153.161872429384
-7119.56986129629
-7285.957765657486
-7500.0
-7500.0
-7500.0
-7500.0
7500.0
7500.0
7500.0
7500.0
7500.0
7500.0
7500.0
7500.0
7500.0
-7500.0
-7500.0
-7500.0
-7500.0
-7500.0
-7500.0
-7500.0
7500.0
7500.0
7500.0
7500.0
7500.0
7500.0
7500.0
7500.0
-7500.0
7500.0
7500.0
7500.0
-5809.702529886015
-5090.87926791889
-2722.500719794895
7500.0
7500.0
3858.31396985466
7500.0
7133.322527616643
-3333.3333333333335
4764.0046520643555
5228.691144152566
-530.3030303030304
7466.063348416292
-681.8181818181819
6622.807017543859
-2045.4545454545457
3076.92307692308
-2348.4848484848485
5018.796992481211
-1742.4242424242427
7500.0