Demand
-7500.0
-7500.0
-7500.0
-7500.0
-7500.0
-7500.0
-7500.0
7500.0
7500.0
7500.0
7500.0
7500.0
7500.0
7500.0
7500.0
7500.0
-7500.0
-7500.0
7500.0
7500.0
-7500.0
-7500.0
-7500.0
-7500.0
-7500.0
7500.0
7500.0
7500.0
7500.0
7500.0
7500.0
7500.0
-7500.0
-7500.0
7500.0
7500.0
7500.0
7500.0
-7500.0
7500.0
7500.0
7500.0
-7500.0
-7500.0
-7500.0
-7500.0
-7500.0
-7500.0
-7500.0
7500.0
7500.0
7500.0
7500.0
7500.0
7500.0
7500.0
7500.0
-7500.0
-7500.0
-7500.0
-7500.0
-7500.0
7500.0
7500.0
7500.0
7500.0
7500.0
7500.0
7500.0
7500.0
-7500.0
-7500.0
-7500.0
-7500.0
-7500.0
7500.0
7500.0
7500.0
7500.0
7500.0
7500.0
-7500.0
-7500.0
-7500.0
-7500.0
-7500.0
-7500.0
-7500.0
7500.0
7500.0
7500.0
7500.0
7500.0
7500.0
7500.0
-7500.0
-7500.0
-7500.0
-7500.0
-7500.0
-7500.0
7500.0
7500.0
7500.0
7500.0
7500.0
7500.0
7500.0
7500.0
-7322.944709049492
-7260.117384592144
-5972.237627411472
7500.0
7500.0
7500.0
7500.0
-7500.0
-7500.0
-7500.0
-7500.0
-7500.0
-7500.0
7500.0
7500.0
7500.0
7500.0
7500.0
7500.0
7500.0
7500.0
-7500.0
-7500.0
-7500.0
-7500.0
7500.0
7500.0
7500.0
7500.0
7500.0
7500.0
7500.0
-7500.0
-7500.0
-7500.0
-7500.0
-7500.0
-7500.0
-7500.0
7500.0
7500.0
7500.0
7500.0
7500.0
7500.0
7500.0
7500.0
-7500.0
-7500.0
-7500.0
-7500.0
7500.0
7500.0
7500.0
7500.0
7500.0
7500.0
7500.0
-7500.0
-7500.0
-7500.0
-7500.0
7500.0
7500.0
7500.0
7500.0
7500.0
7500.0
7500.0
-7500.0
-7500.0
7500.0
7500.0
7500.0
7500.0
7500.0
7500.0
-7500.0
-7500.0
-7500.0
-7500.0
-7500.0
-7500.0
-7500.0
-7500.0
7500.0
7500.0
7500.0
7500.0
7500.0
7500.0
7500.0
7500.0
7500.0
-7500.0
-7500.0
7500.0
7500.0
-7053.291536050159
-7500.0
7500.0
7500.0
7500.0
-7500.0
7500.0
7500.0
-7500.0
-7500.0
-7500.0
7500.0
7500.0
7500.0
7500.0
7500.0
-7003.113325031134
-6594.248035486229
-7297.845837809162
-7500.0
-7500.0
-7500.0
-7500.0
7500.0
7500.0
7500.0
7500.0
7500.0
7500.0
7500.0
7500.0
-7500.0
-7500.0
7500.0
7500.0
7500.0
-7500.0
-7269.696969696974
-7500.0
-7500.0
7500.0
7500.0
7500.0
7500.0
7500.0
7500.0
-6567.416201703234
-6321.206002749099
-5452.505191969771
-6242.096286512922
-6994.458132797547
-7500.0
-7500.0
7500.0
7500.0
7500.0
7500.0
7500.0
7500.0
7500.0
-6196.397941680962
-5924.996089861197
-5974.755849000008
-6221.772922182781
-6505.713970019899
-5933.968168487689
-6157.113219619037
-5521.6822628399495
7500.0
7500.0
7500.0
7500.0
7500.0
7500.0
7500.0
7500.0
-7138.645872955498
-6864.187658684721
-6963.535050974728
-7500.0
-7500.0
7500.0
7500.0
7500.0
7500.0
7500.0
7500.0
-7157.329159222765
-7500.0
-7500.0
-7500.0
-7500.0
7500.0
7500.0
7500.0
7500.0
7500.0
-6197.310516612886
-6594.857476524399
-6852.43227344771
-7500.0
7500.0
7500.0
7500.0
7500.0
7500.0
-7500.0
-7500.0
-7500.0
-7500.0
7500.0
7500.0
7500.0
7500.0
7500.0
-7500.0
-7500.0
7500.0
7500.0
-6329.9120234604125
-7318.395332907894
-6885.076582343017
-7260.270283132486
-7500.0
-7500.0
-7500.0
7500.0
7500.0
7500.0
7500.0
7500.0
7500.0
7500.0
7500.0
-7500.0
-7297.888484514784
-7500.0
-6595.050506317919
-6632.420446728207
200.7795428608888
7500.0
7500.0
7500.0
7500.0
7500.0
7500.0
1506.465411305615
7500.0
-5806.595365418896
-6169.281005859377
-6593.8402184664355
-6888.947304507414
-7500.0
7500.0
7500.0
7500.0
7500.0
7500.0
7500.0
-7348.0108081203125
-7336.496309422742
-7500.0
-7500.0
-7500.0
-7500.0
-7500.0
-7500.0
7500.0
7500.0
7500.0
7500.0
7500.0
7500.0
7500.0
7500.0
-7500.0
-7500.0
-7500.0
-7500.0
-7500.0
7500.0
7500.0
7500.0
7500.0
7500.0
7500.0
-7500.0
-7500.0
-7500.0
1743.2432432432424
7500.0
7500.0
7500.0
7500.0
-751.0765911148428
7500.0
-4378.42278203724
7500.0
7500.0
7500.0
-7500.0
-7500.0
-7500.0
-7500.0
-7500.0
-6894.90445859873
-7500.0
-7500.0
7500.0
7500.0
7500.0
7500.0
7500.0
7500.0
7500.0
7500.0
7500.0
-6236.141906873616
7500.0
7500.0
4741.095480395064
7500.0
-7152.226967663211
-7500.0
-7500.0
-7500.0
-7500.0
-7500.0
-7500.0
7500.0
7500.0
7500.0
7500.0
7500.0
7500.0
7500.0
7500.0
-7167.822120890378
-7500.0
-7500.0
-7500.0
-7500.0
-7500.0
-7500.0
7500.0
7500.0
7500.0
7500.0
7500.0
7500.0
7500.0
7500.0
7500.0
-7322.783235915929
-7292.550349010504
-7500.0
-7500.0
-7500.0
7500.0
7500.0
7500.0
7500.0
7500.0
7500.0
-7500.0
7500.0
7500.0
7500.0
7500.0
-7500.0
-7500.0
-7500.0
-7500.0
-7500.0
7500.0
7500.0
7500.0
7500.0
7500.0
-6968.629710909629
-7088.340057290929
-7240.996984731231
-5937.115728297766
-6514.929095546211
7500.0
7500.0
7500.0
7500.0
7500.0
7500.0
-7500.0
7500.0
7500.0
-7500.0
7500.0
7500.0
7500.0
7500.0
-7500.0
-7500.0
-7500.0
-6953.723986856519
7500.0
7500.0
7500.0
7500.0
7500.0
7500.0
-7424.242424242425
-7500.0
-6497.263487099299
-5042.967442372281
-4897.9859197251135
-1845.7900804164838
7500.0
2553.3376292641547
7500.0
7500.0
7500.0
7500.0
-7500.0
-7500.0
-7500.0
-7500.0
-7500.0
-7500.0
7500.0
7500.0
7500.0
7500.0
7500.0
7500.0
7500.0
7500.0
-7500.0
7500.0
-7500.0
7500.0
7500.0
7500.0
7500.0
-7500.0
-7500.0
7500.0
7500.0
-7500.0
-7500.0
-6862.891207153503
-5148.655417985094
-3726.0199379323294
-1770.2623729694155
6134.22080545149
7500.0
7500.0
2796.782334885786
7500.0
7500.0
7500.0
-6588.201998326525
-6277.383666906404
-5853.504820649048
-4644.074556202231
-4910.405588793334
-4516.478839850519
-2557.3275231824587
7500.0
7500.0
7500.0
7500.0
7500.0
7500.0
7500.0
-5548.687713959682
-5883.370043072666
-4438.230487294013
-2158.8776324028004
6759.265954694817
6227.285263086425
5447.739313291933
7500.0
7500.0
-6439.39393939394
-3227.7342500799496
-1602.2555871535696
-1954.322981016203
-2855.2315159824625
-3964.536436893175
-3995.642128029056
-4196.003144886698
-4285.025316314495
-5171.397106893226
-631.4588601598662
7500.0
7500.0
7500.0
7500.0
7500.0
7500.0
-7121.765096217652
-7262.184648743467
-7500.0
-7500.0
7500.0
7500.0
7500.0
7500.0
7500.0
-7500.0
-7150.984871356879
-7500.0
-7282.838540449864
-7500.0
-7500.0
-7500.0
-7500.0
7500.0
7500.0
7500.0
7500.0
7500.0
7500.0
7500.0
7500.0
7500.0
-6679.350061703004
-7102.270963233403
-7500.0
-7500.0
7500.0
7500.0
7500.0
7500.0
-6547.988955879297
-6982.532543467814
-6919.2693166794725
-7273.427621865603
-7500.0
-7500.0
-7500.0
7500.0
7500.0
7500.0
7500.0
7500.0
7500.0
7500.0
-7322.9134123480235
-7500.0
-7500.0
-7500.0
-7500.0
-7500.0
7500.0
7500.0
7500.0
7500.0
7500.0
7500.0
7500.0
-7296.887986368378
-7500.0
-7500.0
-7500.0
-7500.0
7500.0
7500.0
7500.0
7500.0
7500.0
7500.0
7500.0
7500.0
-7335.0115846105
-7500.0
-7500.0
-7500.0
-7500.0
7500.0
7500.0
7500.0
7500.0
7500.0
7500.0
-7035.362161322879
-7500.0
-7500.0
-7500.0
-7500.0
-7500.0
-7500.0
7500.0
7500.0
7500.0
7500.0
7500.0
7500.0
7500.0
7500.0
-2301.9378740381867
-262.79500216339056
2265.579375289408
5177.36849460415
-1363.6363636363637
7338.709677419347
-75.75757575757576
6275.51020408162
-530.3030303030304
5694.444444444442
2774.2438380482035
-2348.4848484848485
5793.413173652709
-1742.4242424242427
7500.0