Demand
-7500.0
-7500.0
-7500.0
-7500.0
-7500.0
-7500.0
7500.0
7500.0
7500.0
7500.0
7500.0
7500.0
-7500.0
-7500.0
-7500.0
-7500.0
-7500.0
-7500.0
-7500.0
7500.0
7500.0
7500.0
7500.0
7500.0
7500.0
7500.0
7500.0
7500.0
-7500.0
-7500.0
-7500.0
-7500.0
-7500.0
-7500.0
7500.0
7500.0
7500.0
7500.0
7500.0
7500.0
7500.0
7500.0
-7500.0
-7500.0
-7500.0
-7500.0
-7500.0
7500.0
7500.0
7500.0
7500.0
7500.0
-7500.0
-7500.0
-7296.730125637792
-7264.3975825198195
-7500.0
-7500.0
-7500.0
7500.0
7500.0
7500.0
7500.0
7500.0
7500.0
7500.0
7500.0
7500.0
-7205.578512396691
-7500.0
7500.0
7500.0
7500.0
-7500.0
-7500.0
-7500.0
-7500.0
-7500.0
-7500.0
7500.0
7500.0
7500.0
7500.0
7500.0
7500.0
7500.0
7500.0
7500.0
-7500.0
-7500.0
-7500.0
7500.0
7500.0
7500.0
7500.0
7500.0
-7500.0
-7500.0
-7500.0
-7500.0
-7500.0
-7500.0
-7500.0
7500.0
7500.0
7500.0
7500.0
7500.0
7500.0
7500.0
7500.0
-7041.88247901411
-7500.0
7500.0
7500.0
-7500.0
-7500.0
7500.0
7500.0
7500.0
-7500.0
-7500.0
-7500.0
-7500.0
-4652.847152847176
7500.0
7500.0
7500.0
7500.0
7500.0
-7500.0
-7500.0
-7500.0
-7500.0
-7500.0
-7500.0
7500.0
7500.0
7500.0
7500.0
7500.0
7500.0
7500.0
-7500.0
-7500.0
7500.0
7500.0
7500.0
-6994.821495587223
-7316.566607147295
-6678.299558817531
-7263.809744977269
-7500.0
-7500.0
-7500.0
7500.0
7500.0
7500.0
7500.0
7500.0
7500.0
7500.0
7500.0
7500.0
-7500.0
-7500.0
-7500.0
-7500.0
-7500.0
-7500.0
-7500.0
7500.0
7500.0
7500.0
7500.0
7500.0
7500.0
7500.0
7500.0
-7500.0
-7500.0
-7500.0
-7500.0
-7500.0
-7500.0
7500.0
7500.0
7500.0
7500.0
7500.0
7500.0
7500.0
-7500.0
-7500.0
-7500.0
-7500.0
-6765.734265734269
7500.0
7500.0
7500.0
7500.0
7500.0
7500.0
7500.0
-7500.0
7500.0
-7500.0
-7108.755338621111
-7500.0
-7500.0
-7500.0
7500.0
7500.0
7500.0
7500.0
7500.0
7500.0
-7500.0
-7500.0
-7307.422423202868
-7279.714379750247
-6438.955781472809
-6472.683717706812
-5902.96598904275
325.13952351088255
7500.0
7500.0
7500.0
7500.0
7500.0
7500.0
7500.0
7500.0
-7314.935064935065
-7500.0
-7500.0
-7500.0
7500.0
7500.0
7500.0
7500.0
7500.0
-7500.0
-7500.0
-7030.66001670333
7500.0
7500.0
7500.0
7500.0
7500.0
7500.0
-7500.0
-7500.0
-5638.268916712033
7500.0
7500.0
-2987.1997471555533
7500.0
7500.0
7500.0
-7500.0
-7500.0
7500.0
7500.0
7500.0
7500.0
-6263.83110560326
-5951.574978943341
-5547.99177167014
-5492.948080259339
-5648.811408357911
-5772.607035101724
-3133.550211192947
7500.0
7500.0
7500.0
7500.0
7500.0
7500.0
7500.0
7500.0
-6806.316173786054
-6701.306301912557
-7008.847650896083
-6439.857841718129
-5908.82345215323
7500.0
7500.0
7500.0
7500.0
7500.0
7500.0
-7500.0
-7035.783365570602
-6854.099862574441
-7500.0
7500.0
7500.0
7500.0
7500.0
7500.0
7500.0
-5459.914101646387
-4208.23761629199
7500.0
7500.0
7500.0
7500.0
7500.0
-7500.0
-7500.0
-7500.0
-7500.0
-7500.0
7500.0
7500.0
7500.0
7500.0
7500.0
7500.0
7500.0
-7500.0
-7500.0
-7500.0
-7500.0
-7500.0
-3865.4581891054895
-6527.87261142627
7500.0
7500.0
7500.0
7500.0
7500.0
7500.0
7500.0
7500.0
7500.0
-7500.0
-7500.0
-7500.0
-7500.0
7500.0
7500.0
7500.0
7500.0
7500.0
7500.0
-5195.417789757412
-5209.918704117425
-2406.0000825376333
7500.0
7500.0
7500.0
7500.0
-5252.464403066815
-5097.645967254462
-4621.411835336412
7500.0
7500.0
7500.0
7500.0
-7500.0
-7500.0
-7500.0
-7500.0
-7500.0
-7070.330167345095
-6638.903781497873
7500.0
7500.0
7500.0
7500.0
7500.0
7500.0
7500.0
7500.0
7500.0
-7337.049742710118
7500.0
7500.0
-7500.0
-7500.0
-7500.0
-7500.0
7500.0
7500.0
7500.0
7500.0
-7331.394202326957
-7301.623318715727
-7243.607512151742
-7081.225423920456
-4157.8410635693745
7500.0
7500.0
7500.0
7500.0
7500.0
-5326.87357310578
-4922.566140658018
-1259.195510638885
7500.0
7500.0
7500.0
-6565.691589963435
-7162.477648291231
-7122.015348986535
-7500.0
-7500.0
-7500.0
-7500.0
7500.0
7500.0
7500.0
7500.0
7500.0
7500.0
7500.0
-7500.0
-7500.0
-7500.0
7500.0
7500.0
7500.0
7500.0
-6232.853399470872
-5805.414007897647
-6216.633982903566
-6480.227410812664
-7027.227881382352
-7500.0
-7500.0
-7500.0
7500.0
7500.0
7500.0
7500.0
7500.0
7500.0
7500.0
7500.0
-6129.601803155523
-6025.9698172533135
-6291.481772149835
-7046.802268248233
-7500.0
-7500.0
-7500.0
-7500.0
7500.0
7500.0
7500.0
7500.0
7500.0
7500.0
7500.0
7500.0
7500.0
-7500.0
-7118.917749510734
-7277.1124419710395
-7217.530195909676
-7500.0
-7500.0
7500.0
7500.0
7500.0
7500.0
7500.0
7500.0
7500.0
-7500.0
-6934.131187174487
-6623.102552318391
-7228.809784202185
-6708.926684928298
-7500.0
7500.0
7500.0
7500.0
7500.0
7500.0
7500.0
7500.0
-7136.909636909639
-7095.238188972506
-6799.495044326903
-6933.1057542519175
-7116.958190681335
-4781.76488479975
-4215.839279940783
7500.0
7500.0
7500.0
7500.0
7500.0
7500.0
7500.0
7500.0
-7500.0
-7500.0
-7500.0
-7500.0
7500.0
7500.0
7500.0
7500.0
7500.0
7500.0
7500.0
-6503.496503496504
-5351.882807382142
-4076.415442816342
-4363.770921128573
-3406.172816174252
7500.0
7500.0
7500.0
7500.0
-5933.707350583925
-1787.582326316407
7500.0
7500.0
-6839.895773016793
-6749.6464419671065
-7048.503354524595
-7500.0
-7500.0
7500.0
7500.0
7500.0
7500.0
7500.0
7500.0
-7346.570721027887
-7004.131821867006
-6957.853639545117
-7297.343110215579
-7500.0
-7500.0
-7500.0
-7500.0
7500.0
7500.0
7500.0
7500.0
7500.0
7500.0
7500.0
7500.0
-7500.0
-7500.0
-7500.0
-7500.0
-6765.959266454976
-4722.44417202656
-2926.5838143479796
-443.8806630700801
7500.0
6731.422664900674
7500.0
4155.784624623371
7003.8722258038815
2324.7034903456683
7500.0
7500.0
-6215.251690458303
-5305.8670186078
1042.5033482919084
7500.0
7500.0
7500.0
7500.0
-7500.0
7500.0
7500.0
-7500.0
-7500.0
-6509.4493320299825
-3995.9612003271136
-3240.5819226035073
7500.0
7500.0
7500.0
7500.0
7500.0
-6893.939393939394
-4949.800266311586
-4695.991223264584
-1842.4701687106149
757.4494297525343
490.9227854852488
-460.72385207282696
-1450.4123423045676
847.9046737342155
7500.0
1124.9676214688502
7500.0
7500.0
7500.0
-7500.0
-7500.0
-7500.0
-7500.0
-6721.615294576672
7500.0
7500.0
7500.0
7500.0
7500.0
7500.0
7500.0
-7500.0
-7500.0
-7500.0
-6956.452638270823
-7500.0
-6526.981950640531
7500.0
7500.0
7500.0
7500.0
7500.0
7500.0
7500.0
-7500.0
-7500.0
-7500.0
-7245.781610049808
-6535.855115339233
-5214.3555587303545
-3289.2907028018235
5917.643730139247
7500.0
7500.0
7500.0
7500.0
7500.0
7500.0
7500.0
7500.0
-6606.583072100313
7500.0
7500.0
7500.0
-7500.0
-7500.0
-7500.0
-7500.0
-7500.0
7500.0
7500.0
7500.0
7500.0
7500.0
7500.0
7500.0
-7500.0
-7500.0
-7500.0
-7500.0
-7500.0
-7500.0
-5568.887634105025
7500.0
5438.716044741055
7500.0
7500.0
7500.0
7500.0
7500.0
7500.0
-7500.0
-7500.0
-7500.0
-7270.16129032258
-6065.769803374915
-5929.595477918048
-6059.335445328135
7500.0
7500.0
7500.0
7500.0
7500.0
7500.0
7500.0
7500.0
-7190.24144088192
-7332.183510661755
-6754.811686746281
-6863.782009359844
-7500.0
-7500.0
-7500.0
7500.0
7500.0
7500.0
7500.0
7500.0
7500.0
7500.0
7500.0
-3812.0057512580897
-2926.8105402249125
-2841.10638831697
42.0151108026771
3614.4274224816927
6716.426038337704
7500.0
-1363.6363636363637
7500.0
-75.75757575757576
7500.0
7500.0
-2045.4545454545457
2754.2372881355936
-2348.4848484848485
4116.2790697674445
-1742.4242424242427
4723.880597014928