Demand
7500.0
7500.0
7500.0
7500.0
7500.0
7500.0
7500.0
7500.0
7500.0
7500.0
7500.0
7500.0
7500.0
7500.0
7500.0
-7500.0
-7500.0
-7500.0
7500.0
7500.0
7500.0
7500.0
7500.0
7500.0
7500.0
7500.0
7500.0
7500.0
7500.0
7500.0
7500.0
7500.0
-7500.0
-7500.0
7500.0
7500.0
7500.0
-7500.0
7500.0
7500.0
-6995.500914526045
-7133.70608295423
-7500.0
-7500.0
-7500.0
-7500.0
-7500.0
7500.0
7500.0
7500.0
7500.0
7500.0
7500.0
7500.0
7500.0
7500.0
-7500.0
-7500.0
-7500.0
-7500.0
7500.0
7500.0
7500.0
7500.0
7500.0
7500.0
7500.0
-7500.0
-7304.164089878375
-7500.0
-7500.0
-7500.0
7500.0
7500.0
7500.0
7500.0
7500.0
7500.0
7500.0
-7500.0
-7500.0
7500.0
7500.0
7500.0
7500.0
-7500.0
7500.0
7500.0
-7500.0
-7500.0
7500.0
7500.0
7500.0
7500.0
-7500.0
-7500.0
-7500.0
7500.0
7500.0
7500.0
7500.0
7500.0
-7500.0
-7500.0
-7500.0
-7500.0
-7500.0
-6610.417479516196
7500.0
7500.0
7500.0
7500.0
7500.0
7500.0
7500.0
7500.0
-7500.0
-7500.0
-7500.0
-7500.0
-7500.0
7500.0
7500.0
7500.0
7500.0
7500.0
7500.0
-7500.0
-7500.0
-7500.0
7500.0
7500.0
7500.0
7500.0
-7500.0
-7500.0
-7500.0
-7500.0
-7500.0
-7500.0
7500.0
7500.0
7500.0
7500.0
7500.0
7500.0
7500.0
7500.0
-6965.958775765148
-7296.180166574924
-6501.173626174297
-7162.749891626772
-7500.0
7500.0
7500.0
7500.0
7500.0
7500.0
7500.0
7500.0
-7500.0
-7500.0
-7500.0
7500.0
7500.0
7500.0
7500.0
7500.0
-7500.0
-7500.0
-7500.0
-7500.0
7500.0
7500.0
7500.0
7500.0
7500.0
7500.0
-7500.0
-7500.0
-7500.0
-7500.0
7500.0
7500.0
7500.0
7500.0
7500.0
7500.0
-7500.0
7500.0
7500.0
7500.0
7500.0
-7500.0
-7500.0
-7500.0
-7268.49658160157
-7216.778145520957
-7500.0
-7500.0
7500.0
7500.0
7500.0
7500.0
7500.0
7500.0
7500.0
7500.0
7500.0
-7500.0
-7500.0
-7500.0
-7500.0
-7500.0
-7500.0
7500.0
7500.0
7500.0
7500.0
7500.0
7500.0
7500.0
-6904.768811278065
-6809.688493550571
-6080.028701684303
-7113.09549768527
-7500.0
7500.0
7500.0
7500.0
7500.0
7500.0
7500.0
7500.0
7500.0
-7500.0
-7500.0
7500.0
7500.0
7500.0
7500.0
-7500.0
-7500.0
-7500.0
-7233.7195178921775
-7500.0
-7500.0
7500.0
7500.0
7500.0
7500.0
7500.0
7500.0
7500.0
7500.0
-4894.881170018285
-5148.162174903751
7500.0
7500.0
7500.0
7500.0
-7500.0
-7500.0
-7500.0
-7500.0
-7500.0
-2059.0909090909167
7500.0
7500.0
7500.0
1972.8445123977822
7500.0
7500.0
7500.0
7500.0
7500.0
-7500.0
7500.0
7500.0
-7500.0
7500.0
-4045.4545454545605
7500.0
-7135.897523251459
-6895.812081319718
-7042.627805485121
-7500.0
-7500.0
-7500.0
-7500.0
7500.0
7500.0
7500.0
7500.0
7500.0
7500.0
7500.0
7500.0
7500.0
-7500.0
-7500.0
-6986.067755678838
-4060.6711481450675
-2998.4541340838296
-247.04365368644176
7500.0
7500.0
7500.0
7500.0
7500.0
7500.0
7500.0
-7500.0
-7500.0
-7500.0
-7500.0
-7500.0
-7500.0
-7500.0
7500.0
7500.0
7500.0
7500.0
7500.0
7500.0
7500.0
7500.0
7500.0
-6966.215242760409
-7301.1035058638445
-7500.0
-7500.0
-7500.0
-7500.0
7500.0
7500.0
7500.0
7500.0
7500.0
7500.0
7500.0
7500.0
-7333.152128460317
-7500.0
-6875.602695777312
-7011.166161237015
-5018.244121335323
-2834.4111770606905
-2221.6080410047493
7500.0
7500.0
7500.0
7500.0
6786.155580121171
658.5293784952278
7500.0
7500.0
-6807.111226882002
-7118.940390559246
-7500.0
-7500.0
-7500.0
-7500.0
-7500.0
7500.0
7500.0
7500.0
7500.0
7500.0
7500.0
7500.0
7500.0
-7500.0
-7500.0
-7500.0
-7039.07437157887
-7500.0
-7138.32263668666
-6929.618424385069
-7500.0
7500.0
7500.0
7500.0
7500.0
7500.0
7500.0
7500.0
7500.0
7500.0
-7323.484419197854
-7283.128056138183
-7188.60220564006
-6711.603837941893
7500.0
7500.0
7500.0
7500.0
7500.0
-5446.230598669625
-5497.430259244857
-4644.560624690033
-4814.032069230325
-4970.27617799222
-5106.060592077141
-5778.633740657533
-6723.161384871153
-5998.280595393211
7500.0
7500.0
7500.0
7500.0
7500.0
7500.0
7500.0
7500.0
-7342.017738359202
-7500.0
-7500.0
-7500.0
-7500.0
-7500.0
7500.0
7500.0
7500.0
7500.0
7500.0
7500.0
7500.0
-6664.222873900295
-7132.507266144536
-7500.0
-7500.0
-7500.0
-7500.0
7500.0
7500.0
7500.0
7500.0
7500.0
7500.0
7500.0
7500.0
-6274.649634131218
-6510.336384012508
-7135.8996130763335
-7500.0
-7500.0
-7500.0
-7500.0
7500.0
7500.0
7500.0
7500.0
7500.0
7500.0
7500.0
-7500.0
-7500.0
-7500.0
-6795.523207909919
-6883.230821786825
7500.0
-7500.0
7500.0
7500.0
7500.0
7500.0
7500.0
7500.0
-7500.0
-7500.0
-7500.0
-6373.7716125751285
-4423.464314991528
7500.0
7500.0
7500.0
7500.0
7500.0
7500.0
7500.0
-7500.0
-7500.0
-7500.0
-6457.680250783706
2945.497630331724
7500.0
7500.0
7500.0
7500.0
7500.0
7500.0
-7500.0
-6924.54689678381
-7500.0
-6990.363232096743
-7500.0
-7500.0
-7500.0
7500.0
7500.0
7500.0
7500.0
7500.0
7500.0
7500.0
7500.0
7500.0
-7327.272727272728
-6868.758780422981
-5754.400029937506
-1361.202722569616
7500.0
7500.0
-612.6590535922596
7500.0
7500.0
-6471.861471861475
-4869.412473863658
-4447.524528959451
2094.865441769548
7500.0
7500.0
7500.0
1298.9036949200522
7500.0
-7500.0
7500.0
7500.0
7500.0
-7500.0
-7500.0
-7500.0
-6918.7062937062965
7500.0
7500.0
7500.0
7500.0
7500.0
7500.0
7500.0
-7500.0
-7500.0
7500.0
7500.0
7500.0
-7500.0
-7500.0
-7500.0
-7500.0
-7500.0
7500.0
7500.0
7500.0
7500.0
7500.0
7500.0
-5771.115258982736
-5472.793174619133
-5101.381119257243
-3996.898531862735
-4219.702925206728
-4937.52331394164
-4643.322888955223
-1005.1599500140346
7500.0
7500.0
7500.0
7500.0
7500.0
7500.0
-7161.023668873648
-7500.0
-7500.0
-7500.0
-7500.0
-7500.0
-7500.0
7500.0
7500.0
7500.0
7500.0
7500.0
7500.0
7500.0
7500.0
7500.0
-4963.44564526383
-4606.38071275477
-1261.6383355276557
2233.5584475663277
2049.561985827786
1298.3463597820828
1851.473380707616
7500.0
7500.0
-6818.181818181819
-673.6526946107797
7500.0
7500.0
7500.0
-7500.0
-7500.0
-7500.0
-7282.09343221959
-6952.604453798491
-7103.266976053244
-7500.0
7500.0
7500.0
7500.0
7500.0
7500.0
7500.0
7500.0
-7033.1695331695355
-7500.0
7500.0
7500.0
7500.0
7500.0
7500.0
7500.0
-7500.0
-7500.0
-7500.0
7500.0
7500.0
7500.0
7500.0
-6583.404802744428
-6491.807211913334
-7044.804976032576
-7500.0
-7500.0
-7500.0
-7500.0
7500.0
7500.0
7500.0
7500.0
7500.0
7500.0
7500.0
7500.0
7500.0
-7500.0
-7500.0
7500.0
7500.0
7500.0
-7500.0
-7500.0
-6916.16301255207
7500.0
7500.0
7500.0
7500.0
7500.0
7500.0
-7500.0
7500.0
7500.0
-7019.8067994608355
-7154.042730028863
-7117.86787002993
-7282.512439243874
-7500.0
-7500.0
-7500.0
-7500.0
7500.0
7500.0
7500.0
7500.0
7500.0
7500.0
7500.0
7500.0
-7257.580044397671
-7500.0
7500.0
7500.0
7500.0
-7500.0
-7500.0
-7500.0
-3576.4450647145513
7500.0
7500.0
7500.0
7500.0
7500.0
-7500.0
-7500.0
-7500.0
-7500.0
-7500.0
-4880.875212233765
7500.0
7500.0
7500.0
7500.0
7500.0
7500.0
7500.0
-964.3734643734665
1257.587719865909
4041.8944540203447
-1363.6363636363637
7103.174603174597
-75.75757575757576
6205.583756345171
-530.3030303030304
7500.0
3774.725274725275
3176.8610980073868
-1893.939393939394
5073.5294117647045
-1590.909090909091