Demand
-7500.0
7500.0
7500.0
7500.0
7500.0
7500.0
7500.0
7500.0
7500.0
7500.0
7500.0
7500.0
7500.0
7500.0
-7500.0
-7500.0
7500.0
7500.0
7500.0
7500.0
7500.0
-7500.0
7500.0
-7500.0
-7500.0
-7500.0
-7500.0
-7500.0
-7500.0
7500.0
7500.0
7500.0
7500.0
7500.0
7500.0
7500.0
-7500.0
-7500.0
-7500.0
-7500.0
-6533.374907633603
-6582.149011749836
-7500.0
7500.0
7500.0
7500.0
7500.0
7500.0
7500.0
7500.0
7500.0
7500.0
-7500.0
-7500.0
-7207.792207792207
-6841.279799247181
7500.0
7500.0
7500.0
7500.0
7500.0
-7500.0
-7500.0
-7500.0
-7500.0
-7500.0
7500.0
7500.0
7500.0
7500.0
7500.0
7500.0
7500.0
-7500.0
-7500.0
-7500.0
-7500.0
7500.0
7500.0
7500.0
7500.0
7500.0
7500.0
-7500.0
-7500.0
-7500.0
-7500.0
7500.0
7500.0
7500.0
7500.0
7500.0
7500.0
-7500.0
-7500.0
-7500.0
-7500.0
7500.0
7500.0
7500.0
7500.0
7500.0
-7500.0
-7500.0
-7500.0
-7500.0
-7500.0
-6914.956011730208
7500.0
7500.0
7500.0
7500.0
7500.0
7500.0
7500.0
-7500.0
-7500.0
-7500.0
7500.0
7500.0
7500.0
7500.0
-7500.0
-7500.0
-7011.725024092517
-7500.0
-7500.0
7500.0
7500.0
7500.0
7500.0
7500.0
7500.0
-7500.0
-7500.0
-7500.0
-7500.0
-7500.0
-7500.0
-7500.0
7500.0
7500.0
7500.0
7500.0
7500.0
7500.0
7500.0
7500.0
-7036.585365853658
-7328.820854761858
-6706.50610055407
-7256.596563793588
-7500.0
-7500.0
7500.0
7500.0
7500.0
7500.0
7500.0
7500.0
-7500.0
-7500.0
-7500.0
7500.0
7500.0
7500.0
7500.0
7500.0
-7500.0
-7500.0
-7500.0
-7500.0
-7500.0
-7500.0
-7500.0
7500.0
7500.0
7500.0
7500.0
7500.0
7500.0
7500.0
7500.0
7500.0
-7500.0
-7500.0
-7500.0
-7500.0
-7500.0
7500.0
7500.0
7500.0
7500.0
7500.0
7500.0
7500.0
-7347.414070028912
-7328.477067185753
-7500.0
-7500.0
-7500.0
7500.0
7500.0
7500.0
7500.0
7500.0
7500.0
-7158.478130617137
-7500.0
-7500.0
-7500.0
-7500.0
7500.0
7500.0
7500.0
7500.0
7500.0
7500.0
7500.0
-7343.121480289623
-7328.091853379425
-6724.75155354217
-6821.853328396515
-6646.514575464396
-5415.152308284438
-6604.941719227976
7500.0
7500.0
7500.0
7500.0
7500.0
7500.0
7500.0
7500.0
7500.0
-7500.0
-7500.0
-7500.0
7500.0
7500.0
7500.0
7500.0
7500.0
-7500.0
-7303.867593420962
-7500.0
-7500.0
-7500.0
7500.0
7500.0
7500.0
7500.0
7500.0
7500.0
7500.0
-5781.653746770027
-6413.13113064615
-7021.05251102367
-7500.0
7500.0
7500.0
7500.0
7500.0
-7500.0
-7500.0
7500.0
7500.0
7500.0
7500.0
-6124.296057924377
-6357.994676627128
-6622.769317669312
-6143.35256163204
-6365.990991599792
-5937.810514373314
7500.0
7500.0
7500.0
7500.0
7500.0
7500.0
7500.0
-6775.270184361094
7500.0
-6861.603809543702
-6857.220957550611
-7500.0
7500.0
7500.0
7500.0
7500.0
-7500.0
-7500.0
-6897.256352238579
-6569.435060661974
-7500.0
7500.0
7500.0
7500.0
7500.0
7500.0
7500.0
7500.0
-5705.871493884257
-5865.43921590185
-6305.117564154951
-6543.217452516172
-7500.0
7500.0
7500.0
7500.0
7500.0
7500.0
7500.0
-7500.0
-7500.0
-7500.0
-7500.0
-7500.0
-7500.0
-7500.0
7500.0
7500.0
7500.0
7500.0
7500.0
7500.0
7500.0
7500.0
7500.0
-7500.0
7500.0
7500.0
7500.0
-7073.512906846243
-7500.0
-7500.0
7500.0
7500.0
7500.0
7500.0
7500.0
7500.0
-7500.0
-6609.143005991144
-1808.1002203168991
7500.0
7500.0
7500.0
-6257.829497519442
-5168.396412451448
-4271.767407431982
-3220.6407143528013
-3891.9112638875977
-4588.279791894294
-4475.858624344251
-4421.15017575473
-3075.5654412588283
7500.0
7500.0
7500.0
7500.0
7500.0
7500.0
-7500.0
-7500.0
-7255.574614065179
-7067.56617482866
7500.0
7500.0
7500.0
7500.0
7500.0
-7500.0
-7500.0
-7069.616430081549
-7500.0
-7108.7811607504245
-6578.120777384078
7500.0
7500.0
7500.0
7500.0
7500.0
7500.0
7500.0
-7500.0
-7500.0
-7285.875281743052
-7195.116650187947
-6759.034792914377
7500.0
7500.0
7500.0
7500.0
7500.0
-5743.6974789915985
-5228.872167484107
-4958.669470222305
-4763.027068945337
-2887.8684449342986
-1952.6841043215863
1292.3729201998653
7500.0
5721.833851648153
7500.0
7500.0
7500.0
-7500.0
-7500.0
-7500.0
-7500.0
-5189.635205558783
7500.0
7500.0
7500.0
7500.0
7500.0
7500.0
7500.0
-7500.0
7500.0
7500.0
-6230.983302411876
-6686.837368267683
-5578.091941946768
-4511.61280857768
-4635.01645548845
-3553.0228362578055
7500.0
7500.0
7500.0
7500.0
7500.0
7500.0
7500.0
-7500.0
-6961.029312440902
-6303.692173945168
-5464.313698404094
-5386.88925568754
-4860.110810143773
-3793.8951004325318
-2441.3923846509856
7500.0
-7500.0
7500.0
7500.0
7500.0
7500.0
7500.0
7500.0
-7500.0
-7500.0
-7500.0
-7500.0
-7500.0
7500.0
7500.0
7500.0
7500.0
7500.0
7500.0
7500.0
7500.0
-7500.0
-7500.0
-7500.0
-7500.0
-7500.0
-7500.0
-7500.0
7500.0
7500.0
7500.0
7500.0
7500.0
7500.0
7500.0
-7500.0
7500.0
7500.0
-7500.0
-7500.0
-7071.10610313058
-6967.59748737771
-6361.346154035698
-5923.341053119229
7500.0
7500.0
7500.0
7500.0
7500.0
7500.0
7500.0
-6331.168831168838
7500.0
7500.0
7500.0
-7500.0
-7500.0
-7500.0
7500.0
7500.0
7500.0
7500.0
-7500.0
-7500.0
-7280.120869229784
-6706.137896057418
-5435.8411885265705
-1901.7161040502365
4401.6239829371025
1925.6212378354066
5994.849742334567
3515.0589864047197
7500.0
7500.0
7500.0
7500.0
7500.0
7500.0
7500.0
7500.0
-6827.909444640962
-7116.263839893823
-7500.0
-7500.0
-7500.0
7500.0
7500.0
7500.0
7500.0
7500.0
7500.0
-6778.967785461293
-6043.338788430981
7500.0
7500.0
7500.0
7500.0
-7500.0
-7500.0
-7500.0
-7500.0
7500.0
7500.0
7500.0
7500.0
7500.0
-7500.0
-7500.0
7500.0
7500.0
7500.0
-6040.789623392879
-5589.327526363064
-5429.974852965832
-5004.458549575062
-4437.834943569376
-2803.048711382833
-2855.182446948323
-3503.2078293908253
-1618.7935962181923
7500.0
7500.0
7500.0
7500.0
7500.0
7500.0
-7121.212121212122
-7045.212765957449
-7500.0
-7500.0
7500.0
7500.0
7500.0
7500.0
-6802.505598066249
-5543.802870882664
-5935.859229352069
-4766.884123681115
-3524.3222966490703
-1306.8978199026205
6593.176722780199
4082.6751763799384
7500.0
7500.0
7500.0
7500.0
-5000.000000000001
-1245.4279444038043
-2174.4097101684124
-3314.1763932420727
-3061.386766708225
-2765.3251988887678
-1298.780498629339
7500.0
-3355.084546472713
7500.0
7500.0
7500.0
7500.0
-7500.0
-7328.180252818844
-7112.620370040442
-7272.379266515578
-7500.0
-7500.0
-7500.0
7500.0
7500.0
7500.0
7500.0
7500.0
7500.0
7500.0
-6939.4812014130985
7500.0
7500.0
-7500.0
-7500.0
-7500.0
7500.0
7500.0
7500.0
7500.0
-7500.0
-7310.9272337509265
-6749.661317602848
-5316.4918805351135
7500.0
7500.0
-7500.0
7500.0
7500.0
-7500.0
-7500.0
-7500.0
-5799.982737436545
-6355.4362799069095
-5394.180928612326
7500.0
-7500.0
7500.0
7500.0
7500.0
7500.0
7500.0
7500.0
-7500.0
-7500.0
-7500.0
-6687.37116709882
7500.0
7500.0
7500.0
7500.0
7500.0
7500.0
7500.0
7500.0
-7500.0
-6861.320684245909
-6975.737840789385
-6759.09867309957
-6726.2894885867245
7500.0
7500.0
7500.0
7500.0
7500.0
7500.0
7500.0
-7500.0
-7310.997513125172
-6409.9748260053875
-6453.339136831144
-6806.033031906345
-6900.682842637449
-7500.0
7500.0
7500.0
7500.0
7500.0
7500.0
7500.0
7500.0
-7316.308288870123
-6646.112714715919
-6715.025255370734
-7500.0
-7500.0
7500.0
7500.0
7500.0
7500.0
7500.0
7500.0
7500.0
-5988.50913376547
-5262.3778645612765
-2829.9094712201622
-1495.282343283578
-1159.244555324552
3304.0211587281938
7416.150278521158
7500.0
7500.0
-1363.6363636363637
7500.0
-75.75757575757576
7500.0
6549.564634963157
-2045.4545454545457
2976.190476190479
-2348.4848484848485
4664.383561643843
-1742.4242424242427
5871.428571428583