Demand
7500.0
7500.0
7500.0
7500.0
7500.0
7500.0
7500.0
7500.0
7500.0
7500.0
-7500.0
-7500.0
-7500.0
7500.0
7500.0
7500.0
7500.0
7500.0
-7500.0
-7500.0
-7500.0
7500.0
7500.0
7500.0
7500.0
7500.0
-7500.0
-7500.0
-7500.0
-7500.0
7500.0
7500.0
7500.0
7500.0
7500.0
-7500.0
-7500.0
7500.0
7500.0
7500.0
7500.0
-6942.815249266865
-7500.0
7500.0
7500.0
7500.0
-7500.0
-7500.0
-7500.0
7500.0
7500.0
7500.0
7500.0
-7500.0
-7295.0007292398695
-7216.00136746765
-7500.0
7500.0
7500.0
7500.0
7500.0
7500.0
-7500.0
-7500.0
7500.0
7500.0
7500.0
-7500.0
-7325.211114780395
-7500.0
-7500.0
-7500.0
-7500.0
-7500.0
7500.0
7500.0
7500.0
7500.0
7500.0
7500.0
7500.0
7500.0
-7500.0
-7500.0
-7500.0
-7500.0
-7500.0
7500.0
7500.0
7500.0
7500.0
7500.0
-7500.0
-7500.0
-7500.0
-7500.0
-7500.0
7500.0
7500.0
7500.0
7500.0
7500.0
7500.0
-7500.0
-7500.0
-7500.0
-7500.0
-6126.03305785124
7500.0
7500.0
7500.0
7500.0
7500.0
7500.0
7500.0
-7500.0
-7500.0
-7500.0
7500.0
7500.0
7500.0
7500.0
-7500.0
-7500.0
-6516.11047180668
7500.0
7500.0
7500.0
7500.0
7500.0
7500.0
-7500.0
-7500.0
-7500.0
-7500.0
-7500.0
-7500.0
7500.0
7500.0
7500.0
7500.0
7500.0
7500.0
7500.0
7500.0
7500.0
-7500.0
-7500.0
-6865.491651205937
-7250.539794761069
-6214.43543616372
-7027.460609386635
-7500.0
7500.0
7500.0
7500.0
7500.0
7500.0
7500.0
7500.0
7500.0
-7500.0
-7500.0
-7500.0
-7500.0
7500.0
7500.0
7500.0
7500.0
-7500.0
-7500.0
-7500.0
-7500.0
-7500.0
7500.0
7500.0
7500.0
7500.0
7500.0
7500.0
-7500.0
7500.0
-7500.0
-7500.0
-7500.0
-7500.0
-7500.0
-7500.0
7500.0
7500.0
7500.0
7500.0
7500.0
7500.0
7500.0
-7500.0
-7306.759505554688
-7278.77629899702
-7500.0
-7500.0
-7500.0
-7500.0
7500.0
7500.0
7500.0
7500.0
7500.0
7500.0
7500.0
7500.0
-7500.0
-7500.0
-7500.0
7500.0
7500.0
7500.0
7500.0
7500.0
-7500.0
-7293.233805172022
-7227.33999143011
-5612.159638517183
5274.232338345631
7500.0
7500.0
7500.0
7500.0
7500.0
-7500.0
-7500.0
-7500.0
-6115.54476058293
-6772.099250035746
7500.0
7500.0
7500.0
7500.0
7500.0
7500.0
-7500.0
-7500.0
7500.0
7500.0
7500.0
-7325.056779817078
-7500.0
-7500.0
-7500.0
-7500.0
7500.0
7500.0
7500.0
7500.0
7500.0
7500.0
-5731.374124163945
-6465.9237273005965
-7119.890052320734
-7500.0
-7500.0
-7500.0
-7500.0
7500.0
7500.0
7500.0
7500.0
7500.0
7500.0
7500.0
7500.0
-6445.355865301593
-6693.174523776195
-6255.031281491589
-6451.305299810279
-5951.162268636332
7500.0
7500.0
7500.0
7500.0
7500.0
7500.0
-6629.106187929719
7500.0
7500.0
7500.0
-7155.005447282414
-7500.0
-7500.0
-7500.0
-7500.0
-7500.0
-7500.0
7500.0
7500.0
7500.0
7500.0
7500.0
7500.0
7500.0
7500.0
7500.0
-7003.340110368867
-3113.4441384736506
7500.0
2700.942192118868
7500.0
7500.0
7500.0
-7500.0
7500.0
7500.0
7500.0
-7500.0
-7500.0
-7500.0
-7500.0
-7500.0
7500.0
7500.0
7500.0
7500.0
7500.0
-7500.0
-7500.0
-7500.0
-7500.0
-4879.979570990812
-6891.691972864166
7500.0
4831.898838677618
7500.0
7500.0
7500.0
7500.0
7500.0
7500.0
-7500.0
-7500.0
-7500.0
-7500.0
-7500.0
-7500.0
7500.0
7500.0
7500.0
7500.0
7500.0
7500.0
7500.0
-5764.462809917355
-3421.1300765156066
694.2250381290451
7500.0
2711.7170054605426
7500.0
5311.086407292254
7500.0
-6804.453935326417
-6923.940420259645
7500.0
7500.0
7500.0
-7500.0
-7500.0
-7500.0
-7500.0
-7214.142427281846
-7108.338572347955
-7500.0
7500.0
7500.0
7500.0
7500.0
7500.0
7500.0
7500.0
7500.0
7500.0
-7310.328763476642
-7500.0
-7500.0
7500.0
7500.0
7500.0
-7500.0
-7500.0
-7500.0
-7500.0
-6465.873552756013
7500.0
7500.0
7500.0
7500.0
7500.0
7500.0
7500.0
7500.0
7500.0
-5498.108874780495
-5553.284176901358
-4733.76632527957
-4907.806728290789
-5071.339548558868
-5219.222402803633
-5879.965560977225
-6787.46395762192
-6239.056559510722
-7500.0
7500.0
7500.0
7500.0
7500.0
7500.0
7500.0
7500.0
-7232.307629381034
-7500.0
7500.0
7500.0
7500.0
7500.0
7500.0
7500.0
-6313.582841057767
-6766.49535521098
-5869.683271540562
-5193.4593788362745
-5615.318982926143
-5794.344280027231
-6478.156179157248
-7500.0
7500.0
7500.0
7500.0
7500.0
7500.0
7500.0
7500.0
7500.0
7500.0
7500.0
-6160.851425498044
-6056.47085722086
-6312.02472530235
-7051.429960601083
-7500.0
-7500.0
-7500.0
-7500.0
7500.0
7500.0
7500.0
7500.0
7500.0
7500.0
7500.0
7500.0
-7500.0
-7500.0
-6532.793457906808
7500.0
7500.0
-7500.0
7500.0
7500.0
7500.0
-7500.0
-7500.0
-7500.0
-7500.0
7500.0
7500.0
7500.0
7500.0
7500.0
-7144.800768682862
-7500.0
-7500.0
-7500.0
-7500.0
-7500.0
7500.0
7500.0
7500.0
7500.0
7500.0
7500.0
7500.0
7500.0
-6819.673761686892
-7301.560117308756
-7500.0
-7500.0
7500.0
-7500.0
7500.0
7500.0
7500.0
7500.0
-7500.0
-7500.0
-7500.0
-7500.0
7500.0
7500.0
7500.0
7500.0
7500.0
-7315.784324347042
-6880.558941337371
-6068.733403172639
-4346.051454061111
-2489.2775625407867
-3270.1286519086807
-4191.41398471781
7500.0
7500.0
7500.0
7500.0
7500.0
7500.0
7500.0
7500.0
-6831.378299120237
-6705.629504419165
-6972.459814181355
-7500.0
7500.0
7500.0
7500.0
7500.0
7500.0
-7500.0
-7299.819385912102
-7226.583967343831
-5830.585495936335
7500.0
7500.0
7500.0
7500.0
7500.0
-7500.0
-7500.0
-7500.0
-7500.0
-7500.0
-7500.0
7500.0
7500.0
7500.0
7500.0
7500.0
7500.0
7500.0
7500.0
-6059.797866367211
-5563.643760960515
-5315.134912233261
-4679.324740130227
-3597.2007592383575
27.085840418065345
2535.991038800728
6311.260564071043
5957.414686718741
7500.0
7500.0
-7045.454545454546
-6254.577992342267
-5561.069209470297
-6001.095412457771
-6271.248151137264
-6900.730129538137
-7500.0
-7500.0
7500.0
7500.0
7500.0
7500.0
7500.0
7500.0
7500.0
7500.0
7500.0
-4916.918429003021
-3739.0562457142023
105.17404450216554
7500.0
7500.0
7500.0
7500.0
-2085.492227979275
-2381.1463700855347
-3172.3368594648073
-4143.616775664588
-4031.611367769905
-3922.4679911449693
-3032.9818985317665
7500.0
-3772.4130085828215
7500.0
7500.0
7500.0
-7500.0
-7500.0
-7309.47483175589
-7065.218315317419
-7240.460294866172
-7500.0
-7500.0
-7500.0
7500.0
7500.0
7500.0
7500.0
7500.0
7500.0
7500.0
7500.0
-7500.0
-7500.0
-7500.0
-7500.0
7500.0
7500.0
7500.0
7500.0
7500.0
7500.0
-7338.068181818182
-6959.439653593066
-6465.305798323867
-6251.178996653105
-6831.465605428319
-7500.0
7500.0
7500.0
7500.0
7500.0
7500.0
7500.0
7500.0
-7040.075309306079
-7328.35173154945
-7500.0
-7500.0
-7500.0
7500.0
7500.0
7500.0
7500.0
7500.0
7500.0
-7500.0
-7330.574355222243
-7500.0
-7500.0
-7500.0
-7500.0
-7500.0
7500.0
7500.0
7500.0
7500.0
7500.0
7500.0
7500.0
7500.0
-7500.0
-7500.0
7500.0
7500.0
-7500.0
-7500.0
-7500.0
-7500.0
-7219.764011799414
-5598.804321774052
-5063.005026467747
-3195.2761561566185
7500.0
7500.0
7500.0
7500.0
7500.0
7500.0
7500.0
7500.0
-7179.475164011248
-7326.4718507597845
-6731.124754304705
-6846.735751899656
-7500.0
-7500.0
-7500.0
-7500.0
7500.0
7500.0
7500.0
7500.0
7500.0
7500.0
7500.0
7500.0
-1618.93962848631
-546.109203593146
7500.0
6159.808253670242
3566.267632096049
-1893.939393939394
5204.542119166421
-530.3030303030304
7429.687500000001
-681.8181818181819
6555.555555555555
-2045.4545454545457
2812.500000000002
-2348.4848484848485
4237.160120845925
-1742.4242424242427
4894.067796610174