Demand
7500.0
7500.0
7500.0
7500.0
7500.0
7500.0
7500.0
7500.0
7500.0
7500.0
7500.0
7500.0
7500.0
7500.0
7500.0
-7500.0
7500.0
7500.0
-7500.0
-7500.0
-7500.0
-7500.0
7500.0
7500.0
7500.0
7500.0
7500.0
-7500.0
-7500.0
-7500.0
7500.0
7500.0
7500.0
7500.0
7500.0
7500.0
7500.0
7500.0
-7500.0
-7500.0
7500.0
7500.0
7500.0
7500.0
-7500.0
-7500.0
-7500.0
7500.0
7500.0
7500.0
7500.0
7500.0
-7500.0
-7500.0
-7291.727565039464
-7242.837413567497
-7500.0
-7500.0
7500.0
7500.0
7500.0
7500.0
7500.0
7500.0
7500.0
-7500.0
-7500.0
-7500.0
-7200.472937467157
-7500.0
-7500.0
7500.0
7500.0
7500.0
7500.0
7500.0
7500.0
7500.0
7500.0
7500.0
7500.0
-7500.0
-7500.0
-7500.0
7500.0
7500.0
7500.0
-7500.0
-7500.0
-7500.0
7500.0
7500.0
7500.0
7500.0
7500.0
7500.0
7500.0
-7500.0
-7500.0
-7500.0
-7500.0
-7500.0
7500.0
7500.0
7500.0
7500.0
7500.0
7500.0
-7500.0
7500.0
7500.0
7500.0
-7500.0
7500.0
-7500.0
-7500.0
7500.0
7500.0
7500.0
7500.0
-7500.0
-7500.0
-7500.0
-7500.0
-6780.303030303034
-7500.0
7500.0
7500.0
7500.0
7500.0
7500.0
7500.0
7500.0
-7500.0
-7500.0
-7500.0
-7500.0
-7500.0
-7500.0
-7500.0
7500.0
7500.0
7500.0
7500.0
7500.0
7500.0
7500.0
7500.0
7500.0
7500.0
-6804.453935326417
-7290.538931269737
-7500.0
-7500.0
7500.0
7500.0
7500.0
7500.0
7500.0
-7500.0
-7500.0
7500.0
7500.0
-7500.0
7500.0
7500.0
-7500.0
-7500.0
-7500.0
-7500.0
-7500.0
7500.0
7500.0
7500.0
7500.0
7500.0
7500.0
7500.0
-7500.0
7500.0
7500.0
7500.0
-7500.0
-7500.0
-7500.0
-7500.0
7500.0
7500.0
7500.0
7500.0
7500.0
7500.0
-7500.0
-7500.0
-7500.0
-7500.0
-7230.674730674733
-7127.588736186617
-7500.0
7500.0
7500.0
7500.0
7500.0
7500.0
7500.0
7500.0
7500.0
-7155.529655529657
-7500.0
-7500.0
-7500.0
7500.0
7500.0
7500.0
7500.0
-7500.0
-7500.0
-7500.0
-7500.0
-7108.001546545942
-6708.252612080818
7500.0
7500.0
7500.0
7500.0
7500.0
7500.0
7500.0
7500.0
-7500.0
-7500.0
-6108.907870652838
7500.0
7500.0
7500.0
7500.0
-7500.0
-7500.0
-7500.0
-7500.0
-7500.0
-7500.0
7500.0
7500.0
7500.0
7500.0
7500.0
7500.0
7500.0
7500.0
7500.0
7500.0
7500.0
7500.0
7500.0
7500.0
-6292.846497764533
-7009.136630343675
-7500.0
-7500.0
7500.0
7500.0
7500.0
7500.0
7500.0
7500.0
-6266.23376623377
-5886.4662667655175
-5307.716392767345
-4904.003244482668
-4121.670063196494
7500.0
7500.0
7500.0
1822.2026891504097
7500.0
7500.0
-7172.727272727274
-7500.0
-7500.0
-5119.140931180438
-6103.625557052585
-4941.824069763985
7500.0
7500.0
7500.0
7500.0
7500.0
7500.0
7500.0
-7500.0
-7500.0
-7500.0
-6976.102941176472
-6816.33308654181
-7500.0
-7500.0
7500.0
7500.0
7500.0
7500.0
7500.0
7500.0
7500.0
7500.0
-6596.508296190252
-6677.9200172602505
7500.0
7500.0
7500.0
7500.0
-7500.0
-7500.0
-7500.0
-7500.0
7500.0
7500.0
7500.0
7500.0
7500.0
-7500.0
-7500.0
-7500.0
-7500.0
-7500.0
-7500.0
7500.0
7500.0
7500.0
7500.0
7500.0
7500.0
7500.0
7500.0
7500.0
7500.0
7500.0
-7500.0
-7500.0
-7500.0
-7500.0
-7500.0
-6740.759240759246
7500.0
7500.0
7500.0
7500.0
7500.0
7500.0
7500.0
7500.0
-1812.6385809312656
7283.200429381986
455.55456396677846
7500.0
7500.0
-6222.7912932138315
-6618.653137478474
-6879.689256385896
-7500.0
7500.0
7500.0
7500.0
7500.0
7500.0
-7500.0
-7285.209609043808
-7211.157128391662
-7500.0
7500.0
7500.0
7500.0
7500.0
7500.0
7500.0
-7154.216136580295
-7500.0
-7281.3400257132325
-7237.295548065251
-7500.0
-7500.0
-7500.0
7500.0
7500.0
7500.0
7500.0
7500.0
7500.0
7500.0
7500.0
-7330.172649059072
-7312.64261813305
-7287.0489752358535
-7500.0
-7500.0
-7500.0
7500.0
7500.0
7500.0
7500.0
7500.0
3734.807256297456
7500.0
7500.0
-7045.454545454546
-7133.120316307297
-7090.177838710655
-7500.0
-7500.0
-7500.0
-7500.0
7500.0
7500.0
7500.0
7500.0
7500.0
7500.0
7500.0
7500.0
7500.0
7500.0
7500.0
-6737.9679144385045
7500.0
7500.0
-6140.674552477718
-5444.7205474276
-5533.901861270449
-4341.401743048782
7500.0
7500.0
7500.0
7500.0
-7500.0
-7500.0
-7500.0
-7500.0
-6051.66572557877
-353.5690297962783
7500.0
7500.0
7500.0
7500.0
7500.0
7500.0
7500.0
7500.0
-7500.0
-7500.0
-7500.0
-7500.0
-7500.0
-7500.0
-7500.0
-7500.0
7500.0
7500.0
7500.0
7500.0
7500.0
7500.0
7500.0
7500.0
7500.0
-7500.0
-7500.0
7500.0
7500.0
-7500.0
-7500.0
7500.0
7500.0
7500.0
7500.0
7500.0
7500.0
-7500.0
-7500.0
-7500.0
-7500.0
-7500.0
-7500.0
-7500.0
7500.0
7500.0
7500.0
7500.0
7500.0
7500.0
7500.0
7500.0
-7500.0
-7500.0
-6806.694296783495
-7500.0
-6435.682427607739
-7500.0
7500.0
7500.0
7500.0
7500.0
7500.0
7500.0
-7500.0
-7500.0
-7500.0
-7500.0
7500.0
7500.0
7500.0
7500.0
7500.0
7500.0
-5983.212273884901
-6750.99648409504
-7279.75407326294
-7500.0
-5112.099675196581
7500.0
3740.4370402192967
7500.0
7500.0
7500.0
7500.0
-7196.969696969698
-7147.473560517041
-7500.0
-7500.0
-7500.0
-7500.0
7500.0
7500.0
7500.0
7500.0
7500.0
7500.0
-6987.57161957877
-7314.637607796421
-7500.0
-7500.0
-7500.0
-7500.0
-7500.0
-7500.0
7500.0
7500.0
7500.0
7500.0
7500.0
7500.0
7500.0
7500.0
7500.0
-7500.0
-6855.342159634209
-5208.910151891365
-4065.401737314125
-2969.000099247789
96.88296419298058
7364.377864480451
7500.0
4161.47483971528
4246.398658885724
7500.0
7500.0
7500.0
-7045.454545454546
-5922.051728229064
-4735.022870558325
-4929.20888975966
-4272.847376276648
7500.0
-7500.0
7500.0
7500.0
7500.0
7500.0
7500.0
-6668.232585955466
-5026.672289346505
-5357.717567774182
-3078.423870054541
1265.8555601109624
7500.0
7500.0
3415.5887513840316
7500.0
7500.0
7500.0
7500.0
-973.2824427480905
-1134.942928120281
-1829.3433460442793
-2553.556118609793
-303.10872749079863
7500.0
4743.254934644507
7500.0
7500.0
-7500.0
7500.0
7500.0
-7500.0
-7500.0
-7139.436110609075
-5662.70229915872
7500.0
7500.0
7500.0
7500.0
7500.0
7500.0
-7500.0
-7500.0
-7500.0
7500.0
7500.0
7500.0
7500.0
-7500.0
-7500.0
7500.0
7500.0
7500.0
7500.0
7500.0
-7500.0
-7500.0
-7249.780509218614
-6531.683217343863
-5085.022688013851
-2208.2215661274518
7500.0
7500.0
7500.0
7500.0
7500.0
7500.0
7500.0
7500.0
-6827.452522755366
-6533.110756004195
-6702.203923557954
7500.0
7500.0
7500.0
7500.0
7500.0
-7500.0
-7500.0
-7500.0
-7500.0
7500.0
7500.0
7500.0
7500.0
7500.0
7500.0
7500.0
-7500.0
7500.0
-7500.0
-7500.0
-5024.609148812973
7500.0
7500.0
7500.0
7500.0
7500.0
-7500.0
-7500.0
-7500.0
-7500.0
-7500.0
-7500.0
7500.0
7500.0
7500.0
7500.0
7500.0
7500.0
7500.0
7500.0
-7500.0
-7500.0
-7500.0
7500.0
7500.0
7500.0
-6595.668729176583
-6264.364391630776
7500.0
7500.0
7500.0
7500.0
7500.0
7500.0
-7500.0
-7086.557059961317
-5415.355070269954
-4241.687068786139
497.80077351614
7500.0
7500.0
7500.0
7500.0
7285.923637289521
-3333.3333333333335
7500.0
4844.9197860962595
-530.3030303030304
7500.0
6547.6892614905
-530.3030303030304
3479.6672828096125
-2500.0000000000005
3199.3006993006998
-1893.939393939394
4446.107784431137
-1590.909090909091