Demand
-7500.0
-7500.0
-7500.0
-7500.0
-7500.0
7500.0
7500.0
7500.0
7500.0
7500.0
7500.0
7500.0
7500.0
7500.0
7500.0
7500.0
-7500.0
-7500.0
-7500.0
-7500.0
-7500.0
7500.0
7500.0
7500.0
7500.0
7500.0
-7500.0
-7500.0
-7500.0
-7500.0
-7500.0
-7500.0
-7500.0
7500.0
7500.0
7500.0
7500.0
7500.0
7500.0
7500.0
7500.0
-7017.40924965605
-7500.0
-7500.0
7500.0
7500.0
7500.0
7500.0
7500.0
7500.0
-7500.0
-7500.0
-7500.0
-7500.0
-7113.297150610586
-6807.689518760526
-7500.0
7500.0
7500.0
7500.0
7500.0
7500.0
7500.0
7500.0
7500.0
-7500.0
-7500.0
-7500.0
-7002.706981585065
7500.0
7500.0
7500.0
7500.0
7500.0
7500.0
-7500.0
-7500.0
-7500.0
-7500.0
-7500.0
-7500.0
7500.0
7500.0
7500.0
7500.0
7500.0
7500.0
-7500.0
-7500.0
-7500.0
-7500.0
7500.0
7500.0
7500.0
7500.0
7500.0
-7500.0
-7500.0
-7500.0
-7500.0
-7500.0
-7500.0
7500.0
7500.0
7500.0
7500.0
7500.0
7500.0
7500.0
7500.0
7500.0
7500.0
-7500.0
-7500.0
-7500.0
-7500.0
-7500.0
-7500.0
-7500.0
7500.0
7500.0
7500.0
7500.0
7500.0
7500.0
7500.0
7500.0
-7500.0
-7500.0
-7500.0
7500.0
7500.0
7500.0
7500.0
-7500.0
-7500.0
-7500.0
-7500.0
-7500.0
-7500.0
-7500.0
7500.0
7500.0
7500.0
7500.0
7500.0
7500.0
7500.0
7500.0
-7317.648627032793
-6666.1531994742345
-7251.86887362394
-7500.0
-7500.0
-7500.0
7500.0
7500.0
7500.0
7500.0
7500.0
7500.0
7500.0
-7500.0
-7500.0
-7500.0
7500.0
7500.0
7500.0
7500.0
7500.0
7500.0
7500.0
-7500.0
-7500.0
-7500.0
-7500.0
-7500.0
-7500.0
7500.0
7500.0
7500.0
7500.0
7500.0
7500.0
7500.0
-7500.0
-7500.0
-7500.0
-7500.0
-7500.0
-7500.0
-7500.0
7500.0
7500.0
7500.0
7500.0
7500.0
7500.0
7500.0
7500.0
7500.0
7500.0
-7500.0
-7500.0
-7500.0
-7500.0
-7500.0
-6942.270058708418
-7500.0
-7500.0
-7500.0
7500.0
7500.0
7500.0
7500.0
7500.0
7500.0
7500.0
7500.0
-7291.935006109965
-7235.439340452522
-5878.843932219383
-4226.2266338921345
7500.0
7500.0
7500.0
7500.0
7500.0
7500.0
-7500.0
-7500.0
-6721.754465809536
-7276.250172399381
-7223.443288480941
-7500.0
-7500.0
7500.0
7500.0
7500.0
7500.0
7500.0
7500.0
7500.0
7500.0
-7329.918440421723
-7500.0
-7500.0
-7500.0
-7500.0
-7500.0
-7500.0
7500.0
7500.0
7500.0
7500.0
7500.0
7500.0
7500.0
7500.0
7500.0
-7500.0
-7500.0
7500.0
7500.0
7500.0
-7500.0
-5998.871331828444
-5470.353464017302
-4607.330779580694
-3810.6795084353676
-1819.695619535038
7500.0
7500.0
7500.0
7500.0
7500.0
7500.0
7500.0
-7500.0
-7500.0
7500.0
7500.0
7500.0
-7108.097784568374
-6774.369802886333
-6817.514392165467
-7500.0
7500.0
7500.0
7500.0
7500.0
7500.0
7500.0
-7175.121117127388
-7114.696745593477
-7500.0
-7500.0
7500.0
7500.0
7500.0
7500.0
7500.0
-5797.694421216105
-5778.130353985423
-5916.16121254586
-6311.086380693407
-6447.105748402331
7500.0
7500.0
7500.0
7500.0
7500.0
7500.0
-7500.0
-7500.0
-7500.0
-7500.0
7500.0
7500.0
7500.0
7500.0
7500.0
-7500.0
-7500.0
-7500.0
-7500.0
-5526.27239749368
-7108.920112522892
-4736.961656406009
7500.0
7500.0
7500.0
7500.0
7500.0
7500.0
7500.0
-7500.0
-7500.0
-7500.0
-7500.0
-7500.0
7500.0
7500.0
7500.0
7500.0
7500.0
7500.0
-5828.445747800588
-6217.430699884591
-6125.612683394864
-4881.306932203086
-3814.293033021695
-2525.5086229450767
-3231.4040835620162
-3945.2761016442823
-3561.1047737585936
-2867.0836056786443
7500.0
-619.8550034227583
7500.0
7500.0
7500.0
7500.0
7500.0
-7500.0
-7500.0
-6981.818181818184
7500.0
7500.0
7500.0
7500.0
7500.0
7500.0
-7500.0
-7500.0
-7121.3043959694405
-7500.0
-7231.96593595591
-7130.307561952661
-7500.0
7500.0
7500.0
7500.0
7500.0
7500.0
7500.0
7500.0
7500.0
-7339.4727948631335
-7317.206924670132
-7278.986346059646
-7198.16333299307
-6915.031751904869
7500.0
7500.0
7500.0
7500.0
7500.0
7500.0
-4944.58281444583
-2855.3736351317275
-596.2017711021135
7500.0
7500.0
-1419.8598758160806
7500.0
-7166.387957477436
-7500.0
-7500.0
-7500.0
-7500.0
-7500.0
-6324.454456114421
-7500.0
7500.0
7500.0
7500.0
7500.0
7500.0
7500.0
7500.0
7500.0
7500.0
-6324.430063944987
-6764.297487898106
-5829.891288341691
-5058.645987428556
-5393.6294894074235
-5345.161260867819
-5571.394785229615
7500.0
7500.0
7500.0
7500.0
7500.0
7500.0
7500.0
-7026.465701400428
-6472.486982438331
-5802.304769298295
-5804.746161364301
-5510.022207805774
-4995.881605027056
-4796.727769293491
-5481.29463836146
7500.0
7500.0
7500.0
7500.0
7500.0
7500.0
7500.0
7500.0
7500.0
-7500.0
-7500.0
-7500.0
-7500.0
-7500.0
-5704.320432043214
7500.0
7500.0
7500.0
7500.0
7500.0
7500.0
7500.0
-7500.0
-7500.0
7500.0
7500.0
7500.0
-6523.52672453175
-2203.2144712495406
7500.0
7500.0
7500.0
7500.0
-7500.0
-7500.0
-7500.0
-7500.0
-7500.0
7500.0
7500.0
7500.0
7500.0
7500.0
7500.0
7500.0
-6991.978609625667
7500.0
-7500.0
-6902.432819943573
-7500.0
-6660.175959174196
-7500.0
7500.0
7500.0
7500.0
7500.0
7500.0
-7500.0
-7500.0
7500.0
7500.0
7500.0
7500.0
-7335.207195631225
-6922.508493127603
-6045.063805351943
-3605.6407797927804
2256.6071527360787
6560.085943152961
-576.8505345648846
7500.0
7500.0
7500.0
-5658.121499353729
-5857.342584406941
-5108.643441540637
-4863.423941866809
-5080.87067460797
-4307.546343195467
7500.0
7500.0
7500.0
7500.0
7500.0
7500.0
7500.0
-7500.0
-7500.0
-7264.996907854054
-7167.441180072668
-5289.121426109459
7500.0
7500.0
7500.0
7500.0
7500.0
7500.0
-7500.0
-7500.0
-7500.0
-7500.0
7500.0
7500.0
7500.0
7500.0
7500.0
-7500.0
-7500.0
-7500.0
-6664.222873900295
-3871.1043795245732
329.83815426418005
7500.0
7500.0
7254.147313679159
7500.0
964.1180983938193
7500.0
7500.0
-6413.990201415352
-6392.019529819292
1638.2091755979727
7500.0
7500.0
-6316.023738872404
-6554.409053949872
-7055.655471213158
-7500.0
-7500.0
-7500.0
7500.0
7500.0
7500.0
7500.0
7500.0
7500.0
-5618.0090304715795
-5119.698499236492
-4613.432442244935
-3616.2530725740035
-2123.6087485432713
7500.0
7500.0
7500.0
7500.0
7500.0
-5227.272727272728
-2588.4121712593146
-3561.3535676876904
-3105.347343407697
-2117.254767674867
5915.094047919914
1810.7910080190427
7500.0
7500.0
7500.0
-7500.0
-7500.0
-7500.0
-7115.7550077041615
-5259.387934696017
7500.0
7500.0
7500.0
7500.0
7500.0
7500.0
-7500.0
-7500.0
-7500.0
-6987.339144873395
-7500.0
-7055.85938409707
-7500.0
7500.0
7500.0
7500.0
7500.0
7500.0
7500.0
7500.0
7500.0
7500.0
7500.0
-6920.426301122241
-6319.919398294231
-5889.654084899268
-6294.159523963888
7500.0
7500.0
7500.0
7500.0
7500.0
7500.0
-6481.293935422376
-6800.111334829777
-5526.958831799546
7500.0
7500.0
7500.0
-7500.0
-7500.0
7500.0
7500.0
7500.0
-7500.0
-7500.0
-7500.0
-6911.534397248275
7500.0
7500.0
7500.0
7500.0
7500.0
7500.0
-7500.0
7500.0
7500.0
-7036.417856497379
-7160.829295446021
-7115.107513942772
-7269.828437695896
-7500.0
-7500.0
7500.0
7500.0
7500.0
7500.0
7500.0
7500.0
7500.0
-6459.474260679082
-6429.572274961942
-6636.674766756818
-4074.1000303904457
7500.0
7500.0
7500.0
7500.0
7500.0
-7500.0
-7500.0
-6937.324060658779
-7105.947439766656
-4295.628920142106
7500.0
7500.0
7500.0
7500.0
7500.0
7500.0
7500.0
7500.0
-7139.87363987364
-5774.903196645098
-5021.388111574839
-2499.5246027303674
7500.0
7500.0
4823.520630719324
7500.0
5447.986895080359
-3333.3333333333335
4445.624468988954
-1363.6363636363637
6874.999999999996
-75.75757575757576
6170.886075949364
-530.3030303030304
3808.9005235602162
-2500.0000000000005
7500.0
7500.0
5768.806665033078
-1590.909090909091