Demand
-7500.0
-7500.0
7500.0
7500.0
7500.0
7500.0
7500.0
7500.0
7500.0
7500.0
7500.0
-7500.0
-7500.0
-7500.0
-7500.0
-7500.0
-7500.0
-7500.0
-7500.0
7500.0
7500.0
7500.0
7500.0
7500.0
7500.0
7500.0
7500.0
7500.0
-7500.0
-7500.0
-7500.0
-7500.0
-7500.0
7500.0
7500.0
7500.0
7500.0
7500.0
7500.0
7500.0
-7026.719182456887
-7155.2714533702565
-7500.0
-7500.0
-7500.0
-7500.0
-7500.0
7500.0
7500.0
7500.0
7500.0
7500.0
7500.0
7500.0
-7334.268991821087
-7317.978354877167
-7500.0
-7500.0
-7500.0
-7500.0
-7500.0
7500.0
7500.0
7500.0
7500.0
7500.0
7500.0
7500.0
7500.0
-7500.0
-7500.0
-7500.0
7500.0
7500.0
7500.0
7500.0
-7500.0
-7500.0
-7500.0
-7500.0
-7500.0
-7500.0
-7500.0
7500.0
7500.0
7500.0
7500.0
7500.0
7500.0
7500.0
7500.0
-7500.0
7500.0
7500.0
-7500.0
-7500.0
-7500.0
-7500.0
-7500.0
7500.0
7500.0
7500.0
7500.0
7500.0
7500.0
7500.0
-7500.0
-7211.89679786574
-7500.0
7500.0
7500.0
7500.0
7500.0
7500.0
-7500.0
-7500.0
-7500.0
-7500.0
-7500.0
7500.0
7500.0
7500.0
7500.0
7500.0
7500.0
7500.0
7500.0
-7500.0
-7500.0
-7500.0
-7500.0
7500.0
7500.0
7500.0
7500.0
7500.0
-7500.0
-7500.0
-7500.0
-7500.0
-7500.0
-7500.0
7500.0
7500.0
7500.0
7500.0
7500.0
7500.0
7500.0
-7324.622579586479
-6727.417375655703
-7283.203361583495
-7500.0
-7500.0
-7500.0
-7500.0
7500.0
7500.0
7500.0
7500.0
7500.0
7500.0
7500.0
7500.0
7500.0
-7500.0
7500.0
7500.0
-7500.0
-7500.0
-7500.0
-7500.0
7500.0
7500.0
7500.0
7500.0
7500.0
-7500.0
-7500.0
-7500.0
-7500.0
-7500.0
-7500.0
-7500.0
7500.0
7500.0
7500.0
7500.0
7500.0
7500.0
7500.0
7500.0
7500.0
7500.0
-7500.0
-7500.0
-7283.640159423039
-7207.917544906377
-7500.0
7500.0
7500.0
7500.0
7500.0
7500.0
7500.0
-7500.0
-7500.0
-7118.729096989968
-7500.0
-7500.0
-7500.0
-7500.0
7500.0
7500.0
7500.0
7500.0
7500.0
7500.0
7500.0
-7312.01121720113
-7286.166743075219
-6479.276189951368
-6526.1290422662405
-6037.52935656165
-1392.0883591228535
7500.0
7500.0
7500.0
7500.0
7500.0
7500.0
7500.0
7500.0
-7305.77892871746
-7500.0
7500.0
7500.0
7500.0
7500.0
-7500.0
-7500.0
-7500.0
-7500.0
-7500.0
-5851.239669421491
7500.0
7500.0
7500.0
7500.0
7500.0
7500.0
7500.0
-7500.0
-6143.486789441169
-5091.581823929022
5247.090731566643
4751.4999910953375
7500.0
7500.0
7500.0
-7500.0
-7500.0
7500.0
7500.0
7500.0
-7500.0
-5890.943657103353
-4928.837887379808
-1679.4467410527977
7500.0
7500.0
7500.0
7500.0
7500.0
-7186.493281998901
-7500.0
-7500.0
-5999.632296274227
7500.0
7500.0
7500.0
7500.0
-6717.838765008579
-7007.052365691761
-6348.690896484273
-4599.371347248874
7500.0
7500.0
7500.0
7500.0
7500.0
-7500.0
-7500.0
-7062.002708920763
-6909.6648965646655
-7500.0
7500.0
7500.0
7500.0
7500.0
7500.0
7500.0
-5777.648277648279
-5818.962619915135
-6048.701256214552
-6542.569447620581
-6904.74196923536
-7500.0
-7500.0
7500.0
7500.0
7500.0
7500.0
7500.0
7500.0
7500.0
7500.0
-7500.0
-7500.0
-7500.0
-7500.0
-7500.0
-7500.0
-7500.0
7500.0
7500.0
7500.0
7500.0
7500.0
7500.0
7500.0
7500.0
-7500.0
-7500.0
-6723.282071247813
-7500.0
7500.0
7500.0
7500.0
7500.0
7500.0
7500.0
-7332.816057295739
-7500.0
-6817.197519587189
-6906.170935019527
-3574.679257569018
7099.727364679575
2096.025457898788
7500.0
7500.0
7500.0
7500.0
7500.0
-5237.197300516082
-4886.826023633284
-2734.4740310052307
7500.0
7500.0
7500.0
-7500.0
-7500.0
-7500.0
-7500.0
-7500.0
-7500.0
7500.0
7500.0
7500.0
7500.0
7500.0
7500.0
7500.0
-7500.0
-7500.0
-7112.8155779463395
-7500.0
-7221.6553827157895
-7108.21239863801
-7500.0
7500.0
7500.0
7500.0
7500.0
7500.0
7500.0
7500.0
7500.0
-7342.828659907522
-7327.711441570926
-7305.661282632993
-7270.501257412538
-7205.6436200783755
-7500.0
-7500.0
7500.0
7500.0
7500.0
7500.0
7500.0
7500.0
7500.0
-5396.31252992764
-5613.596154665474
-6255.491015173642
-7025.414909735669
-6917.806499823973
-7500.0
-7500.0
7500.0
7500.0
7500.0
7500.0
7500.0
7500.0
7500.0
7500.0
7500.0
-7500.0
-7500.0
-7500.0
-6766.723842195541
-7204.660806374084
-4719.32783757534
-5138.465327277458
4879.028445107653
7500.0
6460.776328694657
4059.2831978608797
7500.0
7500.0
7500.0
7500.0
7500.0
7500.0
-7500.0
-7500.0
-6894.6474086661
-6036.212675969953
-4617.548516793217
-3588.100221167166
3031.4730403726116
7500.0
7500.0
2092.8897733509843
7500.0
7500.0
7500.0
-7500.0
-7500.0
-7500.0
-7500.0
-7500.0
7500.0
7500.0
7500.0
7500.0
7500.0
7500.0
7500.0
-7317.173753665691
-7295.392637862629
-7500.0
-7500.0
-7500.0
-7500.0
7500.0
7500.0
7500.0
7500.0
7500.0
7500.0
7500.0
7500.0
7500.0
-6770.166453265048
7500.0
7500.0
7500.0
7500.0
-7500.0
-7500.0
-7500.0
-7500.0
7500.0
7500.0
7500.0
7500.0
7500.0
7500.0
-7334.973943254199
7500.0
7500.0
-6930.9862904299225
-7500.0
-6903.5089869719195
-7500.0
-7500.0
7500.0
7500.0
7500.0
7500.0
7500.0
7500.0
-7500.0
-7500.0
-7500.0
-7500.0
-6945.562276447814
-682.916074098468
7500.0
7500.0
7500.0
7500.0
7500.0
7500.0
7500.0
7500.0
-5784.166164960869
-5666.219025184662
-2384.0485897493695
7500.0
7500.0
7500.0
-6819.673761686892
-7120.382512256732
-7500.0
-7500.0
-7500.0
-7500.0
7500.0
7500.0
7500.0
7500.0
7500.0
7500.0
7500.0
-7314.208338377341
-7500.0
-7500.0
7500.0
7500.0
7500.0
7500.0
7500.0
-7500.0
-7500.0
-7500.0
-7500.0
-7500.0
7500.0
7500.0
7500.0
7500.0
7500.0
7500.0
-5306.286080821039
-5025.68371354123
-4332.084346089443
-3240.4301397709896
48.85231813974451
1052.2493186031934
1834.5614186355706
7500.0
7500.0
7500.0
7500.0
1256.9273129513144
7500.0
-4793.08005427408
7500.0
-7183.331291062317
-7500.0
-7500.0
-7500.0
-7500.0
7500.0
7500.0
7500.0
7500.0
7500.0
-5788.829219911706
-5429.26134161654
-5162.335150231858
-4743.311205258793
-4635.871419114428
-3626.9715249985898
7500.0
7498.175348851491
7500.0
7500.0
5360.003164449325
1125.5492825766619
7500.0
-3542.399555637847
-2301.574801930821
7500.0
5654.00568751543
7500.0
7500.0
-7500.0
-7500.0
-7500.0
-7500.0
-6897.4630021141675
7500.0
7500.0
7500.0
7500.0
7500.0
7500.0
-7500.0
-7500.0
-7500.0
7500.0
7500.0
7500.0
7500.0
-7500.0
-7500.0
-7500.0
7500.0
7500.0
7500.0
7500.0
-7500.0
-7500.0
-7500.0
-7222.762645914401
-6377.29432710085
-4398.507342783718
2404.7745452936724
7500.0
7500.0
7500.0
7500.0
7500.0
7500.0
7500.0
7500.0
-6574.675324675325
7500.0
-4067.7419354837602
7500.0
7500.0
-7500.0
-7500.0
-7500.0
7500.0
7500.0
7500.0
7500.0
-7500.0
-7246.077153770135
-7500.0
-7500.0
-7500.0
7500.0
7500.0
7500.0
7500.0
7500.0
7500.0
7500.0
-7141.750677731781
-7059.428294018871
-7183.620998881966
-7500.0
7500.0
7500.0
7500.0
7500.0
7500.0
-7500.0
-7500.0
-7303.952021391231
-6315.179734476036
-6260.798769782505
-6479.114366711816
-3250.5953260070232
7500.0
7500.0
7500.0
7500.0
7500.0
7500.0
-7500.0
-7156.723510801117
-7304.650734725767
-6556.659923362979
-6569.493722932744
-7500.0
-7500.0
7500.0
7500.0
7500.0
7500.0
7500.0
7500.0
-5916.345875724521
-5494.969635559071
-4388.916474329424
-617.8384954267922
1564.173163301386
1888.0062572123538
7500.0
7500.0
7500.0
7500.0
7500.0
-530.3030303030304
7500.0
-681.8181818181819
7500.0
-2045.4545454545457
6250.000000000033
-2348.4848484848485
6432.287365813379
-1742.4242424242427
5871.428571428583