Demand
7500.0
7500.0
7500.0
7500.0
7500.0
7500.0
7500.0
7500.0
7500.0
7500.0
7500.0
7500.0
7500.0
7500.0
7500.0
7500.0
7500.0
7500.0
7500.0
7500.0
7500.0
7500.0
-7500.0
-7500.0
7500.0
7500.0
7500.0
7500.0
7500.0
7500.0
7500.0
7500.0
7500.0
7500.0
-7500.0
-7500.0
-7500.0
-7500.0
-7500.0
-7500.0
7500.0
7500.0
7500.0
7500.0
7500.0
7500.0
7500.0
7500.0
7500.0
7500.0
-7500.0
-7500.0
-7500.0
7500.0
7500.0
7500.0
7500.0
7500.0
7500.0
-7500.0
-7500.0
7500.0
7500.0
7500.0
-7500.0
-7500.0
-7500.0
-7500.0
-7208.886618998982
-7500.0
-7500.0
-7500.0
7500.0
7500.0
7500.0
7500.0
7500.0
7500.0
7500.0
7500.0
7500.0
-7500.0
-7500.0
-7500.0
-7500.0
-7500.0
-7500.0
7500.0
7500.0
7500.0
7500.0
7500.0
7500.0
-7500.0
-7500.0
-7500.0
-7500.0
-7500.0
-7500.0
7500.0
7500.0
7500.0
7500.0
7500.0
7500.0
7500.0
7500.0
-7306.442223731447
-7500.0
-6996.741052263398
7500.0
7500.0
7500.0
7500.0
7500.0
-7500.0
7500.0
7500.0
7500.0
-7500.0
-7500.0
-7500.0
-7500.0
-7500.0
-6747.921889431327
-7500.0
-7500.0
7500.0
7500.0
7500.0
7500.0
7500.0
7500.0
7500.0
7500.0
-7500.0
-7500.0
-7500.0
-7500.0
7500.0
7500.0
7500.0
7500.0
7500.0
-7500.0
-7500.0
-7500.0
-7500.0
7500.0
7500.0
7500.0
7500.0
7500.0
7500.0
7500.0
7500.0
7500.0
-7500.0
-7500.0
-7500.0
-7500.0
-7500.0
-7500.0
-7500.0
7500.0
7500.0
7500.0
7500.0
7500.0
7500.0
7500.0
7500.0
-7500.0
-7500.0
-7500.0
-7500.0
-7500.0
7500.0
7500.0
7500.0
7500.0
7500.0
7500.0
7500.0
7500.0
-7500.0
7500.0
-7500.0
-7500.0
-7500.0
-7500.0
7500.0
7500.0
7500.0
7500.0
7500.0
7500.0
-7342.828659907522
-7500.0
-7500.0
-7500.0
-7500.0
-7500.0
-7500.0
7500.0
7500.0
7500.0
7500.0
7500.0
7500.0
7500.0
-7500.0
-7500.0
7500.0
7500.0
7500.0
7500.0
-7500.0
-7500.0
-7301.31065253765
-7258.743349999146
-6184.046954173104
-5789.207893506675
7500.0
7500.0
-609.5400746108326
7500.0
7500.0
7500.0
7500.0
-7500.0
-6781.837565419655
-7299.4618910329355
-7265.034954152377
-7500.0
-7500.0
-7500.0
7500.0
7500.0
7500.0
7500.0
7500.0
7500.0
7500.0
7500.0
-7500.0
-7500.0
-7500.0
-7500.0
-7500.0
-7500.0
-7500.0
7500.0
7500.0
7500.0
7500.0
7500.0
7500.0
7500.0
7500.0
-7500.0
-7500.0
7500.0
7500.0
7500.0
7500.0
-6254.940711462454
-5910.471204188481
-5433.9366691380965
-5262.5326080796185
-5208.6349042929705
-4632.502698221677
7500.0
7500.0
7500.0
7500.0
7500.0
7500.0
7500.0
-7500.0
7500.0
-6393.561954060178
7500.0
7500.0
7500.0
-7163.954722320483
-7500.0
-7500.0
7500.0
7500.0
7500.0
-7500.0
-7500.0
-6815.54964764754
-6201.146635307672
7500.0
7500.0
7500.0
7500.0
7500.0
7500.0
7500.0
-4588.866189989791
1203.6448669394717
7500.0
7500.0
7500.0
-7500.0
-7500.0
-7500.0
7500.0
7500.0
7500.0
-7500.0
-7500.0
-7500.0
-7500.0
7500.0
7500.0
7500.0
7500.0
7500.0
7500.0
7500.0
-7500.0
-7500.0
-6112.285301514263
-7276.105315711822
-6687.065069178143
-7144.242533487381
-7500.0
-7500.0
7500.0
7500.0
7500.0
7500.0
7500.0
7500.0
7500.0
7500.0
-7500.0
-7500.0
-7263.202797195028
-7500.0
-6350.481769586811
-6289.291627805425
7500.0
7500.0
5271.747160641045
7500.0
7500.0
7500.0
7500.0
6527.469772098424
153.1149377565289
7500.0
-6259.90675990676
-6732.8059492568245
-7073.704915122422
-7500.0
-7500.0
-7500.0
-7500.0
-7500.0
7500.0
7500.0
7500.0
7500.0
7500.0
7500.0
7500.0
7500.0
7500.0
7500.0
7500.0
-7139.46869070209
-7500.0
-7242.403185022529
-7135.784291364598
-7500.0
7500.0
7500.0
7500.0
7500.0
7500.0
7500.0
7500.0
-7500.0
-7293.415886439143
-7255.932576366138
-7188.321007765915
-7030.236342123051
-6244.4997678658965
7500.0
7500.0
7500.0
7500.0
7500.0
7500.0
7500.0
7500.0
-4839.408757501666
-2629.1636269933465
7500.0
7500.0
-7185.405661121187
-7158.256049187086
-7500.0
-7500.0
-7500.0
-7500.0
-7500.0
7500.0
7500.0
7500.0
7500.0
7500.0
7500.0
7500.0
7500.0
-7500.0
-6813.161065738386
-7132.6618241264205
7500.0
7500.0
7500.0
6111.119943914119
7500.0
-6453.59083565869
-6811.061569124986
7500.0
7500.0
7500.0
7500.0
-7500.0
-7500.0
-7500.0
-6683.965640658555
-5413.630611298451
-3059.9199398069873
-940.9355298920673
7500.0
7500.0
2643.2681439562043
7500.0
7500.0
7500.0
7500.0
7500.0
7500.0
-7500.0
-7500.0
-7500.0
-7500.0
-7500.0
7500.0
7500.0
7500.0
7500.0
7500.0
-7335.5452971725335
-7314.238401517128
-7500.0
-7500.0
-7500.0
-7500.0
7500.0
7500.0
7500.0
7500.0
7500.0
7500.0
-6903.856325460629
-6589.962470569057
-7227.357745507943
-6769.695464979213
-7500.0
-7500.0
7500.0
7500.0
7500.0
7500.0
7500.0
7500.0
7500.0
7500.0
-6942.234626806969
-7051.799191778007
-7194.225687411978
-5090.792656239628
7500.0
7500.0
7500.0
7500.0
7500.0
7500.0
-7500.0
-7500.0
-7500.0
-7500.0
-7500.0
7500.0
7500.0
7500.0
7500.0
7500.0
7500.0
7500.0
-7334.398605461942
-6937.889514082168
-6172.075021756977
-4426.679138727635
-2096.9918842871807
-1928.7919513933198
6833.275968591231
-2553.406356113837
7500.0
7500.0
7500.0
7500.0
7500.0
7500.0
-6522.298456260722
-6716.154330157044
-6395.519227163317
-6139.455635358117
7500.0
7500.0
7500.0
7500.0
-7500.0
-7500.0
-7500.0
-7142.984967788119
-6607.301041831521
7500.0
7500.0
7500.0
7500.0
7500.0
7500.0
-7500.0
-7500.0
-7500.0
7500.0
7500.0
7500.0
7500.0
-7500.0
-7500.0
-7500.0
-7500.0
-7500.0
-7500.0
7500.0
7500.0
7500.0
7500.0
7500.0
7500.0
7500.0
7500.0
7500.0
-6207.622543727059
-4155.849908522081
7500.0
7500.0
-6313.423617147826
-5640.555856560608
-6046.394357506551
-6281.999880690173
-6877.652307645263
-7500.0
-7500.0
7500.0
7500.0
7500.0
7500.0
7500.0
7500.0
7500.0
-5482.073174599938
-4847.480533107711
-4048.6673161576073
-2066.7364293313854
4568.655602983117
7500.0
7500.0
7500.0
7500.0
-5000.000000000001
-1748.9781135199487
-2673.853090120534
-3813.2327623409674
-3820.4901003025025
-3993.9922701593023
-4019.9830351367
-4846.46686687406
7500.0
7500.0
7500.0
7500.0
7500.0
7500.0
7500.0
-7153.158086893029
-7309.782499438545
-7500.0
-7500.0
-7500.0
-7500.0
-7500.0
7500.0
7500.0
7500.0
7500.0
7500.0
7500.0
7500.0
7500.0
7500.0
-7500.0
7500.0
-7500.0
7500.0
7500.0
7500.0
-7500.0
-7269.257460097155
-6461.931462730834
-2552.8316549167735
7500.0
7500.0
7500.0
7500.0
7500.0
-7500.0
7500.0
7500.0
-6487.633206157085
-6915.0797365406
-6759.153776544856
-7120.202881443882
-7500.0
7500.0
7500.0
7500.0
7500.0
7500.0
-7500.0
-7500.0
-7500.0
-7500.0
-1448.2542824723769
7500.0
7500.0
7500.0
7500.0
7500.0
7500.0
7500.0
-7500.0
-7500.0
-6635.100661655932
-6585.565309623391
-3382.949333955361
7500.0
7500.0
7500.0
7500.0
7500.0
7500.0
-7500.0
-7500.0
-7500.0
-7230.722109156373
-5707.047160725278
-5286.625293094015
-4307.996573734277
7500.0
7500.0
7500.0
7500.0
7500.0
7500.0
7500.0
7500.0
-7135.083226632525
-7273.951025514993
-6164.118390354239
-4975.274398448346
7500.0
7500.0
7500.0
7500.0
7500.0
-7500.0
-7500.0
-7102.418042315743
-5526.126457501123
-4494.355836894119
-580.6036064718965
7500.0
7500.0
7500.0
7500.0
5248.130443661152
-3333.3333333333335
4816.527155927588
-1363.6363636363637
7103.174603174597
-75.75757575757576
6205.583756345171
-530.3030303030304
7500.0
3906.913280776229
3742.698869430074
4147.984736466241
-1742.4242424242427
4723.880597014928