Demand
7500.0
7500.0
7500.0
7500.0
7500.0
7500.0
7500.0
7500.0
7500.0
7500.0
7500.0
7500.0
7500.0
7500.0
7500.0
7500.0
7500.0
7500.0
7500.0
7500.0
7500.0
7500.0
-7500.0
7500.0
7500.0
7500.0
7500.0
-7500.0
-7500.0
-7500.0
-7500.0
7500.0
7500.0
7500.0
7500.0
7500.0
7500.0
-7500.0
-7500.0
-7500.0
-5465.006037545445
7500.0
7500.0
7500.0
7500.0
7500.0
7500.0
-7500.0
-7500.0
-7500.0
-7500.0
-7500.0
-7500.0
-7500.0
7500.0
7500.0
7500.0
7500.0
7500.0
7500.0
7500.0
7500.0
-7500.0
-7500.0
-7500.0
-7500.0
-7500.0
-7500.0
-6526.888604353397
7500.0
7500.0
7500.0
7500.0
7500.0
7500.0
7500.0
7500.0
-7500.0
-7500.0
-7500.0
-7500.0
-7500.0
-7500.0
7500.0
7500.0
7500.0
7500.0
7500.0
7500.0
7500.0
7500.0
-7500.0
-7500.0
-7500.0
-7500.0
-7500.0
-7500.0
7500.0
7500.0
7500.0
7500.0
7500.0
7500.0
7500.0
7500.0
-7500.0
-7500.0
7500.0
7500.0
7500.0
-5144.628099173533
7500.0
7500.0
-7500.0
-7500.0
-7500.0
7500.0
7500.0
7500.0
7500.0
7500.0
-7500.0
-7500.0
-7500.0
-6768.449197860966
-7500.0
7500.0
7500.0
7500.0
7500.0
7500.0
-7500.0
-7500.0
-7500.0
-7500.0
-7500.0
7500.0
7500.0
7500.0
7500.0
7500.0
7500.0
-7500.0
-7500.0
-7500.0
-7500.0
7500.0
7500.0
7500.0
7500.0
7500.0
7500.0
-7500.0
-7500.0
-7500.0
-7500.0
-7500.0
-7500.0
-7500.0
7500.0
7500.0
7500.0
7500.0
7500.0
7500.0
7500.0
7500.0
7500.0
-7500.0
-7500.0
-7500.0
-7500.0
-7500.0
7500.0
7500.0
7500.0
7500.0
7500.0
7500.0
7500.0
7500.0
-7500.0
-7500.0
-7500.0
-7500.0
-7500.0
-7500.0
7500.0
7500.0
7500.0
7500.0
7500.0
7500.0
7500.0
-7500.0
-7500.0
-7306.092008164549
-7277.830211065673
-7500.0
-7500.0
-7500.0
-7500.0
7500.0
7500.0
7500.0
7500.0
7500.0
7500.0
7500.0
7500.0
7500.0
7500.0
7500.0
-7500.0
-7500.0
-7500.0
-7500.0
-7500.0
7500.0
7500.0
7500.0
7500.0
7500.0
7500.0
-6402.1571648690315
-6998.633404561946
7500.0
7500.0
7500.0
-7500.0
-7500.0
-6647.350013685815
-7238.849599279129
-7127.780799583752
-7500.0
7500.0
7500.0
7500.0
7500.0
7500.0
7500.0
7500.0
-7500.0
-7500.0
-7239.170225747408
-7500.0
7500.0
7500.0
7500.0
7500.0
7500.0
-7500.0
7500.0
-6447.260414529039
-6127.925294911167
-5007.184918073379
-5869.58964912627
-6750.769977116421
-7500.0
7500.0
7500.0
7500.0
7500.0
7500.0
7500.0
7500.0
-6329.912023460411
-5964.188573654252
-5387.557483865719
-4902.913065570332
-3535.774573161205
7500.0
7500.0
7500.0
7500.0
7500.0
-7500.0
-7153.968735771741
-7500.0
-7500.0
-4805.6045445697455
-5836.2336809830595
-3765.463952299895
7500.0
7500.0
7500.0
7500.0
7500.0
7500.0
7500.0
-7500.0
-7500.0
-7500.0
-6883.850394551942
-6590.994517940533
-7500.0
7500.0
7500.0
7500.0
7500.0
7500.0
7500.0
7500.0
7500.0
-5716.095380029812
7500.0
6607.765966079402
7500.0
-7500.0
7500.0
7500.0
7500.0
7500.0
-7500.0
-7500.0
-7500.0
-7500.0
7500.0
7500.0
7500.0
7500.0
7500.0
-7500.0
-7500.0
-7500.0
-7500.0
-3062.9691409507996
-5395.1418532392545
7500.0
7500.0
7500.0
7500.0
7500.0
7500.0
7500.0
-7500.0
-7500.0
-7500.0
-7500.0
-7500.0
-7500.0
7500.0
7500.0
7500.0
7500.0
7500.0
7500.0
7500.0
-6218.492817573542
-6086.494254497637
-4677.467054851617
-3255.2905418882674
-1203.9879359619517
-1428.7226086788864
-790.9488572887872
7500.0
5249.623631811053
7500.0
7500.0
7500.0
-7500.0
-7500.0
-7500.0
-7500.0
7500.0
7500.0
7500.0
7500.0
7500.0
7500.0
-7500.0
-7500.0
7500.0
7500.0
-7500.0
7500.0
7500.0
7500.0
-6981.818181818184
7500.0
7500.0
7500.0
7500.0
-7500.0
-7500.0
-7500.0
-7500.0
-7500.0
-1973.0718085107515
7500.0
7500.0
7500.0
7500.0
7500.0
7500.0
7500.0
-5684.571732928085
-5192.0780224520295
-4986.182745189968
-4915.270619527173
-3514.3223326812135
-3362.2231082228122
-2905.022828008618
-1535.4251011305528
2011.7717802197258
7500.0
7500.0
7500.0
7500.0
7500.0
7500.0
-7500.0
-7046.647578143644
-7500.0
-7500.0
-6075.712944589051
7500.0
7500.0
7500.0
7500.0
7500.0
7500.0
7500.0
-6425.574924436043
-6847.735978743012
-6088.73249011422
-5571.308136733163
-5997.3286549369
-6250.647331114378
-6873.477319051972
-7500.0
-7500.0
7500.0
7500.0
7500.0
7500.0
7500.0
7500.0
7500.0
7500.0
-6264.32173792022
-6175.595822057934
-6056.203240381883
-6290.364575251286
-7028.5951064115925
-7500.0
-7500.0
-7500.0
7500.0
7500.0
7500.0
7500.0
7500.0
7500.0
7500.0
-7500.0
7500.0
7500.0
7500.0
-7187.573408503642
-7330.4996084728755
-7311.454599351606
-7500.0
-7500.0
-7500.0
-7500.0
7500.0
7500.0
7500.0
7500.0
7500.0
7500.0
7500.0
7500.0
-7298.110979929163
-6992.9746842571785
-7500.0
-7500.0
7500.0
7500.0
7500.0
7500.0
7500.0
7500.0
-7183.427048998972
-7135.846509702978
-6823.845089810511
-6849.698810331278
-6641.6681773539585
7500.0
7500.0
7500.0
7500.0
7500.0
-7500.0
-6680.720612742909
7500.0
7500.0
-7500.0
-7500.0
-7500.0
-7500.0
-7500.0
-7500.0
-7500.0
7500.0
7500.0
7500.0
7500.0
7500.0
7500.0
7500.0
7500.0
7500.0
-6723.697650663944
-7256.133237739703
-7500.0
2425.3555702639223
7500.0
7500.0
7500.0
7500.0
7500.0
-6670.90909090909
-6428.2744305081305
-6634.774061804297
-7500.0
7500.0
7500.0
7500.0
7500.0
7500.0
-7500.0
-7304.059721212263
-7256.874305956029
-6445.716498684498
-5145.985047470829
7500.0
7500.0
7500.0
7500.0
7500.0
7500.0
-7500.0
-7500.0
-7500.0
-7500.0
7500.0
7500.0
7500.0
7500.0
7500.0
7500.0
-7500.0
-6990.034295939164
-5788.43359502497
-5116.361160671129
-4675.103591411851
-3554.4878078222096
-1268.6138947140284
7310.271208543925
2916.432768853242
5899.777708620239
7500.0
3451.0509354696064
7500.0
7500.0
-6395.086636600998
-5631.987079384777
-5797.95871936074
-5243.004977185015
7500.0
7500.0
7500.0
7500.0
-7500.0
-7500.0
-7500.0
-5287.123908120351
7500.0
7500.0
7500.0
7500.0
7500.0
7500.0
-5910.639992918475
-5958.707357498324
-4480.164388500245
-4084.579977795518
-335.6892819760096
3107.2240389220333
2444.417807314869
1034.3171246325996
-211.90646303879203
2903.7314898366662
7500.0
1032.8664578745575
7500.0
7500.0
7500.0
-7500.0
-7500.0
-7500.0
-7500.0
-7165.689149560118
-6230.045627595049
7500.0
7500.0
7500.0
7500.0
7500.0
7500.0
7500.0
-7500.0
-7500.0
-7124.753127057276
-7500.0
-7223.572684186436
-7500.0
-7500.0
7500.0
7500.0
7500.0
7500.0
7500.0
7500.0
7500.0
-7500.0
-7282.247710866892
-6652.6318383644775
-5294.39668640763
-991.8500784296507
7500.0
7500.0
7500.0
7500.0
7500.0
7500.0
7500.0
7500.0
7500.0
7500.0
-7325.392337056412
-7500.0
-7500.0
-7500.0
-7500.0
-7500.0
7500.0
7500.0
7500.0
7500.0
7500.0
7500.0
7500.0
7500.0
-7500.0
-7500.0
-7500.0
-7500.0
-7500.0
7500.0
7500.0
7500.0
7500.0
7500.0
7500.0
7500.0
-7500.0
-7500.0
-7500.0
-7500.0
-7500.0
7500.0
7500.0
7500.0
7500.0
7500.0
7500.0
7500.0
-7500.0
-7500.0
-7500.0
-7500.0
-7500.0
-7500.0
7500.0
7500.0
7500.0
7500.0
7500.0
7500.0
7500.0
7500.0
7500.0
-7500.0
-7500.0
-7500.0
-5406.336088154278
7500.0
7500.0
7500.0
7500.0
-2990.7657787238945
-3084.5088949175956
-831.0967259821955
1798.3127401323036
4847.39326278722
7500.0
7094.262392556567
6463.212261191735
-75.75757575757576
6182.432432432428
-530.3030303030304
4239.130434782624
-2500.0000000000005
4537.801144682551
5078.867088478776
4766.822999474682
4426.3265255228