Demand
-7500.0
-7500.0
7500.0
7500.0
7500.0
7500.0
7500.0
7500.0
7500.0
7500.0
7500.0
7500.0
7500.0
7500.0
7500.0
7500.0
-7500.0
-7500.0
-7500.0
-7500.0
7500.0
7500.0
7500.0
7500.0
7500.0
7500.0
7500.0
-7500.0
-7500.0
-7500.0
-7500.0
7500.0
7500.0
7500.0
7500.0
7500.0
-7500.0
-7500.0
-7500.0
-7500.0
-6723.433242506811
-6832.84665806215
-7500.0
-7500.0
7500.0
7500.0
7500.0
7500.0
7500.0
7500.0
7500.0
7500.0
-7500.0
-7500.0
-7199.265839374873
-6787.32508406974
7500.0
7500.0
7500.0
7500.0
7500.0
-7500.0
-7500.0
-7500.0
-7500.0
-7500.0
7500.0
7500.0
7500.0
7500.0
7500.0
-7500.0
-7500.0
-7500.0
-7500.0
7500.0
7500.0
7500.0
7500.0
7500.0
7500.0
-7500.0
-7500.0
-7500.0
-7500.0
7500.0
7500.0
7500.0
7500.0
7500.0
-7500.0
-7500.0
-7500.0
-7500.0
-7500.0
-7500.0
-7500.0
7500.0
7500.0
7500.0
7500.0
7500.0
7500.0
7500.0
7500.0
7500.0
-7500.0
-7318.272909455274
-7500.0
-7092.807948741591
7500.0
7500.0
7500.0
7500.0
7500.0
7500.0
7500.0
-7500.0
-7500.0
-7500.0
-7500.0
7500.0
7500.0
7500.0
7500.0
7500.0
-7500.0
-7500.0
-7500.0
-7500.0
7500.0
7500.0
7500.0
7500.0
7500.0
-7500.0
-7500.0
-7500.0
-7500.0
-7500.0
-7500.0
-7500.0
7500.0
7500.0
7500.0
7500.0
7500.0
7500.0
7500.0
7500.0
-6775.270184361094
-7288.884757594036
-7500.0
-7500.0
-7500.0
7500.0
7500.0
7500.0
7500.0
7500.0
7500.0
-7500.0
7500.0
7500.0
7500.0
-7500.0
-7500.0
-7500.0
-7500.0
-7500.0
7500.0
7500.0
7500.0
7500.0
7500.0
7500.0
-7500.0
-7500.0
-7500.0
-7500.0
-7500.0
7500.0
7500.0
7500.0
7500.0
7500.0
7500.0
7500.0
7500.0
-7500.0
-7500.0
-7500.0
-7500.0
7500.0
7500.0
7500.0
7500.0
7500.0
-7500.0
-7500.0
-7500.0
-7500.0
7500.0
7500.0
7500.0
7500.0
7500.0
7500.0
-7500.0
-7500.0
-7500.0
-7500.0
-7500.0
-7500.0
7500.0
7500.0
7500.0
7500.0
7500.0
7500.0
7500.0
7500.0
-7015.833950429063
-6968.845919594898
-6500.805875629076
-7265.937599863231
-7500.0
-7500.0
-7500.0
7500.0
7500.0
7500.0
7500.0
7500.0
7500.0
7500.0
-7500.0
-7500.0
-7500.0
-7500.0
-7500.0
-7500.0
-7500.0
-7500.0
7500.0
7500.0
7500.0
7500.0
7500.0
7500.0
7500.0
7500.0
7500.0
-6505.621244427217
-5076.51617481937
7500.0
7500.0
-7178.1479390175045
-7500.0
-7500.0
7500.0
7500.0
7500.0
7500.0
-7500.0
-7500.0
-5962.017434620175
-5471.338637381659
-4742.882632422765
-4316.975830895026
-3835.1050357934364
-776.6044452932151
7500.0
7500.0
7500.0
7500.0
7500.0
7500.0
7500.0
7500.0
-5964.465919781067
-6759.33744390961
-6667.522173356758
-7013.185739084791
-6574.65014513926
-6601.548853415479
-7500.0
7500.0
7500.0
7500.0
7500.0
7500.0
7500.0
7500.0
7500.0
7500.0
7500.0
-7500.0
-7500.0
7500.0
7500.0
7500.0
7500.0
7500.0
-6266.832972758182
-6727.975351483288
-7062.3212912159
-7500.0
-7500.0
-7500.0
-7500.0
7500.0
7500.0
7500.0
7500.0
7500.0
7500.0
7500.0
7500.0
7500.0
7500.0
7500.0
-7500.0
-7500.0
-7500.0
-7500.0
-4484.4526020298
-6447.886082738645
7500.0
7500.0
7500.0
7500.0
7500.0
7500.0
-7189.179714886657
-7500.0
-7500.0
-7500.0
-7500.0
-7500.0
-7500.0
7500.0
7500.0
7500.0
7500.0
7500.0
7500.0
7500.0
7500.0
176.7676767676926
7500.0
7500.0
4627.659574468116
7500.0
-6590.909090909092
-5387.994918484017
-5573.608706665722
-5557.809015364315
7500.0
7500.0
7500.0
7500.0
7500.0
-7500.0
-7500.0
-7500.0
-7182.097044060236
-6660.149258588339
7500.0
7500.0
7500.0
7500.0
7500.0
-7500.0
-7500.0
-7131.18731802006
-7500.0
-7243.578167594893
-7154.163931744506
-7500.0
7500.0
7500.0
7500.0
7500.0
7500.0
7500.0
7500.0
7500.0
-7342.801985659129
-7324.295605450165
-7294.840899273411
-7240.671741504735
-7108.43852112443
-7500.0
7500.0
7500.0
7500.0
7500.0
7500.0
7500.0
-4617.076625449001
-4785.036064008984
-4938.863971556311
-5070.609635447177
-5746.470943484117
-6702.121233578597
-5909.85122917507
7500.0
7500.0
7500.0
7500.0
7500.0
7500.0
7500.0
7500.0
-7333.649496570848
-7500.0
-7500.0
-7500.0
-7500.0
-7500.0
-5748.568381014513
-5854.693196218916
7500.0
7500.0
7500.0
7500.0
7500.0
7500.0
7500.0
7500.0
7500.0
-7500.0
-7500.0
-7500.0
-7500.0
-7500.0
-6089.341692789969
-1698.5675475425955
7500.0
7500.0
7500.0
7500.0
7500.0
-2554.835834095658
7500.0
7500.0
7500.0
-7500.0
-7500.0
-7500.0
-7500.0
-7500.0
-7500.0
-7500.0
7500.0
7500.0
7500.0
7500.0
7500.0
7500.0
7500.0
7500.0
-7500.0
7500.0
7500.0
7500.0
-7500.0
-7500.0
7500.0
7500.0
7500.0
-6964.517993929758
-6701.368363635454
-7268.934742089334
-6922.114572358052
-7500.0
-7500.0
7500.0
7500.0
7500.0
7500.0
7500.0
7500.0
7500.0
7500.0
-7012.09341117598
-7142.65875003415
-7297.336453555621
-6530.432196768383
-7188.675197288163
-7500.0
-7500.0
7500.0
7500.0
7500.0
7500.0
7500.0
7500.0
7500.0
-7500.0
-7500.0
-7500.0
-7500.0
-7500.0
-7500.0
7500.0
7500.0
7500.0
7500.0
7500.0
7500.0
7500.0
7500.0
-6226.287363059557
7500.0
7500.0
7500.0
-5784.166164960869
-6001.752155334201
-5392.44996512901
-5296.7069586356465
-5674.864604369448
-5721.527156905089
-3096.114166917885
7500.0
7500.0
7500.0
7500.0
7500.0
7500.0
7500.0
-7500.0
-7323.447421403131
-7299.722478430862
-6784.010085510232
-6579.444067826849
-7027.750331642552
-7500.0
7500.0
7500.0
7500.0
7500.0
7500.0
7500.0
7500.0
-7500.0
-7500.0
-7500.0
-7500.0
-7500.0
-7500.0
-7500.0
7500.0
7500.0
7500.0
7500.0
7500.0
7500.0
7500.0
7500.0
7500.0
7500.0
-6387.339654210822
-6179.981570848386
-6236.055776334502
-4379.722965892157
7500.0
7500.0
7500.0
7500.0
-7181.118881118882
-7500.0
-7500.0
-7500.0
-7500.0
-7500.0
-7500.0
-3126.552577114069
7500.0
7500.0
7500.0
7500.0
7500.0
7500.0
7500.0
7500.0
7500.0
-5336.6166636544385
-3355.932171319619
-1690.8258138090755
-1957.9882385667734
-2747.0236911256015
-3707.577471024144
-3317.0064874952222
-2498.6355770723003
3757.2927187243113
7500.0
7500.0
7500.0
7500.0
-7500.0
-7500.0
-7500.0
-7201.704545454548
-6360.308666402852
7500.0
7500.0
7500.0
7500.0
7500.0
7500.0
-7500.0
-7500.0
-7500.0
-4743.713733075441
7500.0
7500.0
7500.0
7500.0
7500.0
-7500.0
-7500.0
-7500.0
7500.0
7500.0
7500.0
7500.0
-7306.166402176375
-6781.483431634126
-5820.08980882791
-4207.915773078437
7500.0
7500.0
7500.0
7500.0
7500.0
7500.0
-7500.0
7500.0
-2318.181818181833
7500.0
7500.0
-7500.0
-7500.0
-7500.0
-7500.0
7500.0
7500.0
7500.0
7500.0
7500.0
-7500.0
-7293.804843260676
-7500.0
-7500.0
-7500.0
-7500.0
-7500.0
7500.0
7500.0
7500.0
7500.0
7500.0
7500.0
7500.0
7500.0
7500.0
-7500.0
-7500.0
-7500.0
-7500.0
-7500.0
7500.0
7500.0
7500.0
7500.0
7500.0
7500.0
7500.0
-7500.0
-7500.0
-7500.0
7500.0
7500.0
7500.0
-7500.0
-6326.8291794331235
7500.0
7500.0
7500.0
7500.0
7500.0
-7500.0
-7500.0
-7500.0
-7500.0
-7500.0
-6701.6806722689125
-2188.0616476171467
4894.946145524593
7500.0
7500.0
7500.0
7500.0
7500.0
7500.0
7500.0
7500.0
-1363.6363636363637
7500.0
7500.0
6227.588975113729
-530.3030303030304
3539.1822827938686
-2500.0000000000005
3739.6694214876034
-1893.939393939394
5679.190751445085
-1590.909090909091