Demand
7500.0
7500.0
7500.0
7500.0
7500.0
7500.0
7500.0
7500.0
7500.0
7500.0
7500.0
7500.0
7500.0
7500.0
7500.0
7500.0
7500.0
7500.0
7500.0
7500.0
7500.0
7500.0
7500.0
7500.0
7500.0
7500.0
7500.0
7500.0
7500.0
7500.0
7500.0
-7500.0
-7500.0
-7500.0
-7500.0
-7500.0
-7500.0
7500.0
7500.0
7500.0
7500.0
7500.0
7500.0
7500.0
7500.0
-7500.0
-7500.0
-7500.0
-7500.0
-7500.0
7500.0
7500.0
7500.0
7500.0
7500.0
7500.0
-7500.0
-7500.0
7500.0
7500.0
7500.0
7500.0
-7500.0
-7500.0
-7500.0
-7500.0
-7500.0
-7500.0
-6878.678875081756
-7500.0
7500.0
7500.0
7500.0
7500.0
7500.0
7500.0
7500.0
7500.0
7500.0
-7500.0
-7500.0
-7500.0
7500.0
7500.0
7500.0
7500.0
7500.0
-7500.0
-7500.0
-7500.0
-7500.0
-7500.0
-7500.0
7500.0
7500.0
7500.0
7500.0
7500.0
7500.0
7500.0
-7500.0
-7500.0
-7500.0
-7500.0
-7500.0
7500.0
7500.0
7500.0
7500.0
7500.0
7500.0
7500.0
-7500.0
-7500.0
-7500.0
-7500.0
7500.0
7500.0
7500.0
7500.0
7500.0
-7500.0
-7500.0
-7500.0
-7090.639774971574
-7500.0
-7500.0
-7500.0
-7500.0
7500.0
7500.0
7500.0
7500.0
7500.0
7500.0
7500.0
7500.0
-7500.0
-7500.0
-7500.0
7500.0
7500.0
7500.0
7500.0
-7500.0
-7500.0
-7500.0
-7500.0
-5382.914750619035
7500.0
7500.0
7500.0
7500.0
7500.0
7500.0
7500.0
-7500.0
-7500.0
-7500.0
-7500.0
-7500.0
7500.0
7500.0
7500.0
7500.0
7500.0
7500.0
7500.0
7500.0
-7500.0
-7500.0
-7500.0
-7500.0
-7500.0
-7500.0
-7500.0
7500.0
7500.0
7500.0
7500.0
7500.0
7500.0
7500.0
7500.0
7500.0
-7500.0
-7500.0
-7500.0
-7500.0
-7500.0
-7500.0
7500.0
7500.0
7500.0
7500.0
7500.0
7500.0
-7332.267430454745
-7500.0
-7500.0
-7500.0
-7500.0
-7500.0
-7500.0
7500.0
7500.0
7500.0
7500.0
7500.0
7500.0
7500.0
7500.0
7500.0
-7500.0
-7500.0
-7500.0
-7500.0
-7500.0
-7500.0
-7116.729424421734
-6819.651071723974
7500.0
7500.0
7500.0
7500.0
-1122.5835394920418
7500.0
7500.0
7500.0
7500.0
-7500.0
-5901.359483740271
7500.0
7500.0
-7500.0
-7500.0
7500.0
7500.0
7500.0
7500.0
-7500.0
-7500.0
-7500.0
7500.0
7500.0
7500.0
7500.0
7500.0
7500.0
-7500.0
-7500.0
-7500.0
-7500.0
-5965.909090909092
-5305.225653206655
-2881.010911293668
-3821.3868491602843
-4107.743689981075
7500.0
7500.0
7500.0
7500.0
7500.0
7500.0
7500.0
7500.0
-6412.129002103296
-6163.952383236798
-5859.093013091764
-5872.216911098842
-6081.34920233153
-6313.530454241905
-5300.531532761015
-4466.082679891813
7500.0
7500.0
7500.0
7500.0
7500.0
7500.0
7500.0
-2045.454545454617
7500.0
-6800.613496932514
7500.0
7500.0
7500.0
7500.0
-7500.0
-7500.0
-7500.0
-7500.0
-7500.0
7500.0
7500.0
7500.0
7500.0
7500.0
7500.0
-7500.0
7500.0
7500.0
7500.0
7500.0
-6342.711527305877
-6704.211438620077
-6933.718399804267
-7500.0
7500.0
7500.0
7500.0
7500.0
-7500.0
-7500.0
-7500.0
-7500.0
-7500.0
-7500.0
7500.0
7500.0
7500.0
7500.0
7500.0
7500.0
7500.0
7500.0
-6242.170706519959
-7300.84227102242
-6801.276887216911
-7211.348771151972
-7500.0
-7500.0
7500.0
7500.0
7500.0
7500.0
7500.0
7500.0
7500.0
7500.0
-7500.0
-7500.0
-7310.882548108826
-7500.0
-6723.653156608185
-6833.110135455563
-3356.5497320809263
3748.796991894875
4883.900582422946
7500.0
7500.0
7500.0
7500.0
7500.0
-2094.1870620687755
7500.0
-5314.895947426068
7500.0
-7166.016017959317
-7500.0
-7500.0
-7500.0
-7500.0
-7500.0
7500.0
7500.0
7500.0
7500.0
7500.0
7500.0
7500.0
-7500.0
-7500.0
-7500.0
-7500.0
7500.0
7500.0
7500.0
7500.0
7500.0
7500.0
-7500.0
7500.0
7500.0
7500.0
-7500.0
-7500.0
-7500.0
-7239.046580936136
-7166.816675208069
-7002.686953983237
-6274.792472207675
7500.0
7500.0
7500.0
7500.0
7500.0
7500.0
7500.0
7500.0
7500.0
-5054.6475995914225
-4925.200718960976
-4266.007027092455
1435.1110398206315
7500.0
7500.0
7500.0
-7500.0
-7500.0
-7500.0
-7500.0
-5032.467532467543
7500.0
7500.0
7500.0
7500.0
7500.0
7500.0
-7500.0
7500.0
7500.0
-7312.930751558912
7500.0
7500.0
-6200.755992857958
-5756.640852371485
-6174.221067399592
-6440.033822291134
-7003.8155454835305
-7500.0
-7500.0
-7500.0
7500.0
7500.0
7500.0
7500.0
7500.0
7500.0
7500.0
7500.0
-5889.182440834586
-5555.6165825387725
-5539.799187266211
-6294.133809987108
7500.0
7500.0
7500.0
7500.0
7500.0
7500.0
-7500.0
-7500.0
-7500.0
7500.0
7500.0
7500.0
7500.0
7500.0
-7121.765096217652
-7279.238526990344
-7221.293450644391
-7500.0
-7500.0
7500.0
7500.0
7500.0
7500.0
7500.0
7500.0
7500.0
-7500.0
-6918.987791294507
-6552.747599899401
-7173.1338999343225
-6088.7564933827725
7500.0
7500.0
7500.0
7500.0
7500.0
7500.0
-7500.0
-7500.0
-7071.750563486103
-6981.176961759653
-6453.7054823559465
-6317.101119831499
-2379.461770857173
7500.0
7500.0
7500.0
7500.0
7500.0
7500.0
7500.0
-7500.0
-7500.0
-7500.0
-7500.0
-7500.0
7500.0
7500.0
7500.0
7500.0
7500.0
7500.0
-7500.0
-7285.21538003264
-6742.3406875031
-5613.288434862516
-2807.5287501468833
1267.5469356773087
602.0663623959495
2441.62754540937
7500.0
7500.0
7500.0
7500.0
7500.0
7500.0
7500.0
-6520.057306590259
-6772.902130024311
-6652.004847933396
-6966.654375229273
-7500.0
-7500.0
7500.0
7500.0
7500.0
7500.0
7500.0
7500.0
-7314.554621468136
-6823.848478888434
-6582.56944616617
-6928.427437258875
7500.0
7500.0
7500.0
7500.0
7500.0
7500.0
-7500.0
-7500.0
-7500.0
-7500.0
7500.0
7500.0
7500.0
7500.0
7500.0
7500.0
-6974.308300395258
-5757.8227435415865
-5121.212792684391
-4773.779720698136
-3926.7495080826416
-2527.059711498992
1749.48835465609
2662.743108395403
2525.4727100751215
7500.0
7500.0
7370.6893808161685
5909.284625452843
7500.0
7500.0
-6259.90675990676
-6541.007436571035
-7074.797552258777
-7500.0
-7500.0
-7500.0
-7500.0
-7500.0
7500.0
7500.0
7500.0
7500.0
7500.0
7500.0
7500.0
7500.0
7500.0
-5457.346618128704
-1713.1458695431538
6539.260947069752
7500.0
7500.0
2043.916618277378
7500.0
-4784.497253671116
-4893.477768746852
-5152.059175107863
-5382.572063160758
-6196.814789529859
-6714.234086379747
7500.0
7500.0
7500.0
7500.0
7500.0
-7286.756453423121
-6928.651739024366
-6991.79375078534
7500.0
7500.0
7500.0
7500.0
7500.0
7500.0
-7500.0
7500.0
-7114.082599864592
-7500.0
-7209.176685926663
-7500.0
-7500.0
7500.0
7500.0
7500.0
7500.0
7500.0
7500.0
7500.0
-7500.0
-7322.786234760313
-6896.386861609961
-6309.579298697832
-5992.43847170492
-6609.933360661105
-7500.0
7500.0
7500.0
7500.0
7500.0
7500.0
7500.0
7500.0
-6975.847867334967
-7280.42855637801
-7500.0
-7500.0
7500.0
7500.0
7500.0
7500.0
-7500.0
-7500.0
-7500.0
-7500.0
-6636.349018772371
7500.0
7500.0
7500.0
7500.0
7500.0
7500.0
-7500.0
-7500.0
-7500.0
-6797.319509419649
-6940.821605519062
-6771.817109224643
-6933.523762870311
-7500.0
7500.0
7500.0
7500.0
7500.0
7500.0
7500.0
7500.0
7500.0
7500.0
-6768.42820246816
-7079.7282410939915
-7241.067512647118
-7500.0
-7500.0
7500.0
7500.0
7500.0
7500.0
7500.0
7500.0
7500.0
-6786.6720300348625
-6825.346439473909
-7500.0
-7500.0
7500.0
7500.0
7500.0
7500.0
-7500.0
-7119.512718415139
-5787.351848564427
-5297.348022461025
-4005.1755708197816
457.8715435924946
2990.239095646572
3026.3636151967557
7500.0
7500.0
7500.0
7500.0
7500.0
-530.3030303030304
7500.0
-681.8181818181819
7500.0
6332.1536905965595
2503.3607860260167
-2348.4848484848485
7500.0
-1742.4242424242427
5208.13844714687