Demand
7500.0
7500.0
7500.0
7500.0
7500.0
7500.0
7500.0
7500.0
7500.0
7500.0
7500.0
7500.0
7500.0
7500.0
7500.0
7500.0
-7500.0
-7500.0
-7500.0
-7500.0
7500.0
7500.0
7500.0
7500.0
7500.0
-7500.0
-7500.0
-7500.0
-7500.0
-7500.0
7500.0
7500.0
7500.0
7500.0
7500.0
7500.0
-7500.0
7500.0
7500.0
7500.0
7500.0
-6893.229721098576
-7500.0
7500.0
7500.0
7500.0
7500.0
-7500.0
-7500.0
-7500.0
-7500.0
-7500.0
-7500.0
-7500.0
-3958.0530618580674
7500.0
7500.0
7500.0
7500.0
7500.0
7500.0
7500.0
7500.0
7500.0
-7500.0
-7500.0
-7500.0
-7500.0
-6370.167198194162
7500.0
7500.0
7500.0
7500.0
7500.0
7500.0
-7500.0
-7500.0
-7500.0
-7500.0
-7500.0
-7500.0
7500.0
7500.0
7500.0
7500.0
7500.0
7500.0
7500.0
-7500.0
-7500.0
-7500.0
7500.0
7500.0
7500.0
7500.0
7500.0
7500.0
-7500.0
-7500.0
-7500.0
-7500.0
-7500.0
7500.0
7500.0
7500.0
7500.0
7500.0
7500.0
-7500.0
-7246.265703828272
-7144.341091850376
-5313.966796035706
7500.0
7500.0
7500.0
7500.0
7500.0
7500.0
7500.0
-7500.0
-7500.0
-7500.0
-7500.0
-7500.0
-6592.898348915858
-7500.0
7500.0
7500.0
7500.0
7500.0
7500.0
7500.0
7500.0
-7500.0
-7500.0
-7500.0
-7500.0
7500.0
7500.0
7500.0
7500.0
7500.0
7500.0
-7500.0
-7500.0
-7500.0
-7500.0
7500.0
7500.0
7500.0
7500.0
7500.0
7500.0
7500.0
-7500.0
-7500.0
-7500.0
7500.0
7500.0
7500.0
-7500.0
-7500.0
-7500.0
-7500.0
7500.0
7500.0
7500.0
7500.0
7500.0
7500.0
-7500.0
-7500.0
-7500.0
-7500.0
7500.0
7500.0
7500.0
7500.0
7500.0
7500.0
-7500.0
-7500.0
-7500.0
-7500.0
-7500.0
-7500.0
-7500.0
7500.0
7500.0
7500.0
7500.0
7500.0
7500.0
7500.0
7500.0
7500.0
-7338.526912181305
-7318.396121769349
-7500.0
-7500.0
-7500.0
-7500.0
7500.0
7500.0
7500.0
7500.0
7500.0
7500.0
-7500.0
-7500.0
-7500.0
7500.0
7500.0
7500.0
7500.0
7500.0
-7500.0
-7500.0
-7500.0
-7196.307515072052
-7021.0295121044455
-364.3958338815619
7500.0
7500.0
7500.0
7500.0
7500.0
7500.0
7500.0
-7500.0
-7500.0
7500.0
7500.0
-7304.70534490635
-7500.0
-7500.0
-7500.0
-7500.0
7500.0
7500.0
7500.0
7500.0
7500.0
7500.0
7500.0
7500.0
-7500.0
-7500.0
-7500.0
-7500.0
-7500.0
7500.0
7500.0
7500.0
7500.0
7500.0
7500.0
-7026.342030912416
-7500.0
7500.0
7500.0
7500.0
7500.0
-7500.0
-7500.0
-7500.0
-5637.4722838137495
-4473.9038748791845
-723.4491748661239
7500.0
7500.0
7500.0
6160.8219757291445
7500.0
7500.0
-7500.0
-7500.0
-7019.797809604046
-7500.0
-7500.0
3348.9073921233207
1884.473960566443
7500.0
7500.0
7500.0
7500.0
7500.0
7500.0
7500.0
-7500.0
-7500.0
-7500.0
-7500.0
-4290.024135156895
7500.0
7500.0
7500.0
7500.0
7500.0
7500.0
7500.0
-7191.19081157222
-5837.669650817819
-5885.805490108414
-6116.201111081675
-6596.883938929532
-6949.262594180895
-7500.0
-7500.0
7500.0
7500.0
7500.0
7500.0
7500.0
7500.0
7500.0
7500.0
-7500.0
-7500.0
-7500.0
-7500.0
7500.0
7500.0
7500.0
7500.0
7500.0
7500.0
-4909.090909090955
7500.0
7500.0
-7500.0
-7500.0
-7500.0
-7500.0
-6609.764478040859
-7500.0
7500.0
7500.0
7500.0
7500.0
7500.0
7500.0
7500.0
7500.0
7500.0
-7177.346314955283
-5729.786707398347
-2371.56008445895
7500.0
7500.0
7500.0
1299.3138936534906
7500.0
7500.0
-5299.430094677822
-5270.215616098265
-5266.524122276005
-3893.2285881354346
7500.0
7500.0
7500.0
7500.0
-7500.0
-7500.0
-7500.0
-7500.0
-7076.802507836992
-6552.0294197766325
7500.0
7500.0
7500.0
7500.0
7500.0
7500.0
7500.0
7500.0
-7500.0
-7324.493880378726
-7284.859661744722
-7500.0
-7500.0
7500.0
7500.0
7500.0
7500.0
7500.0
-7500.0
-7500.0
-7260.302253945443
-7186.740143578185
-6993.8570111777135
-5205.832690790114
7500.0
7500.0
7500.0
7500.0
7500.0
7500.0
7500.0
-4917.560047353991
-2781.1148161131005
-416.57108004899237
7500.0
7500.0
-1111.537511229888
7500.0
-7187.055295260785
-7500.0
-7500.0
-7500.0
-7500.0
-7500.0
7500.0
7500.0
7500.0
7500.0
7500.0
7500.0
7500.0
-7500.0
-7500.0
-6767.710754924752
-7127.828676932164
3272.1532298015236
7500.0
7500.0
7500.0
7500.0
7500.0
-7181.538829914598
-7500.0
-7500.0
-7500.0
-7500.0
-7500.0
-7500.0
7500.0
7500.0
7500.0
7500.0
7500.0
7500.0
7500.0
7500.0
-7195.634761714058
-7500.0
-7500.0
-7500.0
-7500.0
-7500.0
-7500.0
-7500.0
7500.0
7500.0
7500.0
7500.0
7500.0
7500.0
7500.0
7500.0
7500.0
-7343.354952182039
-7500.0
-7500.0
-7500.0
-7500.0
7500.0
7500.0
7500.0
7500.0
7500.0
7500.0
-6930.9862904299225
-6600.529317852817
-7210.3031406713435
-6545.671862355413
-7500.0
7500.0
7500.0
7500.0
7500.0
7500.0
7500.0
-7500.0
-7145.612194694808
-7103.160278751029
-6807.116233282408
-6929.171183217804
-7097.11900566093
-4129.32172914164
7500.0
7500.0
7500.0
7500.0
7500.0
7500.0
7500.0
7500.0
-7500.0
-7500.0
-7500.0
-7500.0
-7500.0
-7500.0
7500.0
7500.0
7500.0
7500.0
7500.0
7500.0
-6546.291132180702
-5598.6738907256695
-4840.168096903741
-5586.695962765001
-6486.565099579373
-7155.388954777569
-7500.0
7500.0
7500.0
7500.0
7500.0
7500.0
7500.0
7500.0
-6808.432273160586
-7069.835409208399
-7500.0
-7500.0
7500.0
7500.0
7500.0
7500.0
-7500.0
-7304.354684162254
-7275.360580414717
-6683.504295305114
-6426.083791793031
-6926.027239202278
-7500.0
7500.0
7500.0
7500.0
7500.0
7500.0
7500.0
7500.0
7500.0
-7500.0
7500.0
7500.0
7500.0
7500.0
-7500.0
-7500.0
-6884.338433843384
-5106.76836162964
-3166.5280849563783
1911.7849257012522
7500.0
7500.0
7500.0
7500.0
-6818.181818181819
-6299.4584022867475
-6079.796206851754
-6169.733373424264
-4648.967749535917
7500.0
7500.0
7500.0
7500.0
7500.0
-7500.0
-7500.0
-7500.0
-7500.0
-7500.0
7500.0
7500.0
7500.0
7500.0
7500.0
7500.0
-5602.372034956306
-5468.412659142568
-5694.973720993343
-5712.858855633825
-3892.2318481503316
-3285.558395532817
1742.2364944517394
6010.502620431908
4109.828364934192
1997.540967312812
439.8284047189072
3805.9516203512117
6688.960507627382
2615.4020868828343
7500.0
7500.0
7500.0
-7500.0
-7500.0
-7500.0
-7500.0
7500.0
7500.0
7500.0
7500.0
7500.0
-7500.0
-7500.0
-7500.0
-7500.0
7500.0
7500.0
7500.0
7500.0
-7257.858963466442
7500.0
7500.0
-7500.0
-7500.0
-7500.0
7500.0
7500.0
7500.0
7500.0
-7500.0
-7294.372294372299
-6688.757430823152
-5261.21224083919
4019.4514602749714
7500.0
7500.0
7500.0
7500.0
7500.0
-7500.0
-7500.0
7500.0
7500.0
7500.0
-7343.703859945161
-7500.0
-7500.0
-7500.0
-7500.0
-7500.0
-7500.0
7500.0
7500.0
7500.0
7500.0
7500.0
7500.0
7500.0
-7500.0
-7500.0
7500.0
7500.0
-7500.0
-7500.0
-7500.0
-6765.89482968875
-6897.017553533538
-6660.226023371266
-6707.392958788363
7500.0
7500.0
7500.0
7500.0
7500.0
7500.0
7500.0
7500.0
7500.0
-6602.456435019947
-6712.944165876368
-7056.645759691422
-7238.185641879347
-7500.0
-7500.0
-7500.0
7500.0
7500.0
7500.0
7500.0
7500.0
7500.0
7500.0
7500.0
7500.0
-7500.0
-7500.0
-7500.0
-7500.0
-7500.0
7500.0
7500.0
7500.0
7500.0
7500.0
7500.0
7500.0
7500.0
-1869.5014662756603
118.98569570871041
2605.9312301275827
5882.281334157402
6294.570305800181
7081.769411356261
-75.75757575757576
6151.685393258425
-530.3030303030304
3520.408163265308
-2500.0000000000005
3538.961038961039
-1893.939393939394
5073.5294117647045
-1590.909090909091