Demand
7500.0
7500.0
7500.0
7500.0
7500.0
7500.0
7500.0
7500.0
7500.0
7500.0
7500.0
7500.0
7500.0
7500.0
7500.0
7500.0
7500.0
7500.0
7500.0
7500.0
7500.0
7500.0
7500.0
7500.0
7500.0
7500.0
7500.0
7500.0
-7500.0
-7500.0
-7500.0
7500.0
7500.0
7500.0
7500.0
7500.0
7500.0
7500.0
-7500.0
-7500.0
7500.0
7500.0
-7500.0
-7500.0
-7500.0
-7500.0
7500.0
7500.0
7500.0
7500.0
7500.0
7500.0
-7500.0
-7500.0
-7182.7458256029695
-6982.120358343789
-7500.0
7500.0
7500.0
7500.0
7500.0
7500.0
7500.0
7500.0
-7500.0
-7500.0
7500.0
7500.0
-7204.261839734112
-7500.0
7500.0
7500.0
7500.0
7500.0
-7500.0
-7500.0
-7500.0
-7500.0
-7500.0
-7500.0
7500.0
7500.0
7500.0
7500.0
7500.0
7500.0
7500.0
7500.0
-7500.0
-7500.0
7500.0
7500.0
7500.0
-7500.0
-7500.0
-7500.0
-7500.0
-7500.0
7500.0
7500.0
7500.0
7500.0
7500.0
7500.0
7500.0
-7500.0
-7500.0
-6897.4630021141675
7500.0
7500.0
7500.0
7500.0
-7500.0
-7500.0
-7500.0
-7500.0
7500.0
7500.0
7500.0
7500.0
7500.0
7500.0
-7500.0
-7500.0
-7098.308668076112
-7500.0
-7500.0
-7500.0
-7500.0
7500.0
7500.0
7500.0
7500.0
7500.0
7500.0
7500.0
-7500.0
7500.0
-7500.0
-7500.0
-7500.0
-7500.0
-7500.0
-7500.0
-7500.0
7500.0
7500.0
7500.0
7500.0
7500.0
7500.0
7500.0
7500.0
7500.0
7500.0
7500.0
-7500.0
-7500.0
-7500.0
-7500.0
-7500.0
-7500.0
-7500.0
7500.0
7500.0
7500.0
7500.0
7500.0
7500.0
7500.0
7500.0
-7500.0
-7500.0
-7500.0
-7500.0
7500.0
7500.0
7500.0
7500.0
7500.0
-7500.0
-7500.0
-7500.0
-7500.0
7500.0
7500.0
7500.0
7500.0
7500.0
7500.0
-7500.0
-7500.0
-7500.0
7500.0
7500.0
7500.0
7500.0
7500.0
-7500.0
-7500.0
-7500.0
-7500.0
-7500.0
7500.0
7500.0
7500.0
7500.0
7500.0
-7500.0
7500.0
7500.0
7500.0
-7500.0
7500.0
7500.0
7500.0
-7500.0
-7500.0
-7500.0
-7137.272727272728
-6565.048562799215
7500.0
7500.0
7500.0
7500.0
7500.0
7500.0
-7500.0
-7500.0
-7500.0
-7500.0
7500.0
7500.0
7500.0
7500.0
-7500.0
-7500.0
-7500.0
-7500.0
-7500.0
-7500.0
7500.0
7500.0
7500.0
7500.0
7500.0
7500.0
-7500.0
-7500.0
-7500.0
-7500.0
-7500.0
-7500.0
-2056.0665015918003
7500.0
7500.0
7500.0
-877.3067985569596
7500.0
7500.0
7500.0
7500.0
7500.0
-7500.0
-7500.0
-7500.0
-5657.705725425818
-4670.359003487534
-2209.347626489656
6770.558802274475
3522.6842747492465
7500.0
7500.0
7500.0
7500.0
7500.0
-7500.0
-6959.28853754941
-7500.0
7500.0
7500.0
7500.0
7500.0
7500.0
-6914.606314187904
-7021.501816233062
-7500.0
-7500.0
7500.0
7500.0
7500.0
7500.0
7500.0
7500.0
-7167.83216783217
-7500.0
-7500.0
-7500.0
7500.0
7500.0
7500.0
7500.0
7500.0
-6132.097273082805
-6369.600094399151
-6801.917231574655
-7112.303216402939
-7500.0
-7500.0
-7500.0
-7500.0
7500.0
7500.0
7500.0
7500.0
7500.0
7500.0
7500.0
7500.0
-7500.0
7500.0
-7500.0
-7500.0
-7500.0
-7500.0
-7500.0
-4685.7366771159905
-6814.041707343138
7500.0
7500.0
7500.0
7500.0
7500.0
7500.0
7500.0
7500.0
-7500.0
-7500.0
-7500.0
-7500.0
-7500.0
-7500.0
7500.0
7500.0
7500.0
7500.0
7500.0
7500.0
7500.0
7500.0
7500.0
-3892.7674535409315
-2199.6869109926442
-2307.087808733004
-1297.0290590716872
7500.0
7500.0
7500.0
7500.0
-7500.0
-7500.0
-7500.0
-7500.0
-7500.0
7500.0
7500.0
7500.0
7500.0
7500.0
7500.0
7500.0
-7500.0
-7500.0
-7500.0
7500.0
7500.0
7500.0
7500.0
-7321.316614420062
-7500.0
-7500.0
7500.0
7500.0
7500.0
7500.0
-7500.0
-7500.0
-7500.0
-7248.183781661104
-7148.536250234309
-6790.869034616664
7500.0
7500.0
7500.0
7500.0
7500.0
7500.0
7500.0
-5288.939725482396
-5195.715513881252
-3826.5792846329277
-3406.8123642770875
-2007.4602573032516
7500.0
-461.44526025271716
7500.0
7500.0
7500.0
-7500.0
-7500.0
-7500.0
-7500.0
-6503.496503496508
-7500.0
7500.0
7500.0
7500.0
7500.0
7500.0
7500.0
7500.0
-6982.3129410120855
-7306.323180466106
-5900.587895806939
-6374.069835188004
-4261.851761178279
-64.22873028610138
7500.0
1566.4081975535278
7500.0
7500.0
7500.0
7500.0
7500.0
-7500.0
-7500.0
-7500.0
-6787.5
-5721.842327327637
-3836.0963461339684
-2224.6095511646267
7500.0
5929.777655018548
6183.937883896497
235.32270427283584
7500.0
7500.0
7500.0
7500.0
-7500.0
-7500.0
-7500.0
-7500.0
-7500.0
-7500.0
7500.0
7500.0
7500.0
7500.0
7500.0
7500.0
7500.0
-7500.0
-7500.0
-7500.0
-7500.0
-7500.0
-7500.0
-7500.0
7500.0
7500.0
7500.0
7500.0
7500.0
7500.0
7500.0
7500.0
-7500.0
-7500.0
-7500.0
-7500.0
7500.0
7500.0
7500.0
7500.0
7500.0
7500.0
7500.0
-7215.284715284717
3412.342215988823
7500.0
7500.0
7500.0
-7032.166028296726
-7500.0
-7123.748567108512
-7500.0
-7500.0
-7500.0
-7500.0
7500.0
7500.0
7500.0
7500.0
7500.0
7500.0
7500.0
7500.0
-7327.361259959927
-6921.720900079135
-6168.349713506823
-4569.356164408047
-2818.313949134037
-3462.601269915891
-4079.5993584219104
7500.0
7500.0
7500.0
7500.0
7500.0
7500.0
7500.0
-6560.1297130922285
-6828.41622550942
-6765.287401462001
-7087.788377694771
-7500.0
-7500.0
-7500.0
-7500.0
7500.0
7500.0
7500.0
7500.0
7500.0
7500.0
7500.0
7500.0
-7500.0
-7500.0
-7500.0
-7500.0
-7500.0
-7500.0
7500.0
7500.0
7500.0
7500.0
7500.0
7500.0
7500.0
-7500.0
7500.0
-7500.0
-6878.673922151653
-5162.505386100309
-3583.259779197866
-837.3286929209139
7500.0
7500.0
7500.0
3398.8117001368264
7500.0
7500.0
-6314.6167557932295
-6589.0025972984095
-6298.782059313966
-5925.226753872805
-4889.709672663515
-5304.325680915446
-5399.2608726080525
-6054.193300349922
-7500.0
7500.0
7500.0
7500.0
7500.0
7500.0
7500.0
7500.0
7500.0
-5695.04115892868
-5294.863002883372
-4977.781247811825
-4466.163279351422
-4242.33551912939
-2741.521812685584
7500.0
7500.0
7500.0
7500.0
7500.0
1208.496679225686
7500.0
-5046.930076235756
-5407.885796160783
-5791.322533370287
-6645.803827010537
-7243.99743344699
-7500.0
-7500.0
7500.0
7500.0
7500.0
7500.0
7500.0
7500.0
7500.0
7500.0
-7500.0
-7500.0
-7500.0
-7500.0
-7500.0
7500.0
7500.0
7500.0
7500.0
7500.0
7500.0
7500.0
-7500.0
7500.0
-7500.0
-7500.0
-7500.0
7500.0
7500.0
7500.0
7500.0
-6655.13833992095
-6582.754036751809
-7093.257998093912
-7500.0
-7500.0
-7500.0
-7500.0
7500.0
7500.0
7500.0
7500.0
7500.0
7500.0
7500.0
7500.0
7500.0
-7500.0
7500.0
-7500.0
-7500.0
-7500.0
-7500.0
-7500.0
7500.0
7500.0
7500.0
7500.0
7500.0
7500.0
7500.0
7500.0
-7500.0
-7500.0
-6764.832330180567
-6881.468808872829
-6585.318181254515
-6401.6864228820905
7500.0
7500.0
7500.0
7500.0
7500.0
7500.0
7500.0
7500.0
-7305.519751307911
-6296.932259116464
-6173.428090820662
-6177.601213920207
7500.0
7500.0
7500.0
7500.0
7500.0
7500.0
-7500.0
-7500.0
-5791.708291708304
7500.0
7500.0
7500.0
-7500.0
-7500.0
-7500.0
7500.0
7500.0
7500.0
7500.0
7500.0
-6131.8171746905955
-5757.154437490484
-4742.12605521371
-1093.0376944821287
1604.992230757227
2688.828404560092
7500.0
7500.0
7500.0
-1893.939393939394
7500.0
7366.754866754865
-75.75757575757576
6156.069364161847
-530.3030303030304
3565.573770491805
-2500.0000000000005
4090.90909090909
-1893.939393939394
7500.0
-1590.909090909091