Demand
7500.0
7500.0
7500.0
7500.0
7500.0
7500.0
7500.0
7500.0
7500.0
7500.0
7500.0
7500.0
7500.0
-7500.0
7500.0
-7500.0
-7500.0
7500.0
7500.0
7500.0
7500.0
-7500.0
7500.0
7500.0
7500.0
-7500.0
-7500.0
-7500.0
-7500.0
7500.0
7500.0
7500.0
7500.0
7500.0
7500.0
-7500.0
-7500.0
-7500.0
-7500.0
7500.0
7500.0
7500.0
7500.0
7500.0
-7500.0
-7500.0
7500.0
7500.0
7500.0
7500.0
-7500.0
-7500.0
-7500.0
-7500.0
-7174.7812856599485
-6957.990051413961
-7500.0
7500.0
7500.0
7500.0
7500.0
7500.0
7500.0
7500.0
-7500.0
-7500.0
7500.0
7500.0
7500.0
7500.0
-7500.0
-7500.0
-7500.0
-7500.0
7500.0
7500.0
7500.0
7500.0
7500.0
7500.0
-7500.0
-7500.0
-7500.0
-7500.0
-7500.0
-7500.0
-7500.0
7500.0
7500.0
7500.0
7500.0
7500.0
7500.0
7500.0
7500.0
7500.0
-7500.0
-7500.0
-7500.0
-7500.0
-7500.0
-7500.0
7500.0
7500.0
7500.0
7500.0
7500.0
7500.0
7500.0
-7347.817380857028
-7337.081832036771
-6968.449509272999
-7500.0
-7500.0
-7500.0
-7500.0
-7500.0
-7500.0
7500.0
7500.0
7500.0
7500.0
7500.0
7500.0
7500.0
7500.0
-7500.0
-7500.0
-7500.0
-7500.0
-7500.0
-7500.0
7500.0
7500.0
7500.0
7500.0
7500.0
7500.0
7500.0
7500.0
7500.0
7500.0
-7500.0
-7500.0
-7500.0
7500.0
7500.0
7500.0
-7009.386015247152
-7321.523590137378
-6697.268264988268
-7267.452779948115
-7500.0
-7500.0
-7500.0
7500.0
7500.0
7500.0
7500.0
7500.0
7500.0
7500.0
7500.0
-7500.0
-7500.0
-7500.0
7500.0
7500.0
7500.0
7500.0
7500.0
-7500.0
-7500.0
-7500.0
-7500.0
-7500.0
7500.0
7500.0
7500.0
7500.0
7500.0
7500.0
-7500.0
-7500.0
7500.0
7500.0
7500.0
7500.0
-7500.0
-7500.0
-7500.0
-7500.0
7500.0
7500.0
7500.0
7500.0
-7322.783235915935
-7304.4639648182765
-7500.0
-7500.0
-7500.0
-7500.0
-7500.0
7500.0
7500.0
7500.0
7500.0
7500.0
7500.0
7500.0
7500.0
7500.0
-7500.0
-7500.0
-7500.0
-7500.0
-7500.0
-7500.0
7500.0
7500.0
7500.0
7500.0
7500.0
7500.0
7500.0
-7315.53881997288
-7500.0
-7500.0
-7500.0
-7500.0
7500.0
7500.0
7500.0
7500.0
7500.0
7500.0
7500.0
7500.0
-7500.0
-7500.0
-7500.0
7500.0
7500.0
7500.0
7500.0
7500.0
-7500.0
-7500.0
-7500.0
-7500.0
-7500.0
-7500.0
7500.0
7500.0
7500.0
7500.0
7500.0
7500.0
7500.0
7500.0
7500.0
-7500.0
-7500.0
-7500.0
-7500.0
-7500.0
-4854.111405835547
-3111.6620046489147
1609.441042564376
7500.0
3826.305210414841
7500.0
7500.0
7500.0
5122.796474344492
7500.0
7500.0
7500.0
-7500.0
-7500.0
-1111.4570361145852
7500.0
7500.0
7500.0
7500.0
-7176.602801902851
-7500.0
-7500.0
-7500.0
-7500.0
-7500.0
-7500.0
7500.0
7500.0
7500.0
7500.0
7500.0
7500.0
7500.0
-7500.0
-7500.0
7500.0
7500.0
7500.0
7500.0
-6735.155987923516
-7022.374359839676
-7500.0
-7500.0
7500.0
7500.0
7500.0
7500.0
7500.0
-7500.0
-7500.0
-7500.0
-7500.0
7500.0
7500.0
7500.0
7500.0
7500.0
-7500.0
-7500.0
-7500.0
-5898.555087296809
-7229.476508456275
-6416.966092662644
-6917.590084554904
-7500.0
7500.0
7500.0
7500.0
7500.0
7500.0
7500.0
7500.0
7500.0
-7500.0
-7500.0
-7500.0
-7028.553818921628
-7500.0
7500.0
7500.0
7500.0
7500.0
7500.0
7500.0
7500.0
-3610.4056866140945
-1385.231879164825
-813.8194088132259
5113.566982961234
7500.0
1783.7125368653774
7500.0
-7162.788404653917
-7500.0
-7500.0
-7500.0
-7500.0
7500.0
7500.0
7500.0
7500.0
7500.0
-7500.0
-7500.0
-7500.0
7500.0
7500.0
7500.0
7500.0
7500.0
7500.0
-7345.2675393617665
-7322.620643243063
-7500.0
-7500.0
-7500.0
7500.0
7500.0
7500.0
7500.0
7500.0
-7500.0
-7302.316612601282
-7253.856056402688
-7141.355119247248
-6595.503067140466
7500.0
7500.0
7500.0
7500.0
7500.0
7500.0
-5483.124659771367
-5298.046717773392
-3496.560394391214
-843.1392603204076
7500.0
7500.0
7500.0
-7116.161616161618
-7041.3199494528035
-7500.0
-7500.0
-7500.0
7500.0
7500.0
7500.0
7500.0
7500.0
7500.0
-7500.0
-7500.0
-7500.0
-7500.0
-7500.0
-5581.799957440255
-5319.5972953117
7500.0
7500.0
7500.0
7500.0
7500.0
7500.0
7500.0
7500.0
7500.0
-7500.0
-7500.0
-7500.0
-7500.0
-7500.0
-5607.5851688806415
7500.0
7500.0
7500.0
7136.949119960162
5759.7134022981045
7500.0
-2964.1992694500677
7500.0
7500.0
-7500.0
-7500.0
-7500.0
-7500.0
-7500.0
7500.0
7500.0
7500.0
7500.0
7500.0
7500.0
7500.0
-7158.15753504169
-7298.775828144942
-7238.158521956981
-7500.0
-7500.0
7500.0
7500.0
7500.0
7500.0
7500.0
-7500.0
7500.0
7500.0
7500.0
-6774.26222436633
-7294.6927735546415
-7006.890114455537
-7500.0
-7500.0
-7500.0
7500.0
7500.0
7500.0
7500.0
7500.0
7500.0
7500.0
-6918.401934105466
-7045.991333287977
-7212.014285234909
-5751.84161481642
-6446.315835259915
7500.0
7500.0
7500.0
7500.0
7500.0
7500.0
7500.0
-7500.0
7500.0
7500.0
7500.0
7500.0
-7500.0
-7500.0
-7500.0
-7500.0
-7500.0
-6789.079822616412
7500.0
7500.0
7500.0
7500.0
7500.0
7500.0
7500.0
-7500.0
7500.0
-5482.814651135695
-5105.173371275696
5718.282546764483
7500.0
1050.9984489729227
7500.0
-6493.821712268318
7500.0
7500.0
-7500.0
-7500.0
-7500.0
-7500.0
7500.0
7500.0
7500.0
7500.0
7500.0
-7025.474525474527
-7287.55168367441
-7500.0
7500.0
7500.0
7500.0
-7500.0
-7500.0
-7500.0
-7500.0
7500.0
7500.0
7500.0
7500.0
-7500.0
-7500.0
-7500.0
-7500.0
-6398.521355668943
-2101.949448495754
5923.429816700047
7398.458834964158
6676.120528660562
7428.973727391351
7500.0
2286.909766418648
7500.0
7500.0
7500.0
-6610.671936758896
-6242.883170120702
-5621.804540727937
-3373.93028060991
-461.4638218059072
7500.0
7500.0
7500.0
7500.0
7500.0
-7500.0
7500.0
7500.0
-6822.047337747297
-5655.427687602851
-6085.233678268229
-5208.461746978008
-4561.903345268627
-3901.5420375132126
-2679.0314051503196
-1281.172314307105
7044.271437087422
7500.0
7500.0
7500.0
7500.0
7500.0
-542.010113117286
7500.0
-5148.69961499175
-5504.641129026941
-5881.715563891459
-6699.438604877656
-7264.517081449045
-7500.0
-7500.0
-7500.0
7500.0
7500.0
7500.0
7500.0
7500.0
7500.0
7500.0
-7500.0
-7500.0
7500.0
7500.0
7500.0
-7500.0
7500.0
7500.0
-7340.657497484068
-7500.0
-7500.0
-7500.0
-7500.0
7500.0
7500.0
7500.0
7500.0
7500.0
7500.0
-7347.593582887701
-6967.347727256072
-6376.155300434844
-5773.845808117756
-4644.976734279131
7500.0
7500.0
7500.0
7500.0
-7500.0
-7500.0
-6297.209393538509
-6797.9311148645575
-6604.438115285031
-7048.959457564732
-7500.0
7500.0
7500.0
7500.0
7500.0
7500.0
7500.0
7500.0
-7500.0
-7500.0
-7282.673715341691
-7500.0
-7500.0
-7500.0
-7500.0
7500.0
7500.0
7500.0
7500.0
7500.0
7500.0
7500.0
7500.0
7500.0
-7500.0
7500.0
7500.0
-7500.0
-7500.0
-7500.0
-7500.0
-7500.0
-7113.937387116197
-3672.9870331979164
7500.0
7500.0
567.2848748359966
7500.0
7500.0
7500.0
7500.0
7500.0
-7500.0
-7500.0
-7024.603836530445
-7201.452804748309
-5748.879306675073
-4803.143325824303
7500.0
7500.0
7500.0
7500.0
7500.0
7500.0
7500.0
7500.0
-5947.395301327886
-5356.220066808872
-3516.3487074083373
5627.299578650476
7355.51259348785
2947.64532843024
7500.0
7500.0
-3333.3333333333335
4535.029190992496
5070.4567925647625
-530.3030303030304
7454.221770091558
-681.8181818181819
6599.616858237547
-2045.4545454545457
2976.190476190479
-2348.4848484848485
4664.383561643843
-1742.4242424242427
5871.428571428583