Demand
7500.0
7500.0
7500.0
7500.0
7500.0
7500.0
7500.0
7500.0
7500.0
7500.0
-7500.0
7500.0
7500.0
7500.0
7500.0
-7500.0
-7500.0
-7500.0
7500.0
7500.0
7500.0
7500.0
7500.0
-7500.0
-7500.0
7500.0
7500.0
7500.0
-7500.0
-7500.0
-7500.0
-7500.0
-7500.0
-7500.0
7500.0
7500.0
7500.0
7500.0
7500.0
7500.0
7500.0
7500.0
-7500.0
7500.0
7500.0
7500.0
-7500.0
-7500.0
-7500.0
-7500.0
-7500.0
-7500.0
7500.0
7500.0
7500.0
7500.0
7500.0
7500.0
7500.0
7500.0
7500.0
7500.0
7500.0
-7500.0
-7500.0
-7500.0
-7500.0
-7500.0
-6478.952082400365
7500.0
7500.0
7500.0
7500.0
7500.0
7500.0
7500.0
7500.0
-7500.0
-7500.0
-7500.0
-7500.0
-7500.0
-7500.0
-7500.0
-7500.0
7500.0
7500.0
7500.0
7500.0
7500.0
7500.0
7500.0
7500.0
-7500.0
-7500.0
7500.0
7500.0
7500.0
-7500.0
-7500.0
-7500.0
-7500.0
-7500.0
-7500.0
-7500.0
7500.0
7500.0
7500.0
7500.0
7500.0
7500.0
7500.0
7500.0
7500.0
-7500.0
-7500.0
-7500.0
-7500.0
-7500.0
-7500.0
-7500.0
7500.0
7500.0
7500.0
7500.0
7500.0
7500.0
7500.0
7500.0
7500.0
7500.0
-7500.0
-7500.0
-7500.0
-7500.0
-7500.0
-7500.0
-7500.0
7500.0
7500.0
7500.0
7500.0
7500.0
7500.0
7500.0
-7500.0
-7500.0
-7500.0
-5863.636363636364
7500.0
7500.0
7500.0
7500.0
7500.0
7500.0
-7500.0
-7500.0
7500.0
7500.0
7500.0
-7500.0
-7500.0
-7500.0
7500.0
7500.0
7500.0
7500.0
-7500.0
-7500.0
7500.0
7500.0
7500.0
-7500.0
-7500.0
-7500.0
-7500.0
-7500.0
-7500.0
-7500.0
7500.0
7500.0
7500.0
7500.0
7500.0
7500.0
7500.0
7500.0
-7500.0
-7500.0
-7500.0
7500.0
7500.0
7500.0
7500.0
7500.0
-7500.0
-7329.34131736527
-7305.4713894782835
-7500.0
-7500.0
-7500.0
7500.0
7500.0
7500.0
7500.0
7500.0
7500.0
7500.0
-7500.0
-7500.0
-7500.0
-7500.0
-7500.0
-7500.0
-7500.0
7500.0
7500.0
7500.0
7500.0
7500.0
7500.0
7500.0
7500.0
7500.0
-6662.421630094046
-7314.101756361659
-7500.0
-7500.0
-7500.0
-7500.0
7500.0
7500.0
7500.0
7500.0
7500.0
7500.0
7500.0
-7500.0
-7500.0
7500.0
7500.0
7500.0
7500.0
-7500.0
-7285.209609043808
-7500.0
-7500.0
7500.0
7500.0
7500.0
7500.0
7500.0
7500.0
-6275.948460987833
-5607.208269469977
-2338.153968007811
4514.8546430055885
7500.0
7500.0
7500.0
7500.0
-7500.0
7500.0
7500.0
-7500.0
-7500.0
-4299.465240641715
7102.390029988499
7500.0
2544.443178282969
7500.0
7500.0
7500.0
-6944.010924697621
-6939.313294936786
-7500.0
7500.0
7500.0
7500.0
-7500.0
7500.0
48.11212064384745
7500.0
7500.0
-7033.869428921904
-7167.352782964936
-7500.0
-7500.0
-7500.0
-7500.0
-7500.0
-7500.0
7500.0
7500.0
7500.0
7500.0
7500.0
7500.0
7500.0
7500.0
7500.0
-7107.107298766947
-5072.799381962308
-4622.724987741796
-3759.258075568263
7500.0
-1437.4287154143135
7500.0
7500.0
7500.0
7500.0
-7500.0
7500.0
7500.0
-7500.0
-7500.0
-7500.0
-7500.0
-7500.0
7500.0
7500.0
7500.0
7500.0
7500.0
7500.0
7500.0
-6373.517786561268
-7328.012943851671
-6933.712047000792
-7288.499403749071
-7500.0
-7500.0
-7500.0
-7500.0
7500.0
7500.0
7500.0
7500.0
7500.0
7500.0
7500.0
7500.0
7500.0
-7500.0
-6993.760247768265
-7126.65721886449
-5788.358298238534
-4730.535777432891
-5013.468911574961
-3933.3779477333064
4932.1668346092265
7500.0
7500.0
4593.008224841895
4245.777714621205
7500.0
7500.0
-7196.969696969698
7500.0
7500.0
-7500.0
-7500.0
-7500.0
-7500.0
-7500.0
-7500.0
-6891.025641025644
-3717.2165145810845
7500.0
7500.0
7500.0
7500.0
7500.0
7500.0
7500.0
7500.0
-7500.0
-7320.080433867162
-7292.0857885018395
-7500.0
-7500.0
-7500.0
7500.0
7500.0
7500.0
7500.0
7500.0
7500.0
7500.0
-7339.926181497232
-7325.270024539323
-7304.414611465087
-7272.381102022426
-7500.0
-7500.0
-7500.0
7500.0
7500.0
7500.0
7500.0
7500.0
7500.0
7500.0
7500.0
-6178.856554210663
-4979.787320653586
7500.0
7500.0
-7500.0
-7500.0
-7500.0
-7500.0
7500.0
7500.0
7500.0
7500.0
7500.0
-7500.0
-7500.0
-7500.0
-7500.0
-6442.486085343229
-6828.559653822382
7500.0
7500.0
7500.0
7500.0
7500.0
7500.0
7500.0
-7500.0
-7500.0
-7500.0
7500.0
7500.0
7500.0
-7500.0
-6798.173609686026
-5795.11744656456
-4168.226518186955
-3200.1066564285916
1233.0196270618335
7500.0
7500.0
-1985.9979356882127
7500.0
7500.0
7500.0
7500.0
7500.0
7500.0
7500.0
-7500.0
-7500.0
-7500.0
-7500.0
-7500.0
-7500.0
-7500.0
-5935.021354484448
7500.0
7500.0
7500.0
7500.0
7500.0
7500.0
7500.0
7500.0
7500.0
-7500.0
-7500.0
-7500.0
-6447.854176280573
-4842.549533696098
7500.0
7500.0
7500.0
7500.0
7500.0
7500.0
7500.0
-7500.0
-7500.0
-7500.0
-6858.950328022496
-5856.188331048037
7500.0
7500.0
7500.0
7500.0
7500.0
-7500.0
-7500.0
-6959.360863855245
-7500.0
-7023.939405351119
-7500.0
-7500.0
-7500.0
7500.0
7500.0
7500.0
7500.0
7500.0
7500.0
7500.0
7500.0
-7500.0
-7317.413030943688
-6852.969473045929
-5850.429552991705
-3061.986881450039
2927.5830597358167
3661.181883375326
7500.0
-2910.5362294001225
7500.0
7500.0
7500.0
-6186.314938548874
-5679.937857453175
-5631.265177315412
-5990.058938772001
-6094.241197613546
-4483.081179762043
7500.0
7500.0
7500.0
7500.0
7500.0
7500.0
-7500.0
-7500.0
-7285.875281743052
-7195.116650187947
-5277.104378743128
7500.0
7500.0
7500.0
7500.0
7500.0
-7500.0
-7500.0
-7500.0
-7500.0
7500.0
7500.0
7500.0
7500.0
7500.0
-7500.0
-7500.0
7500.0
7500.0
7500.0
-5947.524512770853
-5354.268331583155
-4973.177790975193
-3977.980874337256
-1826.9973271516742
7500.0
2605.430592276351
7500.0
3841.9672280873456
7500.0
7500.0
-6324.09572273415
-5878.768857949983
-4546.449081922934
-4527.6306685879445
-2415.9870176709537
7500.0
7500.0
7500.0
7500.0
7500.0
7500.0
-7500.0
-6745.366284201236
-5225.291457928935
-5455.870527376115
-2726.699278388675
7500.0
4823.470086958205
7500.0
7313.880963970496
109.68523802592608
7500.0
-5310.499359795136
-2886.0361182050333
-147.04287412559006
519.5582191769158
1949.2382285905337
7500.0
-6363.636363636364
7500.0
7500.0
7500.0
7500.0
7500.0
-7500.0
-7500.0
-7500.0
-7500.0
-7194.3881806267145
-6531.363318100137
-5821.528679761188
7500.0
7500.0
7500.0
7500.0
7500.0
7500.0
7500.0
-7500.0
7500.0
7500.0
-7316.750546056461
-7500.0
-7500.0
7500.0
7500.0
7500.0
7500.0
-7500.0
-7500.0
-7500.0
-7500.0
-7210.153151836248
-6174.468616180569
-1736.2294944730456
7500.0
7500.0
7500.0
7500.0
7500.0
7500.0
7500.0
-7500.0
-5945.454545454548
-5892.766509389627
7500.0
7500.0
7500.0
7500.0
-7500.0
7500.0
7500.0
7500.0
-7500.0
-7500.0
-7500.0
-7500.0
-7177.480196152397
-7500.0
-7500.0
7500.0
7500.0
7500.0
7500.0
7500.0
7500.0
7500.0
-6822.841640914861
-1675.3312142216478
7500.0
7500.0
7500.0
7500.0
-7500.0
7500.0
7500.0
-7500.0
-7500.0
-7500.0
-6328.651157894266
7500.0
7500.0
7500.0
7500.0
7500.0
-7500.0
-7500.0
-7500.0
7500.0
7500.0
7500.0
7500.0
7500.0
7500.0
-6948.7427466150875
-7500.0
-7500.0
-7500.0
-7500.0
7500.0
7500.0
7500.0
7500.0
7500.0
7500.0
-5333.999231914624
-3184.2162156138074
-2224.4649384445293
-2262.8525040664554
556.9159836970398
3747.4838816672504
7018.911429765805
7500.0
7500.0
7500.0
-75.75757575757576
6182.432432432428
-530.3030303030304
4239.130434782624
-2500.0000000000005
4658.855637116507
4965.815227434137
4375.921740787215
-1590.909090909091