Demand
7500.0
7500.0
7500.0
7500.0
7500.0
7500.0
7500.0
7500.0
7500.0
7500.0
-7500.0
-7500.0
7500.0
7500.0
7500.0
-7500.0
-7500.0
-7500.0
-7500.0
-7500.0
-7500.0
-7500.0
7500.0
7500.0
7500.0
7500.0
7500.0
7500.0
7500.0
7500.0
-7500.0
-7500.0
-7500.0
-7500.0
-7500.0
7500.0
7500.0
7500.0
7500.0
7500.0
7500.0
-7142.633228840126
-7500.0
-7500.0
-7500.0
-7500.0
7500.0
7500.0
7500.0
7500.0
7500.0
7500.0
-7500.0
-7500.0
-7243.164823769026
-7079.856899832648
-7500.0
7500.0
7500.0
7500.0
7500.0
7500.0
-7500.0
-7500.0
-7500.0
-7500.0
-7500.0
-7500.0
7500.0
7500.0
7500.0
7500.0
7500.0
7500.0
7500.0
-7500.0
-7500.0
-7500.0
7500.0
7500.0
7500.0
7500.0
7500.0
7500.0
-7500.0
-7500.0
-7500.0
7500.0
7500.0
7500.0
7500.0
-7500.0
-7500.0
-7500.0
-7500.0
-7500.0
-7500.0
7500.0
7500.0
7500.0
7500.0
7500.0
7500.0
7500.0
7500.0
-7500.0
-7500.0
-7291.701804688815
-7500.0
-7196.080785407692
-7070.1009997702495
-4913.691225848881
7500.0
7500.0
7500.0
7500.0
7500.0
7500.0
7500.0
7500.0
7500.0
-7500.0
-7500.0
-7500.0
-6973.630207264521
-7500.0
-7500.0
7500.0
7500.0
7500.0
7500.0
7500.0
7500.0
7500.0
-7500.0
-7500.0
-7500.0
-7500.0
-7500.0
-7500.0
7500.0
7500.0
7500.0
7500.0
7500.0
7500.0
7500.0
7500.0
-7026.315789473685
-7324.20212437854
-6678.798603800547
-7244.905020914957
-7500.0
-7500.0
7500.0
7500.0
7500.0
7500.0
7500.0
7500.0
-7500.0
-7500.0
-7500.0
-7500.0
-7500.0
-7500.0
7500.0
7500.0
7500.0
7500.0
7500.0
7500.0
7500.0
-7500.0
-7500.0
-7500.0
-7500.0
-7500.0
7500.0
7500.0
7500.0
7500.0
7500.0
7500.0
7500.0
7500.0
-7500.0
-7500.0
-7500.0
-7500.0
-7500.0
-7500.0
-7500.0
7500.0
7500.0
7500.0
7500.0
7500.0
7500.0
7500.0
7500.0
-7500.0
-7500.0
-7500.0
-7500.0
-7500.0
-7500.0
7500.0
7500.0
7500.0
7500.0
7500.0
7500.0
7500.0
7500.0
-7500.0
-7500.0
-7500.0
7500.0
7500.0
7500.0
7500.0
7500.0
7500.0
-6573.351541162701
-7283.515136499078
-7500.0
-7500.0
-7500.0
7500.0
7500.0
7500.0
7500.0
7500.0
7500.0
-7500.0
-7500.0
-7500.0
-7500.0
7500.0
7500.0
7500.0
7500.0
7500.0
-7343.4496017577585
-7500.0
-7500.0
-7500.0
7500.0
7500.0
7500.0
7500.0
7500.0
-5835.6044383881635
-3047.944305400417
7500.0
7500.0
7500.0
7500.0
-7500.0
-7500.0
-7500.0
-7500.0
7500.0
7500.0
7500.0
7500.0
7500.0
-6065.034965034965
-6082.176670268802
-6263.834494953584
-6452.000800156187
-5422.411335931511
-2610.9727239035005
7500.0
7500.0
7500.0
7500.0
7500.0
-7500.0
7500.0
7500.0
-6708.882720333104
-6975.734494779228
-6022.243094509469
7500.0
7500.0
7500.0
7500.0
7500.0
-7500.0
-7500.0
-7500.0
-6747.64890282132
-5896.102185936272
7500.0
7500.0
7500.0
7500.0
7500.0
7500.0
7500.0
-5530.79656499852
-5257.4999893208205
-4777.041737131145
305.37026465791087
7500.0
7500.0
7500.0
7500.0
-7500.0
-7500.0
7500.0
7500.0
7500.0
7500.0
-7500.0
-7500.0
-7500.0
-7500.0
-7500.0
-7500.0
-7500.0
7500.0
7500.0
7500.0
7500.0
7500.0
7500.0
7500.0
7500.0
7500.0
-7500.0
-7500.0
-7114.84484640574
-7500.0
-7500.0
-7500.0
-7500.0
-7500.0
7500.0
7500.0
7500.0
7500.0
7500.0
7500.0
7500.0
7500.0
-6122.629764802798
-5999.851303644829
-4575.544522989592
-3271.0481893911456
-1608.4458697385726
-2282.8146858120017
-2866.187271828519
-1462.933854013494
3827.916876699738
7500.0
7500.0
-7500.0
7500.0
7500.0
7500.0
-7500.0
-7500.0
-7500.0
-7120.0523267751505
-6420.464026641095
7500.0
7500.0
7500.0
7500.0
7500.0
7500.0
-7500.0
-7011.621239210381
-7500.0
7500.0
7500.0
7500.0
7500.0
7500.0
-7500.0
-7500.0
-7500.0
-7500.0
-7500.0
-7500.0
7500.0
7500.0
7500.0
7500.0
7500.0
7500.0
7500.0
7500.0
-5579.88450433109
-5039.785970171708
-4794.400391094707
-4681.843255487289
-3070.2113078424954
-2801.5436462892358
-2092.1464403299747
18.093539368515394
5702.32019255059
1234.8816489747805
7500.0
7500.0
7500.0
7500.0
7500.0
-7500.0
-6948.742746615089
-7500.0
7500.0
7500.0
7500.0
7500.0
7500.0
7500.0
-7500.0
-6929.375029794537
-7286.555136784964
-5746.108195398201
-6285.7686013353505
-4181.246867946909
-990.4975080207582
1312.9248433287084
7500.0
5691.4888376658855
7500.0
7500.0
7500.0
7500.0
7500.0
7500.0
-7500.0
-6913.889474794347
-6163.104785147727
-5133.42441933695
-4895.424879609105
-3864.959765275702
-973.4128957874364
7500.0
-2392.4012033206586
7500.0
7500.0
7500.0
7500.0
7500.0
7500.0
-7500.0
7500.0
7500.0
-7500.0
-7500.0
7500.0
7500.0
7500.0
7500.0
7500.0
-7320.49128700399
-7500.0
-7500.0
-7500.0
-7500.0
-7500.0
-7500.0
7500.0
7500.0
7500.0
7500.0
7500.0
7500.0
7500.0
7500.0
7500.0
-7500.0
-7500.0
-7500.0
-7500.0
7500.0
7500.0
7500.0
7500.0
7500.0
7500.0
-7155.693144065239
-7291.50014895451
-6332.494329586121
-6903.629534320731
7500.0
7500.0
7500.0
7500.0
7500.0
-7500.0
7500.0
-7500.0
-7500.0
-7500.0
-7500.0
7500.0
7500.0
7500.0
7500.0
7500.0
7500.0
7500.0
-7030.348805273277
-6403.824924954006
-4969.294247650825
-2866.29521255174
-1484.321918113148
7500.0
7500.0
7500.0
7500.0
-856.6433566433334
7500.0
-5724.299065420562
-5711.090709638818
-6104.082170054853
-6302.064930514218
-5577.822905382691
-3576.2923283868017
7500.0
7500.0
7500.0
7500.0
7500.0
7500.0
-7500.0
-7284.216626625122
-7229.994569224611
-6321.812241212743
-4941.231449047718
7500.0
7500.0
7500.0
7500.0
7500.0
7500.0
7500.0
-7500.0
-7500.0
-7500.0
-7500.0
-7500.0
-7500.0
7500.0
7500.0
7500.0
7500.0
7500.0
7500.0
7500.0
7500.0
-5578.435779301046
-5203.184690273412
-4079.588419730972
-4185.971332786219
-4700.274362349892
-3407.0851125975096
7500.0
7500.0
7500.0
7500.0
7500.0
-6350.449891405526
-6604.116686016709
-7096.784428547791
-7500.0
-7500.0
-7500.0
-7500.0
7500.0
7500.0
7500.0
7500.0
7500.0
7500.0
7500.0
-3364.446632916189
7500.0
7500.0
-6089.981447124301
7500.0
7500.0
7500.0
7500.0
7500.0
472.02797202800457
7500.0
-167.2384219554233
7500.0
7500.0
-590.9090909091165
7500.0
-7500.0
-7500.0
-7500.0
-7500.0
-7500.0
7500.0
7500.0
7500.0
7500.0
7500.0
-7500.0
-7500.0
-7500.0
-7500.0
-7500.0
7500.0
7500.0
7500.0
7500.0
7500.0
7500.0
7500.0
7500.0
-7500.0
-7500.0
7500.0
7500.0
7500.0
-7500.0
-7285.343074489721
-6695.826949626329
-5602.694981994669
-3835.9086931575785
7500.0
7500.0
7500.0
7500.0
7500.0
7500.0
7500.0
-6421.5244616632135
-6825.663836484584
-6435.1381234676865
-5306.3108465395035
7500.0
7500.0
7500.0
7500.0
-7500.0
-7500.0
-7500.0
-7500.0
-7500.0
-7500.0
-2632.3628053204848
7500.0
7500.0
7500.0
7500.0
7500.0
7500.0
7500.0
-7500.0
-7500.0
-2229.306008618702
7500.0
7500.0
7500.0
-7500.0
-7500.0
-7500.0
-7500.0
-7500.0
-7500.0
-7500.0
7500.0
7500.0
7500.0
7500.0
7500.0
7500.0
7500.0
7500.0
7500.0
-7500.0
-7500.0
-7500.0
-7500.0
-5823.153958218181
7500.0
7500.0
7500.0
7500.0
7500.0
7500.0
-7500.0
-7500.0
-7500.0
-7500.0
-6188.147295742239
7500.0
7500.0
7500.0
7500.0
7500.0
7500.0
7500.0
-4318.181818181819
7500.0
5494.454713493526
-1363.6363636363637
7046.732255797611
-75.75757575757576
6146.967340590978
-530.3030303030304
3479.6672828096125
-2500.0000000000005
3199.3006993006998
-1893.939393939394
4446.107784431137
-1590.909090909091