Demand
7500.0
7500.0
7500.0
7500.0
7500.0
7500.0
7500.0
7500.0
7500.0
7500.0
7500.0
7500.0
7500.0
7500.0
7500.0
7500.0
7500.0
7500.0
7500.0
7500.0
7500.0
7500.0
7500.0
7500.0
7500.0
-7500.0
-7500.0
7500.0
7500.0
7500.0
7500.0
7500.0
7500.0
7500.0
-7500.0
-7500.0
-7500.0
-7500.0
-7500.0
7500.0
7500.0
7500.0
7500.0
7500.0
7500.0
7500.0
-7500.0
-7500.0
-7500.0
-7500.0
-7500.0
-7500.0
-7500.0
-7500.0
7500.0
7500.0
7500.0
7500.0
7500.0
7500.0
7500.0
7500.0
7500.0
-7500.0
7500.0
7500.0
7500.0
7500.0
-7180.134680134681
7500.0
7500.0
-7500.0
-7500.0
7500.0
7500.0
7500.0
7500.0
-7500.0
-7500.0
-7500.0
-7500.0
-7500.0
7500.0
7500.0
7500.0
7500.0
7500.0
7500.0
7500.0
7500.0
-7500.0
-7500.0
-7500.0
7500.0
7500.0
7500.0
7500.0
7500.0
-7500.0
-7500.0
-7500.0
-7500.0
-7500.0
-7500.0
-7500.0
7500.0
7500.0
7500.0
7500.0
7500.0
7500.0
7500.0
7500.0
7500.0
-7500.0
-7500.0
-7500.0
-7500.0
7500.0
7500.0
7500.0
7500.0
-7500.0
-7500.0
-6900.252525252528
-7500.0
-7500.0
7500.0
7500.0
7500.0
7500.0
7500.0
7500.0
7500.0
7500.0
-7500.0
-7500.0
-7500.0
-7500.0
-7500.0
-7500.0
7500.0
7500.0
7500.0
7500.0
7500.0
7500.0
7500.0
-6966.525238659762
-7293.125065561699
-6450.358361568444
-7115.601739012471
-7500.0
7500.0
7500.0
7500.0
7500.0
7500.0
7500.0
-7500.0
7500.0
7500.0
7500.0
-7500.0
-7500.0
-7500.0
-7500.0
-7500.0
7500.0
7500.0
7500.0
7500.0
7500.0
7500.0
7500.0
-7500.0
-7500.0
-7500.0
-7500.0
-7500.0
-7500.0
-7500.0
-7500.0
7500.0
7500.0
7500.0
7500.0
7500.0
7500.0
7500.0
7500.0
7500.0
-7500.0
-7500.0
-7500.0
-7500.0
-7179.739296550175
-7008.3684114885
-7500.0
7500.0
7500.0
7500.0
7500.0
7500.0
7500.0
7500.0
7500.0
-7170.082150532238
-7500.0
-7500.0
-7500.0
7500.0
7500.0
7500.0
7500.0
7500.0
-7500.0
-7500.0
-7500.0
-7247.228381374725
-7161.448491173807
-5161.120965852537
767.7770432603288
7500.0
7500.0
7500.0
7500.0
7500.0
7500.0
7500.0
-7500.0
-6758.857947773326
-7247.9160363205865
-6916.611551534475
7500.0
7500.0
7500.0
7500.0
-7500.0
-7500.0
-7500.0
7500.0
7500.0
7500.0
7500.0
7500.0
-7500.0
-7500.0
-7500.0
-7500.0
-7500.0
-7500.0
7500.0
7500.0
7500.0
7500.0
7500.0
7500.0
7500.0
-7500.0
-7500.0
-7500.0
-7500.0
-7500.0
7500.0
7500.0
7500.0
7500.0
7500.0
-6092.19150755201
-6337.0694893031905
-6615.32777230624
-6160.0363871275695
-6432.536887686998
-6272.345386762465
-7500.0
7500.0
7500.0
7500.0
7500.0
7500.0
7500.0
7500.0
-7062.50854479173
-6473.593968555118
-4047.761404635701
7500.0
7500.0
7500.0
7500.0
-7500.0
-7500.0
-7500.0
-6990.355307964202
-6820.537122829794
-7500.0
-7500.0
7500.0
7500.0
7500.0
7500.0
7500.0
7500.0
7500.0
7500.0
7500.0
-7158.170786681831
-7500.0
-7500.0
-7500.0
-7500.0
-7500.0
-7500.0
7500.0
7500.0
7500.0
7500.0
7500.0
7500.0
7500.0
7500.0
7500.0
-7500.0
-7500.0
-7500.0
7500.0
7500.0
7500.0
-6535.6417775772625
-6251.179043337159
7500.0
7500.0
7500.0
7500.0
-7178.594474063519
-7500.0
-7500.0
-7500.0
-7500.0
-7500.0
7500.0
7500.0
7500.0
7500.0
7500.0
7500.0
-5978.335833468445
-5163.108332265745
-5559.183999518957
-5136.609246230555
-1956.532306207424
2494.6510137137393
7500.0
2696.9413717566426
2887.2578119655695
7500.0
4729.959322169358
7500.0
7500.0
7500.0
-7500.0
-7500.0
-7500.0
-7500.0
-7500.0
-7500.0
-6499.2196644557225
7500.0
7500.0
7500.0
7500.0
7500.0
7500.0
7500.0
7500.0
7500.0
-7500.0
-7278.34427929485
-7210.129864856337
-7500.0
-7500.0
7500.0
7500.0
7500.0
7500.0
7500.0
7500.0
-7500.0
-7320.331323744034
-7297.685230216353
-7262.375645647246
-7199.705658471765
-7058.063567635663
-7500.0
7500.0
7500.0
7500.0
7500.0
7500.0
7500.0
7500.0
7500.0
-4842.657342657347
-4419.8922585794135
-3321.503831510574
7500.0
7500.0
7500.0
7500.0
-7500.0
-7500.0
-7500.0
-6967.165225519984
-7500.0
-7500.0
-5977.414954152386
7500.0
7500.0
7500.0
7500.0
7500.0
7500.0
7500.0
7500.0
7500.0
-6134.567014013655
-5568.298720504086
-5904.1470217510305
-5997.551166718698
-6448.9779076043105
7500.0
7500.0
7500.0
7500.0
7500.0
7500.0
-7500.0
-6909.781223449447
-6151.599174030493
-5107.72361553818
-4858.7231747783535
-3791.08875924978
-746.4852077391765
7500.0
-2093.7178179843286
7500.0
7500.0
7500.0
7500.0
7500.0
7500.0
-7500.0
-7500.0
-7500.0
7500.0
7500.0
7500.0
7500.0
7500.0
-7183.7140479053
-7325.283213427518
-7299.650527066176
-7500.0
-7500.0
-7500.0
7500.0
7500.0
7500.0
7500.0
7500.0
7500.0
7500.0
-7010.201383686601
-6782.03454379285
-7297.374689912485
-7015.336028901354
-7500.0
-7500.0
-7500.0
7500.0
7500.0
7500.0
7500.0
7500.0
7500.0
7500.0
-6980.851602420025
-7100.388917372362
-7251.517710716664
-6042.738205990341
-6677.688871667016
7500.0
7500.0
7500.0
7500.0
7500.0
7500.0
-7500.0
-7500.0
-7500.0
7500.0
7500.0
7500.0
7500.0
-7500.0
-7500.0
-7500.0
-7500.0
-7110.389610389611
-4764.267990074442
7500.0
7500.0
7500.0
7500.0
7500.0
7500.0
7500.0
-6605.760783165297
-5540.782674586422
-5766.123882405549
-5015.889415620786
-4845.349550032759
-5229.778388879044
-5135.768134053225
290.70855640575655
7500.0
7500.0
7500.0
7500.0
7500.0
7500.0
7500.0
7500.0
-7345.528455284553
-7328.020488595486
-6901.301215200794
-6759.8225748478835
-7147.81671562281
-7500.0
7500.0
7500.0
7500.0
7500.0
7500.0
7500.0
-7500.0
-7500.0
-7500.0
-7500.0
7500.0
7500.0
7500.0
7500.0
-7500.0
-6886.161715875438
-5117.104496911728
-3196.2242056272185
1786.3145680671942
7500.0
7500.0
7500.0
7500.0
-6818.181818181819
-6256.544502617802
-6074.305102586777
-6259.443318642876
-5414.108870514077
-2711.417765813761
7500.0
7500.0
7500.0
7500.0
7500.0
7500.0
-7500.0
-7500.0
-7500.0
-7500.0
-6118.181818181822
-1235.3982967819798
4545.621118487863
7500.0
7500.0
7500.0
7500.0
2647.810528217888
7500.0
-4869.808833223469
-4562.861811797868
-1427.14632675969
1542.880230975998
1267.5450042482698
297.5190230019989
-492.1350678590434
4273.592993559262
7500.0
475.4986313326922
7500.0
7500.0
-7500.0
-7500.0
-7500.0
-7500.0
-7500.0
7500.0
7500.0
7500.0
7500.0
7500.0
7500.0
-7500.0
-7500.0
-7500.0
-7500.0
-7500.0
7500.0
7500.0
7500.0
7500.0
7500.0
7500.0
-7500.0
-7500.0
-7500.0
-7500.0
-7500.0
-7500.0
7500.0
7500.0
7500.0
7500.0
7500.0
7500.0
7500.0
7500.0
7500.0
-7500.0
-7500.0
-7500.0
-6102.941176470589
-6649.455352989195
-6316.827153490376
-6749.614613004107
7500.0
7500.0
7500.0
7500.0
7500.0
7500.0
7500.0
7500.0
-7500.0
-7500.0
-7283.187523773298
-7500.0
-7500.0
-7500.0
-7500.0
7500.0
7500.0
7500.0
7500.0
7500.0
7500.0
7500.0
7500.0
-7312.51954211629
-7500.0
-7500.0
-7500.0
-7500.0
-7500.0
-7500.0
7500.0
7500.0
7500.0
7500.0
7500.0
7500.0
7500.0
7500.0
7500.0
-7500.0
-7500.0
-7500.0
-7500.0
-7500.0
7500.0
7500.0
7500.0
7500.0
7500.0
7500.0
7500.0
7500.0
-7500.0
-7500.0
-7500.0
7500.0
7500.0
7500.0
-5383.948665180909
-3189.8632783943945
-2095.9428078941146
-1956.3210074390959
1507.055553958428
5360.028880436159
7500.0
7500.0
6219.181593244566
-530.3030303030304
7500.0
-681.8181818181819
7500.0
4865.170231997581
-2500.0000000000005
4863.636363636364
-1893.939393939394
7500.0
7500.0