Demand
-7500.0
-7500.0
7500.0
7500.0
7500.0
7500.0
7500.0
7500.0
7500.0
7500.0
7500.0
7500.0
7500.0
7500.0
7500.0
7500.0
-7500.0
-7500.0
-7500.0
7500.0
7500.0
7500.0
7500.0
7500.0
7500.0
-7500.0
-7500.0
-7500.0
-7500.0
-7500.0
-7500.0
-7500.0
7500.0
7500.0
7500.0
7500.0
7500.0
7500.0
7500.0
7500.0
-7023.145566090352
-7127.158384737097
-7500.0
-7500.0
7500.0
7500.0
7500.0
7500.0
7500.0
-7500.0
-7500.0
-7500.0
-7500.0
-7500.0
7500.0
7500.0
7500.0
7500.0
7500.0
7500.0
7500.0
-7500.0
-7500.0
-7500.0
-7500.0
-7500.0
7500.0
7500.0
7500.0
7500.0
7500.0
7500.0
7500.0
-7500.0
-7500.0
-7500.0
-7500.0
-7500.0
-7500.0
-7500.0
-7500.0
7500.0
7500.0
7500.0
7500.0
7500.0
7500.0
7500.0
7500.0
-7500.0
-7500.0
-7500.0
-7500.0
-7500.0
-7500.0
-7500.0
7500.0
7500.0
7500.0
7500.0
7500.0
7500.0
7500.0
7500.0
7500.0
-7500.0
-7500.0
-7276.260009420632
-7500.0
-7067.37178655278
-6265.941580251683
7500.0
7500.0
7500.0
7500.0
7500.0
7500.0
7500.0
-7500.0
7500.0
7500.0
7500.0
-7500.0
-7500.0
-7067.58123656594
-7500.0
-7500.0
-7500.0
-7500.0
7500.0
7500.0
7500.0
7500.0
7500.0
7500.0
7500.0
7500.0
-7500.0
-7500.0
-7500.0
-7500.0
-7500.0
-7500.0
7500.0
7500.0
7500.0
7500.0
7500.0
7500.0
-7320.6099341029785
-6638.113661836342
-7216.442205244619
-7500.0
7500.0
7500.0
7500.0
7500.0
7500.0
7500.0
-7500.0
-7500.0
-7500.0
-7500.0
-7500.0
-7500.0
7500.0
7500.0
7500.0
7500.0
7500.0
7500.0
7500.0
7500.0
-7500.0
-7500.0
-7500.0
-7500.0
-7500.0
-7500.0
-7500.0
-7500.0
7500.0
7500.0
7500.0
7500.0
7500.0
7500.0
7500.0
7500.0
-7500.0
-7500.0
-7500.0
-7500.0
-7500.0
-7500.0
-7500.0
7500.0
7500.0
7500.0
7500.0
7500.0
7500.0
7500.0
-7500.0
-7500.0
7500.0
7500.0
7500.0
7500.0
-7500.0
7500.0
7500.0
-7500.0
-7500.0
-7500.0
-7500.0
-7500.0
7500.0
7500.0
7500.0
7500.0
7500.0
7500.0
-6994.621113606809
-6582.410528365097
-7296.539026860433
-7500.0
-7500.0
-7500.0
-7500.0
7500.0
7500.0
7500.0
7500.0
7500.0
7500.0
7500.0
7500.0
7500.0
-7500.0
-7500.0
-7500.0
-7500.0
-7500.0
7500.0
7500.0
7500.0
7500.0
7500.0
7500.0
-7500.0
-7500.0
-7500.0
-5460.508878876228
-3784.487544778669
7475.894266785548
-469.27604702058034
7500.0
7500.0
7500.0
7500.0
7500.0
7500.0
7500.0
7500.0
-7500.0
-6188.621573654113
-5758.0487985429045
-5072.969141281346
-4489.516733338165
-3028.4446097467867
7500.0
7500.0
7500.0
7500.0
7500.0
7500.0
-7189.711486118673
-7500.0
-7500.0
-5219.70111850988
-6126.203202101931
-4639.592353948114
7500.0
7500.0
7500.0
7500.0
7500.0
7500.0
-7500.0
-7500.0
-7500.0
-7500.0
-6872.66123706802
-6564.0968781584215
-7500.0
7500.0
7500.0
7500.0
7500.0
7500.0
7500.0
7500.0
7500.0
-3003.380916604075
7500.0
7500.0
7500.0
-7500.0
-7500.0
-7500.0
-7500.0
-7500.0
-7500.0
7500.0
7500.0
7500.0
7500.0
7500.0
7500.0
-7500.0
-7500.0
7500.0
7500.0
7500.0
-7500.0
-6202.016916070272
-7288.427098236201
-6711.706825959915
-7132.097882857441
-7500.0
7500.0
7500.0
7500.0
7500.0
7500.0
7500.0
7500.0
-7500.0
-7500.0
-7500.0
-7500.0
-6991.97860962567
-7500.0
7500.0
7500.0
7500.0
7500.0
7500.0
7500.0
7500.0
7500.0
7500.0
-4904.000714413291
-5575.877970897669
-5785.091120219138
-6189.852058375327
-6654.9484088368445
-6995.095768452073
-7500.0
-7500.0
-7500.0
7500.0
7500.0
7500.0
7500.0
7500.0
7500.0
7500.0
-7500.0
-7500.0
-7500.0
-7500.0
-7500.0
7500.0
7500.0
7500.0
7500.0
7500.0
7500.0
7500.0
-7500.0
-7500.0
-7500.0
7500.0
7500.0
7500.0
7500.0
-7345.990771916699
-7331.805695566813
-7311.301546393865
-7279.054938741812
-7220.969614495643
-7500.0
-7500.0
7500.0
7500.0
7500.0
7500.0
7500.0
7500.0
7500.0
-5620.126540646683
-5820.235783097398
-6394.783195022457
-7078.853217081483
-6980.669211087341
-7500.0
-7500.0
7500.0
7500.0
7500.0
7500.0
7500.0
7500.0
7500.0
-7500.0
7500.0
7500.0
-7500.0
-7500.0
-6855.342524773805
-7252.466649705422
-5375.35438276501
-5940.031252189396
-2615.537610851638
4537.246992790895
3999.988665722991
7500.0
-794.4412513776902
7500.0
7500.0
7500.0
7500.0
7500.0
7500.0
-7500.0
-6865.861411315958
-5741.657888019212
-2398.637335383694
7500.0
7500.0
7500.0
7500.0
-7348.484848484849
-7500.0
-7500.0
-7500.0
-7500.0
-7500.0
-7500.0
7500.0
7500.0
7500.0
7500.0
7500.0
7500.0
7500.0
-7500.0
-7076.716554324234
-7253.071435536913
-7191.135718432497
-7500.0
-7500.0
7500.0
7500.0
7500.0
7500.0
7500.0
7500.0
7500.0
7500.0
7500.0
-6794.990723562154
-7286.649643161138
-6893.866846581483
-7500.0
7500.0
7500.0
7500.0
7500.0
7500.0
-7500.0
-7500.0
-7016.846789574063
-6811.733711622253
-5176.411556855393
7500.0
7500.0
7500.0
7500.0
7500.0
7500.0
-6956.452638270821
-7500.0
-7019.956697000542
-7500.0
-7500.0
-7500.0
7500.0
7500.0
7500.0
7500.0
7500.0
7500.0
7500.0
7500.0
-7500.0
-7334.358502445877
-6944.363798180115
-6214.662274460792
-4639.67368709131
-2819.393465995096
-3256.848997042505
-3040.2183639471955
7500.0
7500.0
7500.0
7500.0
7500.0
7500.0
-5896.95206961204
-6323.464954004601
-6602.626818073541
-6407.751007481811
-6761.776675075565
-7500.0
7500.0
7500.0
7500.0
7500.0
7500.0
7500.0
7500.0
7500.0
-6965.0040225261455
-6907.0791071029
-7274.002063754084
-7500.0
-7500.0
-7500.0
-7500.0
7500.0
7500.0
7500.0
7500.0
7500.0
7500.0
7500.0
7500.0
-7500.0
-7500.0
-7500.0
-7500.0
-5905.05972268599
7500.0
7500.0
7500.0
7264.084578393705
5314.079437696941
7500.0
5000.9246342822335
7500.0
-6437.61886648916
-6362.222800959878
-6614.806020515798
-6307.819061092294
-5879.998753510554
-4636.989734411611
-4801.841120110266
-3975.0693075893523
7500.0
7500.0
7500.0
7500.0
7500.0
7500.0
7500.0
-6854.290569243842
-5604.322852560519
-5846.086510978486
-3836.9316082950027
4478.463873977062
7500.0
7500.0
1373.0515671815756
7500.0
-5135.415432025602
-4470.408987807463
1933.5074593580712
7500.0
2330.039125791254
7500.0
-4462.382445141069
-4433.861936607182
-4467.557255713571
-4093.949863738606
-2182.8105462587914
7500.0
7500.0
7500.0
7500.0
-7500.0
-7500.0
-7311.881188118812
-7059.85168446756
-7224.151114984848
-7500.0
-7500.0
7500.0
7500.0
7500.0
7500.0
7500.0
7500.0
7500.0
-7500.0
7500.0
7500.0
-7500.0
-7500.0
-7500.0
-7500.0
-7500.0
-7500.0
-7500.0
7500.0
7500.0
7500.0
7500.0
7500.0
7500.0
7500.0
7500.0
7500.0
7500.0
-7500.0
-7500.0
-7500.0
-6232.665530817951
-6772.16490788203
-6605.745548217468
-7091.656603845449
-7500.0
7500.0
7500.0
7500.0
7500.0
7500.0
7500.0
7500.0
7500.0
7500.0
-7314.090019569472
-7500.0
-7500.0
-7500.0
-7500.0
7500.0
7500.0
7500.0
7500.0
7500.0
7500.0
7500.0
-7139.7843677768615
-7295.325031830731
-7500.0
-7500.0
-7500.0
-7500.0
7500.0
7500.0
7500.0
7500.0
7500.0
7500.0
7500.0
-7119.776492770317
-7277.75457139159
-7500.0
-7500.0
-7500.0
7500.0
7500.0
7500.0
7500.0
7500.0
7500.0
7500.0
-6939.368770444211
-7500.0
-7500.0
7500.0
7500.0
7500.0
7500.0
-7500.0
-7122.016140962614
-5514.169267794239
-3961.9235448505424
7500.0
7500.0
7500.0
1237.6631808764282
7500.0
-126.06705975534987
2451.9782590992113
5384.3644026929005
-1363.6363636363637
7338.709677419347
-75.75757575757576
6275.51020408162
-530.3030303030304
6360.1823708206675
4159.786530508427
3832.166815610597
4068.3751201634204
-1742.4242424242427
4894.067796610174