Demand
-7500.0
7500.0
7500.0
7500.0
7500.0
7500.0
7500.0
7500.0
7500.0
7500.0
7500.0
7500.0
7500.0
7500.0
7500.0
-7500.0
7500.0
7500.0
7500.0
-7500.0
7500.0
7500.0
7500.0
-7500.0
-7500.0
7500.0
7500.0
7500.0
7500.0
-7500.0
-7500.0
-7500.0
-7500.0
-7500.0
7500.0
7500.0
7500.0
7500.0
7500.0
7500.0
7500.0
-7173.277542130003
-7500.0
-7500.0
-7500.0
-7500.0
-7500.0
-7500.0
7500.0
7500.0
7500.0
7500.0
7500.0
7500.0
7500.0
7500.0
7500.0
-7500.0
-7500.0
-7500.0
-7500.0
-7500.0
7500.0
7500.0
7500.0
7500.0
7500.0
7500.0
7500.0
-7500.0
-7500.0
7500.0
7500.0
7500.0
7500.0
-7500.0
-7500.0
-7500.0
-7500.0
-7500.0
7500.0
7500.0
7500.0
7500.0
7500.0
7500.0
-7500.0
-7500.0
-7500.0
-7500.0
-7500.0
-7500.0
-7500.0
7500.0
7500.0
7500.0
7500.0
7500.0
7500.0
7500.0
-7500.0
-7500.0
-7500.0
-7500.0
-7500.0
7500.0
7500.0
7500.0
7500.0
7500.0
7500.0
-6176.982591876209
7500.0
7500.0
7500.0
7500.0
-7500.0
-7500.0
-7500.0
-7500.0
-7500.0
7500.0
7500.0
7500.0
7500.0
7500.0
7500.0
-7500.0
-7500.0
-7500.0
-7500.0
-7500.0
-7500.0
-7500.0
7500.0
7500.0
7500.0
7500.0
7500.0
7500.0
7500.0
7500.0
-7500.0
-7500.0
-7500.0
-7500.0
-7500.0
-7500.0
-4498.9469989470035
7500.0
7500.0
7500.0
7500.0
7500.0
7500.0
7500.0
7500.0
7500.0
7500.0
-7500.0
-7500.0
-7500.0
7500.0
7500.0
7500.0
7500.0
7500.0
-7500.0
-7500.0
-7500.0
-7500.0
-7500.0
-7500.0
-7500.0
-7500.0
7500.0
7500.0
7500.0
7500.0
7500.0
7500.0
7500.0
7500.0
7500.0
-7500.0
-7500.0
7500.0
7500.0
7500.0
7500.0
7500.0
-7500.0
-7500.0
-7500.0
-7500.0
-7500.0
7500.0
7500.0
7500.0
7500.0
7500.0
7500.0
-7500.0
-7500.0
-7500.0
-7500.0
-7500.0
-5902.864259028651
7500.0
7500.0
7500.0
7500.0
7500.0
7500.0
7500.0
7500.0
7500.0
-7500.0
-7500.0
-7308.317453200314
-7278.101388495661
-6406.131303874774
-6390.261888110119
-5517.615826279225
7500.0
1714.7178279163873
7500.0
7500.0
7500.0
7500.0
7500.0
7500.0
-7141.809803100128
7500.0
7500.0
7500.0
-7500.0
7500.0
-7500.0
-7500.0
7500.0
7500.0
-7500.0
-7500.0
-7290.7745014070715
-7500.0
-7500.0
-7500.0
-7500.0
7500.0
7500.0
7500.0
7500.0
7500.0
7500.0
7500.0
7500.0
-7148.82129880219
-7500.0
-7500.0
-7500.0
-7500.0
-7500.0
-7500.0
7500.0
7500.0
7500.0
7500.0
7500.0
7500.0
7500.0
7500.0
-5693.085818142201
7500.0
7500.0
7500.0
7500.0
-7157.438198645781
-7500.0
-7500.0
-5262.904915173873
-6312.272571236144
-5892.976458205239
-6126.469797640037
7500.0
5071.567142444577
7500.0
7500.0
7500.0
7500.0
7500.0
7500.0
7500.0
-7155.172413793105
-7107.099309036717
-7500.0
-7500.0
-7500.0
7500.0
7500.0
7500.0
7500.0
7500.0
7500.0
7500.0
-6711.890770826132
-7001.726959080046
-7500.0
-7500.0
7500.0
7500.0
7500.0
7500.0
7500.0
-7500.0
-7500.0
-7500.0
-7500.0
-7500.0
7500.0
7500.0
7500.0
7500.0
7500.0
7500.0
7500.0
7500.0
-7339.737582005624
-6966.176834069374
-7296.284175679864
-7500.0
-7500.0
-7500.0
7500.0
7500.0
7500.0
7500.0
7500.0
7500.0
7500.0
-7500.0
-7500.0
-7264.996907854054
-7500.0
-5206.6873460450715
7500.0
7500.0
7500.0
7500.0
7500.0
7500.0
-4279.661016949156
-3196.2414097592823
-3831.411762772723
-4474.831928900523
-4197.477930373392
-3647.5458260928317
7500.0
-176.0117101025753
7500.0
7500.0
7500.0
7500.0
-7500.0
-7500.0
-7500.0
-7233.9246119733925
-7090.662736521823
-7500.0
7500.0
7500.0
7500.0
7500.0
7500.0
7500.0
-7177.403536501406
-7500.0
-7210.677562480982
-6577.567475118909
7500.0
7500.0
7500.0
7500.0
-7500.0
-7500.0
-7500.0
-7500.0
-7500.0
7500.0
7500.0
7500.0
7500.0
7500.0
7500.0
-7500.0
-7500.0
7500.0
7500.0
7500.0
-5308.570284341211
-4057.603735239203
-3744.095249355385
-2688.4447950459144
3915.039168524169
7500.0
3948.733110205393
7500.0
7500.0
-7500.0
-7500.0
-7500.0
-7500.0
7500.0
7500.0
7500.0
7500.0
7500.0
-7500.0
-7500.0
-7500.0
-7500.0
-6325.872013183192
-6827.560807546395
7500.0
7500.0
7500.0
7500.0
7500.0
7500.0
-2344.4061811102147
7500.0
7500.0
-7500.0
-7500.0
-7500.0
-7500.0
-7500.0
-6161.5394037940005
-1610.626954179203
7500.0
7500.0
7500.0
7500.0
7500.0
7500.0
-7500.0
7500.0
-7500.0
-7500.0
-7500.0
-7500.0
-7500.0
-7500.0
7500.0
7500.0
7500.0
7500.0
7500.0
7500.0
7500.0
7500.0
-7294.05436125601
-7500.0
-7500.0
7500.0
7500.0
7500.0
7500.0
7500.0
7500.0
-7500.0
-7500.0
-6937.129690585913
-6628.9842772422035
-7231.262179982054
-6720.515227205931
-7500.0
7500.0
7500.0
7500.0
7500.0
7500.0
7500.0
7500.0
-7156.182679879363
-7120.66586531883
-6853.389859971539
-6988.894926112418
-7169.899006350355
-5429.159781351458
-6168.1289337976195
7500.0
7500.0
7500.0
7500.0
7500.0
7500.0
7500.0
7500.0
-7500.0
-7500.0
-7500.0
-7500.0
-7500.0
7500.0
7500.0
7500.0
7500.0
7500.0
7500.0
-6549.40147500278
-5629.108967613751
-4927.929154364472
-5694.690166666727
-6587.367904723749
-7220.789835565423
-7500.0
-3359.6504212824548
7500.0
7500.0
7500.0
7500.0
7500.0
7500.0
7500.0
-7348.484848484849
-7500.0
-7500.0
-7500.0
-7500.0
-7500.0
-7500.0
-7500.0
-5815.824031516751
7500.0
7500.0
7500.0
7500.0
7500.0
7500.0
7500.0
7500.0
7500.0
-7500.0
7500.0
-7500.0
-7500.0
-7500.0
-7500.0
-7500.0
-7500.0
-7500.0
-7500.0
7500.0
7500.0
7500.0
7500.0
7500.0
7500.0
7500.0
7500.0
7500.0
-5912.898619704905
-6143.322060864923
-5957.217562459595
-6186.542693910331
-5424.937696976673
-3677.309974289867
7042.924997000442
2021.4106729340838
7500.0
7500.0
7500.0
7500.0
7500.0
7500.0
-7500.0
-7500.0
-6564.935064935065
-4676.315274789757
-5021.337129743284
-2274.203906987521
2707.683531615399
7500.0
7487.334238326715
2744.5661145966733
7500.0
7500.0
7500.0
7500.0
-5000.000000000001
-2010.7858243451487
-2833.073776969128
-3843.106438986446
-3640.855320577022
-3363.0553608544947
-1763.6137660667914
7500.0
7500.0
7500.0
7500.0
7500.0
-7500.0
-7500.0
-7261.049227452391
-6764.030049171839
-6167.6142873393
7500.0
7500.0
7500.0
7500.0
7500.0
-7500.0
-7500.0
-7500.0
-6943.88269334293
-7500.0
-6415.847292248902
7500.0
7500.0
7500.0
7500.0
7500.0
7500.0
7500.0
-7500.0
-7500.0
-7500.0
-7053.291536050159
7500.0
7500.0
7500.0
7500.0
7500.0
-7500.0
-7500.0
-7500.0
7500.0
7500.0
7500.0
-7002.810622213607
-6946.722236800317
-7286.9231708397365
-7500.0
-7500.0
-7500.0
7500.0
7500.0
7500.0
7500.0
7500.0
7500.0
7500.0
-7314.04958677686
-7500.0
-7500.0
-7500.0
-7500.0
7500.0
7500.0
7500.0
7500.0
7500.0
7500.0
7500.0
7500.0
-7332.84457478006
-7500.0
-7500.0
7500.0
7500.0
7500.0
-7500.0
-7500.0
-7500.0
7500.0
7500.0
7500.0
7500.0
7500.0
7500.0
-7500.0
-7500.0
7500.0
7500.0
7500.0
-7500.0
-7103.22984825282
-7260.358984014636
-6197.442802732454
-5821.786921687979
-7500.0
7500.0
7500.0
7500.0
7500.0
7500.0
7500.0
-7106.268666586133
-5552.517313833723
-4552.8689130584735
-814.885324350209
7500.0
7500.0
7500.0
7500.0
4662.9923976018545
-3333.3333333333335
5821.510130703078
6241.047749269777
7034.156023229461
-75.75757575757576
6151.685393258425
-530.3030303030304
3520.408163265308
-2500.0000000000005
3538.961038961039
-1893.939393939394
5073.5294117647045
-1590.909090909091