Demand
7500.0
7500.0
7500.0
7500.0
7500.0
7500.0
7500.0
7500.0
7500.0
7500.0
7500.0
7500.0
7500.0
7500.0
7500.0
7500.0
7500.0
7500.0
7500.0
7500.0
7500.0
7500.0
7500.0
7500.0
7500.0
7500.0
-7500.0
-7500.0
-7500.0
7500.0
7500.0
7500.0
7500.0
7500.0
7500.0
7500.0
7500.0
7500.0
7500.0
7500.0
7500.0
-7119.543452142572
-7500.0
-7500.0
-7500.0
-7500.0
7500.0
7500.0
7500.0
7500.0
7500.0
7500.0
-7500.0
-7500.0
-7253.17717470247
-7183.379829595935
-7500.0
-7500.0
7500.0
7500.0
7500.0
7500.0
7500.0
7500.0
7500.0
7500.0
-7500.0
-7500.0
-6968.031493632774
7500.0
7500.0
7500.0
7500.0
7500.0
-7500.0
-7500.0
-7500.0
-7500.0
-7500.0
-7500.0
7500.0
7500.0
7500.0
7500.0
7500.0
7500.0
7500.0
7500.0
-7500.0
-7500.0
-7500.0
-7500.0
7500.0
7500.0
7500.0
7500.0
7500.0
7500.0
7500.0
-7500.0
-7500.0
-7500.0
-7500.0
-7500.0
-7500.0
7500.0
7500.0
7500.0
7500.0
7500.0
7500.0
7500.0
-7500.0
-7500.0
-7500.0
-7500.0
7500.0
7500.0
7500.0
7500.0
7500.0
7500.0
-7500.0
-7500.0
-7091.397849462368
-7500.0
-7500.0
-7500.0
-7500.0
7500.0
7500.0
7500.0
7500.0
7500.0
7500.0
7500.0
-7500.0
-7500.0
-7500.0
7500.0
7500.0
7500.0
7500.0
-7500.0
-7500.0
-7500.0
-7500.0
-7500.0
-5564.777564416148
237.62039672629453
7500.0
7500.0
7500.0
7500.0
7500.0
7500.0
7500.0
-7500.0
-7500.0
-7500.0
-7500.0
-7500.0
-7500.0
-7500.0
-7500.0
7500.0
7500.0
7500.0
7500.0
7500.0
7500.0
7500.0
7500.0
7500.0
-7500.0
-7500.0
-7500.0
-7500.0
-7500.0
-7500.0
-7500.0
7500.0
7500.0
7500.0
7500.0
7500.0
7500.0
7500.0
7500.0
-7500.0
-7500.0
-7500.0
7500.0
7500.0
7500.0
-7500.0
-7318.1327311996865
-7294.663808442625
-7500.0
-7500.0
-7500.0
-7500.0
7500.0
7500.0
7500.0
7500.0
7500.0
7500.0
7500.0
7500.0
-7500.0
7500.0
7500.0
-7500.0
-7500.0
-7500.0
-7500.0
-7500.0
-7500.0
-6735.332598206744
7500.0
7500.0
7500.0
7500.0
7500.0
-233.72602351252863
7500.0
7500.0
7500.0
7500.0
-7500.0
-6707.232267037554
-7267.438561288904
-7200.040435119647
-7500.0
-7500.0
7500.0
7500.0
7500.0
7500.0
7500.0
7500.0
7500.0
-7500.0
-7308.305626349014
-7500.0
-7500.0
-7500.0
-7500.0
-7500.0
7500.0
7500.0
7500.0
7500.0
7500.0
7500.0
7500.0
7500.0
7500.0
7500.0
7500.0
-7500.0
-7500.0
-7500.0
7500.0
7500.0
7500.0
7500.0
-5662.607449856734
-5608.6400555818145
-5744.587703438543
-5825.200679725553
-2757.8318017426886
7500.0
7500.0
7500.0
7500.0
7500.0
7500.0
7500.0
-6103.701687534023
7500.0
-6837.080829618144
-7076.035448530485
-6384.7548866503785
7500.0
7500.0
7500.0
7500.0
-7500.0
-7500.0
-7500.0
-7500.0
-5189.635205558783
7500.0
7500.0
7500.0
7500.0
7500.0
7500.0
7500.0
-7118.047799865984
-4805.11418444594
-2839.9031373882085
7500.0
7500.0
7500.0
7500.0
-7500.0
-7500.0
7500.0
7500.0
7500.0
-7500.0
-7500.0
-7500.0
-7500.0
7500.0
7500.0
7500.0
7500.0
7500.0
7500.0
7500.0
-7500.0
-7500.0
-5861.8768328445785
-7169.491214738562
-4639.957233753883
7500.0
7500.0
7500.0
7500.0
7500.0
-7160.208643815202
-7500.0
-7500.0
-7500.0
-7500.0
-7500.0
-7500.0
-7500.0
7500.0
7500.0
7500.0
7500.0
7500.0
7500.0
7500.0
7500.0
7500.0
-4533.8562002086255
-3611.327234934217
-4259.068915602877
-4935.049841804563
-4932.872626042677
-5076.933543180532
-4878.369465734142
7500.0
7500.0
7500.0
7500.0
7500.0
7500.0
-7500.0
-7500.0
-7301.393728222996
-7263.93234938093
-7500.0
-7500.0
-7500.0
7500.0
7500.0
7500.0
7500.0
7500.0
7500.0
7500.0
-7342.20443523559
-7500.0
-7500.0
-7500.0
-7500.0
-7500.0
-7500.0
-7500.0
7500.0
7500.0
7500.0
7500.0
7500.0
7500.0
7500.0
7500.0
-7500.0
-7500.0
-4596.305769912455
-3204.534784812276
-1663.2178573262972
1111.4937615573144
7500.0
7500.0
4115.189455615489
7500.0
2899.636485737106
7500.0
7500.0
-7500.0
-7500.0
-7500.0
-7500.0
-7500.0
7500.0
7500.0
7500.0
7500.0
7500.0
7500.0
-7500.0
-7500.0
-7500.0
-2517.4825174825005
7500.0
7500.0
7500.0
7500.0
7500.0
7500.0
-7121.212121212122
-7079.222870948261
-7500.0
-7500.0
-7500.0
7500.0
7500.0
7500.0
7500.0
7500.0
7500.0
7500.0
7500.0
-4876.294591484462
7500.0
7500.0
7500.0
7500.0
7500.0
-7500.0
-7500.0
-7500.0
-7500.0
7500.0
7500.0
7500.0
7500.0
7500.0
-7500.0
-7500.0
-7500.0
-6884.744543055891
-7018.0015908201
-5668.36578143997
7500.0
7500.0
7500.0
7500.0
7500.0
7500.0
7500.0
-7500.0
-7500.0
-7500.0
-6612.002519962045
-5720.930367847775
-6398.0734898487535
7500.0
7500.0
7500.0
7500.0
7500.0
7500.0
7500.0
-7500.0
-7500.0
-7027.852557465316
-6836.593786832549
-5379.110854029881
7500.0
7500.0
7500.0
7500.0
7500.0
7500.0
-6906.6620402498265
-7500.0
7500.0
7500.0
7500.0
7500.0
-7500.0
-7500.0
-7500.0
-7500.0
-7500.0
-7500.0
-7500.0
-7500.0
7500.0
7500.0
7500.0
7500.0
7500.0
7500.0
7500.0
7500.0
7500.0
-7500.0
7500.0
7500.0
-6191.253497883334
-5750.835050928485
-5799.468252404124
-6249.818458951806
-6545.556740842005
-6339.999208795307
-6723.355541300572
-7500.0
-7500.0
7500.0
7500.0
7500.0
7500.0
7500.0
7500.0
7500.0
7500.0
7500.0
7500.0
-7500.0
-7500.0
-7500.0
-7500.0
7500.0
7500.0
7500.0
7500.0
7500.0
7500.0
-7500.0
7500.0
7500.0
7500.0
-7500.0
-7500.0
-6731.805929919137
-4542.771919455032
-2509.1413951026534
479.52757772923087
7500.0
7500.0
7500.0
4045.9011824618265
7412.191131033633
576.9511630595616
7500.0
7500.0
-6378.688524590165
-5999.34839202705
-4911.336598468213
-5151.499308398235
-4746.626949261674
-1297.3255108127414
7500.0
7500.0
7500.0
7500.0
7500.0
7500.0
-6803.735024665259
-5567.537120343844
-5978.185411583079
-4918.46798263235
-3939.9292424933683
-2539.8218653077547
1145.6091067306647
7500.0
4568.581800848042
7500.0
7500.0
7500.0
7500.0
-5227.272727272728
-2804.3478260869583
-3817.573931060464
-3607.176310340941
-3313.562519071466
-1642.5002265575113
7500.0
7500.0
7500.0
7500.0
7500.0
-7500.0
-7500.0
-7288.209066138223
-6957.279646332818
-7082.306672350895
-7500.0
7500.0
7500.0
7500.0
7500.0
7500.0
7500.0
7500.0
7500.0
7500.0
-7215.284715284717
-7500.0
7500.0
7500.0
7500.0
-7500.0
-7500.0
-7500.0
-7500.0
-7500.0
-7500.0
-3768.583943472857
7500.0
7500.0
7500.0
7500.0
7500.0
7500.0
7500.0
7500.0
7500.0
-7500.0
-5000.299355455789
7500.0
7500.0
7500.0
-7500.0
-7500.0
-7500.0
-7500.0
7500.0
7500.0
7500.0
7500.0
7500.0
7500.0
-7315.294880103695
-7500.0
-7500.0
-7500.0
-7500.0
7500.0
7500.0
7500.0
7500.0
7500.0
7500.0
7500.0
-7182.097044060236
7500.0
7500.0
-7500.0
7500.0
7500.0
-7500.0
-7500.0
-7500.0
-7500.0
-5370.48567870485
7500.0
7500.0
7500.0
7500.0
7500.0
7500.0
-7500.0
-7500.0
-7500.0
-7500.0
-7500.0
-4764.68195600549
7500.0
7500.0
7500.0
7500.0
7500.0
7500.0
7500.0
7500.0
-7500.0
-7500.0
-7073.863636363638
-5389.078915221109
-4337.381293988647
-697.8564157742439
7500.0
7500.0
7500.0
7500.0
7500.0
3210.944379515877
-1893.939393939394
7500.0
7500.0
7500.0
6547.097480832419
-530.3030303030304
3464.467005076142
-2500.0000000000005
3097.402597402597
-1893.939393939394
4313.471502590673
-1590.909090909091