Demand
3000.0
3000.0
3000.0
3000.0
3000.0
3000.0
3000.0
3000.0
3000.0
3000.0
3000.0
3000.0
-3000.0
-3000.0
-3000.0
3000.0
3000.0
3000.0
3000.0
3000.0
3000.0
3000.0
3000.0
3000.0
3000.0
3000.0
3000.0
3000.0
3000.0
-3000.0
-3000.0
-3000.0
-3000.0
3000.0
3000.0
3000.0
3000.0
3000.0
3000.0
3000.0
3000.0
-1046.6444550214214
-3000.0
-3000.0
3000.0
3000.0
3000.0
3000.0
3000.0
3000.0
3000.0
-3000.0
-3000.0
3000.0
3000.0
3000.0
3000.0
3000.0
3000.0
3000.0
3000.0
3000.0
3000.0
3000.0
3000.0
3000.0
3000.0
3000.0
3000.0
3000.0
3000.0
3000.0
3000.0
3000.0
3000.0
-3000.0
-3000.0
-3000.0
-3000.0
-3000.0
3000.0
3000.0
3000.0
3000.0
3000.0
3000.0
3000.0
-3000.0
-3000.0
-3000.0
-3000.0
-3000.0
-3000.0
-3000.0
3000.0
3000.0
3000.0
3000.0
3000.0
3000.0
3000.0
3000.0
3000.0
3000.0
838.3838383838374
2525.286472041137
2041.7450787585121
3000.0
3000.0
3000.0
3000.0
0.0
-303.03030303030306
-1397.2602739726028
-1701.2703267892266
-2238.762469301986
-2512.940137375467
3000.0
3000.0
3000.0
-1984.3260188087772
-2581.852607049228
-1340.9150367732955
-2260.607758231001
3000.0
3000.0
3000.0
3000.0
3000.0
3000.0
3000.0
3000.0
3000.0
-3000.0
-2239.3661384487086
341.36369469959254
-2219.03799950917
-2200.5035867624556
3000.0
3000.0
3000.0
3000.0
3000.0
3000.0
3000.0
3000.0
3000.0
-3000.0
-3000.0
-3000.0
-3000.0
-3000.0
-3000.0
3000.0
3000.0
3000.0
3000.0
3000.0
3000.0
3000.0
3000.0
-3000.0
-3000.0
-3000.0
-3000.0
-3000.0
-3000.0
3000.0
3000.0
3000.0
3000.0
3000.0
3000.0
3000.0
3000.0
3000.0
3000.0
3000.0
3000.0
3000.0
3000.0
-3000.0
-3000.0
-3000.0
-3000.0
-3000.0
-3000.0
3000.0
3000.0
3000.0
3000.0
3000.0
3000.0
3000.0
3000.0
3000.0
3000.0
-3000.0
-3000.0
-1296.3885429638822
3000.0
3000.0
3000.0
3000.0
3000.0
3000.0
3000.0
3000.0
-1240.1372212692977
-2915.1662153173274
-3000.0
-3000.0
3000.0
3000.0
3000.0
3000.0
3000.0
3000.0
-3000.0
-3000.0
-3000.0
-2712.7860592063826
-2063.0501446561357
-881.1958079986889
3000.0
1650.2862660257842
3000.0
3000.0
3000.0
3000.0
3000.0
0.0
-333.33333333333337
3000.0
-1392.641332080032
-1688.207086166819
-2349.800506900003
3000.0
3000.0
3000.0
3000.0
3000.0
-3000.0
-3000.0
-3000.0
-3000.0
-3000.0
3000.0
3000.0
3000.0
3000.0
3000.0
3000.0
3000.0
3000.0
3000.0
3000.0
-851.4412416851419
3000.0
345.2243958573031
1090.6327521749713
2196.3068365185536
3000.0
3000.0
3000.0
-2575.757575757576
-1836.074872376632
-1517.3117208132362
-966.1206050850157
-146.36805315834317
166.7536121897897
2462.575058191258
3000.0
3000.0
3000.0
0.0
3000.0
0.0
0.0
0.0
0.0
-757.5757575757576
-630.4849884526561
-1713.4712877048112
-2288.9183168492527
-923.6516045576927
-1848.7085678011354
-2620.9346806453786
3000.0
3000.0
3000.0
3000.0
-3000.0
-3000.0
-2849.365750528542
-632.5794445181477
3000.0
3000.0
3000.0
3000.0
3000.0
3000.0
3000.0
3000.0
0.0
3000.0
1656.7881457749345
-588.8414736410564
3000.0
3000.0
3000.0
3000.0
3000.0
-3000.0
-3000.0
3000.0
3000.0
3000.0
3000.0
3000.0
3000.0
3000.0
3000.0
-3000.0
768.5950413223079
3000.0
3000.0
-2212.1212121212125
3000.0
437.95375851669996
-2255.1653513740366
-2606.0823580406677
-3000.0
3000.0
3000.0
3000.0
3000.0
3000.0
3000.0
-661.6268773178213
509.8755579210565
2072.01649718357
2654.180472074336
2187.891109901183
3000.0
3000.0
3000.0
3000.0
0.0
0.0
0.0
3000.0
3000.0
-181.8181818181818
-1282.2085889570562
-722.0898840717814
-278.28411405857787
805.4498191472835
389.47672692164247
3000.0
-1848.484848484849
-1955.429864253394
-1886.4362956680613
-2701.0284080712527
3000.0
3000.0
3000.0
3000.0
3000.0
3000.0
3000.0
3000.0
-591.3809374016992
-1129.6148997339776
3000.0
3000.0
315.9708785906307
-165.907558985984
-1489.3552519353225
-2293.953665114771
-3000.0
-3000.0
3000.0
3000.0
3000.0
3000.0
-3000.0
-3000.0
-3000.0
-3000.0
-3000.0
3000.0
3000.0
3000.0
3000.0
3000.0
3000.0
3000.0
3000.0
0.0
0.0
0.0
-1060.6060606060607
3000.0
-1990.5123339658448
-2520.4021475650698
-3000.0
-3000.0
-3000.0
3000.0
3000.0
3000.0
3000.0
3000.0
3000.0
3000.0
-3000.0
-1547.5779694757812
-687.7100208115639
-500.2893032351117
3000.0
3000.0
3000.0
0.0
3000.0
3000.0
0.0
-1151.5151515151515
-620.8695652173915
-1655.0365880002164
-2315.7676418865412
-2307.173936377889
-2726.411558355482
-2626.518871536371
-2762.675940588515
3000.0
3000.0
3000.0
3000.0
3000.0
3000.0
3000.0
3000.0
3000.0
3000.0
2125.494071146247
870.4810464590814
-252.33480558081283
-1091.1613564273712
-1398.885786768159
-2317.909984680109
-2610.5118531101334
-3000.0
-3000.0
-3000.0
3000.0
3000.0
3000.0
3000.0
3000.0
-3000.0
-3000.0
-3000.0
-2595.259232607501
3000.0
3000.0
3000.0
3000.0
3000.0
3000.0
-1030.3030303030305
3000.0
1657.973174366617
-669.589818859085
-2155.6673751573762
-2742.216991342866
-3000.0
-3000.0
3000.0
3000.0
3000.0
3000.0
3000.0
3000.0
3000.0
3000.0
3000.0
-3000.0
-3000.0
3000.0
-743.1105479885969
333.4428294258778
3000.0
3000.0
0.0
0.0
1430.2567661346284
103.06436128852988
-883.9040040898458
-282.34289676859544
446.25979418004886
-402.1637699340422
1561.7905277959571
3000.0
3000.0
-3000.0
-3000.0
-3000.0
-3000.0
3000.0
3000.0
3000.0
3000.0
3000.0
3000.0
2305.7153816647487
0.0
0.0
0.0
0.0
0.0
0.0
-818.1818181818182
-1717.9487179487178
-2308.374384236453
-1949.9117963047293
3000.0
3000.0
3000.0
-3000.0
-3000.0
-3000.0
-3000.0
3000.0
3000.0
3000.0
3000.0
3000.0
3000.0
3000.0
-2517.283097131007
237.34261478001008
1495.8697661757187
-1894.1400845854741
-2509.3524956218935
-3000.0
-3000.0
-3000.0
3000.0
3000.0
3000.0
3000.0
3000.0
3000.0
3000.0
3000.0
3000.0
3000.0
3000.0
3000.0
0.0
0.0
0.0
0.0
0.0
3000.0
3000.0
0.0
0.0
-787.878787878788
-544.2278860569722
-1560.1059755721935
-1948.8357898228614
-2593.6428840958697
-3000.0
3000.0
3000.0
3000.0
-2221.225207907517
-1908.7202163908005
-2325.0139155025536
-652.6301247072979
3000.0
3000.0
3000.0
0.0
0.0
0.0
3000.0
3000.0
3000.0
3000.0
-1181.818181818182
-1359.6214511041017
-1862.6402617045978
-2628.865231455342
-3000.0
-3000.0
-3000.0
3000.0
3000.0
3000.0
3000.0
3000.0
-3000.0
-3000.0
-3000.0
-2464.006274071997
-716.4370243664289
-1860.8471160420431
3000.0
3000.0
3000.0
3000.0
3000.0
3000.0
24.671681338691542
-166.24431409900671
3000.0
-2878.787878787879
-3000.0
-3000.0
3000.0
3000.0
3000.0
3000.0
3000.0
-3000.0
-3000.0
-3000.0
-3000.0
-2474.0484429065746
-2253.0433111769753
-2635.020069136237
3000.0
3000.0
3000.0
3000.0
3000.0
3000.0
3000.0
3000.0
3000.0
-424.42173211404224
-606.9186458748459
-1536.3969612521498
3000.0
3000.0
3000.0
3000.0
3000.0
-3000.0
-3000.0
-3000.0
3000.0
3000.0
3000.0
3000.0
3000.0
3000.0
3000.0
3000.0
-751.9615022491898
-633.714929615051
-749.4586230185887
-839.5339501033259
-1839.9489909858803
-3000.0
-3000.0
3000.0
3000.0
3000.0
3000.0
3000.0
3000.0
3000.0
-3000.0
-3000.0
-3000.0
-3000.0
-472.2838137472263
3000.0
3000.0
3000.0
3000.0
3000.0
-3000.0
-2858.5169097114494
3000.0
3000.0
3000.0
3000.0
-3000.0
-3000.0
-3000.0
-3000.0
-3000.0
-3000.0
-1791.282151973298
2239.206116973144
3000.0
3000.0
3000.0
3000.0
3000.0
3000.0
3000.0
0.0
3000.0
3000.0
0.0
3000.0
3000.0
3000.0
3000.0
3000.0
3000.0
0.0
0.0
0.0