Demand
-3000.0
-3000.0
-3000.0
3000.0
3000.0
3000.0
3000.0
3000.0
3000.0
3000.0
3000.0
3000.0
3000.0
3000.0
-3000.0
-3000.0
-3000.0
-3000.0
-3000.0
-3000.0
3000.0
3000.0
3000.0
3000.0
3000.0
3000.0
3000.0
3000.0
3000.0
-3000.0
-3000.0
-3000.0
-3000.0
3000.0
3000.0
3000.0
3000.0
3000.0
3000.0
3000.0
3000.0
3000.0
-3000.0
-3000.0
-3000.0
-3000.0
-3000.0
-3000.0
3000.0
3000.0
3000.0
3000.0
3000.0
3000.0
3000.0
-3000.0
-3000.0
-3000.0
-3000.0
-3000.0
-3000.0
3000.0
3000.0
3000.0
3000.0
3000.0
3000.0
3000.0
-3000.0
-3000.0
-3000.0
-3000.0
-3000.0
-3000.0
-3000.0
3000.0
3000.0
3000.0
3000.0
3000.0
3000.0
3000.0
3000.0
3000.0
3000.0
3000.0
3000.0
-3000.0
-3000.0
-3000.0
-3000.0
3000.0
3000.0
3000.0
3000.0
3000.0
3000.0
3000.0
-3000.0
-3000.0
-3000.0
-3000.0
-3000.0
3000.0
3000.0
3000.0
3000.0
3000.0
3000.0
3000.0
0.0
0.0
-303.03030303030306
-1391.7525773195882
-1659.1081335071403
-2130.535573943208
-884.0858254218865
3000.0
3000.0
-3000.0
-1569.9114263755855
-2238.2242695760233
3000.0
1452.5215391452557
3000.0
3000.0
3000.0
3000.0
3000.0
3000.0
-2939.120075586411
-2933.6539789731924
-3000.0
-3000.0
-2343.34393681222
27.640153884108713
-2232.8443365336416
-1445.1559392227373
3000.0
3000.0
3000.0
3000.0
3000.0
3000.0
-3000.0
-3000.0
-3000.0
-3000.0
-3000.0
-3000.0
3000.0
3000.0
3000.0
3000.0
3000.0
3000.0
3000.0
3000.0
3000.0
-3000.0
-3000.0
-3000.0
-3000.0
-3000.0
-3000.0
-3000.0
3000.0
3000.0
3000.0
3000.0
3000.0
3000.0
3000.0
3000.0
-3000.0
-3000.0
-3000.0
-3000.0
-3000.0
3000.0
3000.0
3000.0
3000.0
3000.0
3000.0
3000.0
3000.0
-3000.0
-3000.0
3000.0
3000.0
3000.0
-3000.0
-3000.0
-3000.0
-3000.0
-3000.0
3000.0
3000.0
3000.0
3000.0
3000.0
3000.0
3000.0
3000.0
3000.0
3000.0
3000.0
-236.36363636363967
-2806.320081549441
3000.0
3000.0
3000.0
3000.0
3000.0
3000.0
3000.0
3000.0
3000.0
-3000.0
-3000.0
-2760.671798460462
-2246.720432770684
-1370.9418988204034
3000.0
414.3057069799554
3000.0
3000.0
3000.0
3000.0
0.0
0.0
-333.33333333333337
3000.0
3000.0
3000.0
3000.0
3000.0
3000.0
3000.0
-3000.0
3000.0
3000.0
3000.0
3000.0
3000.0
3000.0
3000.0
3000.0
3000.0
3000.0
3000.0
3000.0
3000.0
3000.0
3000.0
-484.8484848484849
-852.6315789473692
-1576.305053700774
-996.9579510277554
3000.0
3000.0
-2074.216106474172
-2075.1952495687447
-1968.3139795031311
-1490.3264325460013
-967.3280280802746
-220.73118235003767
1016.8995273712525
2312.061246036933
1542.5752728469479
2915.0542912962974
3000.0
3000.0
3000.0
3000.0
0.0
0.0
3000.0
3000.0
3000.0
3000.0
-398.1981981981976
-1591.2298883704989
-2228.897760762253
-817.117726985588
-1850.1104840700027
-2702.1397344388397
-3000.0
3000.0
3000.0
3000.0
3000.0
3000.0
-2911.041833344938
-2049.508088341303
-949.9862005741088
742.5058355828719
1351.026204481579
3000.0
3000.0
3000.0
3000.0
3000.0
3000.0
-757.5757575757576
-1621.6216216216208
3000.0
-2933.3722969023966
-3000.0
-3000.0
-3000.0
-3000.0
-3000.0
3000.0
3000.0
3000.0
3000.0
3000.0
3000.0
-3000.0
-3000.0
-3000.0
-3000.0
-1241.8960183490747
74.1237780453207
3000.0
353.1171876558037
3000.0
802.4221719958271
-2165.532346711281
-2321.1524955779587
3000.0
3000.0
3000.0
3000.0
3000.0
-1832.0052040982291
1385.553306834231
3000.0
3000.0
3000.0
3000.0
1706.9997975507658
3000.0
3000.0
0.0
3000.0
0.0
0.0
0.0
0.0
0.0
-181.8181818181818
-1276.923076923078
-613.1305637982214
147.46255852303875
3000.0
-2242.4242424242425
3000.0
3000.0
-1674.228284278537
-1417.5532080533685
-2368.8970667306166
3000.0
3000.0
3000.0
3000.0
3000.0
3000.0
3000.0
3000.0
-2060.606060606061
-1534.1426403641883
3000.0
3000.0
-1606.060606060606
-502.66808964781194
-1685.1907912943725
-2424.115744323659
-3000.0
-3000.0
-3000.0
3000.0
3000.0
3000.0
3000.0
3000.0
-3000.0
-3000.0
-3000.0
-3000.0
3000.0
3000.0
3000.0
3000.0
3000.0
3000.0
3000.0
3000.0
3000.0
0.0
1056.713928273562
-2000.0000000000002
-2045.4545454545469
-2502.0746887966807
-3000.0
3000.0
3000.0
3000.0
3000.0
-3000.0
-3000.0
-3000.0
-3000.0
-3000.0
3000.0
3000.0
3000.0
3000.0
3000.0
3000.0
3000.0
3000.0
3000.0
3000.0
3000.0
3000.0
728.0550774526669
-892.1399996544778
-1849.4041311660949
-1603.260303043594
-2199.4109359383
3000.0
3000.0
3000.0
3000.0
3000.0
3000.0
3000.0
-207.29226011231458
3000.0
3000.0
0.0
-606.0606060606061
1835.8208955223881
-1121.2121212121212
-118.90243902438942
-982.1949296892664
-1221.3317258424731
-2150.020767463613
-2199.3534658488425
3000.0
3000.0
3000.0
-3000.0
-3000.0
-3000.0
-3000.0
-3000.0
-3000.0
-3000.0
3000.0
3000.0
3000.0
3000.0
3000.0
3000.0
3000.0
3000.0
3000.0
3000.0
3000.0
3000.0
3000.0
-2939.3939393939395
-3000.0
-3000.0
-3000.0
3000.0
3000.0
3000.0
3000.0
3000.0
3000.0
3000.0
3000.0
3000.0
3000.0
3000.0
-1285.3017267312443
-864.6653731000051
3000.0
3000.0
0.0
0.0
-1303.030303030303
-94.48818897637784
-866.7634403027628
3000.0
-2030.3030303030305
3000.0
3000.0
3000.0
-2806.565294002481
-3000.0
-3000.0
-3000.0
-3000.0
3000.0
3000.0
3000.0
3000.0
3000.0
3000.0
3000.0
3000.0
3000.0
3000.0
3000.0
3000.0
3000.0
3000.0
-2393.939393939394
-300.0000000000109
3000.0
3000.0
3000.0
3000.0
3000.0
3000.0
-3000.0
-3000.0
-3000.0
-1662.7565982404703
-1361.5862240251652
3000.0
3000.0
1710.1880739106418
3000.0
1520.9266285764909
3000.0
3000.0
-2047.1262537812454
-2595.071859477989
-3000.0
-3000.0
-3000.0
-3000.0
-3000.0
3000.0
3000.0
3000.0
3000.0
3000.0
3000.0
3000.0
3000.0
3000.0
0.0
0.0
0.0
0.0
0.0
0.0
0.0
0.0
0.0
0.0
-787.878787878788
-279.0697674418625
-930.7327743346718
3000.0
-1988.9135254988935
3000.0
3000.0
3000.0
3000.0
3000.0
3000.0
-2478.5591766723846
-1529.996350537117
3000.0
3000.0
3000.0
0.0
0.0
0.0
0.0
0.0
0.0
0.0
-1181.818181818182
-1037.7358490566062
960.4395604395678
3000.0
3000.0
3000.0
3000.0
3000.0
-3000.0
-3000.0
-3000.0
-3000.0
-3000.0
-3000.0
3000.0
3000.0
3000.0
3000.0
3000.0
3000.0
3000.0
3000.0
1679.0002450379798
2734.277207329731
-791.932055935788
-1315.3972942147939
-2386.891321191938
-2696.6118045789754
-3000.0
-3000.0
-3000.0
-3000.0
3000.0
3000.0
3000.0
3000.0
3000.0
3000.0
-3000.0
-2635.053414998418
-2569.4828317224756
-2863.9651899723103
-119.92512641641088
3000.0
3000.0
3000.0
3000.0
3000.0
3000.0
1864.8247756013707
-857.7205443820258
1512.0330961754626
3000.0
3000.0
3000.0
3000.0
3000.0
-3000.0
-3000.0
-3000.0
3000.0
3000.0
3000.0
3000.0
3000.0
3000.0
3000.0
3000.0
3000.0
-1008.2557358164544
-654.1447692252723
-525.0901662868505
-640.7153908860123
-727.255942714979
-1773.2242426960738
-3000.0
-3000.0
3000.0
3000.0
3000.0
3000.0
3000.0
3000.0
3000.0
-3000.0
-3000.0
-3000.0
-3000.0
-1405.5944055944183
3000.0
3000.0
3000.0
3000.0
3000.0
3000.0
3000.0
3000.0
3000.0
3000.0
3000.0
-3000.0
3000.0
3000.0
3000.0
3000.0
3000.0
-2332.2757779133617
-1026.2438203574548
1702.6303637607648
3000.0
3000.0
3000.0
3000.0
3000.0
0.0
3000.0
0.0
0.0
0.0
0.0
0.0
0.0
3000.0
3000.0
3000.0
0.0
0.0
0.0