Demand
3000.0
3000.0
3000.0
3000.0
3000.0
3000.0
3000.0
3000.0
3000.0
3000.0
3000.0
3000.0
3000.0
3000.0
3000.0
3000.0
3000.0
3000.0
3000.0
3000.0
3000.0
3000.0
3000.0
3000.0
3000.0
3000.0
3000.0
3000.0
3000.0
3000.0
3000.0
3000.0
3000.0
3000.0
-3000.0
-3000.0
3000.0
1032.826069635884
3000.0
827.6727491781571
297.86469428388114
-1675.268050939073
-3000.0
-3000.0
3000.0
3000.0
3000.0
3000.0
3000.0
3000.0
-3000.0
-3000.0
-3000.0
-3000.0
-3000.0
3000.0
3000.0
3000.0
3000.0
3000.0
3000.0
3000.0
3000.0
3000.0
-3000.0
-3000.0
-3000.0
-3000.0
-3000.0
3000.0
3000.0
3000.0
3000.0
3000.0
3000.0
3000.0
3000.0
3000.0
-3000.0
-3000.0
-3000.0
-3000.0
2757.5757575757507
3000.0
-3000.0
3000.0
3000.0
3000.0
3000.0
3000.0
3000.0
3000.0
-3000.0
-3000.0
3000.0
3000.0
-3000.0
-3000.0
-3000.0
-3000.0
3000.0
3000.0
3000.0
3000.0
3000.0
3000.0
1593.924364538128
3000.0
3000.0
3000.0
3000.0
0.0
-303.03030303030306
-1397.2602739726028
-1701.2703267892266
-2238.762469301986
-2512.940137375467
3000.0
3000.0
3000.0
-2450.528852590709
-2792.1968513117145
-2306.3593472655375
-2750.0944639045074
-3000.0
3000.0
3000.0
3000.0
3000.0
-2790.9498264635704
-2870.3008827409667
-2817.3824593284016
-3000.0
3000.0
3000.0
3000.0
3000.0
3000.0
3000.0
3000.0
3000.0
3000.0
3000.0
-3000.0
-3000.0
-3000.0
-3000.0
-3000.0
-3000.0
-3000.0
-3000.0
3000.0
3000.0
3000.0
3000.0
3000.0
3000.0
3000.0
3000.0
3000.0
-3000.0
-3000.0
3000.0
3000.0
3000.0
3000.0
3000.0
3000.0
3000.0
-3000.0
-3000.0
-3000.0
-3000.0
-3000.0
3000.0
3000.0
3000.0
3000.0
3000.0
3000.0
3000.0
3000.0
3000.0
3000.0
3000.0
-3000.0
-3000.0
-3000.0
-3000.0
-3000.0
3000.0
3000.0
3000.0
3000.0
3000.0
3000.0
3000.0
-3000.0
-3000.0
-2496.5034965034965
-1394.1176470588262
3000.0
3000.0
3000.0
3000.0
3000.0
3000.0
3000.0
-1466.5670283969075
-2927.552709320782
-3000.0
-3000.0
-3000.0
3000.0
3000.0
3000.0
3000.0
3000.0
-3000.0
-3000.0
3000.0
3000.0
3000.0
3000.0
3000.0
3000.0
3000.0
3000.0
3000.0
3000.0
3000.0
3000.0
2463.2501758217586
-2121.2121212121215
-1941.176470588236
-2175.387379294857
-2605.061327577535
3000.0
3000.0
3000.0
-3000.0
-3000.0
-3000.0
-3000.0
-3000.0
-3000.0
3000.0
3000.0
3000.0
3000.0
3000.0
3000.0
3000.0
3000.0
3000.0
3000.0
3000.0
-671.6059271125355
-1516.7650598956834
-1402.9308908434396
-876.0338739513759
3000.0
3000.0
3000.0
-2050.000000000001
-1568.41727586671
-964.6413250749538
66.98802950946606
2049.880486813724
3000.0
1258.4626842170514
3000.0
3000.0
3000.0
0.0
3000.0
3000.0
3000.0
3000.0
3000.0
3000.0
-757.5757575757576
-610.7784431137725
-1688.152568816348
-2238.8400181198094
-396.652011422334
-1186.2158942767835
3000.0
3000.0
3000.0
-3000.0
-3000.0
-3000.0
-3000.0
-2858.7360594795546
-1028.2776845475773
3000.0
3000.0
3000.0
3000.0
3000.0
3000.0
3000.0
3000.0
0.0
-757.5757575757576
-1733.1263278313463
-2429.6047899170635
-2904.880844147633
-3000.0
-3000.0
-3000.0
3000.0
3000.0
3000.0
3000.0
3000.0
3000.0
3000.0
3000.0
3000.0
-3000.0
3000.0
3000.0
3000.0
3000.0
3000.0
3000.0
3000.0
3000.0
3000.0
-2758.9852008456674
-3000.0
-2563.0334499587752
3000.0
3000.0
3000.0
3000.0
3000.0
3000.0
3000.0
3000.0
-191.1639762107061
45.71327984938239
3000.0
3000.0
3000.0
3000.0
0.0
0.0
0.0
0.0
0.0
3000.0
3000.0
-229.90654205607552
-24.155435161263995
378.4041730086544
-642.672600002245
-1535.1835625438614
-1428.1387845089023
-1284.2824632047796
192.5137381863999
3000.0
3000.0
3000.0
3000.0
3000.0
3000.0
3000.0
3000.0
3000.0
225.6297918948503
-194.57416055148178
3000.0
3000.0
21.656563761001735
3000.0
-1723.165951092029
-2464.0602836680764
-3000.0
-3000.0
-3000.0
-3000.0
-3000.0
-3000.0
3000.0
3000.0
3000.0
3000.0
3000.0
3000.0
3000.0
3000.0
3000.0
3000.0
3000.0
3000.0
3000.0
0.0
0.0
0.0
-1060.6060606060607
3000.0
-1251.916757940855
-2047.6556151167906
-3000.0
3000.0
3000.0
3000.0
3000.0
3000.0
3000.0
3000.0
3000.0
3000.0
3000.0
3000.0
-1654.8511918979611
-2012.7902231818352
-1735.1551215860425
3000.0
3000.0
3000.0
3000.0
0.0
0.0
-1151.5151515151515
-359.0733590733598
-1299.0279117041518
3000.0
-2727.2727272727275
-2793.526215576093
-2770.7321367796085
-2912.198462363166
-2784.4024960175166
-3000.0
-3000.0
3000.0
3000.0
3000.0
3000.0
3000.0
3000.0
3000.0
3000.0
3000.0
3000.0
1066.743383199077
776.7551609223663
-378.92949775268016
3000.0
3000.0
-3000.0
-3000.0
-3000.0
-3000.0
3000.0
3000.0
3000.0
3000.0
3000.0
3000.0
3000.0
1069.525590091141
-419.7754730656502
644.9797503279419
1547.0841922676302
2412.4308270276715
3000.0
1713.135878013989
85.14514064693412
200.35981930801245
-1345.7181136014406
-2296.8016463399535
-2199.577966743309
3000.0
3000.0
-3000.0
-3000.0
-3000.0
-3000.0
-3000.0
-3000.0
3000.0
3000.0
3000.0
3000.0
3000.0
3000.0
3000.0
-608.5856710669736
3000.0
3000.0
3000.0
0.0
-1303.030303030303
174.1935483870975
-376.4496917772349
3000.0
3000.0
-472.28381374723904
3000.0
-2583.2317816232035
-2757.7207218808026
-3000.0
3000.0
3000.0
3000.0
3000.0
-2647.3368501162286
3000.0
3000.0
3000.0
3000.0
2597.5016646596514
0.0
0.0
0.0
0.0
0.0
0.0
-818.1818181818182
3000.0
3000.0
-1760.5889014722516
-1007.1473607838092
3000.0
3000.0
3000.0
3000.0
3000.0
-3000.0
-3000.0
-262.43567753002026
3000.0
3000.0
3000.0
1720.2100648857768
3000.0
3000.0
-1696.9696969696972
3000.0
-951.7453798767988
-1780.8412578883397
-3000.0
3000.0
3000.0
3000.0
3000.0
3000.0
3000.0
3000.0
-3000.0
-1935.8352936049687
3000.0
3000.0
3000.0
3000.0
3000.0
3000.0
0.0
0.0
0.0
0.0
0.0
0.0
3000.0
3000.0
2668.640293424154
-173.7390017045368
-1366.34660842835
-1872.053222061706
-2630.097863089509
-3000.0
-3000.0
3000.0
-3000.0
3000.0
3000.0
3000.0
3000.0
3000.0
3000.0
3000.0
3000.0
3000.0
0.0
0.0
0.0
0.0
0.0
-1181.818181818182
-400.00000000000864
3000.0
3000.0
3000.0
3000.0
3000.0
-3000.0
3000.0
3000.0
3000.0
3000.0
3000.0
-3000.0
-3000.0
-2276.9556025369993
465.58138128146857
-1250.8701013205073
3000.0
3000.0
3000.0
3000.0
3000.0
3000.0
3000.0
124.97889771936457
3000.0
-2878.787878787879
-3000.0
-3000.0
3000.0
3000.0
3000.0
3000.0
3000.0
3000.0
3000.0
3000.0
-3000.0
-2558.5245425501025
-2400.3335961581834
-2736.2481725437374
3000.0
3000.0
3000.0
3000.0
3000.0
3000.0
3000.0
3000.0
-801.0358992677261
-1461.9805251858104
-1887.4875795486194
-2685.809130297488
-2741.536444244567
-3000.0
-3000.0
3000.0
3000.0
3000.0
3000.0
3000.0
3000.0
3000.0
3000.0
3000.0
3000.0
3000.0
3000.0
3000.0
-1067.2318035662097
-991.3861751116074
-1117.5221807083747
-1231.9145622934075
-2081.9340672696962
-3000.0
-3000.0
-3000.0
3000.0
3000.0
3000.0
3000.0
3000.0
3000.0
3000.0
-3000.0
-3000.0
-3000.0
-2631.748961698202
-2148.0811784788493
3000.0
3000.0
3000.0
3000.0
3000.0
3000.0
-3000.0
-3000.0
-3000.0
-3000.0
-3000.0
3000.0
3000.0
3000.0
3000.0
3000.0
3000.0
3000.0
3000.0
3000.0
3000.0
3000.0
3000.0
3000.0
3000.0
3000.0
3000.0
3000.0
3000.0
3000.0
3000.0
0.0
0.0
0.0
0.0
0.0
0.0
0.0