Demand
3000.0
3000.0
3000.0
3000.0
3000.0
3000.0
3000.0
3000.0
3000.0
3000.0
3000.0
3000.0
3000.0
-3000.0
-3000.0
-3000.0
-3000.0
3000.0
3000.0
3000.0
3000.0
3000.0
3000.0
-3000.0
-3000.0
-3000.0
-3000.0
-3000.0
-3000.0
-3000.0
3000.0
3000.0
3000.0
3000.0
3000.0
3000.0
3000.0
3000.0
3000.0
-378.578410836476
-739.3837641669393
-2115.8656490160065
-3000.0
-3000.0
-3000.0
-3000.0
3000.0
3000.0
3000.0
3000.0
3000.0
3000.0
3000.0
-3000.0
-3000.0
3000.0
3000.0
3000.0
3000.0
3000.0
3000.0
3000.0
3000.0
-3000.0
-3000.0
-3000.0
-3000.0
-3000.0
3000.0
3000.0
3000.0
3000.0
3000.0
3000.0
3000.0
3000.0
3000.0
-3000.0
-3000.0
-3000.0
-3000.0
-3000.0
-1949.6314496314535
3000.0
-3000.0
3000.0
3000.0
3000.0
3000.0
3000.0
3000.0
3000.0
-3000.0
-3000.0
-3000.0
-3000.0
-3000.0
3000.0
3000.0
3000.0
3000.0
3000.0
3000.0
3000.0
3000.0
2137.282744353417
1688.6716905759488
3000.0
3000.0
3000.0
0.0
0.0
-303.03030303030306
-1369.3379790940771
-1403.4937907141275
3000.0
3000.0
-3000.0
-3000.0
-3000.0
-1301.5588357014767
-2173.5360368994807
3000.0
-1431.3311961677182
3000.0
3000.0
3000.0
3000.0
3000.0
3000.0
3000.0
3000.0
3000.0
-3000.0
3000.0
3000.0
-2439.8034398034406
-2566.103942119762
-3000.0
3000.0
3000.0
3000.0
3000.0
3000.0
3000.0
3000.0
3000.0
-3000.0
-3000.0
-3000.0
-3000.0
-3000.0
-3000.0
-364.32891183528363
-2644.0089061779972
3000.0
3000.0
3000.0
3000.0
3000.0
3000.0
3000.0
3000.0
3000.0
3000.0
3000.0
-3000.0
-3000.0
-3000.0
-3000.0
-3000.0
-3000.0
3000.0
3000.0
3000.0
3000.0
3000.0
3000.0
3000.0
3000.0
3000.0
3000.0
-3000.0
-3000.0
-3000.0
3000.0
3000.0
3000.0
3000.0
3000.0
-3000.0
-3000.0
3000.0
3000.0
3000.0
-3000.0
-3000.0
-3000.0
-3000.0
-2199.0632318501166
172.86398915393943
3000.0
3000.0
3000.0
3000.0
3000.0
3000.0
3000.0
3000.0
3000.0
3000.0
-3000.0
3000.0
-3000.0
-3000.0
-3000.0
-3000.0
-3000.0
3000.0
3000.0
3000.0
3000.0
3000.0
3000.0
3000.0
3000.0
3000.0
3000.0
3000.0
3000.0
0.0
0.0
-333.33333333333337
-1222.6762002042908
-2035.314268891595
-2358.5615762541584
-2830.868095725383
-3000.0
-3000.0
3000.0
3000.0
3000.0
3000.0
3000.0
-3000.0
-3000.0
-3000.0
-3000.0
3000.0
3000.0
3000.0
3000.0
3000.0
3000.0
3000.0
3000.0
3000.0
-1969.6969696969697
-1680.698708907453
-1823.8484170656948
-2043.502868504941
-2440.132151583578
-1914.1715151775004
-1854.054746470778
-1605.6956000156788
-647.5446697569932
820.9452684957275
2856.443828751897
3000.0
2790.051603375474
1292.1771424890264
3000.0
3000.0
3000.0
0.0
3000.0
3000.0
0.0
0.0
0.0
0.0
-757.5757575757576
-364.1618497109821
-1063.974633964368
3000.0
3000.0
3000.0
3000.0
3000.0
-3000.0
-3000.0
-3000.0
-3000.0
-3000.0
-2098.8142292490174
3000.0
3000.0
3000.0
3000.0
3000.0
3000.0
3000.0
3000.0
3000.0
3000.0
3000.0
-1435.2176088044016
-1898.379431149353
3000.0
3000.0
3000.0
-3000.0
-3000.0
-3000.0
-3000.0
-3000.0
-3000.0
3000.0
3000.0
3000.0
3000.0
3000.0
3000.0
3000.0
3000.0
3000.0
3000.0
-1166.9758812615964
3000.0
-950.5931270637157
-2571.240133757693
-2837.781495958341
-3000.0
-2862.5020812568264
2127.4266900782613
-1297.0497879128077
3000.0
3000.0
3000.0
3000.0
3000.0
3000.0
-427.5710024640125
-260.1342259373937
2583.851412477071
3000.0
3000.0
3000.0
3000.0
0.0
0.0
0.0
0.0
-181.8181818181818
3000.0
657.7540106951869
921.1243832770701
1407.5434287293456
-7.52021818278763
-1090.2726977098305
-676.388199024283
389.727989406633
3000.0
-458.6808980749297
3000.0
3000.0
3000.0
3000.0
-3000.0
3000.0
3000.0
3000.0
3000.0
-1234.3434343434346
3000.0
3000.0
207.32855138106925
-263.09075945862514
-1559.0690459564412
-2366.889792602178
-3000.0
-3000.0
-3000.0
3000.0
3000.0
3000.0
3000.0
3000.0
3000.0
-3000.0
-3000.0
-3000.0
3000.0
3000.0
3000.0
3000.0
3000.0
3000.0
3000.0
3000.0
3000.0
3000.0
3000.0
992.2178988326873
-1184.3501725472015
-1455.5749734448227
3000.0
3000.0
3000.0
3000.0
-3000.0
-3000.0
-3000.0
-3000.0
-3000.0
-3000.0
3000.0
3000.0
3000.0
3000.0
3000.0
3000.0
3000.0
3000.0
3000.0
3000.0
3000.0
3000.0
624.0936977133272
-893.4611364951597
-1593.0731258105934
3000.0
-1106.5731679976943
3000.0
3000.0
-2822.1286579615826
-3000.0
-3000.0
-1110.2556484962934
3000.0
3000.0
3000.0
3000.0
3000.0
3000.0
3000.0
2057.7661030533427
525.592714583619
-558.8202801043767
-938.2946158208229
-2111.8287225553386
-2477.7245756177163
-3000.0
-3000.0
3000.0
3000.0
3000.0
3000.0
3000.0
3000.0
3000.0
3000.0
-3000.0
-2750.524300173247
2094.9400470369465
20.33485779671264
1628.7850144140302
2495.3989604031194
2472.6392315051444
3000.0
-1030.3030303030305
3000.0
3000.0
361.17936117935824
-1646.7033848457304
-1991.1294054378732
3000.0
3000.0
3000.0
3000.0
3000.0
-3000.0
-3000.0
-3000.0
-3000.0
-3000.0
-3000.0
3000.0
3000.0
3000.0
3000.0
3000.0
3000.0
3000.0
3000.0
3000.0
2475.1286449399613
234.67247007616834
-633.2592123273348
3000.0
-2030.3030303030305
3000.0
3000.0
3000.0
3000.0
3000.0
-3000.0
-3000.0
-3000.0
-3000.0
3000.0
3000.0
3000.0
3000.0
3000.0
3000.0
3000.0
3000.0
3000.0
3000.0
3000.0
3000.0
-818.1818181818182
-1730.1587301587304
-2342.9134314520807
-2181.5459714493945
-1584.8522943789021
3000.0
3000.0
3000.0
-3000.0
-3000.0
-3000.0
-3000.0
-1780.7486631016063
-1653.2460340727712
3000.0
3000.0
-263.8744937825759
3000.0
2279.6864581106056
3000.0
3000.0
-2545.4545454545455
-2103.0161736849777
-3000.0
3000.0
3000.0
3000.0
3000.0
3000.0
3000.0
3000.0
3000.0
-1759.6439169139467
3000.0
3000.0
3000.0
3000.0
3000.0
3000.0
0.0
0.0
0.0
0.0
0.0
3000.0
3000.0
0.0
-787.878787878788
-470.2702702702709
-1449.983073798241
-1453.489236212693
3000.0
3000.0
-3000.0
-1798.4189723320194
3000.0
3000.0
3000.0
3000.0
3000.0
3000.0
3000.0
3000.0
3000.0
3000.0
0.0
0.0
0.0
0.0
0.0
-1181.818181818182
-1313.513513513515
-1764.0979290289624
-2530.220195683799
-3000.0
3000.0
3000.0
3000.0
-3000.0
-3000.0
-3000.0
-3000.0
3000.0
3000.0
3000.0
3000.0
3000.0
3000.0
3000.0
3000.0
1892.1513269339373
-272.72727272727275
3000.0
3000.0
3000.0
-391.1731422104863
-2032.0568180586322
-2484.97053354528
-3000.0
-3000.0
3000.0
3000.0
3000.0
3000.0
3000.0
3000.0
3000.0
3000.0
3000.0
3000.0
3000.0
3000.0
-1900.826446280993
3000.0
3000.0
3000.0
1194.219038026641
0.0
-787.878787878788
262.2601279317689
-1288.677789727969
-1633.6505883633727
-1290.1466275675511
3000.0
3000.0
-3000.0
-3000.0
-3000.0
-3000.0
-3000.0
-3000.0
3000.0
3000.0
3000.0
3000.0
3000.0
3000.0
3000.0
3000.0
3000.0
3000.0
3000.0
1188.4126236457823
2312.3448301201533
-744.5025900082001
3000.0
-3000.0
3000.0
3000.0
3000.0
3000.0
-3000.0
-3000.0
-3000.0
-3000.0
-3000.0
3000.0
3000.0
3000.0
3000.0
3000.0
3000.0
-3000.0
-3000.0
-3000.0
-2844.6231429739682
-3000.0
3000.0
3000.0
3000.0
3000.0
3000.0
3000.0
3000.0
3000.0
3000.0
-2467.2304439746304
-1777.3997569866349
-1105.0362714199428
1051.127974640268
3000.0
3000.0
3000.0
3000.0
3000.0
3000.0
0.0
0.0
0.0
0.0
0.0
3000.0
3000.0
3000.0
0.0
0.0
0.0
0.0