Demand
3000.0
3000.0
3000.0
3000.0
3000.0
3000.0
3000.0
3000.0
3000.0
3000.0
3000.0
3000.0
3000.0
3000.0
3000.0
3000.0
3000.0
3000.0
3000.0
3000.0
3000.0
3000.0
3000.0
3000.0
3000.0
-3000.0
-3000.0
-3000.0
-3000.0
3000.0
3000.0
3000.0
3000.0
3000.0
3000.0
3000.0
3000.0
860.2806589383777
3000.0
323.1078132943751
95.03612837641845
-1404.2666965125472
3000.0
3000.0
-3000.0
-3000.0
-3000.0
3000.0
3000.0
3000.0
3000.0
3000.0
3000.0
-3000.0
-3000.0
-3000.0
-3000.0
-3000.0
-3000.0
-3000.0
3000.0
3000.0
3000.0
3000.0
3000.0
3000.0
3000.0
3000.0
3000.0
3000.0
3000.0
3000.0
3000.0
-3000.0
-3000.0
3000.0
3000.0
3000.0
3000.0
3000.0
3000.0
3000.0
3000.0
-2076.2743395758407
-3000.0
-3000.0
-3000.0
-3000.0
-3000.0
-3000.0
3000.0
3000.0
3000.0
3000.0
3000.0
3000.0
3000.0
3000.0
-3000.0
-3000.0
-3000.0
-3000.0
-3000.0
-1215.532811559303
3000.0
3000.0
3000.0
3000.0
3000.0
3000.0
0.0
0.0
-303.03030303030306
3000.0
-1768.462947754123
-2360.706524307152
-2747.415352713245
-3000.0
-3000.0
3000.0
3000.0
3000.0
3000.0
3000.0
-3000.0
-3000.0
-3000.0
1055.3359683794133
3000.0
3000.0
3000.0
3000.0
3000.0
3000.0
3000.0
3000.0
3000.0
-2835.931878148238
-3000.0
-3000.0
-3000.0
-3000.0
-3000.0
3000.0
3000.0
3000.0
3000.0
3000.0
3000.0
3000.0
3000.0
3000.0
3000.0
3000.0
3000.0
3000.0
3000.0
-3000.0
-3000.0
3000.0
3000.0
3000.0
3000.0
3000.0
3000.0
-3000.0
-3000.0
-3000.0
3000.0
3000.0
3000.0
3000.0
3000.0
3000.0
3000.0
-3000.0
-3000.0
-3000.0
-3000.0
3000.0
3000.0
3000.0
3000.0
3000.0
3000.0
-3000.0
-3000.0
-3000.0
-3000.0
-3000.0
-3000.0
3000.0
3000.0
3000.0
3000.0
3000.0
3000.0
3000.0
-3000.0
-2667.031763417306
-2315.575326859437
-944.2565236047967
3000.0
3000.0
3000.0
3000.0
3000.0
3000.0
-427.73054283845613
-2856.3078200973187
-3000.0
3000.0
3000.0
3000.0
3000.0
-3000.0
-3000.0
-3000.0
-3000.0
-3000.0
-3000.0
-2276.635662380925
2782.491309865201
3000.0
3000.0
3000.0
3000.0
3000.0
3000.0
3000.0
3000.0
0.0
3000.0
3000.0
1857.9545454545332
3000.0
3000.0
3000.0
3000.0
-3000.0
-3000.0
3000.0
3000.0
3000.0
3000.0
3000.0
3000.0
3000.0
3000.0
3000.0
0.0
0.0
0.0
0.0
0.0
0.0
-484.8484848484849
-822.0640569395027
-1450.332038879571
3000.0
-2606.060606060606
-2336.3574506690875
-1615.5392992211991
-1384.751628953767
-632.8018158466348
2699.550061440345
3000.0
2790.8107985919632
2836.8498534335395
2335.7052943497047
1268.128827699881
3000.0
0.0
3000.0
3000.0
0.0
0.0
0.0
0.0
3000.0
3000.0
1867.056787274375
-609.2354532059198
-1715.049799322971
-2316.1113278353287
-1176.3788207950554
-2088.701528910583
-2801.6078157363136
-3000.0
-3000.0
3000.0
3000.0
3000.0
3000.0
3000.0
3000.0
-2001.891374462757
-1427.7739450370846
-1289.5285682702818
3000.0
3000.0
3000.0
0.0
0.0
0.0
-757.5757575757576
-1924.428822495607
-2483.3870165805565
-2893.589700484308
-3000.0
3000.0
3000.0
3000.0
-3000.0
-3000.0
-3000.0
-3000.0
-3000.0
-3000.0
3000.0
3000.0
3000.0
3000.0
3000.0
3000.0
3000.0
3000.0
3000.0
3000.0
-819.2749134632909
-2521.863035754228
-2777.391858829761
-3000.0
3000.0
3000.0
3000.0
3000.0
-2068.801590184942
254.89037264949957
2943.692934220344
3000.0
3000.0
2162.788298666651
1735.9716912776848
3000.0
0.0
3000.0
3000.0
3000.0
0.0
0.0
0.0
0.0
-181.8181818181818
-1285.7142857142862
-783.1094049904041
-463.70249159454306
210.77376027526861
-399.94489781522543
3000.0
-2636.3636363636365
-2188.8045540796975
-2289.2505624742553
-2880.5056443997046
-3000.0
-3000.0
-3000.0
3000.0
3000.0
3000.0
3000.0
3000.0
3000.0
3000.0
3000.0
3000.0
3000.0
-114.97431040462789
-1292.1946431910656
3000.0
3000.0
-3000.0
3000.0
3000.0
3000.0
3000.0
3000.0
3000.0
3000.0
-3000.0
-3000.0
-3000.0
3000.0
3000.0
3000.0
3000.0
3000.0
3000.0
3000.0
3000.0
3000.0
0.0
-1060.6060606060607
-667.0671679392276
-1981.3524041793962
-2530.0916280248794
-3000.0
-3000.0
-3000.0
-3000.0
-3000.0
3000.0
3000.0
3000.0
3000.0
3000.0
3000.0
3000.0
3000.0
3000.0
-1746.957995897218
3000.0
3000.0
3000.0
0.0
0.0
0.0
1062.4634880690248
-529.0620179549414
-1601.1484356987348
-2284.8415169024584
-2268.7056807811305
-2706.546351116637
-2583.3220198387207
-2695.2823684499836
3000.0
3000.0
3000.0
3000.0
3000.0
3000.0
3000.0
3000.0
3000.0
-606.0606060606061
2924.050632911397
-1121.2121212121212
185.96436750378507
-791.1211172944218
-1154.62031403107
-2220.681689454628
-2565.5281486408676
-3000.0
-3000.0
-3000.0
-3000.0
3000.0
3000.0
3000.0
3000.0
3000.0
3000.0
3000.0
3000.0
698.573516781629
-640.2350155533209
389.94250712485496
1285.2735350426865
2098.3868714925165
3000.0
960.2936577326415
-1606.060606060606
889.6551724137944
-1089.13700009152
3000.0
3000.0
3000.0
-3000.0
-3000.0
-3000.0
-3000.0
-3000.0
-3000.0
-3000.0
3000.0
3000.0
3000.0
3000.0
3000.0
3000.0
3000.0
3000.0
3000.0
3000.0
3000.0
3000.0
2181.818181818183
642.0103523125749
-573.2236566308752
-119.62186359288307
264.52876079614157
-844.3764364658437
-1743.6573457027525
-2121.7745656474226
-2194.3202805153423
3000.0
3000.0
3000.0
3000.0
3000.0
3000.0
3000.0
3000.0
3000.0
3000.0
3000.0
0.0
3000.0
3000.0
3000.0
0.0
0.0
-818.1818181818182
-1699.1869918699185
-2242.731729563333
-653.7687110632246
3000.0
3000.0
-3000.0
-3000.0
-3000.0
-3000.0
3000.0
3000.0
3000.0
3000.0
3000.0
3000.0
3000.0
3000.0
3000.0
702.0674030019836
2144.3389820123884
-1809.150294617338
-2389.3249249339287
-3000.0
3000.0
3000.0
3000.0
3000.0
-3000.0
-3000.0
-2653.26123690436
-3000.0
2589.640161064677
3000.0
3000.0
3000.0
3000.0
3000.0
3000.0
0.0
3000.0
3000.0
3000.0
0.0
0.0
0.0
0.0
-787.878787878788
205.47945205478936
3000.0
-2014.018913652997
-2694.288186079053
-3000.0
-3000.0
-2547.6783100349157
-3000.0
3000.0
3000.0
3000.0
3000.0
3000.0
3000.0
3000.0
3000.0
3000.0
3000.0
3000.0
3000.0
3000.0
3000.0
3000.0
-724.2014742014758
-1144.0895524802463
-1916.7490107147569
3000.0
3000.0
3000.0
-3000.0
-3000.0
-3000.0
-3000.0
-3000.0
3000.0
3000.0
3000.0
3000.0
3000.0
3000.0
3000.0
3000.0
3000.0
3000.0
-969.6969696969697
3000.0
-664.1297984444259
-1158.9281879242578
-2272.5408784454776
-2513.088354770346
-3000.0
3000.0
3000.0
3000.0
-3000.0
-3000.0
-3000.0
-3000.0
-3000.0
3000.0
3000.0
3000.0
3000.0
3000.0
3000.0
3000.0
3000.0
3000.0
-1000.0000000000001
3000.0
-787.878787878788
183.8150289017335
-1321.3868054630102
-1798.970796847113
-2082.985746342438
-2703.318447884677
-2583.1381343923376
3000.0
3000.0
3000.0
3000.0
-3000.0
-3000.0
-3000.0
-3000.0
3000.0
3000.0
3000.0
3000.0
3000.0
3000.0
1009.7402597402604
1842.6889877059948
1881.0798403322628
1398.6421468515455
1237.1662229193826
-595.4551072338686
-3000.0
3000.0
3000.0
3000.0
3000.0
-3000.0
-3000.0
-3000.0
3000.0
3000.0
3000.0
3000.0
3000.0
3000.0
3000.0
3000.0
3000.0
-3000.0
-3000.0
-3000.0
-2787.8152502192825
-3000.0
3000.0
3000.0
3000.0
3000.0
3000.0
3000.0
3000.0
3000.0
3000.0
3000.0
3000.0
-2020.7587687902653
-1106.3304612805905
3000.0
3000.0
0.0
0.0
0.0
0.0
0.0
0.0
0.0
0.0
0.0
3000.0
3000.0
3000.0
3000.0
3000.0
3000.0
3000.0