Demand
3000.0
3000.0
3000.0
3000.0
3000.0
3000.0
3000.0
3000.0
3000.0
3000.0
3000.0
3000.0
3000.0
3000.0
3000.0
3000.0
3000.0
3000.0
3000.0
3000.0
3000.0
3000.0
3000.0
3000.0
-3000.0
-3000.0
-3000.0
-3000.0
-3000.0
3000.0
3000.0
3000.0
3000.0
3000.0
3000.0
3000.0
3000.0
3000.0
3000.0
-654.098693562581
-992.2861608340054
-2226.235487623044
-3000.0
-3000.0
-3000.0
-3000.0
-3000.0
-3000.0
3000.0
3000.0
3000.0
3000.0
3000.0
3000.0
3000.0
3000.0
-3000.0
-3000.0
-3000.0
3000.0
3000.0
3000.0
3000.0
3000.0
3000.0
3000.0
3000.0
3000.0
-3000.0
-3000.0
-3000.0
-3000.0
-3000.0
-3000.0
3000.0
3000.0
3000.0
3000.0
3000.0
3000.0
3000.0
-3000.0
-2559.618851403555
-1435.8919634742188
-3000.0
-3000.0
3000.0
3000.0
3000.0
3000.0
3000.0
3000.0
-3000.0
-3000.0
-3000.0
-3000.0
-3000.0
3000.0
3000.0
3000.0
3000.0
3000.0
3000.0
3000.0
3000.0
1992.061459667094
1646.1597045365738
3000.0
3000.0
3000.0
3000.0
0.0
-303.03030303030306
-1401.1713030746707
-1728.0603118508209
-2292.7037140892526
-2652.301795674589
-3000.0
3000.0
3000.0
3000.0
-2664.786946700732
-1895.2286006005124
-2642.928157060933
-3000.0
-3000.0
3000.0
3000.0
3000.0
3000.0
3000.0
3000.0
3000.0
3000.0
3000.0
3000.0
-2643.0040671116876
-2797.6216887883056
-3000.0
-3000.0
-3000.0
-3000.0
3000.0
3000.0
3000.0
3000.0
3000.0
3000.0
3000.0
3000.0
3000.0
3000.0
3000.0
-2211.224293676725
-2920.151989906828
-3000.0
3000.0
3000.0
3000.0
3000.0
-3000.0
-3000.0
3000.0
3000.0
3000.0
-3000.0
-3000.0
-3000.0
-3000.0
3000.0
3000.0
3000.0
3000.0
3000.0
-3000.0
-3000.0
-3000.0
-3000.0
-3000.0
3000.0
3000.0
3000.0
3000.0
3000.0
3000.0
-3000.0
-3000.0
-3000.0
3000.0
3000.0
3000.0
3000.0
3000.0
3000.0
3000.0
-3000.0
-3000.0
-3000.0
-3000.0
-1487.469287469291
3000.0
3000.0
3000.0
3000.0
3000.0
3000.0
3000.0
3000.0
3000.0
-2919.5726668010484
-3000.0
-3000.0
-3000.0
-3000.0
-3000.0
3000.0
3000.0
3000.0
3000.0
3000.0
3000.0
3000.0
3000.0
3000.0
3000.0
-136.42921586359716
3000.0
3000.0
3000.0
0.0
0.0
0.0
3000.0
-901.2188928390046
-1740.3165875909299
-1747.638728243781
3000.0
3000.0
3000.0
-3000.0
-3000.0
-3000.0
-3000.0
-3000.0
-3000.0
-3000.0
3000.0
3000.0
3000.0
3000.0
3000.0
3000.0
3000.0
3000.0
3000.0
3000.0
3000.0
3000.0
3000.0
-1935.0998229440147
-2107.5442597247948
-2445.957671873546
-1768.9809659349985
-1295.035365484404
2094.9282848015614
3000.0
3000.0
1920.52707719937
3000.0
-1276.7163552382954
-1391.374615464703
-990.7626430769473
3000.0
3000.0
3000.0
3000.0
0.0
0.0
0.0
0.0
0.0
-757.5757575757576
3000.0
1232.673267326736
-316.2403123361155
3000.0
3000.0
3000.0
-3000.0
3000.0
-3000.0
-3000.0
-3000.0
-3000.0
-2400.173192895699
3000.0
3000.0
3000.0
3000.0
3000.0
3000.0
3000.0
3000.0
3000.0
3000.0
3000.0
-1526.5558813945927
-2333.968909685106
-2888.1571773519045
-3000.0
-3000.0
-3000.0
3000.0
3000.0
3000.0
3000.0
3000.0
3000.0
3000.0
3000.0
3000.0
-3000.0
-3000.0
3000.0
3000.0
3000.0
3000.0
-968.91988404537
3000.0
-766.1813800195273
-2498.876715543506
-2729.9275949493203
3000.0
3000.0
3000.0
3000.0
-2610.1453405528646
-1404.2001003009063
3000.0
3000.0
3000.0
3000.0
3000.0
1473.5802493401302
3000.0
3000.0
0.0
0.0
0.0
0.0
0.0
0.0
0.0
-181.8181818181818
-1193.548387096778
3000.0
293.11809685641447
1028.8600803850977
-103.54110551758777
173.08825447975505
3000.0
3000.0
-2263.4979233964023
-2851.335377236268
-3000.0
3000.0
3000.0
3000.0
3000.0
3000.0
3000.0
3000.0
-922.3171201598316
-1407.7871603531921
3000.0
3000.0
-157.16665597520205
-572.0150180096807
-1723.2316705417936
-2443.4935836689865
-3000.0
-3000.0
-3000.0
3000.0
3000.0
3000.0
3000.0
3000.0
-3000.0
-3000.0
-3000.0
3000.0
3000.0
3000.0
3000.0
3000.0
3000.0
3000.0
3000.0
3000.0
3000.0
3000.0
3000.0
120.43795620437845
-1488.1046942485063
-1543.1030163861926
3000.0
3000.0
3000.0
-3000.0
-3000.0
-3000.0
-3000.0
3000.0
3000.0
3000.0
3000.0
3000.0
3000.0
3000.0
3000.0
3000.0
3000.0
3000.0
3000.0
3000.0
3000.0
3000.0
1121.7887725975233
-694.3882902759333
-1728.148592194041
-1391.3550022753816
-1980.8651899662018
3000.0
3000.0
3000.0
3000.0
3000.0
3000.0
3000.0
401.80430256766067
3000.0
3000.0
3000.0
2043.7460454988513
-636.3636363636364
839.0092879256958
-1636.3636363636365
-983.739837398375
-1268.8595785748757
-2226.9107543583095
-2488.362226452834
-3000.0
3000.0
3000.0
3000.0
3000.0
-3000.0
-3000.0
-3000.0
-3000.0
-3000.0
-3000.0
3000.0
3000.0
3000.0
3000.0
3000.0
3000.0
3000.0
3000.0
3000.0
3000.0
-461.96660482374955
-2031.248983838975
-2635.346180415181
-3000.0
3000.0
3000.0
3000.0
3000.0
3000.0
3000.0
-3000.0
-3000.0
-3000.0
-3000.0
3000.0
3000.0
3000.0
3000.0
3000.0
3000.0
3000.0
3000.0
3000.0
1514.8514851485147
196.37566151896226
-846.705756354681
-382.58334706461164
64.74594337451026
-892.7167492759072
-1592.9530251560845
-1053.3716171655797
3000.0
3000.0
3000.0
3000.0
-3000.0
-3000.0
-2689.5847515316545
3000.0
3000.0
3000.0
3000.0
-454.54545454545456
3000.0
0.0
0.0
0.0
0.0
0.0
3000.0
3000.0
-173.5537190082714
3000.0
-2622.1893641972174
-2829.9341638642736
-3000.0
-3000.0
-3000.0
-3000.0
3000.0
3000.0
3000.0
3000.0
3000.0
3000.0
3000.0
3000.0
3000.0
3000.0
3000.0
3000.0
3000.0
3000.0
-3000.0
-3000.0
-3000.0
-3000.0
-3000.0
-3000.0
-2069.1344583560176
-3000.0
3000.0
3000.0
3000.0
3000.0
3000.0
3000.0
3000.0
3000.0
3000.0
3000.0
3000.0
0.0
0.0
0.0
0.0
-787.878787878788
3000.0
3000.0
3000.0
-738.8429752066168
3000.0
3000.0
3000.0
-3000.0
-2139.3519974834862
-1831.8829001003842
-2316.0442741304632
-921.1984641676127
3000.0
3000.0
3000.0
3000.0
3000.0
0.0
0.0
0.0
0.0
0.0
-1181.818181818182
3000.0
3000.0
3000.0
3000.0
3000.0
3000.0
3000.0
3000.0
-3000.0
-3000.0
-3000.0
-3000.0
3000.0
3000.0
3000.0
3000.0
3000.0
3000.0
3000.0
3000.0
3000.0
3000.0
3000.0
-113.02909711096072
-785.1520149974081
-2180.5024789133904
-2574.0368094249125
-3000.0
-3000.0
-3000.0
3000.0
3000.0
3000.0
3000.0
3000.0
3000.0
3000.0
3000.0
3000.0
3000.0
3000.0
3000.0
3000.0
3000.0
3000.0
3000.0
3000.0
3000.0
409.97067448680446
-1222.8813938126711
-1389.5177249787514
3000.0
3000.0
-2805.1666338000405
-3000.0
-3000.0
-3000.0
-3000.0
3000.0
3000.0
3000.0
3000.0
3000.0
3000.0
3000.0
3000.0
3000.0
-2751.8005487836563
1780.8323021556694
2492.4203301838506
2145.970405972467
1489.056310521327
1349.307837071955
-465.7563126832524
3000.0
3000.0
3000.0
3000.0
-3000.0
-3000.0
-3000.0
-3000.0
-3000.0
3000.0
3000.0
3000.0
3000.0
3000.0
3000.0
3000.0
3000.0
3000.0
-3000.0
-3000.0
-2893.00080450523
-3000.0
-3000.0
-3000.0
3000.0
3000.0
3000.0
3000.0
3000.0
3000.0
3000.0
3000.0
3000.0
3000.0
3000.0
3000.0
3000.0
3000.0
0.0
0.0
0.0
0.0
0.0
0.0
0.0
3000.0
3000.0
3000.0
0.0
0.0
0.0
0.0
0.0