Demand
-3000.0
-3000.0
-3000.0
-3000.0
-3000.0
3000.0
3000.0
3000.0
3000.0
3000.0
3000.0
-3000.0
3000.0
3000.0
3000.0
3000.0
3000.0
3000.0
-3000.0
3000.0
3000.0
3000.0
3000.0
3000.0
3000.0
-3000.0
-3000.0
-3000.0
-3000.0
3000.0
3000.0
3000.0
3000.0
3000.0
3000.0
3000.0
3000.0
1079.3036750483561
3000.0
793.4598571425236
294.02300139689487
-1644.5548461059234
-3000.0
3000.0
3000.0
3000.0
3000.0
3000.0
-3000.0
-3000.0
-3000.0
-3000.0
-3000.0
-3000.0
-3000.0
3000.0
3000.0
3000.0
3000.0
3000.0
3000.0
3000.0
3000.0
-3000.0
-3000.0
-3000.0
-3000.0
-3000.0
-3000.0
-3000.0
3000.0
3000.0
3000.0
3000.0
3000.0
3000.0
3000.0
3000.0
3000.0
3000.0
-3000.0
-3000.0
-2622.6126814362124
-1811.1452782798524
-3000.0
-3000.0
-3000.0
-3000.0
3000.0
3000.0
3000.0
3000.0
3000.0
3000.0
3000.0
3000.0
-3000.0
-3000.0
-3000.0
-3000.0
-3000.0
-3000.0
3000.0
3000.0
3000.0
3000.0
3000.0
3000.0
3000.0
3000.0
3000.0
3000.0
3000.0
-810.5399657518478
-852.4866544079241
362.192323265323
3000.0
3000.0
3000.0
3000.0
-1476.4890282131691
-2159.2510569760434
3000.0
3000.0
-3000.0
3000.0
3000.0
3000.0
3000.0
3000.0
-2932.2975691524107
-2921.7918680735565
-3000.0
-3000.0
-819.198469880334
3000.0
3000.0
3000.0
3000.0
3000.0
3000.0
3000.0
3000.0
3000.0
-3000.0
-3000.0
-3000.0
-3000.0
-3000.0
3000.0
3000.0
3000.0
3000.0
3000.0
3000.0
3000.0
3000.0
3000.0
3000.0
-3000.0
3000.0
3000.0
3000.0
3000.0
3000.0
-3000.0
-3000.0
-3000.0
-3000.0
-3000.0
-3000.0
-3000.0
3000.0
3000.0
3000.0
3000.0
3000.0
3000.0
3000.0
3000.0
3000.0
3000.0
-3000.0
3000.0
3000.0
3000.0
3000.0
3000.0
3000.0
3000.0
3000.0
3000.0
-3000.0
-3000.0
-3000.0
-3000.0
3000.0
3000.0
3000.0
3000.0
3000.0
3000.0
3000.0
3000.0
3000.0
623.8656740748804
491.48159246540604
1250.758026521789
-790.9998296364488
-2894.3251699893726
-3000.0
-3000.0
-3000.0
3000.0
3000.0
3000.0
3000.0
3000.0
3000.0
3000.0
3000.0
-2759.953385968319
-2281.055111260799
-1563.9670969130393
3000.0
-186.04264812247357
3000.0
3000.0
3000.0
3000.0
3000.0
0.0
-333.33333333333337
-1174.8251748251762
-1785.6772184743124
3000.0
3000.0
3000.0
3000.0
3000.0
-3000.0
3000.0
3000.0
3000.0
3000.0
3000.0
3000.0
3000.0
3000.0
3000.0
3000.0
3000.0
3000.0
0.0
0.0
0.0
-484.8484848484849
-890.69423929099
-1687.5853174549763
-1705.3102765617884
-1692.5997633010702
-1496.1642038438476
3000.0
3000.0
3000.0
-1579.0879414383244
-983.9489232807374
30.39516360568814
1990.9075882491334
3000.0
1264.8467873327606
3000.0
3000.0
3000.0
0.0
3000.0
3000.0
0.0
3000.0
3000.0
3000.0
3000.0
3000.0
2995.4921111945805
-427.77225261064723
3000.0
3000.0
-1658.7192549122003
3000.0
3000.0
3000.0
-3000.0
-3000.0
-3000.0
-2907.3029828027848
-1955.6257396533854
-556.0107189404007
1877.800545651382
2272.687415332054
3000.0
3000.0
3000.0
3000.0
3000.0
0.0
-757.5757575757576
-1388.7404240156793
-2263.5899258583877
-2873.180549604087
-3000.0
-3000.0
3000.0
3000.0
3000.0
3000.0
3000.0
3000.0
3000.0
3000.0
3000.0
3000.0
-3000.0
-3000.0
-3000.0
-193.48634440313117
2191.9338155732726
3000.0
2042.6967946438308
3000.0
2104.6980666904324
-2005.9206683092605
-1848.1717413669257
3000.0
3000.0
3000.0
3000.0
3000.0
-2300.6766397651018
-1030.6354092239471
69.79017466544565
2563.2306535367034
3000.0
2729.391268030289
1637.9887267284776
3000.0
3000.0
0.0
3000.0
3000.0
0.0
0.0
0.0
0.0
-181.8181818181818
-1193.548387096778
3000.0
-811.4059853190288
-561.4971802670889
-1317.3921147157098
-2012.2908972276844
-2081.0300451498406
-2231.0770047985734
-2299.8641089280773
-2872.937597481843
-3000.0
-3000.0
3000.0
3000.0
3000.0
3000.0
3000.0
3000.0
3000.0
-1333.4018399454653
3000.0
3000.0
-43.20135248133283
-471.83830988165573
-1663.7820626799667
-2404.826083004382
-3000.0
-3000.0
3000.0
3000.0
3000.0
3000.0
3000.0
-3000.0
-3000.0
-3000.0
-3000.0
3000.0
3000.0
3000.0
3000.0
3000.0
3000.0
3000.0
3000.0
3000.0
3000.0
0.0
-1060.6060606060607
-907.5297225891677
-2063.7710728070087
-2531.399563420925
-3000.0
-3000.0
3000.0
3000.0
3000.0
3000.0
-3000.0
-3000.0
-3000.0
-3000.0
-3000.0
3000.0
3000.0
3000.0
3000.0
3000.0
3000.0
3000.0
3000.0
3000.0
3000.0
2098.6459158756224
0.4866722316714913
-1284.139247151049
-2076.0634512023134
-1926.1549754350615
-2429.9076365331803
3000.0
-659.9143003773856
3000.0
3000.0
3000.0
3000.0
-96.23005606456582
370.46935639974686
3000.0
3000.0
3000.0
-606.0606060606061
1867.7563150074295
-1121.2121212121212
-52.40174672488956
-917.5456823320901
-1026.2442394519649
-1738.5109217181134
3000.0
3000.0
-3000.0
-3000.0
-3000.0
3000.0
3000.0
3000.0
3000.0
3000.0
3000.0
3000.0
3000.0
3000.0
2618.838992332975
3000.0
3000.0
3000.0
3000.0
-1030.3030303030305
3000.0
169.78899625320378
-1375.604049494642
-2431.0108847080455
-2843.0446595020276
-3000.0
-3000.0
-3000.0
-3000.0
3000.0
3000.0
3000.0
3000.0
3000.0
3000.0
3000.0
3000.0
-3000.0
3000.0
-1412.6492976050495
-1025.1292580486102
3000.0
3000.0
0.0
0.0
-1303.030303030303
174.1935483870975
-376.4496917772349
3000.0
3000.0
3000.0
3000.0
-2666.119962511716
-2855.273163000339
-3000.0
-3000.0
-3000.0
-3000.0
-3000.0
3000.0
3000.0
3000.0
3000.0
3000.0
3000.0
3000.0
3000.0
3000.0
3000.0
3000.0
3000.0
-818.1818181818182
-1745.0980392156862
-2378.710238808857
-2331.653690602787
-2411.694928368136
-2371.5946846811066
3000.0
3000.0
3000.0
3000.0
-3000.0
-3000.0
-1978.2701325826029
-2003.4885968622596
752.7806470316532
3000.0
-920.8523465980288
-451.7536201784337
3000.0
3000.0
3000.0
3000.0
3000.0
3000.0
-3000.0
3000.0
3000.0
3000.0
3000.0
-3000.0
-2773.8842975206617
-3000.0
-1405.1802544805405
3000.0
3000.0
3000.0
3000.0
0.0
0.0
3000.0
3000.0
3000.0
3000.0
3000.0
0.0
0.0
0.0
-787.878787878788
-470.2702702702709
-1449.983073798241
-1453.489236212693
3000.0
3000.0
-3000.0
-2691.7877661372095
-3000.0
2308.329787157297
3000.0
278.88936723302186
3000.0
3000.0
3000.0
3000.0
3000.0
3000.0
3000.0
0.0
0.0
0.0
0.0
-1181.818181818182
-400.00000000000864
3000.0
3000.0
3000.0
3000.0
-3000.0
-3000.0
3000.0
3000.0
3000.0
3000.0
3000.0
3000.0
3000.0
3000.0
454.54545454545155
-1068.4647302904605
3000.0
3000.0
3000.0
3000.0
3000.0
3000.0
-1939.3939393939395
3000.0
352.94117647056305
3000.0
3000.0
3000.0
-3000.0
-3000.0
3000.0
3000.0
3000.0
3000.0
-3000.0
-3000.0
-3000.0
-2196.3577617858737
-1587.3938863428884
-1310.0789238997695
3000.0
3000.0
3000.0
3000.0
3000.0
3000.0
3000.0
3000.0
3000.0
3000.0
-2260.099011191497
-2791.7008566298073
-2825.991606164943
-3000.0
-3000.0
3000.0
3000.0
3000.0
3000.0
-3000.0
-3000.0
-3000.0
-3000.0
-3000.0
3000.0
3000.0
3000.0
3000.0
3000.0
3000.0
3000.0
3000.0
-2013.3752950432736
-3000.0
-3000.0
-3000.0
3000.0
3000.0
3000.0
3000.0
3000.0
3000.0
3000.0
3000.0
-3000.0
-3000.0
-2798.372833392289
-2866.2742695551096
-1630.0362482192104
3000.0
-3000.0
3000.0
3000.0
3000.0
3000.0
3000.0
3000.0
-3000.0
-3000.0
3000.0
3000.0
3000.0
3000.0
3000.0
3000.0
3000.0
3000.0
3000.0
3000.0
3000.0
0.0
0.0
0.0
0.0
0.0
0.0
0.0
3000.0
3000.0
3000.0
3000.0
3000.0
3000.0
0.0
0.0
0.0