Demand
3000.0
3000.0
3000.0
3000.0
3000.0
3000.0
3000.0
3000.0
3000.0
3000.0
3000.0
3000.0
3000.0
3000.0
3000.0
3000.0
3000.0
3000.0
3000.0
3000.0
3000.0
3000.0
3000.0
3000.0
3000.0
3000.0
3000.0
3000.0
3000.0
-3000.0
-3000.0
-3000.0
-3000.0
3000.0
3000.0
3000.0
3000.0
3000.0
1087.9675024513235
-624.7530666928619
-963.9964351872654
-2213.0628621866
-3000.0
-3000.0
-3000.0
-3000.0
-3000.0
-3000.0
3000.0
3000.0
3000.0
3000.0
3000.0
3000.0
3000.0
-3000.0
-3000.0
-3000.0
-3000.0
-3000.0
3000.0
3000.0
3000.0
3000.0
3000.0
3000.0
-3000.0
-3000.0
-3000.0
-3000.0
-3000.0
-3000.0
3000.0
3000.0
3000.0
3000.0
3000.0
3000.0
3000.0
3000.0
3000.0
3000.0
3000.0
3000.0
3000.0
-3000.0
-3000.0
3000.0
3000.0
3000.0
3000.0
3000.0
3000.0
-3000.0
3000.0
3000.0
3000.0
3000.0
-3000.0
-3000.0
-3000.0
-3000.0
-3000.0
3000.0
3000.0
3000.0
3000.0
3000.0
3000.0
3000.0
3000.0
3000.0
3000.0
3000.0
-1504.4879171461453
-2240.0275872378097
-2715.2772173942594
-3000.0
-3000.0
-3000.0
3000.0
668.9867832262162
3000.0
3000.0
3000.0
3000.0
3000.0
3000.0
3000.0
3000.0
-2932.0098832751128
-2924.9796116269954
-3000.0
-3000.0
-2196.774659137024
903.1517162386954
-2074.7142854138983
-901.9879893474053
3000.0
3000.0
3000.0
3000.0
3000.0
3000.0
3000.0
-3000.0
-3000.0
-3000.0
-3000.0
-3000.0
-3000.0
3000.0
3000.0
3000.0
3000.0
3000.0
3000.0
3000.0
3000.0
-3000.0
-3000.0
-3000.0
-3000.0
3000.0
3000.0
3000.0
3000.0
3000.0
3000.0
3000.0
3000.0
3000.0
3000.0
-3000.0
-3000.0
-3000.0
3000.0
3000.0
3000.0
3000.0
3000.0
3000.0
3000.0
3000.0
3000.0
-3000.0
-3000.0
-3000.0
-3000.0
-3000.0
-3000.0
-3000.0
3000.0
3000.0
3000.0
3000.0
3000.0
3000.0
3000.0
3000.0
-2689.4790602655776
-2656.7763498404993
-856.6585932443804
608.4803361557035
951.1275525325282
1374.556702086581
1151.372906556514
2015.2171074875669
-498.0755056046046
-2871.095983457012
-3000.0
3000.0
3000.0
3000.0
3000.0
3000.0
3000.0
-3000.0
-3000.0
-3000.0
-3000.0
-1624.296057924378
3000.0
3000.0
3000.0
3000.0
3000.0
3000.0
3000.0
3000.0
3000.0
3000.0
3000.0
-2121.2121212121215
103.4482758620909
3000.0
3000.0
3000.0
-3000.0
-3000.0
-3000.0
-3000.0
-3000.0
3000.0
3000.0
3000.0
3000.0
3000.0
3000.0
3000.0
3000.0
3000.0
3000.0
3000.0
3000.0
3000.0
3000.0
3000.0
-966.1016949152549
-1031.3389381399475
-1177.0232908802745
-1641.0113912498718
2356.612513850536
2435.265418468819
3000.0
3000.0
2311.5670856467095
3000.0
999.6190595505263
3000.0
-860.3166496424924
-314.3216504072884
3000.0
3000.0
3000.0
3000.0
3000.0
3000.0
3000.0
0.0
0.0
-757.5757575757576
-364.1618497109821
-1063.974633964368
3000.0
3000.0
3000.0
3000.0
3000.0
-3000.0
-3000.0
-3000.0
3000.0
3000.0
3000.0
3000.0
3000.0
3000.0
3000.0
3000.0
3000.0
3000.0
3000.0
0.0
0.0
-757.5757575757576
-1820.8092485549141
18.695471541349207
3000.0
-3000.0
-3000.0
-3000.0
-3000.0
-3000.0
-3000.0
3000.0
3000.0
3000.0
3000.0
3000.0
3000.0
3000.0
3000.0
3000.0
3000.0
-1207.7298202198117
3000.0
-1130.9376717699104
3000.0
-990.7540570621486
-2544.6415006104153
-2729.8538154960725
3000.0
3000.0
3000.0
-1869.4214876033084
3000.0
3000.0
3000.0
3000.0
3000.0
-1396.1038961038967
-1107.6904207040361
-988.4578128159889
1122.1493962645943
3000.0
0.0
0.0
0.0
0.0
0.0
0.0
3000.0
3000.0
-1272.727272727273
-763.1109525508373
-437.1560346387814
249.25382022144822
-372.9265494712831
3000.0
-2636.3636363636365
-1764.9376231122806
-1702.520061043865
-2679.5656616390843
3000.0
3000.0
3000.0
3000.0
3000.0
3000.0
3000.0
3000.0
3000.0
3000.0
3000.0
3000.0
3000.0
1254.5454545454418
3000.0
-2341.991341991343
-3000.0
-3000.0
3000.0
3000.0
3000.0
3000.0
-3000.0
-3000.0
-3000.0
-3000.0
3000.0
3000.0
3000.0
3000.0
3000.0
3000.0
3000.0
3000.0
3000.0
3000.0
3000.0
3000.0
1418.0886264841283
-989.5659066871794
-1974.377156865211
3000.0
3000.0
3000.0
3000.0
-3000.0
-3000.0
3000.0
3000.0
3000.0
3000.0
3000.0
3000.0
3000.0
3000.0
3000.0
3000.0
3000.0
0.0
0.0
3000.0
3000.0
3000.0
1508.4281803774684
-323.19634402486963
-1457.3521612997947
-2152.2462342589115
-1939.6274221624062
-2214.143475178008
3000.0
3000.0
3000.0
3000.0
-3000.0
-2898.3957219251342
2415.248862539639
2687.6544649280168
3000.0
3000.0
3000.0
-606.0606060606061
2258.426966292136
-1121.2121212121212
3000.0
809.5580309019022
268.539373592283
-1483.7450263524725
-1605.0261956613376
3000.0
3000.0
3000.0
3000.0
3000.0
3000.0
-3000.0
-3000.0
-3000.0
-3000.0
-3000.0
3000.0
3000.0
3000.0
3000.0
3000.0
2254.8015364916773
3000.0
2054.633763481071
407.95806665158693
499.92162955527783
-1208.5162074554037
-2350.2996747772086
-2803.4245288767324
-3000.0
-3000.0
3000.0
3000.0
3000.0
3000.0
3000.0
3000.0
-3000.0
-3000.0
-3000.0
-3000.0
3000.0
3000.0
3000.0
3000.0
3000.0
3000.0
3000.0
3000.0
424.89270386266026
-1757.5757575757575
-1249.6998799519806
-921.3577579110988
-614.2933561984942
-1378.6829858538183
-1998.6210299361192
-2108.683989444541
3000.0
3000.0
3000.0
3000.0
-3000.0
-3000.0
-2516.846789574063
3000.0
3000.0
3000.0
3000.0
3000.0
3000.0
0.0
0.0
0.0
0.0
3000.0
-818.1818181818182
-1350.6944444444434
-2019.1473205950088
-361.8978938189198
3000.0
3000.0
3000.0
-3000.0
-3000.0
-3000.0
-3000.0
3000.0
3000.0
3000.0
3000.0
3000.0
3000.0
3000.0
3000.0
3000.0
3000.0
-1032.2209436133498
-1494.053383683905
3000.0
3000.0
3000.0
3000.0
3000.0
3000.0
3000.0
3000.0
-3000.0
-1940.3563129357099
3000.0
3000.0
3000.0
3000.0
3000.0
3000.0
0.0
0.0
0.0
0.0
0.0
0.0
3000.0
3000.0
-787.878787878788
-470.2702702702709
-1449.983073798241
-1453.489236212693
3000.0
3000.0
-3000.0
-2752.460914881297
-3000.0
-1668.384549073754
-1032.2454545172677
-1730.1124357499602
1851.9177113597807
3000.0
3000.0
3000.0
3000.0
3000.0
3000.0
3000.0
0.0
0.0
0.0
3000.0
3000.0
-289.51048951049233
-2054.265907413358
-3000.0
-3000.0
3000.0
3000.0
3000.0
3000.0
3000.0
3000.0
3000.0
3000.0
3000.0
3000.0
-1307.4681433147598
-2228.168914926554
3000.0
3000.0
3000.0
3000.0
3000.0
3000.0
-505.4944685325627
-1023.7063517147067
-2207.8197424953178
-2431.863464891644
3000.0
3000.0
3000.0
3000.0
-3000.0
-3000.0
-3000.0
-3000.0
-3000.0
-3000.0
3000.0
3000.0
3000.0
3000.0
3000.0
3000.0
3000.0
3000.0
3000.0
3000.0
3000.0
3000.0
1176.3907734057204
3000.0
-2157.8083316232305
-2582.686155231848
3000.0
3000.0
-3000.0
-3000.0
-3000.0
3000.0
3000.0
3000.0
3000.0
3000.0
3000.0
3000.0
3000.0
-3000.0
-2782.3908375089486
1362.0850632710274
2318.720662876492
2005.5928564348924
1425.8410858123825
1649.4439352006366
-32.010843515097804
3000.0
3000.0
-3000.0
-3000.0
-3000.0
-3000.0
-3000.0
3000.0
3000.0
3000.0
3000.0
3000.0
-3000.0
-2782.5810553083284
-2843.09196041205
-771.6790280729574
3000.0
3000.0
3000.0
3000.0
3000.0
3000.0
3000.0
-3000.0
-3000.0
-3000.0
-3000.0
3000.0
3000.0
3000.0
3000.0
3000.0
-2082.5633383010445
-1574.0576508040676
142.03145475316137
3000.0
3000.0
3000.0
3000.0
0.0
0.0
0.0
3000.0
3000.0
3000.0
0.0
0.0
0.0
0.0
0.0
0.0
0.0
0.0