Demand
3000.0
3000.0
3000.0
3000.0
3000.0
3000.0
3000.0
3000.0
3000.0
3000.0
3000.0
-3000.0
-3000.0
-3000.0
3000.0
3000.0
3000.0
3000.0
3000.0
3000.0
3000.0
3000.0
3000.0
3000.0
3000.0
-3000.0
-3000.0
-3000.0
-3000.0
3000.0
3000.0
3000.0
3000.0
3000.0
3000.0
3000.0
3000.0
3000.0
3000.0
3000.0
45.075125208679765
-1792.0809359665764
-3000.0
-3000.0
-3000.0
3000.0
3000.0
3000.0
3000.0
3000.0
3000.0
3000.0
-3000.0
-3000.0
-3000.0
-3000.0
-3000.0
-3000.0
3000.0
3000.0
3000.0
3000.0
3000.0
3000.0
3000.0
3000.0
3000.0
-3000.0
3000.0
-3000.0
-3000.0
-3000.0
3000.0
3000.0
3000.0
3000.0
3000.0
3000.0
-3000.0
-3000.0
-3000.0
-3000.0
3000.0
3000.0
-3000.0
3000.0
3000.0
3000.0
3000.0
3000.0
3000.0
3000.0
-3000.0
-3000.0
-3000.0
-3000.0
-3000.0
3000.0
3000.0
3000.0
3000.0
3000.0
3000.0
3000.0
3000.0
3000.0
3000.0
3000.0
3000.0
3000.0
0.0
0.0
-303.03030303030306
-1340.425531914894
-453.4220532319373
3000.0
-2779.497098646035
-3000.0
-3000.0
-3000.0
-1649.2333784062523
-2371.3450228120573
960.7158338205192
-701.9647012447467
3000.0
3000.0
3000.0
3000.0
3000.0
3000.0
3000.0
3000.0
-3000.0
-3000.0
-2406.051699953243
-637.5924492711815
-2460.6819925601676
-2612.0329352611307
-3000.0
3000.0
3000.0
3000.0
3000.0
3000.0
3000.0
3000.0
3000.0
3000.0
-3000.0
-3000.0
-3000.0
3000.0
3000.0
3000.0
3000.0
3000.0
3000.0
3000.0
3000.0
3000.0
-3000.0
-3000.0
3000.0
3000.0
3000.0
3000.0
3000.0
3000.0
3000.0
-3000.0
-3000.0
-3000.0
-3000.0
3000.0
3000.0
3000.0
3000.0
3000.0
3000.0
3000.0
-3000.0
-3000.0
-3000.0
-3000.0
3000.0
3000.0
3000.0
3000.0
3000.0
3000.0
3000.0
3000.0
3000.0
-3000.0
3000.0
3000.0
3000.0
3000.0
3000.0
3000.0
3000.0
3000.0
3000.0
-487.2587642746721
-243.55464154815263
88.90795026756905
11.238542052200046
720.5862029599994
-1040.4281998078095
-2902.3379046688124
-3000.0
-3000.0
3000.0
3000.0
3000.0
3000.0
3000.0
-3000.0
-3000.0
-3000.0
-3000.0
3000.0
3000.0
3000.0
3000.0
3000.0
3000.0
3000.0
3000.0
3000.0
3000.0
3000.0
3000.0
-971.5717353512633
-1897.9263305744507
-2266.9766028636086
-2808.1244230337534
-3000.0
-3000.0
3000.0
3000.0
3000.0
3000.0
3000.0
3000.0
3000.0
-3000.0
-3000.0
290.89563286454313
3000.0
3000.0
3000.0
3000.0
3000.0
3000.0
0.0
-484.8484848484849
-852.6315789473692
-1576.305053700774
-996.9579510277554
3000.0
3000.0
-1972.2013523666428
-1867.9027785938324
-1488.9627949934447
197.67583471360012
3000.0
3000.0
2803.084023555888
1911.3609364651666
2547.1267892695605
-2272.727272727273
3000.0
3000.0
3000.0
3000.0
3000.0
0.0
0.0
0.0
0.0
3000.0
208.2947602295867
-1264.672198338638
-2032.147258219372
-144.54522719384204
-1491.8515691786258
-2583.8845715657862
-3000.0
3000.0
3000.0
3000.0
3000.0
3000.0
3000.0
3000.0
3000.0
3000.0
3000.0
3000.0
3000.0
3000.0
0.0
0.0
0.0
-757.5757575757576
-1843.144457709616
-2489.0442361544337
-2918.0377033423365
-3000.0
-3000.0
-3000.0
-3000.0
3000.0
3000.0
3000.0
3000.0
3000.0
3000.0
3000.0
-3000.0
3000.0
3000.0
3000.0
3000.0
3000.0
3000.0
3000.0
3000.0
-503.84650129092233
3000.0
-2863.3795582948133
-3000.0
-2914.100896751219
-1049.8496848461155
-2293.2616842872603
-2515.9912319091154
-799.2751577767958
3000.0
3000.0
3000.0
3000.0
3000.0
3000.0
3000.0
0.0
3000.0
3000.0
3000.0
3000.0
3000.0
0.0
0.0
-181.8181818181818
-1288.2096069869006
-822.1378995653122
-567.7137306705081
-55.936990027406864
-758.7192377481447
-810.7989125098252
3000.0
3000.0
-2519.5665261890435
-2924.5542404272956
-3000.0
-3000.0
-3000.0
-2126.3074235933773
3000.0
3000.0
3000.0
3000.0
3000.0
3000.0
3000.0
3000.0
1965.9090909090892
730.2569480859993
-881.5292690490664
3000.0
3000.0
-3000.0
-3000.0
-3000.0
-3000.0
-3000.0
3000.0
3000.0
3000.0
3000.0
3000.0
3000.0
3000.0
3000.0
3000.0
3000.0
3000.0
3000.0
3000.0
3000.0
0.0
0.0
-1060.6060606060607
3000.0
-2124.199743918054
-2603.020077995132
-3000.0
-3000.0
-3000.0
-3000.0
-3000.0
-3000.0
3000.0
3000.0
3000.0
3000.0
3000.0
3000.0
3000.0
3000.0
-1728.4385915975056
3000.0
3000.0
3000.0
3000.0
0.0
0.0
-1151.5151515151515
-150.0000000000009
-752.0071364852811
3000.0
-283.3186231244499
3000.0
3000.0
3000.0
-2849.4386968963245
-3000.0
-3000.0
-2719.3733255053676
3000.0
3000.0
3000.0
3000.0
3000.0
3000.0
2443.5261707988984
889.9006504181261
-1636.3636363636365
-891.1564625850351
-1080.5640791277683
-1988.3845307140691
1505.6773979837262
3000.0
3000.0
-3000.0
3000.0
-3000.0
-3000.0
3000.0
3000.0
3000.0
3000.0
3000.0
3000.0
3000.0
3000.0
3000.0
3000.0
3000.0
3000.0
3000.0
2579.382905780826
2230.3321160267924
-516.8201074467188
-2006.4719332099176
-2518.700432231981
3000.0
3000.0
3000.0
3000.0
3000.0
-3000.0
-3000.0
-3000.0
-3000.0
3000.0
3000.0
3000.0
3000.0
3000.0
3000.0
3000.0
3000.0
3000.0
3000.0
3000.0
3000.0
2778.455452072859
592.7689691275161
1240.4413359711589
1666.1975875874268
-65.02593623894336
-1278.8423516068715
-1698.172714337341
-1166.5773236220393
3000.0
3000.0
3000.0
3000.0
3000.0
3000.0
3000.0
3000.0
3000.0
3000.0
3000.0
3000.0
3000.0
3000.0
3000.0
0.0
0.0
-818.1818181818182
-1717.9487179487178
-2308.374384236453
-1949.9117963047293
3000.0
3000.0
3000.0
-3000.0
-3000.0
-3000.0
-3000.0
-3000.0
3000.0
3000.0
3000.0
3000.0
3000.0
-1774.7424988804305
-289.83751806843065
3000.0
3000.0
3000.0
3000.0
3000.0
-3000.0
-3000.0
-3000.0
-3000.0
-3000.0
3000.0
3000.0
3000.0
3000.0
3000.0
3000.0
3000.0
3000.0
3000.0
3000.0
3000.0
3000.0
3000.0
0.0
0.0
0.0
0.0
3000.0
2001.9534184823442
-1818.1818181818182
-1086.9565217391278
3000.0
-2878.787878787879
-3000.0
-3000.0
-2613.9284473775624
-3000.0
554.0298453343821
3000.0
39.500647734581435
3000.0
3000.0
3000.0
3000.0
3000.0
3000.0
3000.0
3000.0
0.0
3000.0
0.0
-1181.818181818182
-1313.513513513515
-1764.0979290289624
-2530.220195683799
-3000.0
3000.0
3000.0
3000.0
-3000.0
-3000.0
-3000.0
-3000.0
-3000.0
3000.0
3000.0
3000.0
3000.0
3000.0
3000.0
890.2229845626057
2329.413061854534
2496.2056996375977
-969.6969696969697
2773.584905660381
-1939.3939393939395
1457.1428571428423
3000.0
-2724.161769789147
-3000.0
-3000.0
-3000.0
-3000.0
-3000.0
-3000.0
3000.0
3000.0
3000.0
3000.0
3000.0
3000.0
3000.0
3000.0
3000.0
3000.0
3000.0
3000.0
-1000.0000000000001
3000.0
-787.878787878788
308.108108108107
-1271.4933866502622
-1459.4348418493546
3000.0
3000.0
-2852.9980657640244
-3000.0
-3000.0
-3000.0
-3000.0
-3000.0
-3000.0
3000.0
3000.0
3000.0
3000.0
3000.0
3000.0
3000.0
3000.0
3000.0
-976.7705308662885
-812.4038646107406
-828.1359597017822
-735.0145374499966
-1544.5101780276727
-3000.0
3000.0
3000.0
3000.0
-3000.0
-3000.0
3000.0
3000.0
3000.0
3000.0
3000.0
3000.0
3000.0
-2819.2156229295224
-2828.3912024243764
3000.0
3000.0
3000.0
3000.0
-3000.0
-2851.4765489287784
-3000.0
3000.0
3000.0
3000.0
3000.0
3000.0
3000.0
3000.0
3000.0
-3000.0
-2450.066042611843
-1729.3338656348033
-1015.6867104874264
1271.9798056668833
3000.0
3000.0
3000.0
3000.0
3000.0
3000.0
3000.0
0.0
0.0
0.0
0.0
3000.0
3000.0
3000.0
3000.0
3000.0
3000.0
3000.0