Demand
3000.0
3000.0
3000.0
3000.0
3000.0
3000.0
3000.0
3000.0
3000.0
3000.0
3000.0
3000.0
3000.0
-3000.0
-3000.0
-3000.0
3000.0
3000.0
3000.0
3000.0
3000.0
3000.0
3000.0
3000.0
3000.0
3000.0
3000.0
3000.0
3000.0
3000.0
-3000.0
-3000.0
3000.0
3000.0
3000.0
3000.0
3000.0
3000.0
3000.0
676.7257638626934
190.44718056376564
-1703.4434930962161
-3000.0
-3000.0
3000.0
3000.0
3000.0
3000.0
3000.0
-3000.0
-3000.0
-3000.0
3000.0
3000.0
3000.0
3000.0
3000.0
3000.0
-3000.0
-3000.0
-3000.0
-2183.471074380165
-2632.750781576039
-3000.0
-3000.0
-3000.0
-3000.0
3000.0
3000.0
3000.0
3000.0
3000.0
3000.0
3000.0
3000.0
-3000.0
-3000.0
3000.0
3000.0
3000.0
3000.0
3000.0
3000.0
3000.0
-3000.0
-3000.0
-3000.0
-3000.0
-3000.0
-3000.0
3000.0
3000.0
3000.0
3000.0
3000.0
3000.0
3000.0
3000.0
3000.0
3000.0
-3000.0
-3000.0
-3000.0
-1539.502739966647
2621.1780624517896
3000.0
3000.0
3000.0
3000.0
3000.0
0.0
0.0
-303.03030303030306
3000.0
-1405.5944055944065
-2113.956004327443
-2581.159688616176
-3000.0
3000.0
3000.0
3000.0
3000.0
3000.0
-2771.5053049111903
-3000.0
-3000.0
-3000.0
3000.0
3000.0
3000.0
3000.0
3000.0
3000.0
3000.0
3000.0
3000.0
3000.0
3000.0
3000.0
3000.0
-3000.0
-3000.0
-3000.0
-3000.0
-3000.0
-3000.0
3000.0
3000.0
3000.0
3000.0
3000.0
3000.0
3000.0
3000.0
3000.0
-3000.0
-3000.0
-3000.0
3000.0
3000.0
3000.0
3000.0
3000.0
3000.0
3000.0
-3000.0
-3000.0
-3000.0
-3000.0
-3000.0
-3000.0
-3000.0
3000.0
3000.0
3000.0
3000.0
3000.0
3000.0
3000.0
3000.0
3000.0
-3000.0
-3000.0
-3000.0
-3000.0
3000.0
3000.0
3000.0
3000.0
3000.0
3000.0
3000.0
3000.0
-3000.0
-3000.0
-3000.0
3000.0
3000.0
3000.0
3000.0
3000.0
3000.0
3000.0
3000.0
58.122205663187515
456.80085879943704
380.8720840920762
1210.7466928208812
-820.0869888526408
-2881.7821574343798
-3000.0
3000.0
3000.0
3000.0
3000.0
-3000.0
-3000.0
-3000.0
-3000.0
-3000.0
-3000.0
-1483.9835688464746
3000.0
3000.0
3000.0
3000.0
3000.0
3000.0
3000.0
3000.0
3000.0
0.0
-333.33333333333337
-1222.6762002042908
-2035.314268891595
-2358.5615762541584
-2830.868095725383
-3000.0
-3000.0
3000.0
3000.0
3000.0
3000.0
3000.0
-3000.0
-3000.0
-3000.0
3000.0
3000.0
3000.0
3000.0
3000.0
3000.0
3000.0
3000.0
0.0
-484.8484848484849
-890.69423929099
-1687.5853174549763
-1705.3102765617884
-1692.5997633010702
-1496.1642038438476
3000.0
3000.0
3000.0
-1385.886054612879
-626.9502898837095
706.8849983868245
2893.724608988441
2770.8520305678067
1300.2291777587088
3000.0
3000.0
3000.0
0.0
3000.0
3000.0
3000.0
0.0
0.0
3000.0
-757.5757575757576
-610.7784431137725
-1688.152568816348
-2238.8400181198094
-396.652011422334
-1186.2158942767835
3000.0
3000.0
3000.0
-3000.0
-3000.0
-3000.0
3000.0
3000.0
3000.0
3000.0
3000.0
3000.0
3000.0
3000.0
3000.0
3000.0
3000.0
3000.0
3000.0
-2484.848484848485
3000.0
-2057.851239669427
3000.0
3000.0
3000.0
3000.0
3000.0
-3000.0
-3000.0
3000.0
3000.0
3000.0
3000.0
3000.0
3000.0
3000.0
3000.0
3000.0
3000.0
3000.0
-954.8042090736598
3000.0
-687.8878182884118
-2516.63489429556
-2816.831939936239
-3000.0
-2848.564317876857
2049.083694994309
-1323.875545449373
1324.3901242105346
3000.0
3000.0
3000.0
3000.0
3000.0
3000.0
3000.0
366.14173228346453
0.0
0.0
0.0
0.0
0.0
0.0
0.0
0.0
-181.8181818181818
-1250.000000000002
826.0869565217254
3000.0
-666.6052000737595
-1383.4405353210122
-2041.1316851603067
-2086.906435678161
-2202.668761078229
-2205.661685040979
-2818.4866675764206
-3000.0
3000.0
3000.0
3000.0
3000.0
3000.0
-2021.0093268457322
3000.0
1219.2438051688741
414.70708180279894
3000.0
3000.0
615.4510061790479
3000.0
-1245.575464438827
-2149.6535453933047
-3000.0
3000.0
3000.0
3000.0
3000.0
3000.0
-3000.0
-3000.0
3000.0
3000.0
3000.0
3000.0
3000.0
3000.0
3000.0
3000.0
3000.0
3000.0
3000.0
3000.0
3000.0
3000.0
1296.503496503495
-896.1257327012463
-2049.4376648536154
-2504.9246564536634
-3000.0
3000.0
3000.0
3000.0
3000.0
-3000.0
-3000.0
-3000.0
-3000.0
-3000.0
-3000.0
3000.0
3000.0
3000.0
3000.0
3000.0
3000.0
3000.0
3000.0
3000.0
3000.0
3000.0
3000.0
109.09090909091105
-761.8533424953389
3000.0
3000.0
3000.0
3000.0
-2872.3914607819625
-3000.0
-3000.0
-2909.1831516866423
1287.855363600282
1886.0183600276112
3000.0
3000.0
3000.0
2405.1318947877517
-636.3636363636364
1043.4782608695632
-1636.3636363636365
1133.3333333333198
3000.0
60.989643268119835
1475.031055900653
3000.0
3000.0
3000.0
3000.0
3000.0
3000.0
-3000.0
-3000.0
-3000.0
3000.0
3000.0
3000.0
3000.0
3000.0
3000.0
2974.331550802141
3000.0
3000.0
2557.1590986435267
474.28777163859013
585.0864882348333
-1163.287592457109
-2182.8179048163083
1631.127102968564
3000.0
3000.0
3000.0
3000.0
3000.0
3000.0
-3000.0
-3000.0
-3000.0
-3000.0
-3000.0
-3000.0
3000.0
3000.0
3000.0
3000.0
3000.0
3000.0
3000.0
3000.0
570.6234135008394
-417.6535063038996
-1270.5137678489773
-976.2475368049209
-720.9801041852988
-1489.208058882683
-2138.080462133562
-2433.477350560608
-2566.5461978259527
3000.0
3000.0
3000.0
3000.0
3000.0
-2686.5440797387873
3000.0
3000.0
3000.0
0.0
-454.54545454545456
3000.0
0.0
0.0
3000.0
0.0
0.0
-818.1818181818182
-1333.3333333333294
3000.0
-2513.3729073567665
-2677.7125833370583
-2861.0312299322877
-3000.0
-3000.0
-3000.0
-3000.0
-3000.0
-3000.0
3000.0
3000.0
3000.0
3000.0
3000.0
3000.0
3000.0
3000.0
3000.0
-1526.5313557016088
-2321.4400555502934
-3000.0
-3000.0
-3000.0
3000.0
3000.0
3000.0
3000.0
3000.0
3000.0
3000.0
3000.0
2758.7374972352463
3000.0
3000.0
3000.0
0.0
0.0
0.0
0.0
0.0
0.0
0.0
0.0
0.0
3000.0
3000.0
-128.46347607052985
-346.0304827925693
1448.8920675683069
3000.0
3000.0
3000.0
-3000.0
-1396.45741078406
-220.31514180449858
-800.3528052723677
3000.0
3000.0
3000.0
3000.0
3000.0
3000.0
0.0
3000.0
3000.0
3000.0
3000.0
-1181.818181818182
-1186.0465116279092
-1298.0209545983726
3000.0
3000.0
-3000.0
-3000.0
3000.0
3000.0
3000.0
3000.0
3000.0
3000.0
-3000.0
-3000.0
-2487.870619946093
-798.2539707329283
-1881.412931440801
3000.0
3000.0
3000.0
3000.0
3000.0
3000.0
-624.9674660344936
-273.4783266574218
3000.0
3000.0
3000.0
3000.0
3000.0
3000.0
-3000.0
-3000.0
3000.0
3000.0
3000.0
3000.0
3000.0
3000.0
3000.0
-2846.8428123600543
3000.0
3000.0
3000.0
3000.0
3000.0
0.0
2910.5113636363644
731.2042284984657
-1045.9245312491998
-1572.8140544942044
-1859.5892276839677
-2587.9959003295526
-1589.9175873585464
3000.0
3000.0
3000.0
3000.0
-3000.0
-3000.0
-3000.0
-3000.0
3000.0
3000.0
3000.0
3000.0
3000.0
-2784.8102832426057
505.3359431330655
1237.1469516587547
1421.3506467983862
1111.8821849694366
954.9822162476096
-817.2128049925154
-3000.0
3000.0
3000.0
3000.0
3000.0
3000.0
3000.0
-3000.0
-3000.0
-3000.0
-3000.0
3000.0
3000.0
3000.0
3000.0
3000.0
3000.0
3000.0
3000.0
-3000.0
-2884.205180294567
-3000.0
-3000.0
-3000.0
3000.0
3000.0
3000.0
3000.0
3000.0
3000.0
3000.0
3000.0
3000.0
3000.0
3000.0
3000.0
3000.0
3000.0
3000.0
0.0
0.0
0.0
0.0
0.0
0.0
0.0
3000.0
0.0
0.0
0.0
0.0
0.0
0.0