Demand
-3000.0
-3000.0
-3000.0
-3000.0
3000.0
3000.0
3000.0
3000.0
3000.0
3000.0
3000.0
3000.0
3000.0
3000.0
3000.0
3000.0
3000.0
3000.0
3000.0
-3000.0
-3000.0
-3000.0
-3000.0
-3000.0
-3000.0
-3000.0
3000.0
3000.0
3000.0
3000.0
3000.0
3000.0
3000.0
3000.0
3000.0
3000.0
3000.0
182.19539796303366
2896.961733415701
-169.38206105724612
-352.9597238661404
-1653.6249524273753
3000.0
3000.0
-3000.0
-3000.0
-3000.0
3000.0
3000.0
3000.0
3000.0
3000.0
3000.0
-3000.0
-3000.0
-3000.0
-3000.0
-3000.0
3000.0
3000.0
3000.0
3000.0
3000.0
3000.0
3000.0
3000.0
3000.0
3000.0
-3000.0
-3000.0
3000.0
3000.0
3000.0
-3000.0
-3000.0
-3000.0
-3000.0
-3000.0
-3000.0
-3000.0
3000.0
3000.0
3000.0
3000.0
3000.0
3000.0
3000.0
3000.0
3000.0
-3000.0
3000.0
3000.0
3000.0
3000.0
3000.0
-3000.0
-3000.0
-3000.0
3000.0
3000.0
3000.0
3000.0
3000.0
3000.0
3000.0
2264.9489547885278
1862.5859698608933
3000.0
3000.0
3000.0
3000.0
0.0
-303.03030303030306
-1401.1713030746707
-1728.0603118508209
-2292.7037140892526
-2652.301795674589
-3000.0
3000.0
3000.0
3000.0
-2724.5771809843236
-2128.1864928311998
-2731.4134032124757
-3000.0
-3000.0
3000.0
3000.0
3000.0
3000.0
3000.0
3000.0
3000.0
3000.0
3000.0
-1475.935828877006
-542.9477020602635
3000.0
-3000.0
-3000.0
-3000.0
3000.0
3000.0
3000.0
3000.0
-3000.0
-3000.0
-3000.0
-3000.0
-3000.0
-3000.0
3000.0
3000.0
3000.0
3000.0
3000.0
3000.0
-3000.0
-3000.0
-3000.0
-3000.0
3000.0
3000.0
3000.0
3000.0
3000.0
3000.0
3000.0
3000.0
3000.0
3000.0
-3000.0
-3000.0
-3000.0
-3000.0
-3000.0
-3000.0
-3000.0
3000.0
3000.0
3000.0
3000.0
3000.0
3000.0
3000.0
3000.0
-3000.0
-3000.0
-3000.0
3000.0
3000.0
3000.0
3000.0
3000.0
3000.0
3000.0
3000.0
-3000.0
-3000.0
-1988.9135254988933
3000.0
3000.0
3000.0
3000.0
3000.0
3000.0
3000.0
3000.0
113.60337775431958
-2841.9199602314375
-3000.0
3000.0
3000.0
3000.0
3000.0
3000.0
3000.0
3000.0
-3000.0
-3000.0
-3000.0
-2458.503760390553
-586.4414260428603
3000.0
3000.0
3000.0
3000.0
3000.0
3000.0
3000.0
3000.0
3000.0
-333.33333333333337
3000.0
-1888.728428045346
-2238.85597767303
-2787.171752799799
-3000.0
-3000.0
3000.0
3000.0
3000.0
3000.0
3000.0
-3000.0
-3000.0
-3000.0
-3000.0
3000.0
3000.0
3000.0
3000.0
3000.0
3000.0
3000.0
3000.0
-484.8484848484849
3000.0
1064.1711229946543
1285.658536585364
1522.8618860649556
1482.02808393141
3000.0
3000.0
3000.0
3000.0
-165.50116550116945
1540.926997714123
3000.0
3000.0
1259.043802699659
3000.0
3000.0
3000.0
0.0
3000.0
3000.0
0.0
3000.0
3000.0
3000.0
1584.0352116502743
-1848.4848484848487
-1686.730506155951
-2271.2608265310246
-852.8095265299371
-1801.0619175345773
-2589.0711006211277
3000.0
3000.0
3000.0
3000.0
-3000.0
-3000.0
-2817.5416133162626
550.9902317356205
3000.0
3000.0
3000.0
3000.0
3000.0
3000.0
3000.0
3000.0
0.0
3000.0
-657.1566731141193
-1268.0062457248214
3000.0
3000.0
3000.0
3000.0
-3000.0
-3000.0
-3000.0
-3000.0
-3000.0
-3000.0
3000.0
3000.0
3000.0
3000.0
3000.0
3000.0
3000.0
3000.0
3000.0
3000.0
3000.0
-928.6536248561565
-2561.779862692393
-2827.2808758748906
-3000.0
-2782.4976144611946
3000.0
3000.0
3000.0
3000.0
3000.0
3000.0
-759.8790757935662
83.33647347486249
746.442784584689
986.0969307216859
3000.0
3000.0
3000.0
3000.0
3000.0
3000.0
0.0
0.0
0.0
-181.8181818181818
-1148.031496062993
-728.3858307112455
-576.4253385378229
-262.504288656261
-1087.694628535096
-1836.0270465634285
-1824.275610705099
-1857.0033824839302
-1521.3743129224501
-1586.4509721187558
3000.0
3000.0
3000.0
3000.0
3000.0
-3000.0
-1938.9228570466892
3000.0
1570.9792407260004
502.69253419975144
3000.0
3000.0
1817.5877038333376
96.85368323243802
3000.0
-2298.230185775532
-3000.0
-3000.0
3000.0
3000.0
3000.0
3000.0
3000.0
-3000.0
-3000.0
-3000.0
3000.0
3000.0
3000.0
3000.0
3000.0
3000.0
3000.0
3000.0
3000.0
3000.0
0.0
0.0
-1060.6060606060607
-907.5297225891677
-2063.7710728070087
-2531.399563420925
-3000.0
-3000.0
3000.0
3000.0
3000.0
3000.0
-3000.0
-3000.0
-3000.0
-3000.0
3000.0
3000.0
3000.0
3000.0
3000.0
3000.0
3000.0
3000.0
3000.0
3000.0
3000.0
1016.0692684836583
-610.3446495141748
-1610.271993507774
-2203.153230477039
-1748.8713195828352
3000.0
3000.0
3000.0
-2862.0304426756047
-3000.0
-3000.0
-2889.142876092137
2915.326238583798
2998.2344113271133
3000.0
3000.0
3000.0
2510.9391604692582
-636.3636363636364
1203.3898305084717
-1636.3636363636365
3000.0
3000.0
3000.0
3000.0
3000.0
3000.0
3000.0
3000.0
3000.0
3000.0
-3000.0
-3000.0
-3000.0
-3000.0
-3000.0
3000.0
3000.0
3000.0
3000.0
3000.0
3000.0
3000.0
3000.0
3000.0
3000.0
-154.15019762846168
-1710.6569343065703
3000.0
3000.0
3000.0
3000.0
-3000.0
3000.0
3000.0
-3000.0
-3000.0
-3000.0
3000.0
3000.0
3000.0
3000.0
3000.0
3000.0
3000.0
3000.0
3000.0
3000.0
3000.0
-1303.030303030303
3000.0
3000.0
3000.0
3000.0
3000.0
-1321.0603829160546
3000.0
-2851.9014115444816
-3000.0
-3000.0
-3000.0
-3000.0
-3000.0
3000.0
3000.0
3000.0
3000.0
3000.0
3000.0
3000.0
3000.0
3000.0
3000.0
3000.0
0.0
-818.1818181818182
-1666.666666666666
-2068.9655172413777
3000.0
3000.0
-2802.3077436136873
-3000.0
-3000.0
-3000.0
-3000.0
3000.0
3000.0
3000.0
3000.0
3000.0
3000.0
3000.0
3000.0
3000.0
3000.0
3000.0
1110.6929198295509
1280.7298863794308
3000.0
3000.0
3000.0
-3000.0
-3000.0
-3000.0
-3000.0
3000.0
3000.0
3000.0
3000.0
3000.0
3000.0
3000.0
3000.0
3000.0
3000.0
0.0
0.0
0.0
0.0
0.0
0.0
0.0
-787.878787878788
-403.9851105758703
-1511.14276284032
-2004.2432332912513
-2692.874475137116
-3000.0
-3000.0
-2583.3395274107343
-3000.0
3000.0
3000.0
2788.221316911025
3000.0
3000.0
3000.0
3000.0
3000.0
0.0
3000.0
3000.0
3000.0
3000.0
0.0
-1181.818181818182
-1313.513513513515
-1764.0979290289624
-2530.220195683799
-3000.0
3000.0
3000.0
3000.0
-3000.0
-3000.0
-3000.0
-3000.0
-3000.0
3000.0
3000.0
3000.0
3000.0
3000.0
3000.0
3000.0
2525.781288328508
3000.0
1182.983264585254
-424.2424242424243
-844.9258836944127
-1336.2605323681737
-2377.2866268476037
-2664.7813641450875
-3000.0
-3000.0
3000.0
3000.0
3000.0
3000.0
-3000.0
-3000.0
-3000.0
3000.0
3000.0
3000.0
3000.0
3000.0
3000.0
3000.0
3000.0
3000.0
3000.0
3000.0
3000.0
2254.3980726555183
-357.01741286899323
-1083.2599664238778
-1488.4855973535023
-2486.7940143827564
-2155.98999517253
3000.0
3000.0
3000.0
3000.0
3000.0
3000.0
3000.0
-3000.0
-3000.0
-3000.0
3000.0
3000.0
3000.0
3000.0
3000.0
3000.0
3000.0
3000.0
3000.0
3000.0
3000.0
3000.0
3000.0
3000.0
3000.0
3000.0
-3000.0
-3000.0
3000.0
3000.0
3000.0
3000.0
3000.0
3000.0
3000.0
3000.0
3000.0
-3000.0
-3000.0
-3000.0
-1736.1419068736132
3000.0
3000.0
3000.0
3000.0
3000.0
3000.0
3000.0
3000.0
3000.0
3000.0
-2158.3401798476134
-69.01382650341748
3000.0
3000.0
3000.0
3000.0
3000.0
3000.0
0.0
3000.0
0.0
0.0
0.0
0.0
0.0
0.0
0.0
0.0
0.0
0.0
3000.0
3000.0