Demand
3000.0
3000.0
3000.0
3000.0
3000.0
3000.0
3000.0
3000.0
3000.0
3000.0
3000.0
3000.0
3000.0
3000.0
-3000.0
-3000.0
-3000.0
3000.0
3000.0
3000.0
3000.0
3000.0
-3000.0
-3000.0
-3000.0
3000.0
3000.0
3000.0
3000.0
3000.0
-3000.0
-3000.0
-3000.0
-3000.0
-3000.0
3000.0
3000.0
3000.0
3000.0
3000.0
3000.0
3000.0
3000.0
3000.0
-3000.0
3000.0
3000.0
3000.0
-3000.0
-3000.0
-3000.0
-3000.0
3000.0
3000.0
3000.0
3000.0
3000.0
3000.0
3000.0
3000.0
-3000.0
3000.0
3000.0
3000.0
3000.0
3000.0
-3000.0
-3000.0
-3000.0
-3000.0
-3000.0
-3000.0
-3000.0
-3000.0
3000.0
3000.0
3000.0
3000.0
3000.0
3000.0
3000.0
3000.0
3000.0
-1576.27118644068
-3000.0
-3000.0
-3000.0
3000.0
3000.0
3000.0
3000.0
3000.0
3000.0
3000.0
3000.0
-3000.0
3000.0
3000.0
3000.0
3000.0
3000.0
3000.0
-3000.0
-1718.6264822134392
2325.629135324727
3000.0
2319.6558916903086
3000.0
0.0
0.0
0.0
3000.0
3000.0
-48.22876653862795
-460.608045442415
-1259.813163929527
1937.6216486631656
3000.0
3000.0
3000.0
3000.0
-2710.108073744437
-1910.1640283647312
-2507.7524300049417
3000.0
3000.0
3000.0
3000.0
3000.0
3000.0
-2820.283762480295
3000.0
3000.0
3000.0
-2542.780748663102
-1328.50101270299
-2640.271277426549
-2791.418258125341
-3000.0
-3000.0
-3000.0
3000.0
3000.0
3000.0
3000.0
3000.0
3000.0
3000.0
3000.0
3000.0
3000.0
-3000.0
-3000.0
3000.0
3000.0
3000.0
3000.0
-3000.0
-3000.0
-3000.0
-3000.0
-3000.0
-3000.0
3000.0
3000.0
3000.0
3000.0
3000.0
3000.0
3000.0
-3000.0
-3000.0
-3000.0
-3000.0
-3000.0
3000.0
3000.0
3000.0
3000.0
3000.0
3000.0
3000.0
3000.0
-3000.0
-3000.0
3000.0
3000.0
3000.0
3000.0
3000.0
-3000.0
-3000.0
-3000.0
-3000.0
-3000.0
3000.0
3000.0
3000.0
3000.0
3000.0
3000.0
3000.0
3000.0
3000.0
3000.0
3000.0
3000.0
3000.0
3000.0
-2927.5993467610233
-3000.0
-3000.0
-3000.0
-3000.0
-3000.0
3000.0
3000.0
3000.0
3000.0
3000.0
3000.0
3000.0
3000.0
3000.0
1953.8590103265096
-790.4052796565761
3000.0
2151.4212129006446
3000.0
3000.0
0.0
0.0
-333.33333333333337
-1192.2077922077933
-1905.363141434034
-1726.117041627731
3000.0
3000.0
-3000.0
-3000.0
-3000.0
-3000.0
-3000.0
3000.0
3000.0
3000.0
3000.0
3000.0
3000.0
3000.0
3000.0
3000.0
3000.0
3000.0
3000.0
3000.0
2881.58508158508
-782.9262263409819
-1647.595316994302
-1749.2126858298786
-1918.944596248768
-2291.375940646253
-1202.0461613007346
247.85220348576672
3000.0
3000.0
3000.0
3000.0
-2363.636363636364
-225.91943957968624
-287.6665849842625
639.9212284832893
3000.0
3000.0
3000.0
3000.0
3000.0
3000.0
0.0
0.0
0.0
1585.4056257643688
-1848.4848484848487
-1649.1557223264538
-2209.6483206880375
-226.22806710981013
-1043.3611016225914
3000.0
3000.0
3000.0
-3000.0
-3000.0
-3000.0
-3000.0
3000.0
3000.0
3000.0
3000.0
3000.0
3000.0
3000.0
3000.0
3000.0
3000.0
3000.0
3000.0
3000.0
3000.0
-2911.610777282418
-3000.0
3000.0
3000.0
3000.0
-3000.0
-3000.0
3000.0
3000.0
3000.0
3000.0
3000.0
3000.0
3000.0
3000.0
3000.0
-1639.8210290827747
-689.5467269088722
3000.0
-511.4620557456351
3000.0
-199.32292164605997
-2357.2424406067903
-2535.128680687012
3000.0
3000.0
3000.0
3000.0
-2800.6993006993007
-2482.275440136651
-1734.9801864926985
-1346.5327363998094
-551.9802316388273
707.4001247599615
1769.5137667914223
1879.8493708039896
3000.0
3000.0
3000.0
0.0
0.0
3000.0
3000.0
0.0
0.0
-181.8181818181818
-1288.2096069869006
-822.1378995653122
-567.7137306705081
-55.936990027406864
-758.7192377481447
-810.7989125098252
3000.0
3000.0
-2315.6089193825055
-2882.3541906739392
-3000.0
-3000.0
3000.0
3000.0
3000.0
3000.0
3000.0
3000.0
3000.0
3000.0
3000.0
3000.0
2047.7005347593597
1063.5636800783645
-882.9417088616706
-1927.932917921221
-3000.0
3000.0
3000.0
3000.0
3000.0
3000.0
-3000.0
-3000.0
-3000.0
-3000.0
-3000.0
3000.0
3000.0
3000.0
3000.0
3000.0
3000.0
3000.0
3000.0
3000.0
0.0
0.0
-1060.6060606060607
-918.2242990654204
-2075.269992637296
-2549.368059818291
-3000.0
-3000.0
3000.0
3000.0
3000.0
3000.0
3000.0
-3000.0
-3000.0
-3000.0
-3000.0
-969.5732838589997
96.45458663101408
-252.3241847326135
2908.9560729701666
3000.0
3000.0
3000.0
3000.0
3000.0
0.0
2017.3160173160177
-186.96079704632666
-1320.4810858497012
-1857.2158281726388
3000.0
3000.0
3000.0
-2896.363636363637
-2719.0188114988687
-3000.0
3000.0
3000.0
3000.0
3000.0
3000.0
3000.0
3000.0
3000.0
3000.0
3000.0
3000.0
3000.0
3000.0
3000.0
3000.0
3000.0
3000.0
3000.0
3000.0
-3000.0
3000.0
3000.0
3000.0
3000.0
3000.0
3000.0
3000.0
3000.0
3000.0
3000.0
1139.822134387353
1935.3010331286607
3000.0
-1030.3030303030305
365.85365853658163
658.8607594936702
3000.0
-2464.5711963148624
-2853.820493251209
-3000.0
-3000.0
-3000.0
-3000.0
3000.0
3000.0
3000.0
3000.0
3000.0
3000.0
3000.0
3000.0
-3000.0
3000.0
198.65319865319998
3000.0
3000.0
3000.0
3000.0
0.0
-1303.030303030303
-413.00191204588964
-1264.3556425956615
-956.2155791683459
-680.0810172430706
-1446.312934448145
-2086.1113745078783
-2336.5163176242377
-2039.5076965598746
3000.0
3000.0
3000.0
3000.0
-3000.0
-2605.528988418465
3000.0
3000.0
3000.0
3000.0
3000.0
3000.0
0.0
0.0
0.0
0.0
0.0
-818.1818181818182
-1241.82603331277
-2144.6117696848405
-2126.0957385729816
-2339.299055203046
-2641.964959437868
-3000.0
3000.0
3000.0
3000.0
3000.0
3000.0
3000.0
3000.0
3000.0
3000.0
3000.0
3000.0
3000.0
1120.8118169809038
2645.1835066245612
-1765.5709629685007
-2305.2780212134885
-3000.0
3000.0
3000.0
3000.0
-3000.0
-3000.0
-3000.0
-2687.7996825229175
-3000.0
-1004.5153312882921
3000.0
3000.0
3000.0
3000.0
3000.0
3000.0
3000.0
3000.0
0.0
0.0
0.0
3000.0
3000.0
0.0
3000.0
214.59558469102467
-1151.956369790948
-1734.5906147223795
-2592.48378257241
-3000.0
-3000.0
-1716.0015420412044
3000.0
3000.0
3000.0
3000.0
3000.0
3000.0
3000.0
3000.0
3000.0
3000.0
3000.0
3000.0
0.0
0.0
3000.0
766.3124277297502
-1408.398604646238
-1892.287535085904
-2634.914530118779
-3000.0
-3000.0
3000.0
3000.0
3000.0
3000.0
3000.0
-3000.0
-3000.0
-3000.0
-3000.0
3000.0
3000.0
3000.0
3000.0
3000.0
3000.0
2979.0209790209783
1135.3811258373617
-424.2424242424243
-851.1627906976742
-1354.2769662562987
-2395.6881138452172
-2693.370468428091
-3000.0
-3000.0
-3000.0
3000.0
3000.0
3000.0
3000.0
3000.0
-3000.0
-3000.0
-3000.0
-2596.471524526929
-2488.8672768293527
-2812.7683281981244
3000.0
3000.0
3000.0
3000.0
3000.0
3000.0
3000.0
167.9842943598494
-2181.818181818182
-879.0697674418616
-1195.8705973280348
-2233.47385067137
3000.0
3000.0
3000.0
3000.0
3000.0
3000.0
-3000.0
-3000.0
-3000.0
-3000.0
-3000.0
3000.0
3000.0
3000.0
3000.0
3000.0
3000.0
3000.0
3000.0
3000.0
-908.2568807339494
3000.0
3000.0
3000.0
3000.0
-3000.0
3000.0
3000.0
3000.0
3000.0
-3000.0
-3000.0
-3000.0
-3000.0
3000.0
3000.0
3000.0
3000.0
3000.0
3000.0
-3000.0
-2830.7977736549174
3000.0
3000.0
3000.0
3000.0
-3000.0
-3000.0
-3000.0
-3000.0
-3000.0
-3000.0
3000.0
3000.0
3000.0
3000.0
3000.0
3000.0
3000.0
3000.0
3000.0
3000.0
3000.0
3000.0
3000.0
3000.0
3000.0
3000.0
0.0
0.0
0.0
0.0
0.0
0.0