Demand
3000.0
3000.0
3000.0
3000.0
3000.0
3000.0
3000.0
3000.0
3000.0
3000.0
3000.0
3000.0
3000.0
3000.0
3000.0
3000.0
3000.0
3000.0
3000.0
3000.0
3000.0
3000.0
3000.0
-3000.0
-3000.0
-3000.0
3000.0
3000.0
3000.0
3000.0
3000.0
3000.0
3000.0
3000.0
3000.0
3000.0
3000.0
2112.727272727272
3000.0
641.6826389589373
490.8840122860031
-352.9375415261702
3000.0
-3000.0
-3000.0
-3000.0
3000.0
3000.0
3000.0
3000.0
3000.0
3000.0
-3000.0
-3000.0
-3000.0
-3000.0
3000.0
3000.0
3000.0
3000.0
3000.0
3000.0
3000.0
3000.0
3000.0
3000.0
3000.0
3000.0
3000.0
3000.0
-3000.0
-3000.0
-3000.0
3000.0
3000.0
3000.0
3000.0
3000.0
-3000.0
-3000.0
-3000.0
-3000.0
-2327.9094446409645
-205.6653518363405
-3000.0
3000.0
3000.0
3000.0
3000.0
3000.0
3000.0
3000.0
3000.0
-3000.0
-3000.0
-3000.0
-3000.0
-3000.0
3000.0
3000.0
3000.0
3000.0
3000.0
3000.0
3000.0
3000.0
749.9999999999989
3000.0
0.0
0.0
0.0
0.0
-303.03030303030306
-1369.3379790940771
-1403.4937907141275
3000.0
3000.0
-3000.0
-3000.0
-3000.0
-1664.0625000000018
-2380.842261589054
817.9501731925538
-666.6224516898619
3000.0
3000.0
3000.0
3000.0
3000.0
3000.0
3000.0
3000.0
-3000.0
-3000.0
-2179.6593907411852
1031.1541723079117
-2053.914239641258
-677.1365315483622
3000.0
3000.0
3000.0
3000.0
3000.0
3000.0
3000.0
-3000.0
-3000.0
3000.0
3000.0
3000.0
3000.0
3000.0
3000.0
3000.0
3000.0
-3000.0
-3000.0
3000.0
3000.0
3000.0
3000.0
3000.0
3000.0
-3000.0
-3000.0
3000.0
3000.0
3000.0
3000.0
-3000.0
-3000.0
-3000.0
-3000.0
-3000.0
-3000.0
3000.0
3000.0
3000.0
3000.0
3000.0
3000.0
3000.0
3000.0
3000.0
-3000.0
-3000.0
-3000.0
3000.0
3000.0
3000.0
3000.0
3000.0
-3000.0
-3000.0
-3000.0
-3000.0
-3000.0
3000.0
3000.0
3000.0
3000.0
3000.0
3000.0
3000.0
3000.0
3000.0
186.60287081339607
881.7091371400131
-966.5726677670938
-2904.173433082604
-3000.0
-3000.0
-3000.0
3000.0
3000.0
3000.0
3000.0
3000.0
3000.0
3000.0
3000.0
3000.0
-1832.2663252240725
4.914670940976748
3000.0
3000.0
3000.0
3000.0
3000.0
3000.0
3000.0
0.0
-333.33333333333337
-309.0502111207211
-1541.140313876408
-2025.1735520434975
-2744.133075081216
-3000.0
-3000.0
-3000.0
3000.0
3000.0
3000.0
3000.0
3000.0
3000.0
3000.0
3000.0
3000.0
3000.0
3000.0
3000.0
3000.0
3000.0
0.0
0.0
-484.8484848484849
-890.69423929099
-1687.5853174549763
-1705.3102765617884
-1692.5997633010702
-1496.1642038438476
3000.0
3000.0
3000.0
-2056.1797752809
-1817.946624977519
-1511.836022153485
-1001.0440581009892
-291.9880527118871
-131.9440099227877
1493.2873635374362
3000.0
3000.0
3000.0
0.0
0.0
3000.0
3000.0
3000.0
3000.0
3000.0
3000.0
-1457.0268441236185
-2176.06432454653
-794.2396490255578
-1905.2865996600838
-2764.9583416437954
-3000.0
-3000.0
3000.0
3000.0
3000.0
3000.0
3000.0
3000.0
3000.0
3000.0
3000.0
3000.0
3000.0
0.0
0.0
0.0
0.0
2211.614313548449
-1868.248591203952
-2498.2936470806326
-2918.854627031248
-3000.0
-3000.0
-3000.0
3000.0
3000.0
3000.0
3000.0
3000.0
3000.0
3000.0
-3000.0
-3000.0
-3000.0
-3000.0
-3000.0
3000.0
3000.0
3000.0
3000.0
3000.0
3000.0
3000.0
3000.0
3000.0
3000.0
3000.0
-2555.04960156123
-2757.021554871575
-2361.721505791328
-1428.0345298681032
-953.7453445269008
-36.51388270765483
1245.0427647923298
2058.566389168662
1998.0868308794288
3000.0
3000.0
3000.0
3000.0
3000.0
0.0
0.0
0.0
3000.0
3000.0
-584.0551677739472
120.76236373429083
461.3697332180325
1051.3580325479413
-164.17668965549728
-900.7298669120478
3000.0
447.00550699593987
3000.0
3000.0
-3000.0
-3000.0
-3000.0
3000.0
3000.0
3000.0
3000.0
3000.0
3000.0
3000.0
3000.0
3000.0
3000.0
3000.0
-236.3636363636333
1091.5208613728182
3000.0
3000.0
-3000.0
-3000.0
3000.0
3000.0
3000.0
3000.0
3000.0
3000.0
3000.0
3000.0
-1765.6685961770709
-1698.6874401831756
3000.0
3000.0
0.0
0.0
0.0
0.0
0.0
0.0
-1060.6060606060607
-570.5521472392634
-1140.431889175613
3000.0
-3000.0
-3000.0
-3000.0
-3000.0
-3000.0
-3000.0
-3000.0
3000.0
3000.0
3000.0
3000.0
3000.0
3000.0
3000.0
3000.0
3000.0
3000.0
0.0
0.0
3000.0
0.0
-1151.5151515151515
-505.4704595185999
-1523.3775475532593
-2062.734393367902
1323.8428957127267
3000.0
3000.0
-2908.2864038616244
-2786.3525949829327
-3000.0
-3000.0
-2668.9949071928086
3000.0
3000.0
3000.0
3000.0
3000.0
3000.0
3000.0
3000.0
3000.0
3000.0
-2242.4242424242425
-1522.2526285467402
-1889.8485320317714
-3000.0
3000.0
3000.0
3000.0
3000.0
3000.0
3000.0
3000.0
-3000.0
-3000.0
-3000.0
-1922.5000163381856
3000.0
3000.0
3000.0
3000.0
3000.0
3000.0
3000.0
3000.0
3000.0
-1342.8225317989109
-2409.2518265594135
-2829.659351421413
-3000.0
-3000.0
-3000.0
3000.0
3000.0
3000.0
3000.0
3000.0
3000.0
-3000.0
-3000.0
-3000.0
-3000.0
3000.0
-420.10185287393006
391.70451406702296
3000.0
3000.0
3000.0
3000.0
-1303.030303030303
174.1935483870975
-376.4496917772349
3000.0
-201.3808975834304
-866.988773625128
-84.89184703753472
3000.0
3000.0
-3000.0
-3000.0
-3000.0
-3000.0
-3000.0
3000.0
3000.0
3000.0
3000.0
3000.0
3000.0
3000.0
3000.0
3000.0
3000.0
3000.0
3000.0
-818.1818181818182
-1757.062146892655
-2403.3260918420856
-2405.537736434744
-2562.302933704809
-2769.716923381159
-3000.0
3000.0
3000.0
3000.0
3000.0
3000.0
3000.0
-2158.2833410244575
-175.60522344313222
2277.3353733248723
-1318.8460678720892
-1419.2822141798008
28.077669174422454
3000.0
3000.0
3000.0
3000.0
3000.0
3000.0
3000.0
-3000.0
-3000.0
-3000.0
-3000.0
-2042.0168067226896
-3000.0
3000.0
3000.0
3000.0
3000.0
3000.0
3000.0
3000.0
3000.0
3000.0
3000.0
3000.0
3000.0
3000.0
0.0
0.0
-787.878787878788
3000.0
-1141.3043478260872
-1708.6810838382864
-2571.5517557086278
-3000.0
-3000.0
3000.0
3000.0
3000.0
3000.0
3000.0
3000.0
3000.0
3000.0
3000.0
0.0
0.0
0.0
0.0
0.0
0.0
0.0
-1181.818181818182
-1313.513513513515
-1764.0979290289624
-2530.220195683799
-3000.0
3000.0
3000.0
3000.0
-3000.0
-3000.0
-3000.0
-3000.0
3000.0
3000.0
3000.0
3000.0
3000.0
3000.0
3000.0
3000.0
3000.0
3000.0
3000.0
3000.0
928.4542172628771
391.031214183201
3000.0
-2878.787878787879
-3000.0
-3000.0
3000.0
3000.0
3000.0
3000.0
3000.0
3000.0
3000.0
-3000.0
-3000.0
-2700.772298218163
-2662.9839568882517
-2901.150289238084
-1223.8847959744114
3000.0
3000.0
3000.0
3000.0
3000.0
2252.5213135033637
-1454.5454545454545
-839.9999999999995
1639.175257731967
3000.0
-2804.2838456507525
-2857.6691139237673
-3000.0
-3000.0
-3000.0
-3000.0
-3000.0
3000.0
3000.0
3000.0
3000.0
3000.0
3000.0
3000.0
3000.0
-2831.485587583149
-298.26589595375935
388.3166890349494
751.8722981806511
737.2773738102715
925.364504788261
-539.9956355579707
3000.0
3000.0
3000.0
3000.0
-3000.0
-3000.0
-3000.0
-3000.0
-3000.0
3000.0
3000.0
3000.0
3000.0
3000.0
3000.0
-2439.8034398034397
-545.823055062679
-3000.0
-3000.0
-3000.0
3000.0
3000.0
3000.0
3000.0
3000.0
3000.0
3000.0
3000.0
-3000.0
-3000.0
-3000.0
-2349.8793878432043
-1210.196525566336
674.4089323312708
3000.0
3000.0
3000.0
3000.0
3000.0
0.0
0.0
3000.0
3000.0
0.0
0.0
0.0
0.0
0.0
3000.0
0.0
0.0
0.0
0.0