Demand
11250.0
11250.0
11250.0
11250.0
11250.0
11250.0
11250.0
11250.0
11250.0
11250.0
11250.0
11250.0
11250.0
11250.0
11250.0
11250.0
11250.0
11250.0
11250.0
11250.0
11250.0
11250.0
-11250.0
11250.0
11250.0
11250.0
11250.0
11250.0
11250.0
-10995.235067401925
-11250.0
-11250.0
-11250.0
-11250.0
-11250.0
-11250.0
11250.0
11250.0
11250.0
11250.0
11250.0
11250.0
11250.0
11250.0
11250.0
-11250.0
11250.0
11250.0
-11250.0
-11250.0
-11250.0
-11250.0
-10507.812500000004
-11250.0
-11250.0
-11250.0
11250.0
11250.0
11250.0
11250.0
11250.0
11250.0
11250.0
11250.0
-9583.851591871626
-9184.090274286067
-9534.673186338772
-9272.902448283377
-9637.153211582627
-9554.076693016876
-10086.219079207996
11250.0
11250.0
11250.0
11250.0
11250.0
11250.0
11250.0
-8038.620713639843
-6956.57762097985
-6451.84434980297
-5271.042275244421
-3186.45129650765
11250.0
11250.0
11250.0
11250.0
11250.0
-10449.604743083004
-10629.19313991203
-11250.0
-11250.0
-11250.0
11250.0
11250.0
11250.0
11250.0
11250.0
11250.0
-10006.380384964032
-9814.821176814763
-10180.339951844024
-9650.108309850224
-9624.774958467668
11250.0
11250.0
11250.0
11250.0
11250.0
-11250.0
-11250.0
-11250.0
-11250.0
11250.0
11250.0
11250.0
11250.0
11250.0
-11250.0
-11250.0
-11250.0
-11250.0
11250.0
11250.0
11250.0
11250.0
11250.0
11250.0
-11250.0
11250.0
11250.0
-11250.0
-11250.0
-11250.0
-11250.0
-11250.0
-11250.0
11250.0
11250.0
11250.0
11250.0
11250.0
11250.0
11250.0
-11250.0
-11250.0
-11250.0
-8821.865829415292
-6445.730003944904
-2395.9950086273366
2439.98349818092
11250.0
10372.380847038701
-1409.4513135800626
11250.0
11250.0
11250.0
11250.0
11250.0
11250.0
-10822.927072927068
11250.0
11250.0
11250.0
-11250.0
-11250.0
-11250.0
-11250.0
11250.0
11250.0
11250.0
11250.0
11250.0
-10225.024975024979
-10329.80105576347
-10832.784348720379
-11250.0
11250.0
11250.0
11250.0
11250.0
11250.0
-11250.0
-11250.0
-11250.0
-11250.0
-11250.0
11250.0
11250.0
11250.0
11250.0
11250.0
11250.0
-11250.0
-11250.0
-10918.861347792408
-10027.915737609062
-9586.024063590052
-10259.532711263528
11250.0
11250.0
11250.0
11250.0
11250.0
11250.0
11250.0
11250.0
-11250.0
-11250.0
11250.0
11250.0
11250.0
-8222.074320917825
-7486.154557792383
-7494.796650322852
-7773.623539383672
-9113.148614887516
-10394.972988454447
-10670.779819507425
-11250.0
11250.0
11250.0
11250.0
11250.0
11250.0
11250.0
11250.0
11250.0
11250.0
-11250.0
-11250.0
-11250.0
-11250.0
-11250.0
-11250.0
-10395.227939216213
-2899.49191785543
11250.0
11250.0
11250.0
11250.0
11250.0
11250.0
11250.0
11250.0
11250.0
-6147.629164524071
-5366.011028741501
-4480.61319815557
-4620.844864315561
-3114.1892669092467
-999.230060120366
-112.42421265565463
1027.324012818145
5230.369324133451
7815.940150644038
6180.010822533903
5717.1150249305865
6613.396750344142
2378.2049717095815
11250.0
11250.0
11250.0
2410.98345280364
2532.2517975985575
3111.5534922814236
1569.7181574189344
974.8652695491373
1432.273870928334
2506.1231553120597
2041.776875937946
-5113.636363636364
1874.9999999999927
962.3893805309663
3850.8572869389545
-4431.818181818182
8256.8272166849
1125.5768563611891
412.1050082146303
-1404.7966756147089
11250.0
-3978.217728217729
-4741.529199654997
-2613.456728441026
-2029.7650047812422
-3364.016050584125
-4051.640799657451
-1709.2324623744207
953.9916130101064
3699.9697317618356
2076.3602415738133
1548.5328490003358
4395.223316101631
7625.974072711134
3904.0264063632562
11250.0
-8068.181818181819
4367.570310234822
6615.365831986419
11250.0
-8636.363636363638
-2694.296197464975
298.17933142304446
11250.0
11250.0
11250.0
-7507.523253693235
-6463.06937479331
-4932.018038352207
-4592.074194022725
-4332.54188097889
-3614.330453112591
-1046.5772932500367
9197.517002325567
7510.614724597988
11250.0
4674.252806149019
11250.0
-7022.156713579308
-7266.673946136798
-7490.128627263923
-8276.409243538008
-9172.46803363402
-10361.354287823517
-11250.0
-11250.0
11250.0
11250.0
11250.0
11250.0
11250.0
11250.0
-11250.0
11250.0
11250.0
11250.0
-11250.0
-11250.0
-11250.0
-10779.163416089214
-8742.5919698043
10338.25906439393
11250.0
-11250.0
11250.0
11250.0
11250.0
11250.0
11250.0
11250.0
-11250.0
-11250.0
-11250.0
-11250.0
-11250.0
-11250.0
-11250.0
-11250.0
11250.0
11250.0
11250.0
11250.0
11250.0
11250.0
11250.0
11250.0
11250.0
-11250.0
-11250.0
-11250.0
11250.0
11250.0
11250.0
-11250.0
-11250.0
11250.0
11250.0
-11250.0
-11250.0
-11250.0
-11250.0
-11250.0
11250.0
11250.0
11250.0
11250.0
11250.0
11250.0
-10462.223587223587
-10669.937135349413
-11250.0
-11250.0
-11250.0
-11250.0
-11250.0
11250.0
11250.0
11250.0
11250.0
11250.0
11250.0
11250.0
11250.0
-11250.0
-11250.0
-11250.0
-11250.0
-11250.0
-11250.0
-11250.0
-3721.1770905334415
11250.0
11250.0
11250.0
11250.0
11250.0
11250.0
11250.0
11250.0
11250.0
-11250.0
-11250.0
-11250.0
-11250.0
-11250.0
-11250.0
-11250.0
11250.0
11250.0
11250.0
11250.0
11250.0
11250.0
11250.0
11250.0
-10559.06466273432
-10749.117786337742
-11250.0
-11250.0
-11250.0
-11250.0
-11250.0
11250.0
11250.0
11250.0
11250.0
11250.0
11250.0
11250.0
-10768.25391041749
-11250.0
-11250.0
-11250.0
-11250.0
11250.0
11250.0
11250.0
11250.0
11250.0
11250.0
-10541.84777222466
-10218.847833721273
-11250.0
-11250.0
-11250.0
-11250.0
-11250.0
11250.0
11250.0
11250.0
11250.0
11250.0
11250.0
11250.0
-11250.0
11250.0
11250.0
11250.0
-11250.0
-11250.0
11250.0
11250.0
-10980.736930505984
-10300.756851631937
-10450.598467169864
-10642.76317894812
-11250.0
11250.0
11250.0
11250.0
11250.0
11250.0
11250.0
-11250.0
-11250.0
-11250.0
-11250.0
-11250.0
11250.0
11250.0
11250.0
11250.0
11250.0
11250.0
-11250.0
-11250.0
-11250.0
-11250.0
-11250.0
-11250.0
11250.0
11250.0
11250.0
11250.0
11250.0
11250.0
11250.0
-11250.0
11250.0
11250.0
-11250.0
-11250.0
-11250.0
-11250.0
-11250.0
-11250.0
-11250.0
11250.0
11250.0
11250.0
11250.0
11250.0
11250.0
11250.0
-10982.057049737454
-11250.0
-11250.0
-11250.0
-11250.0
-11250.0
-11250.0
11250.0
11250.0
11250.0
11250.0
11250.0
11250.0
11250.0
11250.0
11250.0
-11250.0
-11250.0
11250.0
11250.0
11250.0
11250.0
-11250.0
-10709.842545195363
-11250.0
-11250.0
-11250.0
-11250.0
-11250.0
11250.0
11250.0
11250.0
11250.0
11250.0
11250.0
11250.0
11250.0
-11250.0
11250.0
11250.0
11250.0
-11250.0
-11250.0
-11250.0
-11250.0
-11250.0
11250.0
11250.0
11250.0
11250.0
11250.0
11250.0
-11250.0
-11250.0
-11250.0
11250.0
11250.0
11250.0
-11250.0
-11250.0
-11250.0
-11250.0
-11250.0
11250.0
11250.0
11250.0
11250.0
11250.0
11250.0
11250.0
-11250.0
-11250.0
-11250.0
-11250.0
-11250.0
11250.0
11250.0
11250.0
11250.0
11250.0
-11250.0
-11250.0
-10938.592657342659
-11250.0
-11250.0
-11250.0
11250.0
11250.0
11250.0
11250.0
11250.0
11250.0
11250.0
-11250.0
-10967.18396824522
-9945.94939368693
-10464.17782044574
-10188.578755508719
-11250.0
11250.0
11250.0
11250.0
11250.0
11250.0
11250.0
11250.0
11250.0
-11008.499843079822
-11250.0
-11250.0
-11250.0
-11250.0
11250.0
11250.0
11250.0
11250.0
11250.0
-9773.500973242386
-9380.219320476139
-8885.47390094876
-8224.78012527217
-8063.776110134529
-7661.127302375229
-7312.180823210088
-6419.134775959603
11250.0
11250.0
11250.0
11250.0
11250.0
11250.0
11250.0
-11250.0
-11250.0
-8359.316303531199
11250.0
11250.0
11250.0
-11250.0
-11250.0
-11250.0
-11250.0
-10079.418452567792
-5563.981695575832
11250.0
11250.0
-348.78954226497626
11250.0
11250.0
11250.0
11250.0
11250.0
-11250.0
-11250.0
11250.0
11250.0
11250.0
-11250.0
-11250.0
-11250.0
11250.0
11250.0
11250.0
11250.0
-9479.639124433052
-9324.006948761551
-8801.122268387651
-8093.053233455328
-7887.826327362823
-6835.29059624658
-6052.807775096815
-2742.588020887173
11250.0
11250.0
11250.0
11250.0
11250.0
11250.0
11250.0
-11250.0
11250.0
11250.0
-10991.419866481476
-11250.0
-11250.0
-11250.0
11250.0
11250.0
11250.0
11250.0
11250.0
11250.0
-11250.0
-11250.0
-11250.0
-11250.0
-11250.0
-11250.0
-11250.0
11250.0
11250.0
11250.0
11250.0
11250.0
11250.0
11250.0
-11250.0
-11250.0
-11250.0
-10852.20223325062