Demand
11250.0
11250.0
11250.0
11250.0
11250.0
11250.0
11250.0
11250.0
11250.0
11250.0
11250.0
11250.0
11250.0
11250.0
11250.0
11250.0
11250.0
11250.0
11250.0
11250.0
11250.0
11250.0
11250.0
11250.0
11250.0
11250.0
11250.0
-11250.0
-7113.667038975487
11250.0
11250.0
11250.0
11250.0
11250.0
11250.0
11250.0
11250.0
11250.0
-11250.0
-11250.0
-11250.0
11250.0
11250.0
11250.0
-11250.0
-11250.0
-11250.0
-11250.0
-11250.0
-11250.0
-11250.0
11250.0
11250.0
11250.0
11250.0
11250.0
11250.0
11250.0
11250.0
11250.0
11250.0
-11250.0
-11250.0
11250.0
11250.0
11250.0
-9844.055109568239
-9750.78364413074
-10169.288662490188
-10352.21822270616
-10907.059894688664
-11250.0
-9538.224301602768
-6460.297296746863
8195.313581631826
11250.0
11250.0
11250.0
11250.0
11250.0
9162.340378082128
11250.0
-10227.272727272728
-9452.622739305501
-9765.99275700334
-9381.78476364378
-7874.516187959212
-4971.2098342736135
11250.0
11250.0
11250.0
11250.0
11250.0
-11250.0
-11250.0
-11250.0
11250.0
11250.0
11250.0
-10048.031865042176
-9947.601499193872
-10384.975168024084
-10254.693719791878
-10845.87629830871
-11250.0
-11250.0
11250.0
11250.0
11250.0
11250.0
11250.0
11250.0
11250.0
11250.0
-11250.0
-11250.0
-11250.0
11250.0
11250.0
11250.0
-11250.0
-11250.0
-11250.0
-9951.923076923078
-9687.743407143658
-8666.021341882828
-6263.312005119082
-3685.0940862868097
11250.0
11250.0
11250.0
11250.0
11250.0
11250.0
11250.0
-11250.0
-11250.0
-11250.0
-10016.23376623377
-10185.85285866688
-9953.141550650766
-10084.0452008615
-11250.0
-11250.0
11250.0
11250.0
11250.0
11250.0
11250.0
11250.0
11250.0
11250.0
-9829.36610646009
-10473.177850072494
-11250.0
11250.0
11250.0
11250.0
11250.0
-11250.0
-10987.492811311906
-10937.34666379974
-11250.0
-11250.0
11250.0
11250.0
11250.0
11250.0
11250.0
11250.0
-11250.0
-11250.0
-9752.043994549345
-8688.426036611418
11250.0
11250.0
-11250.0
11250.0
11250.0
-11250.0
-11250.0
-11250.0
-11250.0
11250.0
11250.0
11250.0
11250.0
11250.0
-11250.0
-11250.0
11250.0
11250.0
11250.0
-11250.0
-11250.0
-10796.364153103037
-8919.957889890044
4763.9783060304835
11250.0
11250.0
11250.0
11250.0
11250.0
11250.0
-11250.0
-11250.0
-11250.0
-11250.0
-11250.0
-9344.458507594103
-3399.7811679881656
11250.0
11250.0
11250.0
11250.0
11250.0
11250.0
-6052.319744729288
11250.0
-11250.0
-10120.756565543412
-9587.2503830356
-9135.156103195415
-8690.834022463143
-7430.755593485667
11250.0
11250.0
11250.0
11250.0
11250.0
11250.0
-11250.0
-11250.0
-11250.0
-11250.0
-10836.850074093167
-9515.436525667345
-10175.349839442722
11250.0
11250.0
11250.0
11250.0
11250.0
11250.0
11250.0
11250.0
-5667.671931351826
-4573.0165840748705
-3189.860522310399
-2849.6536836605483
177.44519749490973
4843.132350507281
6358.349100069652
7110.714900949441
10682.165775367805
2145.351630779549
11250.0
11250.0
-5909.09090909091
607.9286654661519
657.6590659488738
2493.0994762248783
2318.940399661469
1889.1445485825207
1984.2404211786643
2499.7747300191977
939.2393897470192
343.56098641356584
774.46674345464
-4772.727272727273
5192.307692307713
-5113.636363636364
11250.0
-118.44786595720325
1684.6635620562438
3235.519186939236
4148.979317896001
-5454.545454545455
1082.2147651006735
-928.9998310525425
-2082.771468157469
-1101.1427641314986
11250.0
-7500.000000000001
-2578.551136363636
-3894.129718534125
-4638.619491301246
-2708.491838238009
-587.5860050547981
1626.9999304129233
327.30596211235934
-325.16176321958847
1407.299092250145
3963.6992055811324
3257.7338642112836
4150.81790931549
11250.0
2125.99491650267
11250.0
-3357.6923076923035
1441.1333033853953
11250.0
-1877.9870023084422
11250.0
-9302.761434807366
-7319.142545682148
11250.0
5526.791134899391
11250.0
-5637.30853391685
-5727.183680366736
-5701.316487791781
-5091.298125950771
-2897.9715410071476
240.27276158710447
11250.0
8157.835256665962
10002.235821777711
1661.1809835949189
11250.0
-5270.97902097903
11250.0
-593.2406519656379
11250.0
-11250.0
-11250.0
-11250.0
-11250.0
-11250.0
-11250.0
-11250.0
11250.0
11250.0
11250.0
11250.0
11250.0
11250.0
11250.0
11250.0
11250.0
-10525.014132278124
-10709.48398257235
-10933.244483155286
-11250.0
-11250.0
-11250.0
11250.0
11250.0
11250.0
11250.0
11250.0
11250.0
-11250.0
-11250.0
-11250.0
11250.0
11250.0
11250.0
11250.0
-11250.0
-11250.0
-11250.0
-11250.0
11250.0
11250.0
11250.0
11250.0
11250.0
-11250.0
-11250.0
-11250.0
-11250.0
-11250.0
-11250.0
11250.0
11250.0
11250.0
11250.0
11250.0
11250.0
-11250.0
-11250.0
-11250.0
-11250.0
11250.0
11250.0
11250.0
11250.0
11250.0
-10673.245564724668
-11250.0
-11250.0
-11250.0
11250.0
11250.0
11250.0
11250.0
11250.0
11250.0
11250.0
-11250.0
-11250.0
11250.0
11250.0
-11250.0
-11250.0
-11250.0
-11250.0
11250.0
11250.0
11250.0
11250.0
11250.0
11250.0
-11250.0
-11250.0
-11250.0
-11250.0
-11250.0
-11250.0
-11250.0
11250.0
11250.0
11250.0
11250.0
11250.0
11250.0
11250.0
-11250.0
-11250.0
-11250.0
11250.0
11250.0
11250.0
11250.0
-10538.356607786925
-10714.831666531027
-11250.0
-11250.0
-11250.0
11250.0
11250.0
11250.0
11250.0
11250.0
11250.0
-11250.0
-11250.0
-10934.46303358347
-10500.523425163145
-11250.0
-11250.0
-11250.0
11250.0
11250.0
11250.0
11250.0
11250.0
11250.0
11250.0
11250.0
-10247.404798783224
-11250.0
-11250.0
-11250.0
-11250.0
11250.0
11250.0
11250.0
11250.0
11250.0
11250.0
-11250.0
-11250.0
11250.0
11250.0
11250.0
11250.0
-11250.0
-11250.0
-11250.0
-10872.818770015034
-10723.986265156385
-8075.136771338097
11250.0
11250.0
11250.0
11250.0
11250.0
11250.0
11250.0
-11250.0
11250.0
11250.0
11250.0
-11250.0
-11250.0
-11250.0
-11250.0
-11250.0
-10401.625401625406
11250.0
11250.0
11250.0
11250.0
11250.0
11250.0
11250.0
-11250.0
-11250.0
-10878.296782919522
-11250.0
-11250.0
11250.0
11250.0
11250.0
11250.0
11250.0
11250.0
11250.0
-11250.0
-11250.0
-11250.0
-11250.0
-11250.0
11250.0
11250.0
11250.0
11250.0
11250.0
11250.0
-11250.0
-11250.0
-11250.0
-10923.871582962496
-11250.0
-11250.0
-11250.0
11250.0
11250.0
11250.0
11250.0
11250.0
11250.0
11250.0
-11250.0
-11250.0
11250.0
11250.0
11250.0
-11250.0
-11250.0
-11250.0
11250.0
11250.0
11250.0
11250.0
-10762.89981281029
-11250.0
-11250.0
-11250.0
-11250.0
-11250.0
-11250.0
11250.0
11250.0
11250.0
11250.0
11250.0
11250.0
11250.0
11250.0
-11021.198103830568
-11250.0
-11250.0
-11250.0
-11250.0
-11250.0
-11250.0
11250.0
11250.0
11250.0
11250.0
11250.0
11250.0
11250.0
11250.0
-11250.0
-11250.0
-11250.0
-11250.0
11250.0
11250.0
11250.0
11250.0
11250.0
-11250.0
-11250.0
11250.0
11250.0
-11250.0
-11250.0
-11250.0
-10323.449729078871
11250.0
11250.0
11250.0
11250.0
11250.0
11250.0
11250.0
11250.0
-11250.0
11250.0
11250.0
-11250.0
-10861.363636363636
-11250.0
11250.0
11250.0
11250.0
11250.0
-11250.0
-11250.0
-11250.0
11250.0
11250.0
11250.0
11250.0
-10160.36533559898
-10583.13675315732
-10286.502672369817
-11250.0
11250.0
11250.0
11250.0
11250.0
11250.0
-11250.0
-11250.0
-11250.0
-10904.241369602707
-11250.0
-11250.0
-11250.0
11250.0
11250.0
11250.0
11250.0
11250.0
11250.0
11250.0
-9578.456789044183
-9201.343063227716
-8743.101530270338
-8779.065134359746
-8767.578601262798
-9093.805673693325
-10068.301833069858
-11250.0
11250.0
11250.0
11250.0
11250.0
11250.0
11250.0
11250.0
11250.0
-11016.973532796317
-10992.915183815152
-11250.0
-11250.0
-11250.0
-11250.0
11250.0
11250.0
11250.0
11250.0
11250.0
11250.0
11250.0
-11250.0
-11250.0
-11250.0
-11250.0
-11250.0
-11250.0
-11250.0
11250.0
11250.0
11250.0
11250.0
11250.0
11250.0
11250.0
11250.0
11250.0
-11250.0
-9329.331512079523
-9114.25467215147
-8444.400536462716
-7446.617445090086
-6846.516661651475
-4348.200013541311
1989.5470312494363
11250.0
11250.0
11250.0
11250.0
11250.0
11250.0
11250.0
11250.0
11250.0
-11250.0
-11250.0
-10955.062888075146
-11250.0
-11250.0
-11250.0
-11250.0
-11250.0
11250.0
11250.0
11250.0
11250.0
11250.0
11250.0
11250.0
11250.0
-11250.0
-11250.0
-11250.0
-11250.0
-11250.0
-11250.0
11250.0
11250.0
11250.0
11250.0
11250.0
11250.0
11250.0
11250.0