Demand
11250.0
11250.0
11250.0
11250.0
11250.0
11250.0
11250.0
11250.0
11250.0
11250.0
11250.0
11250.0
11250.0
11250.0
11250.0
11250.0
11250.0
11250.0
11250.0
-11250.0
-11250.0
-11250.0
-11250.0
-11250.0
-11250.0
11250.0
11250.0
11250.0
11250.0
11250.0
11250.0
11250.0
11250.0
-11250.0
-11250.0
11250.0
11250.0
11250.0
11250.0
-11250.0
-11250.0
-11250.0
-11250.0
-11250.0
-11250.0
-11250.0
-11250.0
11250.0
11250.0
11250.0
11250.0
11250.0
11250.0
11250.0
11250.0
11250.0
-11250.0
-11250.0
-11250.0
-11250.0
-11250.0
-11250.0
11250.0
11250.0
11250.0
11250.0
11250.0
11250.0
11250.0
-10268.411429543332
-8592.973424743876
11250.0
11250.0
-9915.9837434617
-9400.84649166566
-8977.89407952028
-4363.584303358366
-1120.248073723349
11250.0
11250.0
5933.388956804704
11250.0
11250.0
-10454.545454545456
-9962.895024420708
-9749.93911400899
-8973.857870259639
-8973.499956669359
-5552.78144147982
11250.0
11250.0
11250.0
11250.0
11250.0
-11250.0
-11250.0
-11250.0
-11250.0
-9865.544760582936
4933.355006501918
11250.0
11250.0
11250.0
11250.0
11250.0
11250.0
-11250.0
11250.0
11250.0
11250.0
-11250.0
-11250.0
-11250.0
-11250.0
-11250.0
-11250.0
11250.0
11250.0
11250.0
11250.0
11250.0
11250.0
11250.0
11250.0
-10243.604582728454
-9814.108780747993
-9172.16916735861
-9860.53006387626
-11250.0
11250.0
11250.0
11250.0
11250.0
11250.0
11250.0
-11250.0
-11250.0
-11250.0
-9738.89870761074
-9630.581374526599
-7500.772739612545
11250.0
11250.0
11250.0
11250.0
11250.0
11250.0
-9777.272727272728
-8664.705024074705
-7269.235580385405
-6430.284860577765
1963.88246856135
11250.0
11250.0
11250.0
11250.0
-11250.0
-11250.0
-11250.0
-11250.0
-10830.909744461147
-10658.871632179802
-11250.0
11250.0
11250.0
11250.0
11250.0
11250.0
11250.0
11250.0
11250.0
-11250.0
-10080.802541238143
-9778.36731490797
-9583.65098752396
-9365.899610462991
11250.0
11250.0
11250.0
11250.0
11250.0
-11250.0
-11250.0
11250.0
11250.0
11250.0
-11250.0
-11250.0
-11250.0
-11250.0
11250.0
11250.0
11250.0
11250.0
11250.0
-10978.03202936388
-10318.565239605534
-10138.621619843201
-10766.86099712515
-11250.0
-11250.0
11250.0
11250.0
11250.0
11250.0
11250.0
11250.0
11250.0
-11250.0
-10457.366219345779
-9497.108625419569
-7621.98018905551
-6698.65921907764
-4881.304171985228
-3785.118585358174
-2263.9789131507696
-1932.2398785018559
11250.0
11250.0
11250.0
11250.0
11250.0
11250.0
11250.0
-9322.877535687468
11250.0
-11250.0
-11250.0
-11250.0
11250.0
11250.0
11250.0
11250.0
-11250.0
-11250.0
-10937.033049678106
-10116.63660164387
-10753.123615083314
-11250.0
-11250.0
11250.0
11250.0
11250.0
11250.0
11250.0
11250.0
11250.0
-5511.730467474634
-4589.416319947251
-4644.869817657796
-2970.6074852964193
-514.2309950066428
782.3613667084173
2554.9759675033856
8040.2092475612335
8558.224267838894
4651.461897104804
5054.366774139651
-5909.09090909091
401.2032473180607
488.1528177356158
2352.4821958541315
2024.8166347714232
1420.9439761373233
1320.8670459824507
-4772.727272727273
9276.315789473749
-5568.181818181818
1585.421923784268
2702.7734116874244
2349.7571046929297
1280.0802196478462
-92.55334978932478
-749.0536968880187
1143.5372498957795
-4431.818181818182
11250.0
-5454.545454545455
11250.0
5514.705882352933
1589.4388152766642
11250.0
-4722.917424009398
-2586.913348492206
-2000.1210404051017
-3337.6352409290753
-4025.6603689918416
-1670.805218362364
1006.0734338458906
3761.08097102983
2120.4160766793993
1584.901228944198
4432.790094783117
7641.436036209114
3897.0820690549003
11250.0
-8068.181818181819
-4480.423433874714
-5201.820849948097
-5373.809943383428
-4618.201295071376
-4928.701141563879
-5831.778986115023
-6724.123464927082
-5560.5971807154565
11250.0
11250.0
11250.0
11250.0
565.7188965897149
11250.0
-3781.543189906177
11250.0
2069.4633518334813
11250.0
-5845.123419626732
-5741.52640986018
-5242.712063037678
-5214.774619004769
-4976.368098296109
-4278.157192887806
-3734.317598188363
2882.451852998767
11250.0
11250.0
11250.0
11250.0
11250.0
-11250.0
-11250.0
-11250.0
-11250.0
-11250.0
-11250.0
-11250.0
-11250.0
11250.0
11250.0
11250.0
11250.0
11250.0
11250.0
11250.0
11250.0
11250.0
-11250.0
-11250.0
11250.0
11250.0
11250.0
-11250.0
-11250.0
-11250.0
-11250.0
-11250.0
11250.0
11250.0
11250.0
11250.0
11250.0
-11250.0
-11250.0
-11250.0
-10675.256081946227
-9585.24131527957
11250.0
11250.0
11250.0
11250.0
11250.0
11250.0
-11250.0
-11250.0
-11250.0
11250.0
11250.0
11250.0
11250.0
-11250.0
11250.0
11250.0
11250.0
-11250.0
-11250.0
-11250.0
-11250.0
-11250.0
-10244.117647058825
-9021.961242293706
-7998.653292415904
11250.0
11250.0
11250.0
11250.0
11250.0
11250.0
11250.0
11250.0
11250.0
-11250.0
-11250.0
-11250.0
-11250.0
11250.0
11250.0
11250.0
11250.0
-11250.0
-11250.0
-11250.0
-10850.579276838267
-9602.902799456719
-7364.936311292411
3391.827663345525
11250.0
11250.0
11250.0
11250.0
11250.0
11250.0
11250.0
-11250.0
-11250.0
-11250.0
-11250.0
-11250.0
11250.0
11250.0
11250.0
11250.0
11250.0
11250.0
11250.0
-11250.0
-11250.0
-10334.146631754345
-10525.104120367283
-11250.0
-11250.0
-11250.0
11250.0
11250.0
11250.0
11250.0
11250.0
11250.0
11250.0
-11250.0
-10845.127850585639
-9631.312062685683
11250.0
11250.0
11250.0
11250.0
11250.0
-11250.0
-11250.0
-11250.0
-11250.0
-11250.0
11250.0
11250.0
11250.0
11250.0
11250.0
11250.0
-11250.0
-11250.0
-11250.0
-11250.0
-11250.0
-11250.0
-11250.0
11250.0
11250.0
11250.0
11250.0
11250.0
11250.0
11250.0
-11250.0
-10966.266293025572
-10922.659466315949
-10046.735558642667
-10165.844567036016
-10277.569692758134
11250.0
11250.0
11250.0
11250.0
11250.0
11250.0
11250.0
11250.0
-11250.0
-11250.0
11250.0
11250.0
11250.0
-11250.0
-10911.859312381355
-11250.0
11250.0
11250.0
11250.0
11250.0
-11250.0
-11250.0
-11250.0
-11250.0
-10103.204172876307
11250.0
11250.0
11250.0
11250.0
11250.0
11250.0
-11250.0
-11250.0
-11250.0
-11250.0
-11250.0
-11250.0
-11250.0
-11250.0
11250.0
11250.0
11250.0
11250.0
11250.0
11250.0
11250.0
11250.0
11250.0
-10988.945604860175
-11250.0
-11250.0
-11250.0
-11250.0
-11250.0
11250.0
11250.0
11250.0
11250.0
11250.0
11250.0
11250.0
11250.0
-11250.0
-11250.0
-11250.0
11250.0
11250.0
11250.0
-11250.0
-11250.0
-11250.0
-10411.21648136037
-11250.0
-11250.0
11250.0
11250.0
11250.0
11250.0
11250.0
11250.0
11250.0
-11250.0
-11250.0
-11250.0
-10872.710728778398
-11250.0
-10480.960506559786
-11250.0
11250.0
11250.0
11250.0
11250.0
11250.0
11250.0
11250.0
11250.0
-11250.0
-11250.0
-11250.0
-11250.0
-11250.0
-11250.0
-11250.0
11250.0
11250.0
11250.0
11250.0
11250.0
11250.0
11250.0
11250.0
-11250.0
11250.0
11250.0
11250.0
11250.0
-11250.0
-10976.740056818184
-11250.0
-11250.0
-11250.0
11250.0
11250.0
11250.0
11250.0
11250.0
11250.0
-11250.0
-11250.0
-11250.0
11250.0
-11250.0
11250.0
11250.0
11250.0
-11250.0
-11250.0
-11250.0
-11250.0
11250.0
11250.0
11250.0
11250.0
11250.0
-10727.17081125153
-10666.539912028005
-11250.0
-11250.0
-11250.0
-11250.0
11250.0
11250.0
11250.0
11250.0
11250.0
11250.0
11250.0
11250.0
-11250.0
11250.0
-11250.0
-11250.0
-11250.0
-10468.260188087777
11250.0
11250.0
11250.0
11250.0
11250.0
6136.273994214643
11250.0
11250.0
11250.0
-11250.0
-11250.0
11250.0
11250.0
-11250.0
-11250.0
11250.0
11250.0
11250.0
-11014.864750514764
-10992.374795474618
-11250.0
-11250.0
-11250.0
-11250.0
-11250.0
11250.0
11250.0
11250.0
11250.0
11250.0
11250.0
11250.0
-11250.0
11250.0
11250.0
-11250.0
-11250.0
-11250.0
-11250.0
-11250.0
11250.0
11250.0
11250.0
11250.0
11250.0
11250.0
11250.0
-11250.0
-9528.452751106062
-9385.202045249334
-8892.910549441822
-8236.30865352838
-8079.016724882941
-7175.060586675063
-6662.286548213313
-5175.428814316336
11250.0
11250.0
11250.0
11250.0
11250.0
11250.0
11250.0
-11250.0
-11250.0
-11250.0
-10893.180079293317
-11250.0
-11250.0
-11250.0
11250.0
11250.0
11250.0
11250.0
11250.0
11250.0
11250.0
11250.0
11250.0
-11250.0
-11250.0
-11250.0
-11250.0
-11250.0
-11250.0
-11250.0
-11250.0
11250.0
11250.0
11250.0
11250.0
11250.0
11250.0
11250.0