Demand
-11250.0
-11250.0
-11250.0
11250.0
11250.0
11250.0
11250.0
11250.0
11250.0
11250.0
-11250.0
-11250.0
-11250.0
-11250.0
-11250.0
-11250.0
-11250.0
11250.0
11250.0
11250.0
11250.0
11250.0
11250.0
11250.0
11250.0
11250.0
-11250.0
-11250.0
-10979.487449905086
-10945.143022769651
-11250.0
-11250.0
-11250.0
-11250.0
11250.0
11250.0
11250.0
11250.0
11250.0
11250.0
11250.0
11250.0
-11250.0
-11250.0
-11250.0
-11250.0
-11250.0
-11250.0
11250.0
11250.0
11250.0
11250.0
11250.0
11250.0
-11250.0
-11250.0
-11250.0
-11250.0
11250.0
11250.0
11250.0
11250.0
11250.0
11250.0
11250.0
-9386.615881343962
-9679.738987573302
-9373.518331809086
-9573.580508091782
-8819.626987267973
11250.0
11250.0
11250.0
11250.0
11250.0
-9851.468503507687
-8005.804652297879
-8038.07723919821
-7739.967153196059
-6666.403376612168
-6361.084715321544
-5768.566345142987
-5731.373348148529
-3599.8706075147165
11250.0
11250.0
11250.0
8844.745772512575
11250.0
11250.0
11250.0
-11250.0
-11250.0
11250.0
11250.0
11250.0
-11250.0
-11250.0
-10708.201316110168
-9727.165383457257
-9486.942441702537
-9950.47491030952
-9424.888315103188
-10057.2939957829
11250.0
11250.0
11250.0
11250.0
11250.0
11250.0
11250.0
11250.0
-11250.0
-11250.0
11250.0
11250.0
-11250.0
-11250.0
-11250.0
-11250.0
-11250.0
-11250.0
-11250.0
-4545.091489979679
11250.0
11250.0
11250.0
11250.0
11250.0
11250.0
11250.0
11250.0
11250.0
-11250.0
-11250.0
-11250.0
-11250.0
-11250.0
-9231.904012588515
-9074.830529583931
-6628.897664859672
11250.0
11250.0
11250.0
11250.0
11250.0
11250.0
11250.0
11250.0
11250.0
-8925.413863938455
-8914.289699409826
-9506.264809266424
-10305.410760313156
-11250.0
11250.0
11250.0
11250.0
11250.0
11250.0
11250.0
-10940.740294188567
-11250.0
11250.0
11250.0
-11250.0
-11250.0
-11250.0
-11250.0
11250.0
11250.0
11250.0
11250.0
11250.0
-10512.922794547336
-10983.537510312533
-11250.0
-11250.0
-11250.0
-11250.0
-11250.0
11250.0
11250.0
11250.0
11250.0
11250.0
11250.0
11250.0
11250.0
11250.0
-11250.0
-11250.0
-11250.0
11250.0
11250.0
11250.0
11250.0
11250.0
-10986.490651325254
-11250.0
-11250.0
-11250.0
-11250.0
11250.0
11250.0
11250.0
11250.0
11250.0
11250.0
11250.0
-9819.436698271056
-8447.02098477642
-7966.326892190613
-7080.135217522598
-6973.377024500529
-7127.344447087649
-8542.715746962742
-10001.844477781488
-9940.552575878311
11250.0
11250.0
11250.0
11250.0
11250.0
11250.0
11250.0
11250.0
-11250.0
11250.0
11250.0
11250.0
-11250.0
-11250.0
-11250.0
-11250.0
-10841.482448875584
-9545.296148976257
-10211.747778158813
11250.0
11250.0
11250.0
11250.0
11250.0
11250.0
11250.0
11250.0
-6252.113445638057
-5308.903396635378
-4105.492990049632
-3785.9565437240653
-939.0116013077932
4054.851996852044
6654.930311783857
7329.500251581493
9976.23183898145
-6590.909090909091
-376.71114848563957
54.80352476141525
1576.777876238346
1611.6138862924026
1648.6424051973518
3615.164721865174
3326.878638840092
2770.398911074546
2788.9012600272144
3231.7353409629295
1445.3609133144928
765.4624970681398
1185.6301682466792
1993.0134519249368
-4772.727272727273
11250.0
2450.1308044473444
1451.6781080779656
3822.9325862628634
3286.063440882682
-3750.0000000000005
1200.0342622201933
677.3314426506031
-1264.9630596624684
-2835.0491220936874
-3571.3514067523774
-4256.902176666579
-1704.6404441895284
-807.6960721917767
-2061.9225659829754
-2320.0730212601375
2153.406396923904
7481.8364269067715
8969.1409876373
2643.069637434728
8380.160164690285
-7727.272727272728
-1383.4654388623421
-1944.9140432774002
-2243.884205575012
1054.727525576688
3905.08983805793
4687.734997238376
11250.0
538.7918566351955
11250.0
-7484.684290877775
-8579.701841250455
-8921.97112945278
-7661.434813022439
-5260.963581548959
-2963.698649572534
666.9101887710194
2051.982589230567
3282.373782708702
5320.932618565191
8995.26638629867
10458.580235158479
5709.704474352588
11250.0
11250.0
-8977.272727272728
-6707.943925233645
-6957.61690277993
-7185.817737190086
-8026.677269097097
-8993.25399187324
-10285.86534923067
-11250.0
-11250.0
11250.0
11250.0
11250.0
11250.0
11250.0
11250.0
11250.0
-11250.0
-11250.0
-11250.0
-11250.0
11250.0
11250.0
11250.0
11250.0
11250.0
-11007.203437961456
-11250.0
-11250.0
-11250.0
-11250.0
11250.0
11250.0
11250.0
11250.0
11250.0
11250.0
-11250.0
-11250.0
-11250.0
-11250.0
-11250.0
-11250.0
-11250.0
-11250.0
11250.0
11250.0
11250.0
11250.0
11250.0
11250.0
11250.0
11250.0
11250.0
-11250.0
-11250.0
-11250.0
-11250.0
11250.0
11250.0
11250.0
11250.0
11250.0
-11250.0
-11250.0
11250.0
11250.0
11250.0
-11250.0
-11250.0
-11250.0
-9713.020030816646
8532.352941176832
11250.0
11250.0
11250.0
11250.0
11250.0
11250.0
-11250.0
-11250.0
-11250.0
-11250.0
-11250.0
-11250.0
-11250.0
11250.0
11250.0
11250.0
11250.0
11250.0
11250.0
11250.0
11250.0
-10980.736930505987
-10250.762894968553
-9346.27241766997
-9052.880971126582
11250.0
11250.0
11250.0
11250.0
11250.0
-11250.0
-11250.0
-11250.0
-11250.0
-11250.0
-11250.0
-11250.0
11250.0
11250.0
11250.0
11250.0
11250.0
11250.0
11250.0
11250.0
11250.0
-10469.45089376282
-10636.886605801941
-11250.0
-11250.0
11250.0
11250.0
11250.0
11250.0
11250.0
11250.0
-11250.0
-11250.0
-11250.0
-10902.899943164906
-10356.517558647756
-11250.0
-11250.0
11250.0
11250.0
11250.0
11250.0
11250.0
11250.0
11250.0
-11250.0
-10368.841240141635
-9759.1707430772
-11250.0
-11250.0
11250.0
11250.0
11250.0
11250.0
11250.0
-11250.0
-11250.0
-11250.0
-11250.0
-11250.0
-11250.0
-11250.0
-11250.0
11250.0
11250.0
11250.0
11250.0
11250.0
11250.0
11250.0
11250.0
11250.0
-11250.0
-11250.0
-11250.0
-11250.0
11250.0
11250.0
11250.0
11250.0
11250.0
-11250.0
-11250.0
-11250.0
-11250.0
11250.0
11250.0
11250.0
11250.0
-11250.0
-11250.0
-11250.0
11250.0
11250.0
11250.0
11250.0
11250.0
-11250.0
-11250.0
-11250.0
-11250.0
-11250.0
-11250.0
-11250.0
-11250.0
11250.0
11250.0
11250.0
11250.0
11250.0
11250.0
11250.0
11250.0
-11250.0
-11250.0
-11250.0
11250.0
11250.0
11250.0
11250.0
11250.0
11250.0
-11250.0
-11250.0
-11250.0
-11250.0
-11250.0
-11250.0
-11250.0
-11250.0
11250.0
11250.0
11250.0
11250.0
11250.0
11250.0
11250.0
11250.0
-11250.0
-11250.0
-11250.0
-11250.0
-11250.0
-10063.324080499657
-11250.0
11250.0
11250.0
11250.0
11250.0
11250.0
11250.0
11250.0
11250.0
11250.0
-11250.0
-11250.0
-10887.541215261419
-11250.0
-10300.483231331898
11250.0
11250.0
11250.0
11250.0
11250.0
11250.0
11250.0
-11250.0
-11250.0
-11250.0
-11250.0
-11250.0
-11250.0
11250.0
11250.0
11250.0
11250.0
11250.0
11250.0
11250.0
-11250.0
11250.0
11250.0
-11250.0
-11250.0
-11250.0
11250.0
11250.0
11250.0
11250.0
-10985.154421550182
-11250.0
-11250.0
-11250.0
11250.0
11250.0
11250.0
11250.0
11250.0
11250.0
-11250.0
-11250.0
-11250.0
11250.0
11250.0
11250.0
11250.0
-11250.0
11250.0
11250.0
-11250.0
-11250.0
-11250.0
-11250.0
11250.0
11250.0
11250.0
11250.0
11250.0
-11250.0
-11250.0
-11250.0
-11250.0
-11250.0
-11250.0
-11250.0
11250.0
11250.0
11250.0
11250.0
11250.0
11250.0
11250.0
11250.0
11250.0
-11250.0
-10988.19406641263
-10626.92285978487
-8797.115213822504
-6725.135684817632
6513.795748715792
11250.0
11250.0
11250.0
1269.1265258537196
11250.0
-11250.0
11250.0
11250.0
11250.0
-11250.0
-11250.0
-11250.0
11250.0
11250.0
11250.0
11250.0
11250.0
-11250.0
-11250.0
-11250.0
-11250.0
-11250.0
-9997.830331959216
-4654.549037609182
11250.0
11250.0
11250.0
11250.0
11250.0
11250.0
11250.0
11250.0
-11250.0
-11250.0
-11250.0
11250.0
11250.0
11250.0
11250.0
-11250.0
11250.0
11250.0
-11250.0
-11250.0
-9231.109799291622
-8958.103320592778
-8136.31316639417
-6777.533425424164
-5463.40409401702
1130.4922327308004
11250.0
11250.0
-11250.0
11250.0
11250.0
11250.0
11250.0
-11250.0
-11250.0
-11250.0
11250.0
11250.0
11250.0
11250.0
11250.0
11250.0
-11250.0
-11250.0
-11250.0
-11250.0
-11250.0
-11250.0
-11250.0
11250.0
11250.0
11250.0
11250.0
11250.0
11250.0
11250.0
-11250.0
11250.0
11250.0
-11250.0
-11250.0
-11250.0
-11250.0
-11250.0
-11250.0
-7756.6394279877795