Demand
11250.0
11250.0
11250.0
11250.0
11250.0
11250.0
11250.0
11250.0
11250.0
11250.0
11250.0
11250.0
11250.0
11250.0
11250.0
11250.0
11250.0
11250.0
11250.0
11250.0
11250.0
11250.0
11250.0
11250.0
11250.0
-11250.0
-11250.0
-11250.0
-10900.314694053763
-10821.205849219976
-11250.0
-11250.0
11250.0
11250.0
11250.0
11250.0
11250.0
11250.0
11250.0
11250.0
11250.0
-11250.0
-11250.0
11250.0
11250.0
11250.0
11250.0
-11250.0
-11250.0
-11250.0
-11250.0
11250.0
11250.0
11250.0
11250.0
11250.0
-11250.0
-11250.0
-11250.0
-11250.0
11250.0
11250.0
11250.0
11250.0
11250.0
11250.0
-9723.377386420867
-9571.297050851568
-9983.696917294932
-10115.444820350447
-10752.372526695093
-11250.0
11250.0
11250.0
11250.0
11250.0
11250.0
11250.0
6385.49702179294
11250.0
-7250.839529863275
-5007.418635812943
11250.0
11250.0
11250.0
-10039.866012455182
-9633.74302006299
-10006.689081052285
-10087.277933193098
-10111.415737716412
-11250.0
11250.0
11250.0
11250.0
11250.0
11250.0
11250.0
-11250.0
-10712.318077919284
-9755.255448498276
-9548.852124839981
-10033.887179295132
-9655.211808768141
-10403.738841372404
-11250.0
11250.0
11250.0
11250.0
11250.0
11250.0
11250.0
11250.0
11250.0
11250.0
11250.0
-11250.0
-11250.0
-11250.0
-11250.0
-11250.0
11250.0
11250.0
11250.0
11250.0
11250.0
11250.0
-9876.846436006745
-10477.366465477578
-11250.0
-11250.0
-11250.0
11250.0
11250.0
11250.0
11250.0
11250.0
-11250.0
-11250.0
11250.0
11250.0
11250.0
-9330.808080808096
11250.0
11250.0
-11250.0
-11250.0
-11250.0
-8893.318965517246
-6461.270875728005
-1753.4755747327836
6616.44372889114
11250.0
5276.324683369097
11250.0
11250.0
11250.0
11250.0
-11250.0
-11250.0
-11250.0
11250.0
11250.0
11250.0
-11250.0
-11250.0
-11250.0
-11250.0
-11250.0
-11250.0
-11250.0
-11250.0
11250.0
11250.0
11250.0
11250.0
11250.0
11250.0
11250.0
11250.0
11250.0
-11250.0
-11250.0
-11250.0
-11250.0
-11250.0
11250.0
11250.0
11250.0
11250.0
11250.0
11250.0
-11250.0
11250.0
11250.0
-11250.0
-10989.75243506494
-10385.192045624273
-10267.331903759747
-10860.195664080868
-11250.0
-11250.0
-11250.0
11250.0
11250.0
11250.0
11250.0
11250.0
11250.0
11250.0
11250.0
-9754.725507312465
-8246.52920053367
-7616.023432586982
-6413.262883526942
-5940.707580610058
-5503.38324766407
-6455.984974223535
-4713.754216059824
11250.0
11250.0
11250.0
11250.0
11250.0
11250.0
-10757.687366292437
-11250.0
-11250.0
-11250.0
-11250.0
-11250.0
11250.0
11250.0
11250.0
11250.0
11250.0
11250.0
-10429.975821253018
-10945.82619158849
-11250.0
-11250.0
-11250.0
-11250.0
11250.0
11250.0
11250.0
11250.0
11250.0
11250.0
11250.0
11250.0
11250.0
-4396.190843774124
-2693.2217697668166
7997.598897095351
-7159.09090909091
2574.766662284721
4901.882115168263
-6477.272727272728
1076.8446682600716
1112.7311293097682
1150.7198815829188
3044.005920137809
2867.0197838775784
2427.9447125694005
2535.0194179006285
3093.859351657932
1520.734978375057
915.766278181366
1367.572568633038
2411.011279886463
1849.4846753796546
-5113.636363636364
3161.7647058823427
1399.1732566498813
11250.0
2416.8104432547643
-3750.0000000000005
672.0779220779214
170.41326983614454
-1684.6051162417625
-3155.612719236971
-3789.5817210156947
-4326.5916708849
-1445.8126127320138
-87.80473980069837
-875.4391175987621
644.4492956603326
11250.0
6595.006023437858
-6818.181818181818
-682.9334787350072
-1284.758764045686
252.23906267331768
2651.2712264087168
2386.855707105052
3631.290455681218
11250.0
2341.417883316184
11250.0
-6079.787234042553
-5412.144647282494
-5650.374961952497
-6356.501455248275
-6904.309450705674
-3986.021087320651
11250.0
11250.0
11250.0
11250.0
-4789.042821158688
11250.0
-9204.545454545456
-6751.764014112112
-5982.033274368503
-5586.227281999611
-2815.0201033025987
-1188.3234207920086
2910.945646103278
7696.478537799929
8664.064571845152
8764.744098456029
11250.0
-10568.181818181818
-10680.579964850618
-11250.0
-11250.0
-11250.0
-11250.0
11250.0
11250.0
11250.0
11250.0
11250.0
11250.0
11250.0
11250.0
-11250.0
-11250.0
-11250.0
-10915.318371607515
-10010.225773212642
-10116.701685816264
-10187.030945174607
11250.0
11250.0
11250.0
11250.0
11250.0
11250.0
11250.0
11250.0
-11250.0
-11250.0
11250.0
11250.0
-11250.0
-11250.0
-11250.0
-11250.0
-11250.0
-11250.0
11250.0
11250.0
11250.0
11250.0
11250.0
11250.0
11250.0
-11250.0
-11250.0
11250.0
11250.0
11250.0
11250.0
-11250.0
-11250.0
-11250.0
-11250.0
11250.0
11250.0
11250.0
11250.0
11250.0
-11250.0
-11250.0
-11250.0
-11250.0
-10371.2744090442
-9440.584160280745
-9129.263974814858
-11250.0
11250.0
11250.0
11250.0
11250.0
11250.0
11250.0
11250.0
11250.0
-11250.0
11250.0
11250.0
11250.0
-11250.0
11250.0
-11250.0
-11250.0
-11250.0
-11250.0
-11250.0
-10460.623499723028
-4785.968806214492
11250.0
11250.0
11250.0
11250.0
11250.0
11250.0
11250.0
11250.0
11250.0
-11250.0
-11250.0
-11250.0
-11250.0
11250.0
11250.0
11250.0
11250.0
11250.0
-11250.0
-11250.0
-11250.0
-11250.0
-11250.0
-9373.285165538688
-8285.348043578597
11250.0
11250.0
11250.0
11250.0
11250.0
11250.0
11250.0
-11250.0
11250.0
11250.0
11250.0
-11017.515634913441
-10750.93790052073
-11250.0
-11250.0
-11250.0
-11250.0
-11250.0
-11250.0
11250.0
11250.0
11250.0
11250.0
11250.0
11250.0
11250.0
11250.0
11250.0
-11250.0
-11250.0
11250.0
11250.0
11250.0
-11250.0
-11250.0
-11250.0
-11250.0
11250.0
11250.0
11250.0
11250.0
-11250.0
-11250.0
-11250.0
-10896.694214876039
-10823.462294913443
-9557.720693844443
-9489.776939496503
-8481.313706230241
11250.0
11250.0
11250.0
11250.0
11250.0
11250.0
11250.0
11250.0
11250.0
-11250.0
-11250.0
-11250.0
-11250.0
-11250.0
-10614.30114989011
-11250.0
11250.0
11250.0
11250.0
11250.0
11250.0
11250.0
11250.0
-11250.0
-10890.030086194824
-11250.0
-11250.0
11250.0
11250.0
11250.0
11250.0
11250.0
-11250.0
-11250.0
-11250.0
-11250.0
-11250.0
-11250.0
-11250.0
11250.0
11250.0
11250.0
11250.0
11250.0
11250.0
11250.0
11250.0
11250.0
-10987.354085603114
-11250.0
-11250.0
-11250.0
-11250.0
11250.0
11250.0
11250.0
11250.0
11250.0
11250.0
11250.0
-11250.0
-11250.0
-11250.0
11250.0
11250.0
11250.0
-11250.0
-11250.0
-11250.0
-11250.0
-11250.0
11250.0
11250.0
11250.0
11250.0
11250.0
11250.0
11250.0
-11250.0
-11250.0
-11250.0
-11250.0
-11250.0
-11250.0
-10280.429030429033
11250.0
11250.0
11250.0
11250.0
11250.0
11250.0
11250.0
11250.0
-11250.0
-11250.0
-11250.0
-11250.0
11250.0
11250.0
11250.0
11250.0
11250.0
-11250.0
-11250.0
-11250.0
11250.0
11250.0
11250.0
11250.0
-11250.0
-11250.0
-11250.0
-11250.0
-11250.0
-11250.0
-11250.0
-11250.0
11250.0
11250.0
11250.0
11250.0
11250.0
11250.0
11250.0
11250.0
11250.0
-11250.0
-11250.0
11250.0
11250.0
11250.0
11250.0
-11250.0
-11250.0
-11250.0
11250.0
11250.0
11250.0
11250.0
-11250.0
-11250.0
-11250.0
-10694.048798612832
-5262.680888165691
11250.0
11250.0
11250.0
11250.0
11250.0
11250.0
-11250.0
-11250.0
11250.0
11250.0
11250.0
-10992.38119834711
-11250.0
-11250.0
-11250.0
11250.0
11250.0
11250.0
11250.0
-10982.352336570399
-10632.782499953155
-8985.363736534215
-7734.755540538133
-4665.997388368885
11250.0
6289.697787190231
11250.0
11250.0
497.0268136741415
11250.0
11250.0
-11250.0
-11250.0
-11250.0
-11250.0
11250.0
11250.0
11250.0
11250.0
11250.0
-11250.0
-11250.0
-11250.0
-11250.0
-11250.0
-11250.0
-8903.51629502574
11250.0
11250.0
11250.0
11250.0
11250.0
11250.0
11250.0
11250.0
-11250.0
-11250.0
-11250.0
-11250.0
-11250.0
-11250.0
-11250.0
11250.0
11250.0
11250.0
11250.0
11250.0
11250.0
11250.0
11250.0
-9259.69932104753
-8763.32125279913
-8711.698202399253
-8136.883862619329
-8013.193801231369
-7942.212930282364
11250.0
11250.0
11250.0
11250.0
11250.0
11250.0
-11250.0
11250.0
11250.0
-11250.0
-10789.166367229609
-11250.0
11250.0
11250.0
11250.0
-11250.0
-11250.0
-11250.0
-11250.0
11250.0
11250.0
11250.0
11250.0
11250.0
11250.0
-11250.0
-11250.0
-11250.0
11250.0
11250.0
11250.0
11250.0
-11250.0
11250.0
11250.0
-11250.0
-11250.0
-10948.842670244885