Demand
-11250.0
-11250.0
11250.0
11250.0
11250.0
11250.0
11250.0
11250.0
11250.0
11250.0
-11250.0
-11250.0
-11250.0
-11250.0
-11250.0
11250.0
11250.0
11250.0
11250.0
11250.0
11250.0
-11250.0
-11250.0
-11250.0
-11250.0
-11250.0
-11250.0
11250.0
11250.0
11250.0
11250.0
11250.0
11250.0
11250.0
-11250.0
-11250.0
-11250.0
-11250.0
-11250.0
11250.0
11250.0
11250.0
11250.0
11250.0
11250.0
-11250.0
-11250.0
-11250.0
-11250.0
-11250.0
-11250.0
-11250.0
-5965.426216842679
11250.0
11250.0
11250.0
11250.0
11250.0
11250.0
11250.0
11250.0
-11250.0
-11250.0
-10693.888527542906
-9049.360217698802
-8339.120456042274
-8591.590913568038
-7603.722191954923
-6946.450681894901
11250.0
7565.3359392145185
11250.0
11250.0
11250.0
11250.0
11250.0
11250.0
-8168.91891891892
-7845.469450701301
-6714.150595776732
-6238.608996086739
-5212.364762236753
-4025.0673010981614
11250.0
2084.4932554069537
11250.0
11250.0
11250.0
11250.0
-10766.676088185417
-11250.0
-11250.0
-11250.0
-11250.0
-11250.0
11250.0
11250.0
11250.0
11250.0
11250.0
11250.0
-10481.723457593038
-10411.226966844024
-10937.508969305956
-11250.0
-11250.0
-11250.0
-11250.0
11250.0
11250.0
11250.0
11250.0
11250.0
11250.0
11250.0
11250.0
11250.0
-11250.0
-11250.0
-11250.0
-11250.0
-11250.0
11250.0
11250.0
11250.0
11250.0
11250.0
11250.0
-11250.0
-11250.0
11250.0
11250.0
11250.0
-11250.0
-11250.0
-11250.0
11250.0
11250.0
11250.0
11250.0
-10546.23193707701
-10546.296943713547
-11250.0
11250.0
11250.0
-11250.0
-11250.0
-9177.09443396307
-7476.431372318661
-5259.435139715686
-4099.313975976858
2523.8447129934902
11250.0
4069.0863456298093
11250.0
11250.0
11250.0
11250.0
11250.0
-11250.0
-10973.39048851504
-10939.893267718733
-11250.0
-11250.0
-11250.0
-11250.0
11250.0
11250.0
11250.0
11250.0
11250.0
11250.0
11250.0
11250.0
11250.0
-10940.740294188574
11250.0
11250.0
-11250.0
-11250.0
-11250.0
11250.0
11250.0
11250.0
11250.0
11250.0
-11250.0
-11250.0
-11250.0
-11250.0
-11250.0
11250.0
11250.0
11250.0
11250.0
11250.0
11250.0
-10456.864564007421
-10943.196797344139
-11250.0
-11250.0
-11250.0
11250.0
11250.0
11250.0
11250.0
11250.0
11250.0
-11250.0
-10414.957893657265
-9385.01796332292
-7339.221951881409
-6265.561846407549
-4118.74650704858
-2660.3252615369347
-492.74016721143016
456.3192914172123
11250.0
11250.0
11250.0
11250.0
11250.0
11250.0
11250.0
-10690.810987573579
11250.0
11250.0
-11250.0
-11250.0
-11250.0
-11250.0
-11250.0
-11250.0
11250.0
11250.0
11250.0
11250.0
11250.0
11250.0
11250.0
-11250.0
-11250.0
-11250.0
-8352.964226442928
-219.27981185526187
6602.866175254843
11250.0
11250.0
5736.0347414773605
11250.0
-8295.454545454546
-2857.5907950703477
-2318.165729540564
-1620.0673994373374
1420.5327708879013
4082.59330652877
4232.2140971030385
4755.691683704873
6471.872140782747
4191.500956051985
2877.5470804730467
-5113.636363636364
3858.8082901554276
2690.6193340664586
2153.078633210065
-4772.727272727273
11250.0
1286.6568914955997
1745.5172172263883
2828.506350969855
2322.3269334458837
1087.9939552375254
-5681.818181818182
2736.486486486481
5067.492603550241
-4431.818181818182
10774.61490424645
2536.2918880593443
1656.8744975857953
-513.2233179225695
-53.17129775391186
11250.0
-5025.434011573647
-1677.836198230063
1613.5155167619941
7203.436111946987
11250.0
-3719.6294796517545
-1807.1492674742967
269.928113467563
-736.5067828726606
-1056.7221631289049
1272.3626865098795
5250.220418079956
4625.886087517229
11250.0
-8068.181818181819
-4337.70517621531
-5010.0359274695165
-5082.213631241904
-4094.523265801441
-4148.143550886274
-4676.228224345103
-4549.244873846743
11250.0
11250.0
11250.0
3563.828848218091
11250.0
-5880.146545708303
-6069.087501885238
-6206.552750316216
-5948.989733397011
-4744.673529612932
-3756.3030610141354
1336.305477403137
5053.839887679429
10312.544048991564
4900.798644732904
11250.0
5024.4388771418635
11250.0
11250.0
11250.0
-11250.0
11250.0
11250.0
11250.0
-11250.0
-11250.0
-11250.0
11250.0
11250.0
11250.0
-11250.0
-11250.0
-11250.0
-11250.0
-11250.0
-10748.533724340177
-8868.554004533707
-6637.798898018169
11250.0
11250.0
11250.0
11250.0
11250.0
11250.0
11250.0
11250.0
-11250.0
-11250.0
-11250.0
-11250.0
-11250.0
11250.0
11250.0
11250.0
11250.0
11250.0
11250.0
-11250.0
-11250.0
-10924.187055420938
-10865.724846626268
-11250.0
-11250.0
-11250.0
11250.0
11250.0
11250.0
11250.0
11250.0
11250.0
11250.0
11250.0
11250.0
-11250.0
-11250.0
-11250.0
11250.0
11250.0
11250.0
11250.0
-11250.0
-11250.0
-11250.0
-10338.342153068483
-9126.258244476881
-7047.597937052617
11250.0
11250.0
11250.0
11250.0
11250.0
11250.0
11250.0
-11250.0
-11250.0
-11250.0
-11250.0
-11250.0
-11250.0
-11250.0
11250.0
11250.0
11250.0
11250.0
11250.0
11250.0
11250.0
11250.0
-10196.732063419644
-10629.635336292064
-11250.0
-11250.0
11250.0
11250.0
11250.0
11250.0
11250.0
11250.0
-11250.0
-11250.0
-11250.0
-11250.0
11250.0
11250.0
11250.0
11250.0
-11250.0
11250.0
11250.0
11250.0
-11250.0
-10430.620258219089
-10577.276155525393
-11250.0
-11250.0
11250.0
11250.0
11250.0
11250.0
11250.0
-11250.0
-11250.0
-11250.0
-11250.0
-10286.491752215035
11250.0
11250.0
11250.0
11250.0
11250.0
11250.0
-11250.0
-11250.0
-11250.0
11250.0
11250.0
11250.0
-10283.109254256458
-11250.0
-11250.0
-11250.0
-11250.0
-11250.0
11250.0
11250.0
11250.0
11250.0
11250.0
11250.0
11250.0
-11250.0
-11250.0
-11250.0
-11250.0
-11250.0
11250.0
11250.0
11250.0
11250.0
11250.0
11250.0
-10998.028291560247
-11250.0
-11250.0
-11250.0
-11250.0
-11250.0
-11250.0
11250.0
11250.0
11250.0
11250.0
11250.0
11250.0
11250.0
11250.0
-11006.40837186067
-11250.0
-11250.0
-11250.0
-11250.0
-11250.0
-11250.0
-11250.0
11250.0
11250.0
11250.0
11250.0
11250.0
11250.0
11250.0
11250.0
11250.0
11250.0
-11250.0
-11250.0
-11250.0
-11250.0
-11250.0
-11250.0
-11250.0
11250.0
11250.0
11250.0
11250.0
11250.0
11250.0
11250.0
-11250.0
-11250.0
-10966.111290844387
-11250.0
-11250.0
-11250.0
-11250.0
-11250.0
11250.0
11250.0
11250.0
11250.0
11250.0
11250.0
11250.0
11250.0
-11250.0
-11250.0
-11250.0
-11250.0
-11250.0
-11250.0
11250.0
11250.0
11250.0
11250.0
11250.0
11250.0
-11250.0
-11250.0
-11250.0
-11250.0
11250.0
11250.0
11250.0
11250.0
11250.0
-11250.0
-10917.107896364294
-11250.0
11250.0
11250.0
11250.0
-11250.0
-11250.0
-11250.0
-11250.0
-11250.0
-11250.0
-11250.0
11250.0
11250.0
11250.0
11250.0
11250.0
11250.0
11250.0
11250.0
-11250.0
-11250.0
-11250.0
11250.0
11250.0
11250.0
11250.0
-11250.0
-11250.0
-11250.0
-11250.0
-11250.0
-11250.0
-10410.007859575588
-11250.0
11250.0
11250.0
11250.0
11250.0
11250.0
11250.0
11250.0
11250.0
11250.0
-11250.0
-11250.0
-10715.977680446395
11250.0
11250.0
11250.0
11250.0
-11250.0
-11250.0
-11250.0
-11250.0
-11250.0
11250.0
11250.0
11250.0
11250.0
11250.0
11250.0
11250.0
-11250.0
-11250.0
-11250.0
11250.0
11250.0
11250.0
11250.0
11250.0
11250.0
-11250.0
-11250.0
-11250.0
-11250.0
-11250.0
11250.0
11250.0
11250.0
11250.0
11250.0
11250.0
-9385.291338010251
-9011.294455403317
-9099.378193560595
-9170.75293111593
-9553.12149025204
-10426.145253486862
-11250.0
-11250.0
11250.0
11250.0
11250.0
11250.0
11250.0
11250.0
11250.0
11250.0
11250.0
11250.0
-11250.0
-11250.0
-11250.0
-11250.0
-11250.0
-9997.830331959216
-4654.549037609182
11250.0
11250.0
11250.0
11250.0
11250.0
11250.0
11250.0
11250.0
11250.0
11250.0
-11250.0
-11250.0
11250.0
11250.0
11250.0
11250.0
-11250.0
11250.0
11250.0
-11250.0
-9318.642817628624
-8825.916451168297
-7028.017221804944
4230.635860086028
11250.0
11250.0
11250.0
11250.0
-11250.0
-11250.0
-11250.0
-11250.0
-11250.0
-11250.0
-11250.0
11250.0
11250.0
11250.0
11250.0
11250.0
11250.0
11250.0
11250.0
-11250.0
-11250.0
-11250.0
-11250.0
-11250.0
-11250.0
-11250.0
-11250.0
11250.0
11250.0
11250.0
11250.0
11250.0
11250.0
11250.0
11250.0
-11250.0
-11250.0
-11250.0
11250.0
11250.0
11250.0
-10992.372162578398