Demand
-11250.0
-11250.0
11250.0
11250.0
11250.0
11250.0
11250.0
11250.0
11250.0
11250.0
11250.0
11250.0
11250.0
-11250.0
-11250.0
-11250.0
-11250.0
-11250.0
-11250.0
11250.0
11250.0
11250.0
11250.0
11250.0
11250.0
-11250.0
-11250.0
-11250.0
-10523.900032351994
-5914.445055846604
11250.0
11250.0
11250.0
11250.0
11250.0
11250.0
-11250.0
-11250.0
-11250.0
-11250.0
-11250.0
11250.0
11250.0
11250.0
11250.0
11250.0
11250.0
-11250.0
-11250.0
-11250.0
-11250.0
-11250.0
3413.761048791868
11250.0
11250.0
11250.0
11250.0
11250.0
11250.0
-11250.0
11250.0
-11250.0
-11250.0
-10165.433403805502
11250.0
11250.0
2960.282200052321
11250.0
11250.0
-10428.937259923176
-10912.675574452147
-11250.0
-6681.658684978721
11250.0
11250.0
11250.0
11250.0
11250.0
-8454.923822015942
-7629.220008856304
-7385.665957172177
-6821.975554316759
-6354.397310635857
888.8318041048124
11250.0
11250.0
11250.0
11250.0
-10312.271508652208
-9875.000239527391
11250.0
11250.0
11250.0
-11250.0
-11250.0
-11250.0
-11250.0
-11250.0
-9828.159645232823
-2191.5093608279403
11250.0
11250.0
11250.0
11250.0
11250.0
11250.0
11250.0
11250.0
-11250.0
-11250.0
-11250.0
-11250.0
-11250.0
11250.0
11250.0
11250.0
11250.0
11250.0
11250.0
-11250.0
-11250.0
-11250.0
-11250.0
11250.0
11250.0
11250.0
11250.0
11250.0
-11250.0
-11250.0
-11250.0
-11250.0
11250.0
11250.0
11250.0
11250.0
-11250.0
-11250.0
-9650.42960088692
-9575.385034019477
-7855.574091493284
11250.0
11250.0
11250.0
11250.0
11250.0
11250.0
11250.0
-9031.568325965793
-8110.092307100764
-8064.3597688469645
-6993.3250447084965
-2407.6370668790987
11250.0
11250.0
11250.0
11250.0
-11250.0
-11250.0
-11250.0
-10816.755498836432
-10591.180749959505
-11250.0
11250.0
11250.0
11250.0
11250.0
11250.0
11250.0
11250.0
-11250.0
-11250.0
-10036.774641663927
-9841.48014530971
-9945.048154580982
-10637.744074017359
-11250.0
11250.0
11250.0
11250.0
11250.0
11250.0
11250.0
11250.0
11250.0
-11250.0
11250.0
11250.0
-11250.0
-11250.0
-11250.0
-11250.0
-11250.0
-11250.0
-11250.0
-8639.755766621452
11250.0
11250.0
11250.0
11250.0
11250.0
11250.0
11250.0
11250.0
11250.0
-11250.0
-11250.0
11250.0
11250.0
11250.0
11250.0
-8443.654266958427
-7943.039431725865
-7014.700424333266
-6853.123577709121
-6926.568914673479
-8304.603949542958
-9752.668229084931
-8417.480001479085
11250.0
11250.0
11250.0
11250.0
11250.0
11250.0
11250.0
-11250.0
-11250.0
-11250.0
-11250.0
-11250.0
-11250.0
-11250.0
-11250.0
11250.0
11250.0
11250.0
11250.0
11250.0
11250.0
11250.0
11250.0
11250.0
-9441.033659308603
-6045.4052598924245
-4914.59121015098
-511.42747460026294
6518.126555544968
11250.0
2575.7602007373234
11250.0
11250.0
-4024.4391315025387
-3750.1634140366345
-1851.4848646031842
-171.9665728353848
88.87153318753371
674.3317691591838
2434.716793902432
2443.5327882374304
2453.138586309946
4506.296064995548
3382.4701793887275
2009.630223788421
1078.264822623254
-4772.727272727273
2138.340158997831
1506.5141242354784
1970.9093768792009
3083.876909286333
2628.5790552065655
1443.7210834818352
-8.253938689686038
-660.5073426668569
1409.0531877764388
-4431.818181818182
11250.0
2179.1661913995677
1547.2281340158515
-555.7180719507069
-2068.843885865319
-2431.8009890628127
-2329.9838583759574
4345.735471365422
7392.627139075881
1840.882740874301
11250.0
-1334.644094908028
3800.83817618908
8938.523285427336
238.28338467881895
11250.0
-4109.0947579093245
-3417.172702071754
-4152.7391683255555
-4855.962524570488
-3622.5669844029253
-3092.752039966633
-3656.0131836818637
-3333.586944566987
-1213.2362596167713
17.679663337734382
2137.3097664238785
11250.0
6183.333825393915
11250.0
11250.0
-6801.75246440307
-5620.22198634758
-5617.551797524565
-5843.027731927152
-6032.708031438005
-5851.823750975116
-4810.531107440696
-4189.926877562297
-503.1149608409796
1436.1432824077237
5422.79291182162
7049.121109569724
8290.441872489442
8582.43933264164
7364.522904728012
11250.0
11250.0
-11250.0
11250.0
11250.0
11250.0
-11250.0
-11250.0
-11250.0
-11250.0
11250.0
11250.0
11250.0
11250.0
11250.0
-11250.0
-11250.0
-10718.43050566455
-5684.6167408086185
11250.0
11250.0
11250.0
11250.0
11250.0
-11250.0
-11250.0
-11250.0
-11250.0
-11250.0
11250.0
11250.0
11250.0
11250.0
11250.0
-11250.0
11250.0
11250.0
11250.0
-11250.0
-11250.0
-11250.0
-10789.3686646979
-10517.302620643928
-11250.0
11250.0
11250.0
11250.0
11250.0
11250.0
11250.0
11250.0
-11250.0
-11250.0
-11250.0
-11250.0
-11250.0
-11250.0
-11250.0
11250.0
11250.0
11250.0
11250.0
11250.0
11250.0
11250.0
11250.0
-10562.051393394468
-10754.951781389445
-11250.0
-11250.0
-11250.0
-11250.0
-11250.0
11250.0
11250.0
11250.0
11250.0
11250.0
11250.0
11250.0
11250.0
-11250.0
11250.0
-11250.0
-11250.0
-11250.0
-11250.0
-11250.0
11250.0
11250.0
11250.0
11250.0
11250.0
11250.0
-11250.0
-11250.0
-11250.0
-11250.0
-11250.0
-11250.0
11250.0
11250.0
11250.0
11250.0
11250.0
11250.0
11250.0
-11250.0
-11250.0
11250.0
11250.0
11250.0
-11250.0
-10478.72606996091
-10684.253936556317
-11250.0
-11250.0
-11250.0
-11250.0
-11250.0
11250.0
11250.0
11250.0
11250.0
11250.0
11250.0
11250.0
11250.0
-11250.0
11250.0
-11250.0
11250.0
-11250.0
-11250.0
-11250.0
-11250.0
-11250.0
-11250.0
-8724.506998990164
-2397.4332320369485
11250.0
11250.0
11250.0
11250.0
11250.0
11250.0
11250.0
11250.0
11250.0
-11250.0
-11250.0
-11250.0
-11250.0
-11250.0
-11250.0
-11250.0
11250.0
11250.0
11250.0
11250.0
11250.0
11250.0
11250.0
-10964.428857715433
-11250.0
-11250.0
-11250.0
-11250.0
11250.0
11250.0
11250.0
11250.0
11250.0
11250.0
11250.0
-11250.0
-11250.0
-11250.0
-10593.77956025871
-11250.0
11250.0
11250.0
11250.0
11250.0
11250.0
-11250.0
-11250.0
-11250.0
-9216.116563179963
11250.0
11250.0
11250.0
11250.0
11250.0
11250.0
-11250.0
-11250.0
-11250.0
-11250.0
11250.0
11250.0
11250.0
11250.0
11250.0
-11250.0
11250.0
11250.0
11250.0
-11250.0
-11250.0
-11250.0
-11250.0
-10822.230663751252
-11250.0
-11250.0
11250.0
11250.0
11250.0
11250.0
11250.0
11250.0
11250.0
-11250.0
11250.0
11250.0
-11250.0
-11250.0
-11250.0
-11250.0
-11250.0
-11250.0
-11250.0
11250.0
11250.0
11250.0
11250.0
11250.0
11250.0
11250.0
-11250.0
11250.0
11250.0
-11250.0
-11250.0
-11250.0
-11250.0
-11250.0
-11250.0
11250.0
11250.0
11250.0
11250.0
11250.0
11250.0
11250.0
-11250.0
-11250.0
-11250.0
-11250.0
-11250.0
-11250.0
11250.0
11250.0
11250.0
11250.0
11250.0
11250.0
11250.0
-11250.0
-11250.0
-11250.0
-11250.0
-11250.0
-11250.0
-11250.0
11250.0
11250.0
11250.0
11250.0
11250.0
11250.0
11250.0
11250.0
11250.0
-11250.0
-11250.0
-11250.0
-11250.0
-11250.0
11250.0
11250.0
11250.0
11250.0
11250.0
11250.0
11250.0
-11250.0
-11250.0
-11250.0
11250.0
11250.0
11250.0
11250.0
-11250.0
-11250.0
-11250.0
-10106.951871657759
11250.0
11250.0
11250.0
11250.0
11250.0
11250.0
-11250.0
-11250.0
11250.0
11250.0
11250.0
-11250.0
-10964.936652589466
-11250.0
-11250.0
-11250.0
11250.0
11250.0
11250.0
11250.0
11250.0
11250.0
-9778.511875167325
-9314.549670204146
-8638.55880956557
-7484.062886572403
-6144.596678555721
2218.8753851301253
11250.0
11250.0
11250.0
11250.0
11250.0
-11250.0
-11250.0
11250.0
11250.0
-11250.0
11250.0
-10990.909090909088
-10967.27835946056
-11250.0
-11250.0
-11250.0
-11250.0
-11250.0
-11250.0
11250.0
11250.0
11250.0
11250.0
11250.0
11250.0
11250.0
11250.0
11250.0
-11250.0
-11250.0
-11250.0
-11250.0
-11250.0
11250.0
11250.0
11250.0
11250.0
11250.0
11250.0
11250.0
-11250.0
-9240.911577481605
-8851.02282227663
-7632.790733478429
-4580.269410121353
9748.645330282441
11250.0
2410.2868120015746
11250.0
11250.0
11250.0
-11250.0
-11250.0
-11250.0
-11250.0
11250.0
11250.0
11250.0
11250.0
11250.0
11250.0
-11250.0
-11250.0
-11250.0
-11250.0
-11250.0
-11250.0
-11250.0
-11250.0
11250.0
11250.0
11250.0
11250.0
11250.0
11250.0
11250.0
11250.0
-11250.0
-11250.0
11250.0
11250.0
11250.0
-11250.0
-11250.0
-11250.0
-11250.0
11250.0