Demand
11250.0
11250.0
11250.0
11250.0
11250.0
11250.0
11250.0
11250.0
11250.0
11250.0
11250.0
11250.0
11250.0
11250.0
11250.0
11250.0
11250.0
11250.0
11250.0
11250.0
11250.0
11250.0
11250.0
11250.0
11250.0
11250.0
11250.0
-11250.0
-10320.911780012775
-8311.365730189384
11250.0
11250.0
11250.0
11250.0
11250.0
11250.0
11250.0
11250.0
11250.0
11250.0
-11250.0
-11250.0
-11250.0
-11250.0
-11250.0
11250.0
11250.0
11250.0
11250.0
11250.0
11250.0
-11250.0
-10644.175582796008
-11250.0
-11250.0
-11250.0
11250.0
11250.0
11250.0
11250.0
11250.0
11250.0
11250.0
-10780.821291384673
11250.0
11250.0
-9837.215953224964
-9716.868125564233
-10114.87693416539
-10263.361588344986
-10840.763279687071
-11250.0
-6636.86458599547
11250.0
11250.0
11250.0
11250.0
11250.0
11250.0
11250.0
-8103.651632383469
-8082.108437502696
-8578.415160289704
-8768.167081286669
-8874.645217081317
-6879.159639151949
11250.0
11250.0
11250.0
11250.0
11250.0
11250.0
-11250.0
-11250.0
-11250.0
-11250.0
-11250.0
-11250.0
-3277.972027972073
11250.0
11250.0
11250.0
11250.0
11250.0
11250.0
11250.0
11250.0
-11250.0
-11250.0
-11250.0
-11250.0
-11250.0
-11250.0
-11250.0
11250.0
11250.0
11250.0
11250.0
11250.0
11250.0
11250.0
-11250.0
-11250.0
-10099.904719201888
-9932.062080901047
-9258.043339463518
-8088.411955997104
-8728.079338792726
-11250.0
11250.0
11250.0
11250.0
11250.0
11250.0
11250.0
11250.0
11250.0
11250.0
-10227.521869117485
-10354.760866801495
-10106.123018633145
-10050.719631202592
-11250.0
11250.0
11250.0
11250.0
11250.0
11250.0
-8569.593939438048
-7333.255480154381
-7105.132487967127
-5265.428634261138
4762.739443513352
11250.0
11250.0
11250.0
11250.0
11250.0
-11250.0
-11250.0
-10960.26116031086
-10901.5296332254
-11250.0
-11250.0
11250.0
11250.0
11250.0
11250.0
11250.0
11250.0
11250.0
-11250.0
-10227.833125778336
-10108.886986124351
-10256.791793706318
-10837.034761666899
-11250.0
-11250.0
11250.0
11250.0
11250.0
11250.0
11250.0
11250.0
11250.0
-11250.0
-11250.0
-11250.0
-11250.0
-11250.0
11250.0
11250.0
11250.0
11250.0
11250.0
11250.0
-10524.95009383138
-10460.696033485878
-10956.740049433272
-11250.0
-11250.0
-11250.0
-11250.0
11250.0
11250.0
11250.0
11250.0
11250.0
11250.0
11250.0
11250.0
-8567.747236331044
-8108.859104669646
-7258.744547593221
-7147.058432155091
-7272.814481984675
-8604.662040505082
-9984.967042266802
-9638.084821431199
11250.0
11250.0
11250.0
11250.0
11250.0
11250.0
11250.0
-11250.0
-11250.0
-11250.0
-11250.0
11250.0
11250.0
11250.0
11250.0
11250.0
11250.0
-10487.730669081855
-10971.010690175783
-11250.0
-11250.0
-11250.0
-11250.0
-11250.0
11250.0
11250.0
11250.0
11250.0
11250.0
11250.0
11250.0
11250.0
-119.27343905450834
11250.0
-7840.909090909091
10111.813695249923
6535.130210267743
3569.8741092743253
11250.0
4273.435488024697
-5909.09090909091
328.22004055062826
2140.1656742346468
1920.949170247888
1444.189815619282
1476.4426620130316
1858.6295612713348
-5340.909090909092
3650.6622516556504
2657.7383295284617
-4772.727272727273
3843.130604058519
2797.072427474679
1349.4261649525215
573.3780847810795
2473.167193618783
4096.09478306135
5051.260364204922
663.606295667244
134.19348142078525
-1705.245647586591
-2962.7873544878257
-2956.633301208016
-1430.6648836441345
11250.0
-7386.363636363636
3276.6990291262364
6767.953505025376
11250.0
-7386.363636363636
-1021.8526918500884
-2096.293048064048
-2792.290958947906
-1867.2354990468484
-405.5129939855469
-857.3149451104528
-839.6141519984758
4137.0302933125
7429.551575320485
4735.740022127691
11250.0
-8636.363636363638
-5893.459542818589
-6947.258528005492
-8081.49096201669
-8304.04534272509
-6175.179356353114
-1165.6200070509312
5720.757103187672
11250.0
8135.097406940251
6702.559678182715
8917.05325557532
8011.347408631445
11250.0
-9318.18181818182
-5720.323925643985
-5633.691885361358
-5160.759203595026
-5191.610963231807
-5064.531768224357
-4622.615232117429
-4702.8168946908645
-3164.2860433644196
11250.0
11250.0
11250.0
11250.0
11250.0
11250.0
-11250.0
-11250.0
-11250.0
-11250.0
-11250.0
-11250.0
11250.0
11250.0
11250.0
11250.0
11250.0
11250.0
-10769.652926611045
-10972.80715265359
-11250.0
-11250.0
-11250.0
11250.0
11250.0
11250.0
11250.0
11250.0
-11250.0
-11250.0
-11250.0
-11250.0
-11250.0
-11250.0
-11250.0
-11250.0
11250.0
11250.0
11250.0
11250.0
11250.0
11250.0
11250.0
11250.0
11250.0
11250.0
11250.0
-11250.0
-11250.0
-11250.0
-11250.0
-11250.0
11250.0
11250.0
11250.0
11250.0
11250.0
-11250.0
-11250.0
-11250.0
-11250.0
-11250.0
-11250.0
-11250.0
-6029.511533242909
11250.0
11250.0
11250.0
11250.0
11250.0
11250.0
11250.0
11250.0
11250.0
-11250.0
-11250.0
-11250.0
-11250.0
-11250.0
11250.0
11250.0
11250.0
11250.0
11250.0
-11250.0
-11250.0
-11250.0
-10662.005501702912
-5852.4469416598195
11250.0
11250.0
11250.0
11250.0
11250.0
11250.0
-11250.0
-11250.0
-11250.0
11250.0
11250.0
11250.0
11250.0
11250.0
-11250.0
-11250.0
-11250.0
-11250.0
-11250.0
-11250.0
11250.0
11250.0
11250.0
11250.0
11250.0
11250.0
11250.0
11250.0
-11250.0
-11250.0
-11250.0
-11250.0
-11250.0
-11250.0
-11250.0
11250.0
11250.0
11250.0
11250.0
11250.0
11250.0
11250.0
11250.0
-11250.0
-11250.0
-11250.0
-11250.0
11250.0
11250.0
11250.0
11250.0
11250.0
11250.0
-11250.0
11250.0
11250.0
-11250.0
-11250.0
-11250.0
-11250.0
-11250.0
-11250.0
-11250.0
-11250.0
11250.0
11250.0
11250.0
11250.0
11250.0
11250.0
11250.0
11250.0
-10760.327975258679
-10984.128482854216
-11250.0
-11250.0
-11250.0
-11250.0
-11250.0
11250.0
11250.0
11250.0
11250.0
11250.0
11250.0
11250.0
11250.0
11250.0
-10994.188722669736
-11250.0
-11250.0
-11250.0
-11250.0
-11250.0
11250.0
11250.0
11250.0
11250.0
11250.0
11250.0
11250.0
11250.0
-11250.0
-11250.0
-11250.0
-11250.0
-11250.0
11250.0
11250.0
11250.0
11250.0
11250.0
11250.0
11250.0
-11250.0
-11250.0
-11250.0
-11250.0
-11250.0
11250.0
11250.0
11250.0
11250.0
11250.0
-11250.0
-11250.0
-11250.0
-11250.0
-11250.0
-11250.0
-11250.0
11250.0
11250.0
11250.0
11250.0
11250.0
11250.0
11250.0
11250.0
-11250.0
-11250.0
-11250.0
-11250.0
11250.0
11250.0
11250.0
11250.0
11250.0
11250.0
11250.0
-11250.0
-11250.0
11250.0
11250.0
11250.0
-11250.0
11250.0
-11250.0
-10895.440722480758
-11250.0
11250.0
11250.0
11250.0
11250.0
11250.0
-11250.0
-11250.0
-11250.0
-11250.0
-11250.0
11250.0
11250.0
11250.0
11250.0
11250.0
11250.0
-11250.0
-11250.0
-11250.0
-11250.0
-11250.0
11250.0
11250.0
11250.0
11250.0
11250.0
-11250.0
-11250.0
-11250.0
-11250.0
11250.0
11250.0
11250.0
11250.0
11250.0
-11250.0
-11250.0
-11250.0
11250.0
11250.0
11250.0
11250.0
-11250.0
-11250.0
-10433.251074669643
11250.0
11250.0
11250.0
11250.0
-11250.0
-11250.0
11250.0
11250.0
-11250.0
-11250.0
-11250.0
-10925.61073287946
-9696.298323442988
-10256.31658849739
-9713.610020992353
-11250.0
11250.0
11250.0
11250.0
11250.0
11250.0
11250.0
11250.0
11250.0
-11018.89850117594
-11250.0
-11250.0
-11250.0
-11250.0
-11250.0
-11250.0
11250.0
11250.0
11250.0
11250.0
11250.0
11250.0
11250.0
11250.0
-9415.98569969357
-9691.078312041926
-10408.551835507493
-11250.0
11250.0
11250.0
11250.0
11250.0
11250.0
-11250.0
11250.0
-11250.0
11250.0
-10758.055235903339
11250.0
11250.0
-11250.0
-11250.0
-11250.0
-11250.0
-9554.013611461178
11250.0
11250.0
11250.0
11250.0
-11250.0
11250.0
11250.0
-11250.0
-11250.0
-11250.0
-11250.0
11250.0
11250.0
11250.0
11250.0
11250.0
-11250.0
-11250.0
-11250.0
11250.0
11250.0
11250.0
11250.0
-9330.130340855547
-8908.34500995174
-8948.568654270472
-8612.972561732277
-8857.29083048477
-9617.8326975015
-11250.0
11250.0
11250.0
11250.0
11250.0
11250.0
11250.0
11250.0
-11250.0
-11250.0
-10795.631687097004
-11250.0
11250.0
11250.0
11250.0
11250.0
-11250.0
-11250.0
-11250.0
-11250.0
-11250.0
11250.0
11250.0
11250.0
11250.0
11250.0
-11250.0
-11250.0
11250.0
11250.0
11250.0
11250.0
-11250.0
-11250.0
-11250.0
-11250.0
11250.0
11250.0