Demand
11250.0
11250.0
11250.0
11250.0
11250.0
11250.0
11250.0
11250.0
11250.0
11250.0
11250.0
11250.0
11250.0
11250.0
11250.0
11250.0
11250.0
11250.0
11250.0
11250.0
-11250.0
-11250.0
-11250.0
11250.0
11250.0
11250.0
11250.0
11250.0
11250.0
11250.0
11250.0
11250.0
-11250.0
-11250.0
11250.0
11250.0
11250.0
11250.0
11250.0
11250.0
-11250.0
-11250.0
-11250.0
11250.0
11250.0
11250.0
11250.0
11250.0
-11250.0
-11250.0
-11250.0
-11250.0
-9505.497619587404
11250.0
11250.0
11250.0
11250.0
11250.0
11250.0
-11250.0
-11250.0
-11250.0
11250.0
11250.0
11250.0
-9143.464126839284
-9418.16454196471
-8932.078017318625
-8903.09705080267
-4851.072648681982
11250.0
11250.0
11250.0
11250.0
11250.0
-9859.253569492139
-7963.753947013779
-7916.665181554512
-7461.016656146465
-5963.390659259152
-4953.8397113112715
-2378.363301574993
4904.8144331493095
11250.0
11250.0
11250.0
8494.977835827729
11250.0
-10504.704891895519
-10702.301862713957
-11250.0
-11250.0
-11250.0
-11250.0
-11250.0
11250.0
11250.0
11250.0
11250.0
11250.0
11250.0
11250.0
-10437.825946120913
-10926.921134411321
-11250.0
-11250.0
11250.0
11250.0
11250.0
11250.0
11250.0
11250.0
-11250.0
-11250.0
-11250.0
-11250.0
11250.0
11250.0
11250.0
11250.0
11250.0
-11250.0
-11250.0
-10050.607879047657
-9861.521715414245
-9116.20397084926
-7758.688960598614
-8262.123179444457
-11250.0
11250.0
11250.0
11250.0
11250.0
11250.0
11250.0
11250.0
-11250.0
11250.0
11250.0
-10514.455176579042
-10398.79019602477
-10540.351677720017
-11250.0
-11250.0
11250.0
11250.0
11250.0
11250.0
11250.0
-8187.089880294021
-8337.395172840952
-7967.331609365156
-8106.393946573189
-6180.753484367338
11250.0
11250.0
11250.0
11250.0
11250.0
-11250.0
-11000.058824978452
-10972.92768710753
-11250.0
-11250.0
-11250.0
-11250.0
11250.0
11250.0
11250.0
11250.0
11250.0
11250.0
11250.0
11250.0
-10525.499529239463
-10971.743163603907
-11250.0
-11250.0
-11250.0
11250.0
11250.0
11250.0
11250.0
11250.0
-11250.0
-11250.0
-11250.0
-11250.0
-11250.0
-11250.0
-11250.0
11250.0
11250.0
11250.0
11250.0
11250.0
11250.0
11250.0
11250.0
-11250.0
11250.0
-11250.0
-11250.0
-11250.0
-11250.0
-11250.0
-11250.0
-11250.0
11250.0
11250.0
11250.0
11250.0
11250.0
11250.0
11250.0
11250.0
11250.0
-10766.451804695545
-10984.268247624073
-11250.0
-9803.986158187807
-8933.732105136936
-7781.908985538602
-4404.254520632969
11250.0
11250.0
11250.0
11250.0
11250.0
11250.0
11250.0
-11250.0
-11250.0
-11250.0
-11250.0
-10849.343955014057
-9595.158844413178
-10269.967203086988
11250.0
11250.0
11250.0
11250.0
11250.0
11250.0
11250.0
11250.0
-5860.985126392316
-4766.34360840531
-3336.7754901503354
-2840.4058209546656
677.793432372684
6490.963370780783
7107.250930016927
7029.1982270976805
10813.998712227582
-6590.909090909091
-12.555505425876618
567.7797231651766
2314.8838198008725
2334.3526989815327
2355.7024399297934
4409.537307073261
3320.7955900447964
1972.0187668241551
1055.7050708442257
-4772.727272727273
1357.7219515742
810.5551151313812
1275.7382636451184
2397.8152681408583
2143.298208567754
1184.872956180804
-5681.818181818182
165.44117647058647
2105.1829770413997
3504.8444659367415
-3750.0000000000005
2659.090909090908
1082.2147651007017
11250.0
-3252.5065721098013
-3972.283452990057
-4649.3883202468205
-2296.6284318089693
-1491.6709112949775
-2687.3894273580026
-2992.715629282169
967.0456872882496
6081.717222945104
8834.069346872573
2682.669440623714
8359.930359552589
-7727.272727272728
-1408.702476456232
-1969.903191455638
-2270.2873855713933
1013.0750303665973
3859.3857684587006
4671.948090087793
11250.0
549.0436892553626
11250.0
-7505.109986373369
-8549.298946119477
-8824.76097597503
-7311.265587816499
-4089.3451461729437
-51.01074587552466
7258.283605117407
7410.146346045225
6960.347070093892
8636.74937170163
8829.081527568822
11250.0
-9318.18181818182
-5438.180480627759
-5229.468038445357
-4527.148428143437
-4260.975846865356
-3545.6382511141624
-1650.5279851648738
2245.4899993868075
11250.0
11250.0
-11250.0
11250.0
11250.0
-11250.0
-11250.0
-11250.0
-11250.0
11250.0
11250.0
11250.0
11250.0
11250.0
11250.0
-11250.0
-11250.0
-10929.044461853391
-10010.76562039271
-9983.200748721396
-9065.74662269625
11250.0
11250.0
11250.0
11250.0
11250.0
11250.0
-11250.0
-11250.0
-11250.0
-11250.0
-11250.0
11250.0
11250.0
11250.0
11250.0
11250.0
11250.0
11250.0
-11250.0
-11250.0
-10938.398461226967
-10881.275754597758
-11250.0
-11250.0
-11250.0
11250.0
11250.0
11250.0
11250.0
11250.0
11250.0
11250.0
11250.0
-11250.0
-11250.0
-11250.0
-11250.0
-11250.0
-11250.0
11250.0
11250.0
11250.0
11250.0
11250.0
11250.0
-10477.120824769248
-10644.778238801573
-11250.0
-11250.0
-11250.0
11250.0
11250.0
11250.0
11250.0
11250.0
-11250.0
-11250.0
11250.0
11250.0
11250.0
11250.0
11250.0
-11250.0
-11250.0
-11250.0
11250.0
11250.0
11250.0
-10421.154674709178
-9882.820246142557
-10267.588057786266
-11250.0
11250.0
11250.0
11250.0
11250.0
11250.0
-11250.0
-11250.0
-11250.0
-11250.0
-11250.0
11250.0
11250.0
11250.0
11250.0
11250.0
11250.0
-11250.0
-11250.0
-11250.0
-11250.0
-1751.1883674562105
11250.0
11250.0
11250.0
11250.0
11250.0
11250.0
-11250.0
-11250.0
-11250.0
-11250.0
-11250.0
-11250.0
-9432.324357157326
11250.0
11250.0
11250.0
11250.0
11250.0
11250.0
11250.0
-11250.0
-11250.0
-11250.0
-11250.0
-8399.69838078104
11250.0
11250.0
11250.0
11250.0
11250.0
11250.0
11250.0
-11250.0
-11250.0
-11250.0
-11250.0
11250.0
11250.0
11250.0
11250.0
11250.0
-11250.0
-11250.0
-11250.0
-11250.0
-10826.872319366543
-10674.041798016173
-8177.5008600930005
2203.0290385450426
11250.0
11250.0
11250.0
11250.0
11250.0
11250.0
11250.0
11250.0
-11250.0
-11250.0
-11250.0
-11250.0
-11250.0
-11250.0
-11250.0
-10140.784162982898
11250.0
11250.0
11250.0
11250.0
11250.0
11250.0
11250.0
11250.0
11250.0
-10993.380244113923
-11250.0
-11250.0
-11250.0
-11250.0
-11250.0
11250.0
11250.0
11250.0
11250.0
11250.0
11250.0
11250.0
-11250.0
11250.0
-11250.0
-11250.0
-11250.0
11250.0
11250.0
11250.0
11250.0
-11250.0
-11250.0
-10693.790713593731
-11250.0
11250.0
11250.0
11250.0
11250.0
11250.0
-11250.0
-11250.0
-11250.0
-11250.0
-11250.0
-11250.0
-11250.0
-11250.0
11250.0
11250.0
11250.0
11250.0
11250.0
11250.0
11250.0
11250.0
11250.0
-11250.0
-11250.0
-11250.0
-11250.0
-11250.0
-11250.0
11250.0
11250.0
11250.0
11250.0
11250.0
11250.0
11250.0
11250.0
-10908.091175686484
11250.0
11250.0
-11250.0
-11250.0
-11250.0
-11250.0
-11250.0
11250.0
11250.0
11250.0
11250.0
11250.0
11250.0
-11250.0
-11250.0
-11250.0
-11250.0
-11250.0
-11250.0
-11250.0
11250.0
11250.0
11250.0
11250.0
11250.0
11250.0
11250.0
11250.0
-11250.0
-11250.0
-10893.180079293317
-11250.0
-11250.0
11250.0
11250.0
11250.0
11250.0
11250.0
11250.0
-11250.0
11250.0
11250.0
-11250.0
-10987.555635135828
-11250.0
-11250.0
-11250.0
-11250.0
-11250.0
11250.0
11250.0
11250.0
11250.0
11250.0
11250.0
11250.0
-10233.548034028296
-10676.693863260942
-10565.83914126928
-11250.0
-11250.0
-11250.0
11250.0
11250.0
11250.0
11250.0
11250.0
11250.0
-10961.241258548856
-11250.0
-11250.0
-11250.0
11250.0
11250.0
11250.0
11250.0
11250.0
11250.0
11250.0
-9536.970151287995
-9130.948508877547
-8622.732395489154
-8610.124085313124
-8512.136892126964
-8727.323043704204
-9653.964649560989
-11250.0
11250.0
11250.0
11250.0
11250.0
11250.0
11250.0
11250.0
-11250.0
11250.0
11250.0
-11250.0
-11250.0
-11250.0
-11250.0
-11250.0
-11250.0
11250.0
11250.0
11250.0
11250.0
11250.0
11250.0
11250.0
-11250.0
-11250.0
-11250.0
-11250.0
-11250.0
-11250.0
-11250.0
11250.0
11250.0
11250.0
11250.0
11250.0
11250.0
11250.0
-11250.0
-9075.376062786137
-8650.989377263693
-7360.958061340676
-4385.417403336449
4424.200041048762
11250.0
11250.0
11250.0
-11250.0
11250.0
11250.0
-11250.0
-11250.0
11250.0
11250.0
11250.0
-11250.0
-11250.0
-10947.395405633368
-11250.0
-11250.0
-11250.0
-11250.0
11250.0
11250.0
11250.0
11250.0
11250.0
11250.0
11250.0
11250.0
11250.0
-11250.0
-11250.0
-11250.0
-11250.0
-11250.0
-11250.0
-11250.0
-11250.0
11250.0
11250.0
11250.0
11250.0
11250.0
11250.0