Demand
-11250.0
-11250.0
-11250.0
-11250.0
-11250.0
-11250.0
11250.0
11250.0
11250.0
11250.0
11250.0
11250.0
11250.0
-11250.0
-11250.0
-11250.0
11250.0
11250.0
11250.0
11250.0
-11250.0
-11250.0
-11250.0
11250.0
11250.0
11250.0
11250.0
-11250.0
-10998.430757159673
-10964.48090809516
-11250.0
-11250.0
-11250.0
11250.0
11250.0
11250.0
11250.0
11250.0
11250.0
11250.0
-11250.0
-11250.0
-11250.0
-11250.0
11250.0
11250.0
11250.0
11250.0
11250.0
-11250.0
-11250.0
-11250.0
11250.0
-11250.0
11250.0
11250.0
11250.0
11250.0
-11250.0
11250.0
11250.0
11250.0
-11250.0
-10701.152411811461
-8768.119587355428
-6851.17798626763
667.934509395739
11250.0
11250.0
11250.0
11250.0
-11250.0
-10159.68601224212
-7535.24751382833
11250.0
11250.0
11250.0
11250.0
-8442.459714198849
-7716.958720428953
-7655.893032676868
-7496.874403994526
-7892.402512082613
-7739.241586730335
-6655.95637370085
11250.0
11250.0
11250.0
11250.0
11250.0
11250.0
-11250.0
-11250.0
-11250.0
-11250.0
-11250.0
-11250.0
-11250.0
11250.0
11250.0
11250.0
11250.0
11250.0
11250.0
11250.0
11250.0
11250.0
-11250.0
-11250.0
-11250.0
-11250.0
-11250.0
-11250.0
-11250.0
-11250.0
11250.0
11250.0
11250.0
11250.0
11250.0
11250.0
11250.0
11250.0
11250.0
-10242.590071219107
-9881.547849235383
-9431.30523874662
-10215.49382380288
-11250.0
-11250.0
-11250.0
-11250.0
11250.0
11250.0
11250.0
11250.0
11250.0
11250.0
11250.0
11250.0
-10432.048623048351
-10630.845138166176
-11250.0
-11250.0
-11250.0
-11250.0
11250.0
11250.0
11250.0
11250.0
11250.0
11250.0
11250.0
11250.0
11250.0
-11250.0
-11250.0
-11250.0
-11250.0
-11250.0
-10509.152285363569
-8190.819255181724
11250.0
11250.0
11250.0
11250.0
11250.0
11250.0
11250.0
-11250.0
-11250.0
-11250.0
-9151.957864806147
-7400.082338445427
11250.0
11250.0
11250.0
11250.0
11250.0
11250.0
11250.0
-11250.0
-11250.0
-11250.0
-11250.0
11250.0
11250.0
11250.0
11250.0
11250.0
11250.0
11250.0
11250.0
-11250.0
-11250.0
-10916.645006173243
-9880.031480659221
-8702.095610161781
11250.0
11250.0
11250.0
11250.0
11250.0
11250.0
-11250.0
-11250.0
-11250.0
-11250.0
-11250.0
-9634.421583035903
-6058.2271848314485
11250.0
11250.0
11250.0
6648.291797792786
11250.0
-1423.8801555953905
11250.0
11250.0
11250.0
-10304.029135165041
-9871.920288659247
-9499.36533957355
-9033.033216320218
-3899.864604413095
11250.0
11250.0
11250.0
11250.0
-11250.0
-11250.0
11250.0
11250.0
-11250.0
-11250.0
11250.0
11250.0
11250.0
11250.0
-11250.0
-11250.0
-11250.0
-11250.0
11250.0
11250.0
11250.0
11250.0
-5234.766915453325
-4172.05364823572
-4106.351195335141
-2035.326003053524
1116.8272419175682
2911.8044078615576
5119.492903357507
10643.370141119043
6212.634284799329
3792.7203024889013
11250.0
1232.39801201077
1305.1330093615452
1387.3110328274215
3378.2264760071084
2795.3745174936303
1920.9409496409016
1571.529861174462
-4772.727272727273
11250.0
1228.1085814360758
1699.0068452589485
2834.885876169621
2513.637891640481
1471.3243632249923
106.02585574078239
-567.6319836855037
1287.8505259100548
2582.8614303452177
-3750.0000000000005
6136.363636363636
-5681.818181818182
-1138.304862023655
-2713.3947524792857
-3427.332100038571
-4074.2034171179657
-1331.211511227446
-279.9842856475316
-1474.5998436391656
-1421.3983998188214
4742.632054850854
10414.163605907124
6552.807896623348
2113.690883763773
11250.0
-3962.088623837515
-3264.473730416385
-4024.718752479277
-4757.025796014068
-3539.0623818428467
-3053.0615701575025
-3688.3009667913193
-3504.3643464543657
-1752.5269623625572
-1137.4513667816027
-568.6356513035589
5422.396437723586
11250.0
11250.0
11250.0
-9090.909090909092
3838.2352941176346
11250.0
-8977.272727272728
-5483.363309352524
-3746.479878554077
5640.183645641512
11250.0
9685.898220334982
-8977.272727272728
-6086.003690965525
-6262.007692440846
-6378.810845320324
-6394.764113705644
-7050.591503495463
-7718.432882513
-8567.819867710776
11250.0
11250.0
11250.0
11250.0
11250.0
11250.0
-11250.0
-11250.0
-11250.0
-11250.0
-11250.0
11250.0
11250.0
11250.0
11250.0
11250.0
-10516.72384219554
-10716.819625838336
-10951.288330019335
-11250.0
-11250.0
-11250.0
-11250.0
11250.0
11250.0
11250.0
11250.0
11250.0
11250.0
11250.0
11250.0
-11250.0
11250.0
-11250.0
-11250.0
-11250.0
-11250.0
-11250.0
11250.0
11250.0
11250.0
11250.0
11250.0
11250.0
-11250.0
-11250.0
-11250.0
-11250.0
-11250.0
-11250.0
-11250.0
-11250.0
11250.0
11250.0
11250.0
11250.0
11250.0
11250.0
11250.0
11250.0
11250.0
-11250.0
-11250.0
-10607.625845229151
-9891.036793349209
-9240.71603347642
11250.0
11250.0
11250.0
11250.0
11250.0
-11250.0
-11250.0
11250.0
11250.0
11250.0
11250.0
-11250.0
-11250.0
-11250.0
-11250.0
11250.0
11250.0
11250.0
11250.0
11250.0
-11006.776527004513
-10451.725277522084
-10060.926851978304
-10563.200431567522
-11250.0
-11250.0
-11250.0
11250.0
11250.0
11250.0
11250.0
11250.0
11250.0
11250.0
11250.0
-11250.0
-11250.0
-11250.0
-11250.0
-11250.0
-11250.0
11250.0
11250.0
11250.0
11250.0
11250.0
11250.0
-11250.0
-11250.0
-11250.0
-11250.0
-11250.0
-11250.0
-11250.0
11250.0
11250.0
11250.0
11250.0
11250.0
11250.0
11250.0
11250.0
11250.0
-11250.0
-11250.0
-11250.0
-11250.0
-11250.0
-11250.0
-11250.0
-4718.973972086023
11250.0
11250.0
11250.0
11250.0
11250.0
11250.0
11250.0
11250.0
11250.0
-11250.0
-11250.0
-11250.0
-11250.0
11250.0
11250.0
11250.0
11250.0
11250.0
-11250.0
-11250.0
-10956.258469642893
-10908.035984990416
-9973.451689550468
-10065.800805042803
-10084.379777633447
11250.0
11250.0
11250.0
11250.0
11250.0
11250.0
11250.0
11250.0
-11250.0
-11250.0
-11250.0
-11250.0
11250.0
11250.0
11250.0
11250.0
11250.0
-11250.0
-11250.0
-11250.0
-11250.0
-11250.0
-11250.0
-11250.0
11250.0
11250.0
11250.0
11250.0
11250.0
11250.0
11250.0
11250.0
11250.0
-11250.0
-11250.0
-11250.0
11250.0
11250.0
11250.0
11250.0
-11250.0
-11250.0
-11250.0
-11250.0
11250.0
11250.0
11250.0
11250.0
11250.0
-11250.0
-11250.0
-11250.0
-11250.0
-11250.0
-11250.0
-11250.0
-11250.0
11250.0
11250.0
11250.0
11250.0
11250.0
11250.0
11250.0
11250.0
11250.0
-11250.0
-11250.0
-11250.0
-11250.0
-11250.0
-8808.305568776777
11250.0
11250.0
11250.0
11250.0
11250.0
11250.0
11250.0
11250.0
-11250.0
-11250.0
-11250.0
-11250.0
-10523.253460697808
-11250.0
11250.0
11250.0
11250.0
11250.0
11250.0
11250.0
-11250.0
-11250.0
-11250.0
-11250.0
-11250.0
-11250.0
-11250.0
11250.0
11250.0
11250.0
11250.0
11250.0
11250.0
11250.0
11250.0
11250.0
-11250.0
-11250.0
11250.0
11250.0
11250.0
-11250.0
11250.0
11250.0
-11250.0
-10914.75457449898
-11250.0
-11250.0
-11250.0
11250.0
11250.0
11250.0
11250.0
11250.0
11250.0
-11250.0
-11250.0
-11250.0
-10717.40473104236
-11250.0
11250.0
11250.0
11250.0
11250.0
11250.0
11250.0
11250.0
-11250.0
-11250.0
-11250.0
-10897.495361781075
-9516.34966434495
-10091.118751358696
-9230.087021352094
-11250.0
11250.0
11250.0
11250.0
11250.0
11250.0
11250.0
11250.0
11250.0
-10922.696344681357
-11250.0
11250.0
11250.0
11250.0
11250.0
-11250.0
-11250.0
-10894.268774703563
-10237.562884292907
-4612.8254083629145
11250.0
11250.0
11250.0
11250.0
11250.0
11250.0
-10793.675502579612
-11250.0
-11250.0
-11250.0
-11250.0
-11250.0
-11250.0
-11250.0
11250.0
11250.0
11250.0
11250.0
11250.0
11250.0
11250.0
11250.0
11250.0
-11250.0
-10720.260223048328
-9731.950928194987
-9794.321617928454
-10280.307116106593
-10383.59122108348
11250.0
11250.0
11250.0
11250.0
11250.0
11250.0
11250.0
-11250.0
11250.0
11250.0
11250.0
-11250.0
-11250.0
-11250.0
-11250.0
11250.0
11250.0
11250.0
11250.0
-8912.337662337664
-8017.915309446256
-7235.335677982726
-2786.8052022863158
11250.0
11250.0
11250.0
11250.0
11250.0
-11250.0
-11250.0
-11250.0
-11250.0
11250.0
11250.0
11250.0
11250.0
11250.0
11250.0
-11250.0
11250.0
-11250.0
-11250.0
-11250.0
-11250.0
-11250.0
11250.0
11250.0
11250.0
11250.0
11250.0
11250.0
11250.0
-11250.0
-11250.0
-11250.0
-11250.0
11250.0
11250.0
11250.0
11250.0
11250.0
11250.0
-11021.837751289808