Demand
11250.0
11250.0
11250.0
11250.0
11250.0
11250.0
11250.0
11250.0
11250.0
11250.0
11250.0
11250.0
11250.0
11250.0
11250.0
11250.0
-11250.0
-11250.0
-11250.0
11250.0
11250.0
11250.0
11250.0
11250.0
11250.0
-11250.0
-11250.0
-11250.0
-10584.400138396337
-718.1068013508284
11250.0
11250.0
11250.0
11250.0
11250.0
-11250.0
11250.0
11250.0
-11250.0
-11250.0
-11250.0
-11250.0
-11250.0
-11250.0
-11250.0
11250.0
11250.0
11250.0
11250.0
11250.0
11250.0
11250.0
-10718.02627030764
-11250.0
-11250.0
-11250.0
-11250.0
-11250.0
11250.0
11250.0
11250.0
11250.0
11250.0
11250.0
11250.0
-7790.701225980771
11250.0
11250.0
-10332.563338301046
-10497.923375961542
-10967.295733693682
-11250.0
-9907.95996460651
-7607.243602239717
4873.026887760044
11250.0
11250.0
11250.0
11250.0
11250.0
11250.0
-8359.31630353118
-8952.16096032249
-9322.746420283129
-9731.426635905169
-9515.758768335516
-8757.133377177954
-9105.289043822275
-8724.121943449638
-5689.136734845142
11250.0
11250.0
11250.0
11250.0
11250.0
11250.0
11250.0
11250.0
-10756.41889105754
-9899.247084511651
-9744.338888756745
-10206.966505991539
-9959.479118510691
-10648.040198333281
-11250.0
11250.0
11250.0
11250.0
11250.0
11250.0
11250.0
11250.0
11250.0
-11250.0
-11250.0
-11250.0
11250.0
11250.0
11250.0
11250.0
11250.0
-11250.0
-11250.0
-9525.46463045671
-8290.961326719367
11250.0
11250.0
7978.502987282344
11250.0
11250.0
11250.0
-11250.0
-11250.0
-11250.0
-11250.0
-11250.0
-11250.0
-11250.0
-5371.466768525593
11250.0
11250.0
11250.0
11250.0
11250.0
11250.0
11250.0
11250.0
11250.0
-9042.237068612183
-8339.64063410481
-8645.90237455531
-8638.072297135514
-9320.47735732907
-10242.601369748354
-11250.0
-11250.0
11250.0
11250.0
11250.0
11250.0
11250.0
11250.0
11250.0
-11250.0
11250.0
11250.0
-11250.0
-11250.0
-11250.0
-11250.0
-11250.0
-11250.0
-3331.451699742147
11250.0
11250.0
11250.0
11250.0
11250.0
11250.0
11250.0
11250.0
-11250.0
-11250.0
11250.0
11250.0
11250.0
-11250.0
-11250.0
-11250.0
-11250.0
11250.0
11250.0
11250.0
11250.0
-11250.0
-10952.399014690396
-10221.400538394897
-10009.461120250991
-10703.149434798892
-11250.0
-11250.0
11250.0
11250.0
11250.0
11250.0
11250.0
11250.0
11250.0
11250.0
-10504.637584793032
-9630.405519113101
-7977.559692565476
-7269.698494653639
-5927.708276683577
-5398.496243720048
-4946.315029658821
-6127.563514733061
-5810.957813890887
11250.0
11250.0
11250.0
11250.0
11250.0
11250.0
11250.0
-11250.0
-11250.0
-11250.0
-11250.0
11250.0
11250.0
11250.0
11250.0
-11250.0
11250.0
11250.0
11250.0
-11003.507591773978
-11250.0
-11250.0
-11250.0
-11250.0
-11250.0
2430.9365787650704
11250.0
11250.0
11250.0
11250.0
11250.0
11250.0
11250.0
-7840.909090909091
3942.4975320829285
11250.0
-7159.09090909091
-821.1027370091269
-459.8380668977643
276.61956573487987
2249.068468336356
2299.194641826143
2361.8192769084653
4495.749698313957
-5113.636363636364
2014.544456641046
2082.0057752174016
2558.6309357071004
917.8256249842816
292.8127026286493
711.9777648946219
-4772.727272727273
11250.0
-5113.636363636364
948.1975736568447
204.03685088872862
2030.8590582029437
3654.2200645400285
4726.000730622709
591.9960517567097
82.1347330151666
-1754.2405430621147
-3134.7683350230927
-3562.372616148892
-3669.0450374466377
1307.7402170952773
5771.039105739121
3867.37623782618
11250.0
-3772.9182582123813
-1951.7885649867985
-5.2123667368759925
-1054.7262918797005
-1536.8796809702635
205.56286096888743
3080.7815669298734
3211.748546581994
6159.34590439993
11250.0
-8068.181818181819
-5352.9540311089295
-5620.882024730112
-5060.710742522255
-5553.999013898563
-6643.336010741234
-7820.596207133181
-8000.190057351266
-5456.413535075615
878.33636527417
9219.96542310241
11250.0
8036.893290540175
6740.977651881771
8875.63943757485
8128.676722500393
11250.0
-9318.18181818182
-5996.781654034775
-5967.624960886351
-5601.117536826088
-5734.006736002931
-5780.473000208268
-5672.848814067776
-6241.6940918938935
-6650.924042395101
-5618.891046386914
11250.0
11250.0
11250.0
11250.0
11250.0
11250.0
-11250.0
-11250.0
-11250.0
-11250.0
-11250.0
-11250.0
11250.0
11250.0
11250.0
11250.0
11250.0
11250.0
11250.0
-11250.0
-11250.0
-11250.0
-11250.0
11250.0
11250.0
11250.0
11250.0
11250.0
-11250.0
-11250.0
-11250.0
-11250.0
11250.0
11250.0
11250.0
11250.0
11250.0
11250.0
-11250.0
-10992.955923371137
-10960.413020098276
-11250.0
-11250.0
-11250.0
-11250.0
11250.0
11250.0
11250.0
11250.0
11250.0
11250.0
11250.0
-11250.0
-11250.0
-11250.0
-11250.0
-11250.0
-11250.0
-11250.0
11250.0
11250.0
11250.0
11250.0
11250.0
11250.0
11250.0
-11250.0
-11250.0
-11250.0
-11250.0
-11250.0
-11250.0
11250.0
11250.0
11250.0
11250.0
11250.0
11250.0
11250.0
11250.0
-11250.0
-11250.0
-11250.0
11250.0
11250.0
11250.0
11250.0
-10492.21321853634
-10141.752813538646
-10627.502763466036
-11250.0
-11250.0
-11250.0
-11250.0
11250.0
11250.0
11250.0
11250.0
11250.0
11250.0
11250.0
11250.0
-11250.0
-11250.0
-11250.0
-11250.0
-11250.0
-11250.0
11250.0
11250.0
11250.0
11250.0
11250.0
11250.0
-11250.0
-11250.0
-11250.0
-11250.0
-11250.0
-11250.0
-11250.0
11250.0
11250.0
11250.0
11250.0
11250.0
11250.0
11250.0
11250.0
11250.0
-11250.0
-11250.0
-11250.0
-11250.0
11250.0
11250.0
11250.0
11250.0
11250.0
-11250.0
-11250.0
-11250.0
-11250.0
-11250.0
-11250.0
-11250.0
11250.0
11250.0
11250.0
11250.0
11250.0
11250.0
11250.0
11250.0
-11250.0
-11250.0
-11250.0
-10897.169407593083
-10775.109484802393
-8698.893787900142
11250.0
391.73871626803884
11250.0
11250.0
11250.0
11250.0
11250.0
-11250.0
-11250.0
-11250.0
-11250.0
-11250.0
-11250.0
11250.0
11250.0
11250.0
11250.0
11250.0
11250.0
11250.0
-11250.0
-11250.0
-11250.0
-11250.0
-11250.0
-11250.0
-5292.800265428074
11250.0
11250.0
11250.0
11250.0
11250.0
11250.0
11250.0
-11250.0
-11250.0
-11250.0
-11250.0
-11250.0
11250.0
11250.0
11250.0
11250.0
11250.0
-11250.0
-11250.0
-11250.0
-11250.0
-11250.0
-11250.0
-10227.918559113834
-11250.0
11250.0
11250.0
11250.0
11250.0
11250.0
11250.0
11250.0
11250.0
-11250.0
-11250.0
-11250.0
-11250.0
-11250.0
11250.0
11250.0
11250.0
11250.0
11250.0
11250.0
11250.0
-11250.0
-10718.315072549602
-11250.0
-11250.0
-11250.0
11250.0
11250.0
11250.0
11250.0
-11250.0
-11250.0
-11250.0
11250.0
11250.0
11250.0
11250.0
-11001.609687017033
-11250.0
-11250.0
-11250.0
-11250.0
-11250.0
11250.0
11250.0
11250.0
11250.0
11250.0
11250.0
-11250.0
-11250.0
-11250.0
-11250.0
-11250.0
-11250.0
11250.0
11250.0
11250.0
11250.0
11250.0
11250.0
11250.0
11250.0
11250.0
-11250.0
-11250.0
-11250.0
-11250.0
-10409.488811909
11250.0
11250.0
11250.0
11250.0
11250.0
11250.0
11250.0
-11250.0
-11250.0
-11250.0
-11250.0
-11250.0
-10509.152285363569
-11250.0
11250.0
11250.0
11250.0
11250.0
11250.0
11250.0
11250.0
-11250.0
-11250.0
-11250.0
-10648.544167845575
-5338.2071682557325
11250.0
11250.0
11250.0
11250.0
11250.0
11250.0
11250.0
-11250.0
-11250.0
-11250.0
-11250.0
-10873.089733542325
-11250.0
-11250.0
-11250.0
11250.0
11250.0
11250.0
11250.0
11250.0
11250.0
11250.0
11250.0
11250.0
-9024.725274725279
-9061.76942088037
-9048.362109847269
-9315.403381272292
-10141.772665897981
-11250.0
11250.0
11250.0
11250.0
11250.0
11250.0
11250.0
-11250.0
-11250.0
-10752.345140654073
-8475.61733856046
11250.0
11250.0
11250.0
11250.0
-11250.0
-11250.0
-10614.166775246355
-9225.502737578357
-8866.97970467453
-8158.66713952236
11250.0
11250.0
11250.0
11250.0
11250.0
11250.0
-11250.0
-11250.0
11250.0
11250.0
-11250.0
-11250.0
-11250.0
11250.0
11250.0
11250.0
11250.0
11250.0
-9504.110132092686
-9341.137029976486
-8802.280479454956
-8048.196960673519
-7748.296773992351
-6376.0293370472755
-4516.254285205643
11250.0
-11250.0
11250.0
11250.0
11250.0
11250.0
11250.0
-11250.0
-11250.0
-11250.0
11250.0
11250.0
11250.0
11250.0
11250.0
-11250.0
-11250.0
-11250.0
-11250.0
-11250.0
11250.0
11250.0
11250.0
11250.0
11250.0
11250.0
11250.0
11250.0
11250.0
-11250.0
-11250.0
-11250.0
-11250.0
-11250.0
-11250.0
11250.0
11250.0
11250.0
11250.0