Demand
-11250.0
-11250.0
-11250.0
-11250.0
-11250.0
-11250.0
11250.0
11250.0
11250.0
11250.0
11250.0
11250.0
11250.0
11250.0
11250.0
11250.0
-11250.0
-11250.0
-11250.0
11250.0
11250.0
11250.0
11250.0
-11250.0
-11250.0
-11250.0
11250.0
11250.0
11250.0
11250.0
-11250.0
-11250.0
-11250.0
-11250.0
-11250.0
11250.0
11250.0
11250.0
11250.0
11250.0
11250.0
-11250.0
-11250.0
11250.0
11250.0
11250.0
11250.0
-11250.0
-11250.0
-11250.0
-11250.0
-11250.0
-7189.620081411144
11250.0
11250.0
11250.0
11250.0
11250.0
11250.0
11250.0
-11250.0
-11250.0
11250.0
11250.0
-9438.77859823266
-9004.625410284283
-9391.02071875384
-9125.202186758215
-9552.247031197916
-9562.769663000126
-10316.439785318984
-11250.0
11250.0
11250.0
11250.0
11250.0
11250.0
11250.0
11250.0
11250.0
-7719.038971256195
-7714.592366423993
-8307.844115935633
-8600.17166368934
-8902.015937302134
-7895.092400668284
-3149.18227940314
11250.0
11250.0
11250.0
-11250.0
11250.0
11250.0
11250.0
11250.0
11250.0
11250.0
-11250.0
-10674.560214281628
-9531.201974470347
-9034.341988630691
-9174.879880684144
-2805.237376225681
11250.0
11250.0
11250.0
11250.0
11250.0
11250.0
-11250.0
-11250.0
-11250.0
-11250.0
11250.0
11250.0
11250.0
11250.0
11250.0
-11250.0
-11250.0
11250.0
11250.0
11250.0
-10324.879275452342
-10199.981900574101
-9665.31001743539
-8661.213384250299
-8798.471605343824
11250.0
11250.0
11250.0
11250.0
11250.0
-11250.0
-11250.0
-11250.0
-11250.0
-11250.0
2701.048951048904
11250.0
11250.0
11250.0
11250.0
11250.0
11250.0
11250.0
-11250.0
-9518.88034014983
-8197.624544654085
-6601.423707692884
-5977.432113746198
-2038.3572139985063
11250.0
11250.0
-11250.0
11250.0
11250.0
11250.0
-11250.0
-11250.0
-10836.469590704011
-10526.162148692572
11250.0
11250.0
11250.0
11250.0
11250.0
11250.0
-11250.0
-11250.0
-11250.0
-11250.0
-9105.799373040754
-7228.512212866725
11250.0
11250.0
11250.0
11250.0
11250.0
11250.0
11250.0
-11250.0
-11250.0
11250.0
11250.0
11250.0
-11250.0
-11250.0
-11250.0
-11250.0
-11250.0
-11250.0
-11250.0
-11250.0
11250.0
11250.0
11250.0
11250.0
11250.0
11250.0
11250.0
11250.0
-11250.0
-11250.0
11250.0
11250.0
11250.0
-11250.0
-11250.0
-9561.907686907689
11250.0
11250.0
11250.0
7516.714757009086
11250.0
-7421.641791044774
-6954.560451279485
11250.0
11250.0
11250.0
-10285.014645419611
-9939.7640516975
-9797.983101505153
-9920.282413984292
-10443.866952926332
-11250.0
-11250.0
11250.0
11250.0
11250.0
11250.0
11250.0
11250.0
11250.0
11250.0
-10983.201581027668
-10263.599782161444
-10783.992349315948
-11250.0
11250.0
11250.0
11250.0
11250.0
11250.0
-6999.264882026044
-6672.748203319166
-5045.137181868811
-3714.839600838152
-1998.5780850510437
-1454.806156497878
2353.494671088055
7527.886538830848
7120.085163791756
7053.457036008622
10729.435479271258
2095.525493927873
11250.0
-1256.4935064935053
201.28354047188895
303.05506245184006
425.47763373961607
2339.9781849527462
1804.770620018976
912.7664191017775
-5113.636363636364
11250.0
2042.2157014727036
1405.3002085235566
1863.8380545169466
2949.174912087903
2426.042727402946
1172.2074412494912
-5681.818181818182
2736.486486486481
5067.492603550241
-4431.818181818182
4968.417086069025
937.4369369608467
427.0261717047324
-1472.2986649478735
-3001.7120369147524
-3706.3865825020457
-4351.238341616281
-1759.5076082143714
-778.8650538421316
-1929.3673351757861
-1925.9403397729711
3782.3834056351616
10017.696357791574
6830.50672016316
1900.1315934770955
11250.0
-2540.799561883903
-1242.1577458524444
-1687.4991912048536
-1734.2215819643352
2649.5688755909378
6644.881481719691
5341.964312821343
11250.0
-8636.363636363638
-5912.44537590297
-6987.337486010074
-8142.2569671831225
-8413.916348911418
-6536.642369238922
-2459.5287511033803
2543.8228049969584
9894.307146635967
7383.234924795465
6697.581552330859
7740.9481333286085
9834.393259979319
8050.970286220029
11250.0
-8863.636363636364
-5859.532616005381
-5331.0512823061645
-5231.385531522305
-4842.574490495706
-3740.4351699352555
-1856.4635426872464
11250.0
11250.0
-11250.0
11250.0
11250.0
-11250.0
11250.0
11250.0
11250.0
-11250.0
-11250.0
-11250.0
-11250.0
-11250.0
-11250.0
11250.0
11250.0
11250.0
11250.0
11250.0
11250.0
11250.0
-11250.0
-11250.0
-11250.0
-11250.0
-11250.0
11250.0
11250.0
11250.0
11250.0
11250.0
11250.0
11250.0
-11250.0
-11250.0
-11250.0
-11250.0
-11250.0
-11250.0
-11250.0
11250.0
11250.0
11250.0
11250.0
11250.0
11250.0
11250.0
11250.0
-11250.0
11250.0
11250.0
11250.0
-11250.0
-11250.0
-11250.0
-11250.0
-11250.0
11250.0
11250.0
11250.0
11250.0
11250.0
11250.0
-11250.0
-10616.353754940716
-10041.226944605587
-10035.524303676735
-11250.0
11250.0
11250.0
11250.0
11250.0
11250.0
11250.0
-11250.0
-11250.0
-11250.0
-11250.0
11250.0
11250.0
11250.0
11250.0
-11250.0
-11250.0
-11250.0
-11250.0
-11250.0
-3279.4833588400165
11250.0
11250.0
11250.0
11250.0
11250.0
11250.0
11250.0
-11250.0
-11250.0
-11250.0
-11250.0
-11250.0
-11250.0
-11250.0
11250.0
11250.0
11250.0
11250.0
11250.0
11250.0
11250.0
11250.0
11250.0
-11250.0
-10476.166532582462
-10677.22261164284
-11250.0
-11250.0
-11250.0
-11250.0
11250.0
11250.0
11250.0
11250.0
11250.0
11250.0
11250.0
11250.0
-10412.221012520415
11250.0
11250.0
11250.0
-11250.0
-11250.0
-11250.0
-11250.0
11250.0
11250.0
11250.0
11250.0
11250.0
-11250.0
-11250.0
-11250.0
-11250.0
-11250.0
-11250.0
11250.0
11250.0
11250.0
11250.0
11250.0
11250.0
11250.0
11250.0
-11250.0
-11250.0
-11250.0
-11250.0
-11250.0
-10717.378213380958
-10366.20552346265
2630.6563148256446
11250.0
11250.0
11250.0
11250.0
11250.0
11250.0
11250.0
11250.0
-11250.0
-11250.0
11250.0
11250.0
-11250.0
-11250.0
-11250.0
11250.0
11250.0
11250.0
-11250.0
-11250.0
-11250.0
-11250.0
-11250.0
-11250.0
-11250.0
11250.0
11250.0
11250.0
11250.0
11250.0
11250.0
11250.0
11250.0
11250.0
-11250.0
-11250.0
-11250.0
-11250.0
-11250.0
-11250.0
-11250.0
11250.0
11250.0
11250.0
11250.0
11250.0
11250.0
11250.0
-11250.0
-11250.0
-10881.915046279693
-11250.0
-11250.0
11250.0
11250.0
11250.0
11250.0
11250.0
11250.0
-11250.0
-11250.0
-11250.0
-11250.0
-11250.0
-11250.0
11250.0
11250.0
11250.0
11250.0
11250.0
11250.0
11250.0
-11250.0
-10683.217448328523
-11250.0
-11250.0
-11250.0
-11250.0
-11250.0
11250.0
11250.0
11250.0
11250.0
11250.0
11250.0
11250.0
11250.0
11250.0
-11021.659010789448
-11250.0
-11250.0
-11250.0
-11250.0
11250.0
11250.0
11250.0
11250.0
11250.0
11250.0
-11250.0
-11250.0
-11250.0
-11250.0
-11250.0
-11250.0
-11250.0
11250.0
11250.0
11250.0
11250.0
11250.0
11250.0
11250.0
11250.0
-11250.0
-11250.0
-11250.0
-11250.0
-11250.0
-10581.378299120239
-11250.0
11250.0
11250.0
11250.0
11250.0
11250.0
11250.0
11250.0
-11250.0
-11250.0
-11250.0
-11250.0
-10795.36399925534
-11250.0
-11250.0
11250.0
11250.0
11250.0
11250.0
11250.0
11250.0
11250.0
11250.0
-11250.0
-10954.459039059799
-9818.69356427154
-10303.906431477197
-9599.38248798647
-11250.0
11250.0
11250.0
11250.0
11250.0
11250.0
11250.0
-11250.0
-11250.0
-10588.274955062687
-11250.0
11250.0
11250.0
11250.0
11250.0
11250.0
-11250.0
-10948.331490689005
-10552.56168317217
-8700.20375496288
-7378.677206041673
-4580.73491940904
4387.841880442507
11250.0
10621.01766718979
3681.1885458609427
11250.0
11250.0
11250.0
11250.0
11250.0
-11250.0
-11250.0
-11250.0
-11250.0
11250.0
11250.0
11250.0
11250.0
11250.0
11250.0
-11250.0
-11250.0
-11250.0
-10152.673796791449
-1502.837440263018
11250.0
11250.0
11250.0
11250.0
11250.0
-11250.0
-11250.0
11250.0
11250.0
-11250.0
11250.0
11250.0
11250.0
-11250.0
-11250.0
-11250.0
11250.0
11250.0
11250.0
-11250.0
-9050.710436060755
-8664.25222919431
-7516.099976286005
-5221.44327874478
-1070.0190572468564
11250.0
11250.0
6332.513574068693
11250.0
11250.0
11250.0
11250.0
-11250.0
-11250.0
-11250.0
-11250.0
-11250.0
11250.0
11250.0
11250.0
11250.0
11250.0
11250.0
-11250.0
-11250.0
-11250.0
-11250.0
11250.0
11250.0
11250.0
11250.0
11250.0
11250.0
11250.0
-11250.0
11250.0
11250.0
11250.0
-11250.0
-11250.0
-11250.0
-11250.0
11250.0
11250.0
11250.0
11250.0