Demand
11250.0
11250.0
11250.0
11250.0
11250.0
11250.0
11250.0
11250.0
11250.0
-11250.0
-11250.0
-11250.0
11250.0
11250.0
11250.0
11250.0
11250.0
11250.0
11250.0
11250.0
11250.0
11250.0
11250.0
11250.0
11250.0
-11250.0
-11250.0
-11250.0
-10652.992494882496
-9801.822859180706
11250.0
11250.0
11250.0
11250.0
11250.0
11250.0
11250.0
-11250.0
-11250.0
-11250.0
-11250.0
-11250.0
-11250.0
-11250.0
11250.0
11250.0
11250.0
11250.0
11250.0
11250.0
11250.0
11250.0
-10778.798696924794
-11250.0
-11250.0
-11250.0
-11250.0
-11250.0
-11250.0
-11250.0
11250.0
11250.0
11250.0
11250.0
11250.0
11250.0
11250.0
11250.0
-10166.918754573628
-10319.722528453327
-10872.043829021884
-11250.0
-7948.169119075851
11250.0
11250.0
11250.0
11250.0
11250.0
11250.0
11250.0
-8139.136519125117
-8052.859280184566
-8447.168141275506
-8407.069025695095
-7721.611497231369
11250.0
11250.0
11250.0
11250.0
11250.0
-11250.0
11250.0
-11250.0
11250.0
11250.0
-11250.0
-11250.0
-11250.0
-10480.930678819863
-8679.48941612621
-7131.216294904618
-2924.9486665986624
11250.0
11250.0
11250.0
11250.0
11250.0
11250.0
11250.0
-11250.0
-11250.0
11250.0
11250.0
11250.0
11250.0
11250.0
-11250.0
-11250.0
-11250.0
-11250.0
11250.0
11250.0
11250.0
11250.0
-10193.95971560229
-9781.340276834067
-9227.196509262521
-10031.435162505855
-11250.0
-11250.0
11250.0
11250.0
11250.0
11250.0
11250.0
11250.0
11250.0
11250.0
-10316.152109804494
-10465.088135211769
-10323.56490300766
-10448.538746659142
-11250.0
-11250.0
11250.0
11250.0
11250.0
11250.0
11250.0
-8391.434419926907
-8652.36792225713
-8569.723655774433
-9156.985118111534
-9992.114512267126
-11250.0
11250.0
11250.0
11250.0
11250.0
11250.0
11250.0
11250.0
11250.0
-11250.0
-11250.0
-11250.0
-11250.0
11250.0
11250.0
11250.0
11250.0
11250.0
-10254.849660523767
-10132.795135493285
-10266.056161090313
-10829.509982079107
-11250.0
-11250.0
11250.0
11250.0
11250.0
11250.0
11250.0
11250.0
-11250.0
-11250.0
-11250.0
-11250.0
-11250.0
-11250.0
-11250.0
-11250.0
11250.0
11250.0
11250.0
11250.0
11250.0
11250.0
11250.0
11250.0
11250.0
-11250.0
-11250.0
11250.0
11250.0
11250.0
11250.0
-11250.0
11250.0
11250.0
11250.0
-8427.18268525312
-7871.087923423719
-6817.84720204776
-6478.545114006167
-6246.30177598745
-7340.839160352974
-7794.684512914664
11250.0
11250.0
11250.0
11250.0
11250.0
11250.0
-10755.621586893674
-11250.0
-11250.0
11250.0
11250.0
11250.0
11250.0
-11250.0
-11250.0
-11250.0
-11250.0
-10716.40316205534
-7969.410344133623
11250.0
11250.0
11250.0
11250.0
11250.0
11250.0
11250.0
-6902.046950229342
-6610.937367489056
-5051.244772550122
-3869.113496093478
-2436.157109795031
-2254.5618215644445
481.6080688806069
4284.564345049195
5425.957784675706
6363.623838794607
10551.602431993946
8175.5469994129535
4736.227513072141
5017.6792050725435
-5909.09090909091
11250.0
11250.0
2672.8418640183318
2466.9707234114267
2001.8954363461762
2069.99616654281
2547.0068709243233
908.539271204434
284.36625899429055
703.3760031455195
-4772.727272727273
11250.0
-5113.636363636364
1709.5068347867018
889.5180838042306
2933.5893427549026
4303.184546127972
4323.44892168407
-5454.545454545455
10367.647058823586
-6590.909090909091
-3065.52388790228
-3812.8620841969146
-4522.877859967288
-2170.475931209512
-1409.7022897494608
-2682.484700796622
-3132.5365714312115
295.3899328923562
4510.46939116052
7889.75285337767
3670.252415491263
4246.580285173835
11250.0
-7500.000000000001
-3877.8493557978204
-4557.327427306174
-3165.7865694641655
-2477.276418099942
-2918.6499769795937
-2223.2990582434395
1044.5661307865157
3669.062632209297
7521.287039055685
10050.677299142048
5776.027740211558
11250.0
-7459.966384692109
-5738.8864433206845
-1593.9434281391023
9481.587350095091
2728.981618462176
11250.0
-6530.844155844159
-5487.214825773771
-4591.3050744129105
259.8682185507914
5332.909269120806
11250.0
3092.60641453395
11250.0
11250.0
-8668.651459241864
-9477.15278426457
-10511.933147236141
-11250.0
-11250.0
11250.0
11250.0
11250.0
11250.0
11250.0
-11250.0
-11250.0
-11250.0
-11250.0
11250.0
11250.0
11250.0
11250.0
11250.0
-10450.33770936956
-10654.220275128187
-10903.175845341102
-11250.0
-11250.0
-11250.0
11250.0
11250.0
11250.0
11250.0
11250.0
11250.0
11250.0
11250.0
-11250.0
-11250.0
11250.0
11250.0
11250.0
11250.0
-11250.0
-11250.0
-11250.0
-10604.066985645935
-4507.0977917982145
11250.0
11250.0
11250.0
11250.0
11250.0
-11250.0
11250.0
11250.0
-11250.0
-11250.0
-11250.0
-11250.0
-11250.0
-11250.0
11250.0
11250.0
11250.0
11250.0
11250.0
11250.0
-11250.0
-11250.0
-10560.45297728393
-9994.060337450202
-10136.808429627501
-11250.0
-11250.0
11250.0
11250.0
11250.0
11250.0
11250.0
11250.0
11250.0
11250.0
11250.0
11250.0
-11250.0
-11250.0
-11250.0
11250.0
11250.0
11250.0
-11250.0
-11250.0
-10928.81292261458
-10076.9140201851
-9160.909579827905
-9520.166758456227
-11250.0
11250.0
11250.0
11250.0
11250.0
11250.0
11250.0
11250.0
11250.0
11250.0
11250.0
-11250.0
-11250.0
-11250.0
-11250.0
-11250.0
-11250.0
11250.0
11250.0
11250.0
11250.0
11250.0
11250.0
11250.0
-11250.0
-11250.0
-11250.0
-11250.0
11250.0
11250.0
11250.0
11250.0
11250.0
-11250.0
11250.0
-9322.877535687468
11250.0
-11250.0
-11250.0
-11250.0
-11250.0
-11250.0
-11250.0
-11250.0
11250.0
11250.0
11250.0
11250.0
11250.0
11250.0
11250.0
11250.0
-11250.0
-11250.0
-11250.0
-11250.0
-11250.0
-11250.0
-11250.0
-11250.0
11250.0
11250.0
11250.0
11250.0
11250.0
11250.0
11250.0
11250.0
11250.0
-10515.169759245604
-10715.498531100882
-10950.393293161425
-11250.0
-11250.0
-11250.0
-11250.0
11250.0
11250.0
11250.0
11250.0
11250.0
11250.0
11250.0
11250.0
-11250.0
-11250.0
-10959.611683459756
-11250.0
-11250.0
-11250.0
-11250.0
11250.0
11250.0
11250.0
11250.0
11250.0
11250.0
11250.0
11250.0
-11250.0
-11250.0
-11250.0
11250.0
11250.0
11250.0
-11250.0
-11250.0
-11250.0
-11250.0
-11250.0
-11250.0
11250.0
11250.0
11250.0
11250.0
11250.0
11250.0
11250.0
11250.0
-11250.0
-10947.951012717855
-11250.0
-11250.0
11250.0
11250.0
11250.0
11250.0
11250.0
-11250.0
-11250.0
-11250.0
-11250.0
11250.0
11250.0
11250.0
11250.0
11250.0
-11250.0
-11250.0
-11250.0
-11250.0
-11250.0
-11250.0
11250.0
11250.0
11250.0
11250.0
11250.0
11250.0
11250.0
-11250.0
-11250.0
-11250.0
-11250.0
-11250.0
-11250.0
11250.0
11250.0
11250.0
11250.0
11250.0
11250.0
11250.0
11250.0
-11250.0
-11250.0
-11250.0
-11250.0
-11250.0
-11250.0
-11250.0
11250.0
11250.0
11250.0
11250.0
11250.0
11250.0
11250.0
11250.0
-11250.0
-11250.0
11250.0
11250.0
11250.0
-11250.0
-11250.0
-11250.0
11250.0
11250.0
11250.0
-11250.0
-11250.0
-11250.0
-11250.0
11250.0
11250.0
11250.0
11250.0
11250.0
-11250.0
-11250.0
-11250.0
-10851.670963133216
-11250.0
-11250.0
11250.0
11250.0
11250.0
11250.0
11250.0
11250.0
11250.0
11250.0
-11250.0
-10940.637720488463
-9620.259010121186
-9919.335972357003
2291.1183014232492
11250.0
11250.0
11250.0
11250.0
11250.0
-11250.0
-11250.0
-11250.0
-11250.0
-10904.374775422213
-11250.0
-11250.0
-11250.0
11250.0
11250.0
11250.0
11250.0
11250.0
11250.0
11250.0
11250.0
11250.0
-8935.196612313535
-8999.099367403764
-9032.89325315009
-9384.125212362771
-10288.813076643557
-11250.0
-11250.0
11250.0
11250.0
11250.0
11250.0
11250.0
11250.0
11250.0
-10972.083334291656
-10931.04022399917
-11250.0
-11250.0
-11250.0
11250.0
11250.0
11250.0
11250.0
11250.0
11250.0
11250.0
11250.0
-11250.0
-11250.0
-11250.0
-11250.0
-11250.0
-11250.0
11250.0
11250.0
11250.0
11250.0
11250.0
11250.0
11250.0
11250.0
-11250.0
-11250.0
11250.0
11250.0
11250.0
-9216.142013241883
-8664.58371231379
-8531.311518604736
-7706.609371784095
-6959.142443579222
578.4091540749951
11250.0
11250.0
11250.0
11250.0
11250.0
-11250.0
-11250.0
-11250.0
-11250.0
-11250.0
11250.0
11250.0
11250.0
11250.0
11250.0
11250.0
-11250.0
-11250.0
-11250.0
-11250.0
-11250.0
-11250.0
11250.0
11250.0
11250.0
11250.0
11250.0
11250.0
-11250.0
-11250.0
-11250.0
11250.0
11250.0
11250.0
11250.0
-11250.0
-11250.0
-10919.48005927453