Demand
11250.0
11250.0
11250.0
11250.0
11250.0
11250.0
11250.0
11250.0
11250.0
11250.0
11250.0
11250.0
11250.0
11250.0
11250.0
11250.0
11250.0
11250.0
11250.0
11250.0
11250.0
11250.0
11250.0
11250.0
11250.0
11250.0
11250.0
11250.0
11250.0
11250.0
-11250.0
-11250.0
-11250.0
-11250.0
-11250.0
-11250.0
-11250.0
11250.0
11250.0
11250.0
11250.0
11250.0
11250.0
11250.0
11250.0
-11250.0
11250.0
-11250.0
-11250.0
11250.0
11250.0
11250.0
11250.0
-11250.0
-11250.0
-11250.0
-11250.0
11250.0
11250.0
11250.0
11250.0
11250.0
11250.0
-9989.55773955775
11250.0
11250.0
11250.0
-9859.253569492139
-10238.847368311934
-10395.546709018854
-10912.217391912804
-11250.0
-8961.537405115549
11250.0
11250.0
7625.203051101507
11250.0
11250.0
11250.0
11250.0
-2876.067302862906
11250.0
11250.0
-9341.653085807415
-9458.521334812758
-7834.477754498846
11250.0
11250.0
11250.0
11250.0
-11250.0
-11250.0
11250.0
11250.0
11250.0
-11250.0
11250.0
11250.0
-10765.214515214517
-9936.004819468046
-9805.12414902974
-10270.452703742536
-10085.353701139935
-10749.75710654394
-11250.0
-11250.0
11250.0
11250.0
11250.0
11250.0
11250.0
11250.0
11250.0
11250.0
-11250.0
-11250.0
11250.0
11250.0
11250.0
11250.0
-11250.0
-11250.0
-11250.0
-9875.647437042331
-9465.448521331215
-7689.338620208731
3612.222583552079
11250.0
11250.0
11250.0
11250.0
11250.0
11250.0
-11250.0
-11250.0
-11250.0
-11250.0
-11250.0
11250.0
11250.0
11250.0
11250.0
11250.0
11250.0
-11250.0
-11250.0
-11250.0
-9112.500000000004
-7322.131890613851
-4923.889317531659
-3527.6924803966067
4551.718700167028
11250.0
-429.199586154451
11250.0
11250.0
11250.0
11250.0
11250.0
-11250.0
-10985.561557970268
-10940.927795529198
-11250.0
-11250.0
-11250.0
11250.0
11250.0
11250.0
11250.0
11250.0
11250.0
-11250.0
-9894.859065147484
-9425.1575955753
-8769.809449866214
11250.0
11250.0
11250.0
11250.0
11250.0
11250.0
-11250.0
11250.0
-11250.0
-11250.0
-11250.0
-11250.0
-11250.0
-11250.0
11250.0
11250.0
11250.0
11250.0
11250.0
11250.0
11250.0
-10547.488385303604
-10447.546856962555
-10923.235210062168
-11250.0
-11250.0
11250.0
11250.0
11250.0
11250.0
11250.0
-11250.0
-11250.0
-11250.0
-9799.057383892068
-6194.906072423892
11250.0
11250.0
11250.0
11250.0
3559.2863767374856
11250.0
11250.0
-10983.689106690475
-11250.0
-9654.32862682247
-8303.460187876924
-4159.081939093496
11250.0
11250.0
11250.0
11250.0
11250.0
11250.0
-11250.0
-11250.0
-11250.0
-11250.0
-11250.0
-11250.0
-10061.644188201386
11250.0
11250.0
11250.0
11250.0
11250.0
11250.0
11250.0
11250.0
11250.0
-6977.736482514471
-5656.207422670981
-4742.368188405977
-3691.6610943269134
-3775.2776421074977
-1954.611206073152
588.7884093552357
1627.8374080090762
2869.2276295159318
7377.881252373162
9085.096671377703
6509.728851483811
5822.239616833342
6629.066761487654
2372.2140210041853
11250.0
1664.6853146853155
1576.2658172305073
1248.2825823592539
1408.5989959619883
2003.9407556066053
668.8875042109476
151.81546443954448
594.4902719797137
-4772.727272727273
2540.3225806451646
1442.5021061499629
44.97573487057707
-619.4776218931511
1302.929297520367
2423.723393896117
-3750.0000000000005
11250.0
1351.2632845397984
-710.6916009832803
-2308.912296110235
-2951.526802991202
-3461.1073394760915
-8.259015490131787
1619.3308015888597
610.5893537458305
2381.5961395571594
11250.0
7500.186129384729
-6818.181818181818
-2510.160791038461
-3150.1925510132096
-2207.6772695250456
-681.4389442924512
-943.1349380559423
-496.6442862553431
6602.666102253236
8143.565587098314
3098.963825381178
11250.0
-5766.174010039045
-5847.426581754415
-6175.018866235369
-5259.0888823559835
11250.0
11250.0
11250.0
-6461.35479306686
-4929.405781272148
-4588.919546981206
-4328.6824155789345
-3609.049263238146
-1037.124601516356
9220.849304623447
7475.401293551135
11250.0
4784.819341015136
11250.0
-7036.434820700648
-7315.11701505712
-7585.499224918555
-8413.048672577694
-9342.95355859293
-10496.82796684582
-11250.0
-11250.0
-11250.0
11250.0
11250.0
11250.0
11250.0
11250.0
11250.0
11250.0
-11250.0
-11250.0
-11250.0
-11250.0
-11250.0
11250.0
11250.0
11250.0
11250.0
11250.0
11250.0
-11250.0
-11250.0
-11250.0
-11250.0
-11250.0
11250.0
11250.0
11250.0
11250.0
11250.0
11250.0
-11250.0
-11250.0
-11250.0
-11250.0
-11250.0
-11250.0
-11250.0
11250.0
11250.0
11250.0
11250.0
11250.0
11250.0
11250.0
-11250.0
-11250.0
11250.0
11250.0
11250.0
11250.0
-11250.0
-11250.0
-11250.0
-11250.0
11250.0
11250.0
11250.0
11250.0
-11250.0
-11250.0
-11250.0
-10484.716710922818
-9718.81693438959
-9553.6986965373
-11250.0
11250.0
11250.0
11250.0
11250.0
11250.0
11250.0
11250.0
-11250.0
-11250.0
11250.0
11250.0
11250.0
11250.0
-11250.0
11250.0
11250.0
-11250.0
-11250.0
-11250.0
11250.0
11250.0
11250.0
11250.0
-11250.0
-11250.0
-11250.0
-11250.0
-11250.0
-11250.0
-11250.0
11250.0
11250.0
11250.0
11250.0
11250.0
11250.0
11250.0
11250.0
11250.0
-11250.0
-11250.0
-11250.0
-11250.0
-11250.0
-8828.496503496503
-6397.360099133879
11250.0
11250.0
11250.0
11250.0
11250.0
11250.0
11250.0
11250.0
-11250.0
-11250.0
11250.0
11250.0
11250.0
-11250.0
-11250.0
-11250.0
-11250.0
-11250.0
-11250.0
11250.0
11250.0
11250.0
11250.0
11250.0
11250.0
11250.0
-11250.0
-11250.0
-11250.0
11250.0
11250.0
11250.0
11250.0
11250.0
-11250.0
-11250.0
-11250.0
-11250.0
-11250.0
-11250.0
-11250.0
11250.0
11250.0
11250.0
11250.0
11250.0
11250.0
11250.0
11250.0
-11250.0
-11250.0
-11250.0
-11250.0
11250.0
11250.0
11250.0
11250.0
11250.0
-11250.0
-11250.0
-11250.0
-11250.0
-11250.0
-8435.736677116001
11250.0
11250.0
11250.0
11250.0
11250.0
11250.0
11250.0
-11250.0
-11250.0
-10914.82246345525
-11250.0
-11250.0
-11250.0
11250.0
11250.0
11250.0
11250.0
11250.0
11250.0
11250.0
11250.0
-11250.0
-11250.0
-11250.0
-11250.0
-11250.0
-11250.0
11250.0
11250.0
11250.0
11250.0
11250.0
11250.0
-10997.820672478207
-11250.0
-11250.0
-11250.0
-11250.0
-11250.0
-11250.0
11250.0
11250.0
11250.0
11250.0
11250.0
11250.0
11250.0
11250.0
11250.0
-11250.0
-11250.0
-11250.0
-11250.0
-11250.0
-11250.0
11250.0
11250.0
11250.0
11250.0
11250.0
11250.0
-11250.0
-11250.0
-11250.0
-11250.0
-11250.0
-11250.0
11250.0
11250.0
11250.0
11250.0
11250.0
11250.0
11250.0
11250.0
-11250.0
-11250.0
-11250.0
-11250.0
-11250.0
11250.0
11250.0
11250.0
11250.0
11250.0
11250.0
11250.0
-11250.0
-11250.0
11250.0
11250.0
-11250.0
-11250.0
-11250.0
-11250.0
-11250.0
11250.0
11250.0
11250.0
11250.0
11250.0
11250.0
-10996.49140146274
-11250.0
-11250.0
-11250.0
-11250.0
11250.0
11250.0
11250.0
11250.0
11250.0
11250.0
11250.0
-11250.0
11250.0
11250.0
-11250.0
-11250.0
-11250.0
-11250.0
-11250.0
-11250.0
-11250.0
11250.0
11250.0
11250.0
11250.0
11250.0
11250.0
11250.0
11250.0
11250.0
-11250.0
-11250.0
-11250.0
-11250.0
-11250.0
-11250.0
11250.0
11250.0
11250.0
11250.0
11250.0
11250.0
11250.0
11250.0
-11250.0
-10975.618787439933
-10629.630970359845
-9059.44014419528
-8094.862278369456
-6325.25479634741
-1955.0818692014109
10442.696284483933
7286.756253347481
11250.0
-72.13093451626082
11250.0
11250.0
11250.0
11250.0
-11250.0
-11250.0
-11250.0
-11250.0
-11250.0
11250.0
11250.0
11250.0
11250.0
11250.0
-11250.0
-11250.0
-11250.0
-9970.789398689092
94.02927342348084
11250.0
11250.0
11250.0
11250.0
11250.0
11250.0
-11250.0
-11250.0
-11250.0
-11250.0
11250.0
11250.0
11250.0
11250.0
-11250.0
-11250.0
-11250.0
-11250.0
-11250.0
-11250.0
-1080.076465590506
11250.0
11250.0
11250.0
11250.0
11250.0
6293.786755305614
11250.0
11250.0
-11250.0
-11250.0
11250.0
11250.0
-11250.0
-11250.0
-11250.0
-11250.0
-11250.0
-10695.06944744927
-11250.0
-11250.0
11250.0
11250.0
11250.0
11250.0
11250.0
11250.0
11250.0
11250.0
-11250.0
-11250.0
-11250.0
-11250.0
-11250.0
11250.0
11250.0
11250.0
11250.0
11250.0
11250.0
11250.0
-11250.0
-11250.0
-11250.0
-11250.0
-10434.678957406235