Demand
11250.0
11250.0
11250.0
11250.0
11250.0
11250.0
11250.0
11250.0
11250.0
11250.0
11250.0
11250.0
11250.0
11250.0
11250.0
11250.0
11250.0
11250.0
11250.0
11250.0
11250.0
11250.0
11250.0
11250.0
11250.0
-11250.0
-11250.0
-11250.0
11250.0
11250.0
11250.0
11250.0
11250.0
11250.0
11250.0
11250.0
11250.0
-11250.0
-11250.0
-11250.0
-11250.0
-11250.0
-11250.0
-11250.0
11250.0
11250.0
11250.0
11250.0
11250.0
11250.0
11250.0
11250.0
-10737.51248751249
-11250.0
-11250.0
-11250.0
-11250.0
-11250.0
11250.0
11250.0
11250.0
11250.0
11250.0
11250.0
11250.0
-8802.292485396887
-8700.60802784851
-5196.436987443012
11250.0
11250.0
11250.0
11250.0
-10558.376775121338
-9973.980093799906
-9501.48826462873
-9141.710301144438
-5097.961553845005
-2676.5053528853005
9080.955760292247
11250.0
7296.457544525853
11250.0
4920.9647267058635
11250.0
-10066.797956142222
-9962.403136772671
-9526.85370726931
-9924.441995859674
-10016.808601186236
-10071.512673656314
-11250.0
11250.0
11250.0
11250.0
11250.0
11250.0
11250.0
11250.0
-10752.527766643827
-9896.020155874521
-9753.304132514459
-10227.690107279668
-10019.30916235795
-10709.329253559543
-11250.0
-11250.0
11250.0
11250.0
11250.0
11250.0
11250.0
11250.0
11250.0
11250.0
-11250.0
-11250.0
-11250.0
-11250.0
-11250.0
-11250.0
-11250.0
11250.0
11250.0
11250.0
11250.0
11250.0
11250.0
11250.0
11250.0
11250.0
-11250.0
-11250.0
-11250.0
-11250.0
-11250.0
-11250.0
-11250.0
11250.0
11250.0
11250.0
11250.0
11250.0
11250.0
11250.0
11250.0
11250.0
-11250.0
-9743.170803348508
-8748.218035145965
-7785.462370023278
-7917.391840513395
-7442.449713558686
-7564.968282202393
-5640.268516165306
11250.0
11250.0
11250.0
11250.0
11250.0
11250.0
-10958.304929747886
-10829.248914160944
-11250.0
11250.0
11250.0
11250.0
11250.0
-11250.0
-11250.0
-11250.0
-11250.0
-11250.0
-7835.591413909864
3429.2007774694116
11250.0
11250.0
11250.0
11250.0
11250.0
11250.0
11250.0
-11250.0
-11250.0
-11250.0
-11250.0
-11250.0
-11250.0
11250.0
11250.0
11250.0
11250.0
11250.0
11250.0
-11250.0
-11250.0
-10932.845403184387
-10135.915120263813
-9872.086133938406
-10612.576812072046
-11250.0
11250.0
11250.0
11250.0
11250.0
11250.0
11250.0
11250.0
11250.0
11250.0
-10492.004684455926
-9479.87527743158
-7199.297566298381
-5144.850745373009
1758.4559914073216
11250.0
8523.896206504185
8661.811493721816
11250.0
11250.0
-11250.0
-10257.887720849278
-9896.770735187882
-9741.041058342253
-9855.506900278117
-10391.560371544903
-11250.0
-11250.0
11250.0
11250.0
11250.0
11250.0
11250.0
11250.0
11250.0
11250.0
-10976.526405572535
-10117.661276642433
-10431.968931584353
11250.0
11250.0
11250.0
11250.0
-11250.0
-8875.538426660627
-3259.3604007931444
738.4399625979677
11250.0
11250.0
5534.293115610441
11250.0
-8295.454545454546
11250.0
11250.0
-3338.44956230539
-884.2050456736415
1489.29471777441
2111.1175471457536
3232.585676308639
5643.093827795321
2690.4621554492423
-5909.09090909091
2446.9618597009003
2303.8552024868704
1907.200157568257
2032.0853978936784
2595.766162512072
1106.581086446502
534.8821741855527
981.3297692756232
2010.7025947620123
-4772.727272727273
3044.1176470588325
813.1396022398085
130.64688285477405
11250.0
4441.912394469593
4793.356005703705
-5454.545454545455
3450.0000000000123
88.49557522125906
11250.0
-3318.6456400742104
-2980.1618634030783
5820.624193078736
8258.816703653134
-8068.181818181819
-13.347631651000484
9773.382605066305
7847.218812329681
6239.868610924706
-7386.363636363636
-3031.6265864468896
-2327.639474511632
-1222.1103101809695
-1938.6274029920933
-2505.6915880273646
-44.88825053174696
1599.4788232433384
1653.1783818949862
4615.544943630826
11250.0
2301.046586741184
11250.0
11250.0
-9362.433966727116
-8461.057815955974
-6842.762721740448
-5522.156375468945
-3565.0558702103644
-3045.9143805726
-2621.418946038166
-1644.7012383853234
1382.3632224582489
10101.521500299568
6806.419818771724
11250.0
8473.476866802994
9978.922110475029
-9204.545454545456
-7276.105312082422
-7433.784388386522
-8138.317844783714
-8932.960627055716
-10077.300449626418
-11250.0
11250.0
11250.0
11250.0
11250.0
11250.0
-11250.0
11250.0
11250.0
11250.0
-11250.0
-11250.0
-11250.0
-11250.0
-11250.0
-8956.408345752625
11250.0
11250.0
11250.0
11250.0
11250.0
11250.0
-11250.0
-11250.0
-11250.0
-11250.0
-11250.0
-11250.0
-11250.0
11250.0
11250.0
11250.0
11250.0
11250.0
11250.0
11250.0
11250.0
-11250.0
-11250.0
-10972.432478076746
-10935.402771012756
-11250.0
-11250.0
-11250.0
-11250.0
11250.0
11250.0
11250.0
11250.0
11250.0
11250.0
11250.0
11250.0
-11250.0
-11250.0
-11250.0
-11250.0
11250.0
11250.0
11250.0
11250.0
11250.0
-11250.0
-10626.889440725547
-10069.538694387775
-10082.625751879736
-11250.0
11250.0
11250.0
11250.0
11250.0
11250.0
11250.0
-11250.0
-11250.0
-11250.0
-11250.0
11250.0
11250.0
11250.0
11250.0
11250.0
11250.0
-11250.0
11250.0
11250.0
11250.0
-10501.235777209804
-10164.557774417444
-10648.376596018366
-11250.0
-11250.0
-11250.0
-11250.0
11250.0
11250.0
11250.0
11250.0
11250.0
11250.0
11250.0
11250.0
11250.0
-11250.0
-11250.0
-11250.0
-11250.0
-11250.0
-11250.0
11250.0
11250.0
11250.0
11250.0
11250.0
11250.0
-11250.0
-11250.0
11250.0
11250.0
11250.0
-11250.0
-11250.0
-11250.0
-11250.0
-10871.45808736718
-10295.4966927133
-11250.0
-11250.0
11250.0
11250.0
11250.0
11250.0
11250.0
11250.0
11250.0
11250.0
11250.0
-10298.685505613172
-11250.0
-11250.0
-11250.0
-11250.0
-11250.0
-11250.0
11250.0
11250.0
11250.0
11250.0
11250.0
11250.0
11250.0
-11250.0
11250.0
11250.0
11250.0
-11250.0
-11250.0
-10951.965978806475
-10888.115024998726
-9769.552823444737
-9497.883742796024
11250.0
11250.0
11250.0
11250.0
11250.0
11250.0
11250.0
-11250.0
-11250.0
-11250.0
-11250.0
11250.0
11250.0
11250.0
11250.0
11250.0
-11250.0
-11250.0
-11250.0
11250.0
11250.0
11250.0
11250.0
-11250.0
-11250.0
-10781.763417305589
-11250.0
11250.0
11250.0
11250.0
11250.0
11250.0
11250.0
11250.0
-11250.0
-11250.0
-11250.0
-11250.0
-11250.0
-11250.0
11250.0
11250.0
11250.0
11250.0
11250.0
11250.0
11250.0
-11250.0
-11250.0
-10919.526901669764
-11250.0
-11250.0
-11250.0
11250.0
11250.0
11250.0
11250.0
11250.0
11250.0
11250.0
-11250.0
11250.0
11250.0
-11250.0
11250.0
-11250.0
-11250.0
-11250.0
-11250.0
-11250.0
-11250.0
11250.0
11250.0
11250.0
11250.0
11250.0
11250.0
11250.0
-11250.0
-11250.0
-11250.0
-11250.0
-11250.0
11250.0
11250.0
11250.0
11250.0
11250.0
11250.0
11250.0
11250.0
-11250.0
-11250.0
-11250.0
-11250.0
-11250.0
-11250.0
11250.0
11250.0
11250.0
11250.0
11250.0
11250.0
-11250.0
11250.0
11250.0
-11250.0
-11250.0
-11250.0
-11250.0
-11250.0
11250.0
11250.0
11250.0
11250.0
11250.0
11250.0
-11250.0
-10983.404933481153
-11250.0
-11250.0
-11250.0
11250.0
11250.0
11250.0
11250.0
11250.0
11250.0
-11250.0
11250.0
11250.0
-11009.358288770054
-11250.0
-11250.0
-11250.0
-11250.0
-11250.0
-11250.0
-11250.0
11250.0
11250.0
11250.0
11250.0
11250.0
11250.0
11250.0
11250.0
11250.0
-11250.0
-11250.0
-11250.0
-11250.0
-11250.0
11250.0
11250.0
11250.0
11250.0
11250.0
-11250.0
-11250.0
-11250.0
-11250.0
-11250.0
-11250.0
11250.0
11250.0
11250.0
11250.0
11250.0
11250.0
11250.0
-9637.81754638008
-10007.140400387954
-10699.475113625296
-11250.0
-11250.0
-11250.0
-11250.0
11250.0
11250.0
11250.0
11250.0
11250.0
11250.0
11250.0
-11250.0
11250.0
11250.0
-11250.0
-11250.0
-11250.0
-10380.639451683368
-7983.33117381158
-5320.962538551317
11250.0
11250.0
11250.0
11250.0
11250.0
11250.0
11250.0
-11250.0
-11250.0
-11250.0
11250.0
11250.0
11250.0
11250.0
11250.0
-11250.0
-11250.0
-11250.0
-11250.0
-2905.0474065811413
11250.0
11250.0
11250.0
11250.0
11250.0
-9750.292340674332
-10411.897147348904
-11250.0
-11250.0
-11250.0
-11250.0
11250.0
11250.0
11250.0
11250.0
11250.0
11250.0
-10977.88405940235
-11250.0
-11250.0
-11250.0
-11250.0
11250.0
11250.0
11250.0
11250.0
11250.0
11250.0
-11250.0
-11250.0
-11250.0
-11250.0
-11250.0
-11250.0
11250.0
11250.0
11250.0
11250.0
11250.0
11250.0
11250.0
-11250.0
11250.0
11250.0
-10958.378760608746