Demand
11250.0
11250.0
11250.0
11250.0
11250.0
11250.0
11250.0
11250.0
11250.0
11250.0
11250.0
11250.0
11250.0
11250.0
11250.0
11250.0
11250.0
11250.0
11250.0
11250.0
11250.0
11250.0
11250.0
11250.0
-11250.0
-11250.0
-11250.0
11250.0
11250.0
11250.0
11250.0
11250.0
11250.0
11250.0
11250.0
-11250.0
-11250.0
11250.0
11250.0
-11250.0
-11250.0
-11250.0
-11250.0
-11250.0
11250.0
11250.0
11250.0
11250.0
11250.0
11250.0
11250.0
-11250.0
-10659.479409479412
-11250.0
-11250.0
-11250.0
11250.0
11250.0
11250.0
11250.0
11250.0
-11250.0
11250.0
11250.0
-9443.056021469307
-8609.80229824041
-7999.285050470571
11250.0
11250.0
11250.0
11250.0
-11250.0
11250.0
11250.0
-9838.67763037232
-9706.788978373832
-7489.681024099169
-7285.567970255208
-6448.264458737496
-3752.362127716528
-421.46850908734086
11250.0
2394.8825052546736
11250.0
11250.0
11250.0
11250.0
-10297.707443846299
-10455.86055215239
-10635.39991816528
-11250.0
-11250.0
-11250.0
11250.0
11250.0
11250.0
11250.0
11250.0
11250.0
-9931.980658522145
-9703.067898170586
-10061.050684320715
-9320.2565892399
-7351.088034003726
11250.0
11250.0
11250.0
11250.0
11250.0
-11250.0
-11250.0
-11250.0
-11250.0
-11250.0
-11250.0
-11250.0
-11250.0
11250.0
11250.0
11250.0
11250.0
11250.0
11250.0
11250.0
11250.0
11250.0
-9675.424670960387
-10370.995010107727
-11250.0
-11250.0
-11250.0
-11250.0
11250.0
11250.0
11250.0
11250.0
11250.0
11250.0
11250.0
-10527.364701028011
-10399.604919217636
-10510.491925000944
-11250.0
11250.0
11250.0
11250.0
11250.0
11250.0
-8959.626668934437
-8214.464447144532
-8515.538098828481
-8479.687207008457
-9170.899903781388
-10129.344315206348
-11250.0
11250.0
11250.0
11250.0
11250.0
11250.0
11250.0
11250.0
11250.0
-11250.0
-11250.0
-11250.0
-11250.0
-11250.0
-11250.0
-11250.0
11250.0
11250.0
11250.0
11250.0
11250.0
11250.0
11250.0
11250.0
11250.0
-11250.0
11250.0
11250.0
-11250.0
11250.0
11250.0
-11250.0
-11250.0
11250.0
11250.0
11250.0
-11250.0
-11250.0
11250.0
11250.0
11250.0
11250.0
-10536.016206519722
-10430.754039041243
-10913.714522118935
-11250.0
-11250.0
11250.0
11250.0
11250.0
11250.0
11250.0
-11250.0
-11250.0
-11250.0
-10077.37268023719
-7786.221959018301
2851.9302793329334
11250.0
11250.0
11250.0
4513.468107074911
11250.0
11250.0
-11000.4119257366
-11250.0
-10029.246495825242
-9499.40659177598
-9147.454562365569
-9049.912816412667
-9492.458035786174
-11250.0
11250.0
11250.0
11250.0
11250.0
11250.0
11250.0
11250.0
11250.0
-11250.0
-10886.384865587464
-8893.832581754446
11250.0
11250.0
11250.0
11250.0
-11250.0
-11250.0
-9125.921375921378
-5400.178008975323
-4656.3887576595025
-1764.7427822893533
891.1822410229797
4137.027859983374
4509.593812297946
9331.14942138579
10714.287280600696
6877.587556974148
7081.262335483269
10706.53526953546
2119.634366979554
11250.0
11250.0
11250.0
1155.3303148796022
1207.7575824127507
3128.7563093150497
2856.788142917875
2319.4260321054335
2336.028034165647
2746.883016212496
959.4297450617742
278.4793673634813
676.369312812858
-4772.727272727273
11250.0
4770.124913254695
-5681.818181818182
1090.2629165392855
3046.7376742027664
4739.4232748275435
5790.645465810059
1292.452703974447
737.3256090899185
-1211.3782017237936
-2648.1390634570635
-3044.3474444577096
-3054.1854060548776
2703.7286077415383
6872.043792011813
2475.0271022511733
11250.0
-4545.024337479723
-3037.240973562464
-1448.569710804286
-2431.5858789287704
-3012.615205861892
-1910.42857775626
-77.24756351434735
-29.10740306975822
1405.0789671471484
11250.0
2237.3701781607206
11250.0
11250.0
11250.0
-6475.447099758017
-7462.339713065273
-8513.963181749517
-8786.508310716625
-7231.77278703096
-3897.6095849734616
330.417340256482
7879.111183000245
7407.528331272635
6961.16273065034
8635.854076632339
8831.784419563977
11250.0
-9318.18181818182
-5947.422132384792
-5934.7855087505595
-5592.636660513646
-5763.653471865309
-5870.407640217701
-5869.575528687117
-6592.722740931749
-7362.135272916061
-8486.857915103443
11250.0
11250.0
11250.0
11250.0
11250.0
11250.0
11250.0
-11250.0
-11250.0
-11250.0
-11250.0
11250.0
11250.0
11250.0
11250.0
11250.0
-10395.042220137278
-10557.805497429348
-10770.075096592704
-11250.0
11250.0
11250.0
11250.0
11250.0
11250.0
11250.0
-11250.0
-11250.0
-11250.0
11250.0
11250.0
11250.0
-11250.0
-11250.0
-11250.0
-11250.0
-11250.0
-11250.0
11250.0
11250.0
11250.0
11250.0
11250.0
11250.0
11250.0
11250.0
-11250.0
-11250.0
-11250.0
-11250.0
-11250.0
-11250.0
11250.0
11250.0
11250.0
11250.0
11250.0
11250.0
11250.0
-11250.0
-11250.0
-11250.0
-11250.0
-9044.226044226052
11250.0
11250.0
11250.0
11250.0
11250.0
11250.0
11250.0
-11250.0
-11250.0
-11250.0
-11250.0
11250.0
11250.0
11250.0
11250.0
11250.0
-11250.0
-11250.0
-11250.0
-11250.0
-11250.0
-11250.0
-10451.432129514327
-4558.128807151934
11250.0
11250.0
11250.0
11250.0
11250.0
11250.0
11250.0
11250.0
11250.0
-11250.0
-11250.0
-11250.0
-11250.0
-11250.0
-11250.0
-11250.0
-11250.0
11250.0
11250.0
11250.0
11250.0
11250.0
11250.0
11250.0
11250.0
-11250.0
-11250.0
-11250.0
-11250.0
-11250.0
-11250.0
-11250.0
11250.0
11250.0
11250.0
11250.0
11250.0
11250.0
11250.0
11250.0
-11250.0
-11250.0
-11250.0
-11250.0
-11250.0
11250.0
11250.0
11250.0
11250.0
11250.0
11250.0
11250.0
-11250.0
-11250.0
-11250.0
-11250.0
-11250.0
-11250.0
11250.0
11250.0
11250.0
11250.0
11250.0
11250.0
11250.0
-11250.0
11250.0
11250.0
-11250.0
-10970.926015473891
-10910.422135453024
-9839.797114683872
-9443.592754793728
11250.0
11250.0
11250.0
11250.0
11250.0
11250.0
-11250.0
-11250.0
-11250.0
11250.0
11250.0
11250.0
11250.0
-11250.0
-11250.0
-10957.139776215972
-11250.0
-11250.0
-11250.0
11250.0
11250.0
11250.0
11250.0
11250.0
11250.0
-11010.920897284534
-11250.0
-11250.0
-11250.0
-11250.0
-11250.0
11250.0
11250.0
11250.0
11250.0
11250.0
11250.0
11250.0
-11250.0
-11250.0
11250.0
11250.0
11250.0
-11250.0
-11250.0
-11250.0
-11250.0
-11250.0
-11250.0
11250.0
11250.0
11250.0
11250.0
11250.0
11250.0
11250.0
11250.0
-11250.0
-11250.0
-11250.0
-11250.0
-11250.0
-11250.0
-11250.0
-11250.0
11250.0
11250.0
11250.0
11250.0
11250.0
11250.0
11250.0
11250.0
11250.0
-11250.0
11250.0
11250.0
-11250.0
-11250.0
11250.0
11250.0
11250.0
-11250.0
-11250.0
-11250.0
11250.0
11250.0
11250.0
11250.0
11250.0
-11250.0
-11250.0
-11250.0
11250.0
11250.0
11250.0
-11250.0
-11250.0
-11250.0
-11250.0
-11250.0
-11250.0
-11250.0
11250.0
11250.0
11250.0
11250.0
11250.0
11250.0
11250.0
-11250.0
-11250.0
-11250.0
-11250.0
-11250.0
-11250.0
11250.0
11250.0
11250.0
11250.0
11250.0
11250.0
11250.0
-11250.0
-11250.0
-11250.0
11250.0
11250.0
11250.0
11250.0
-11250.0
-10922.760078734413
-11250.0
-11250.0
11250.0
11250.0
11250.0
11250.0
11250.0
-11250.0
-11250.0
-11250.0
-11250.0
-10809.417965119643
-8801.91321839494
-9131.54643205335
11250.0
-11250.0
11250.0
11250.0
11250.0
11250.0
11250.0
11250.0
11250.0
-11250.0
-10632.296460758393
11250.0
11250.0
11250.0
-11250.0
-11250.0
-11250.0
-11250.0
11250.0
11250.0
11250.0
11250.0
11250.0
-9068.843204258068
-9132.991211629706
-9166.42296653162
-9492.941126749822
-10335.619474422121
-11250.0
-11250.0
11250.0
11250.0
11250.0
11250.0
11250.0
11250.0
-11250.0
-10962.347611120764
-10916.964606654463
-11250.0
-11250.0
-11250.0
11250.0
11250.0
11250.0
11250.0
11250.0
11250.0
11250.0
11250.0
-11250.0
-11250.0
-11250.0
11250.0
11250.0
11250.0
11250.0
11250.0
-11250.0
-11250.0
-11250.0
-11250.0
-11250.0
11250.0
11250.0
11250.0
11250.0
11250.0
11250.0
-9183.118452860599
-8647.685574451185
-8563.67267558095
-7890.956902998238
-7618.919284606546
-6950.938463166782
11250.0
11250.0
11250.0
11250.0
11250.0
11250.0
-11250.0
-11250.0
-11250.0
-11250.0
-10779.495927801014
-11250.0
-11250.0
11250.0
11250.0
11250.0
11250.0
11250.0
11250.0
11250.0
11250.0
-11250.0
11250.0
11250.0
-11250.0
-11250.0
-11250.0
11250.0
11250.0
11250.0
11250.0
11250.0
-11250.0
-11250.0
-11250.0
-11250.0
-11250.0
11250.0