Demand
11250.0
11250.0
11250.0
11250.0
11250.0
11250.0
11250.0
11250.0
11250.0
11250.0
11250.0
11250.0
11250.0
11250.0
-11250.0
-11250.0
11250.0
11250.0
11250.0
11250.0
11250.0
11250.0
11250.0
11250.0
11250.0
-11250.0
-11250.0
-11250.0
-10783.866713388514
-10312.422925928833
11250.0
11250.0
11250.0
11250.0
11250.0
11250.0
-11250.0
-11250.0
-11250.0
-11250.0
11250.0
11250.0
11250.0
11250.0
11250.0
-11250.0
-11250.0
-11250.0
11250.0
11250.0
11250.0
11250.0
-10776.127303991929
-11250.0
-11250.0
-11250.0
-11250.0
-11250.0
-11250.0
11250.0
11250.0
11250.0
11250.0
11250.0
11250.0
11250.0
11250.0
11250.0
-10266.40691336383
-10446.187989479524
-10950.248696567218
-11250.0
-9919.648022067955
-8096.694387111532
-4090.1290235655747
11250.0
11250.0
11250.0
11250.0
11250.0
11250.0
5787.3106499994465
11250.0
-9558.366308648958
-9912.377191670159
-9703.762580535837
-8954.190182022641
-9097.076604751051
-7683.95174324088
11250.0
11250.0
11250.0
11250.0
11250.0
11250.0
-11250.0
-11250.0
-11250.0
-10106.951871657759
-3547.8415232981533
11250.0
11250.0
11250.0
11250.0
11250.0
11250.0
-11250.0
-11250.0
-11250.0
-11250.0
-11250.0
-11250.0
-11250.0
-11250.0
11250.0
11250.0
11250.0
11250.0
11250.0
11250.0
11250.0
11250.0
11250.0
-10239.039974532723
-10134.542089069222
-9663.519032763637
-8984.858662068451
-9796.381358689698
-11250.0
-11250.0
11250.0
11250.0
11250.0
11250.0
11250.0
11250.0
11250.0
11250.0
11250.0
-9914.396445246843
11250.0
-10723.579625076898
-11250.0
-11250.0
11250.0
11250.0
11250.0
-9773.823683334631
-8783.398823795265
-7794.764366909047
-7854.342423149767
-7171.824527275501
-6653.461586589798
11250.0
11250.0
11250.0
11250.0
11250.0
11250.0
-11250.0
-10896.694214876035
-10711.933948411264
-11250.0
11250.0
11250.0
11250.0
11250.0
11250.0
-11250.0
-11250.0
-11250.0
-11250.0
-9416.554880399352
-8628.755101445764
-7222.566676766743
11250.0
11250.0
11250.0
11250.0
11250.0
11250.0
11250.0
11250.0
-11250.0
-11250.0
11250.0
11250.0
11250.0
-11250.0
-11250.0
-11250.0
-11250.0
-11250.0
-11250.0
11250.0
11250.0
11250.0
11250.0
11250.0
11250.0
11250.0
-11250.0
-11250.0
-11250.0
-11250.0
-11250.0
-11250.0
-11250.0
-11250.0
11250.0
11250.0
11250.0
11250.0
11250.0
11250.0
11250.0
11250.0
11250.0
-11013.50728379126
-11250.0
-9779.427555418766
-8161.800705875259
11250.0
11250.0
-3300.2664976185188
11250.0
11250.0
-11250.0
-11250.0
-11250.0
-11250.0
-11250.0
-11250.0
11250.0
11250.0
11250.0
11250.0
11250.0
11250.0
11250.0
-11250.0
-11250.0
-11250.0
-6682.804990952925
11250.0
11250.0
11250.0
9828.706761894202
4121.244840654331
11250.0
-5033.943329397876
-3719.8385241511332
-3348.794824930945
-2880.279145235172
-476.6497149194529
1709.3290803720502
2108.8593984083273
2901.3781005129513
4992.875423721653
4198.542837453961
3508.5922218032574
4910.7911751397205
-5113.636363636364
1300.8104614816439
1460.840262980777
2057.4446744293455
715.4032835254948
195.7617754637995
639.9851249482654
-4772.727272727273
2540.3225806451646
1442.5021061499629
44.97573487057707
-619.4776218931511
1302.929297520367
2423.723393896117
-3750.0000000000005
11250.0
-78.79439684289173
-1878.874866404345
-3001.3886757594137
-2415.871394245274
6718.617274597589
11250.0
-3515.1884700665196
-4744.076602383218
-5486.814803742422
-3965.699270330766
-2342.502474301078
-654.250043541053
-1761.2873337409146
-2467.5666764419075
-1477.7930582221707
73.46607183561355
-394.5720030144839
-356.30383766472187
4899.5642897712705
7620.274169115415
4582.0767902298885
11250.0
-8636.363636363638
-5898.648648648649
-6890.052511399583
-7954.420337910873
-8017.390373832099
-4970.721516887206
4970.460548185174
11250.0
11250.0
7811.628992568862
7638.700460098195
11250.0
-9318.18181818182
-6656.884202148827
-6496.306927566184
-4595.144282335041
-3899.958938682254
-2105.188733594039
144.0887075019973
6751.864217059567
11250.0
-113.6245938942684
11250.0
11250.0
-11250.0
11250.0
11250.0
-11250.0
-11250.0
-11250.0
-11250.0
-11250.0
-11250.0
11250.0
11250.0
11250.0
11250.0
11250.0
11250.0
-10985.989928900573
-10362.071456940455
-10564.451281607893
-10825.537505199241
-11250.0
-11250.0
11250.0
11250.0
11250.0
11250.0
11250.0
11250.0
11250.0
11250.0
-11250.0
-11250.0
-11250.0
-11250.0
11250.0
11250.0
11250.0
11250.0
11250.0
11250.0
-10991.100868043875
-10957.845845964734
-11250.0
-11250.0
-11250.0
-11250.0
11250.0
11250.0
11250.0
11250.0
11250.0
11250.0
11250.0
-11250.0
-11250.0
-11250.0
-11250.0
-11250.0
-11250.0
-11250.0
11250.0
11250.0
11250.0
11250.0
11250.0
11250.0
11250.0
11250.0
11250.0
-11250.0
-11250.0
-11250.0
11250.0
11250.0
11250.0
11250.0
-11250.0
-11250.0
-11250.0
11250.0
11250.0
11250.0
11250.0
-11250.0
-11250.0
-11250.0
-11250.0
-10813.057180171487
-9497.890654809675
-7518.555905755972
-5923.168760350916
11250.0
11250.0
11250.0
11250.0
11250.0
11250.0
11250.0
11250.0
11250.0
-11250.0
-11250.0
-11250.0
-11250.0
-11250.0
-11250.0
11250.0
11250.0
11250.0
11250.0
11250.0
11250.0
11250.0
11250.0
-11250.0
-11250.0
-11250.0
-11250.0
-11250.0
-11250.0
11250.0
11250.0
11250.0
11250.0
11250.0
11250.0
11250.0
11250.0
-11250.0
-11250.0
-11250.0
11250.0
11250.0
11250.0
11250.0
-11250.0
-11250.0
-10323.449729078871
-9803.401762864461
-11250.0
-11250.0
-11250.0
11250.0
11250.0
11250.0
11250.0
11250.0
11250.0
11250.0
11250.0
-11250.0
-11250.0
-11250.0
-11250.0
-11250.0
-11250.0
-11250.0
11250.0
11250.0
11250.0
11250.0
11250.0
11250.0
11250.0
11250.0
-11250.0
-11250.0
-11250.0
11250.0
11250.0
11250.0
11250.0
-11250.0
-11250.0
-11250.0
-11250.0
-11250.0
-10422.275493269415
11250.0
11250.0
11250.0
11250.0
11250.0
11250.0
11250.0
-11250.0
-11250.0
-10922.497446373858
-11250.0
-11250.0
-11250.0
11250.0
11250.0
11250.0
11250.0
11250.0
11250.0
11250.0
-11250.0
-11250.0
11250.0
11250.0
11250.0
-11250.0
-11250.0
-11250.0
-11250.0
-11250.0
-11250.0
-11250.0
11250.0
11250.0
11250.0
11250.0
11250.0
11250.0
11250.0
-11250.0
-11250.0
-11250.0
-11250.0
-11250.0
-11250.0
-11250.0
-11250.0
11250.0
11250.0
11250.0
11250.0
11250.0
11250.0
11250.0
11250.0
11250.0
-10754.2200889118
-11250.0
-11250.0
-11250.0
-11250.0
11250.0
11250.0
11250.0
11250.0
11250.0
-11250.0
-11250.0
-11250.0
-10817.688016579366
-11250.0
-10126.918968308077
11250.0
11250.0
11250.0
11250.0
11250.0
11250.0
11250.0
11250.0
11250.0
-11250.0
-11250.0
-11250.0
-11250.0
-11250.0
-11250.0
11250.0
11250.0
11250.0
11250.0
11250.0
11250.0
11250.0
-11250.0
-11250.0
-11250.0
-11250.0
-11250.0
-11250.0
-11250.0
-11250.0
11250.0
11250.0
11250.0
11250.0
11250.0
11250.0
11250.0
11250.0
11250.0
-11250.0
11250.0
-11250.0
-11250.0
11250.0
11250.0
11250.0
-11250.0
-11250.0
-11250.0
-11250.0
11250.0
11250.0
11250.0
11250.0
11250.0
-10993.826621058153
-10007.159767185596
-10405.829082109827
-9509.445460887688
11250.0
11250.0
11250.0
11250.0
11250.0
-11250.0
-11250.0
-11250.0
-11250.0
-10681.26385809313
-11250.0
11250.0
11250.0
11250.0
11250.0
11250.0
11250.0
-11011.69061997149
-10686.914582279496
-9039.138040196889
-7057.34613306934
11250.0
11250.0
2221.0972466422218
11250.0
11250.0
-10553.934871099053
-11250.0
11250.0
11250.0
11250.0
-11250.0
-11250.0
-11250.0
-11250.0
-11250.0
-10677.842234608423
-10238.931513669246
-11250.0
11250.0
11250.0
11250.0
11250.0
11250.0
11250.0
11250.0
11250.0
-10749.335477287339
-10970.330256052614
-11250.0
-11250.0
-11250.0
-11250.0
11250.0
11250.0
11250.0
11250.0
11250.0
11250.0
11250.0
-11250.0
-11250.0
-11250.0
11250.0
11250.0
11250.0
11250.0
-9518.696725421378
-9021.525721541842
-8296.842226859699
-7903.858638864374
-6057.671665540244
870.306172598308
11250.0
11250.0
11250.0
11250.0
11250.0
-11250.0
-11250.0
-11250.0
-11250.0
-11250.0
-11250.0
-10369.4040098874
-11250.0
11250.0
11250.0
11250.0
11250.0
11250.0
11250.0
11250.0
11250.0
11250.0
-11250.0
-11250.0
-11250.0
-11250.0
11250.0
11250.0
11250.0
11250.0
11250.0
11250.0
11250.0
-11250.0
-11250.0
-11250.0
-11250.0
-11250.0
-10531.288916562891