Demand
-11250.0
-11250.0
-11250.0
-11250.0
-11250.0
11250.0
11250.0
11250.0
11250.0
11250.0
11250.0
11250.0
-11250.0
-11250.0
-11250.0
-11250.0
11250.0
11250.0
11250.0
11250.0
11250.0
11250.0
11250.0
-11250.0
-11250.0
-11250.0
11250.0
11250.0
11250.0
11250.0
-11250.0
-11250.0
-11250.0
-11250.0
-11250.0
-11250.0
-11250.0
11250.0
11250.0
11250.0
11250.0
11250.0
11250.0
11250.0
11250.0
-11250.0
-11250.0
-11250.0
11250.0
11250.0
11250.0
-11250.0
-10701.237574879866
-11250.0
-11250.0
-11250.0
-11250.0
-11250.0
11250.0
11250.0
11250.0
11250.0
11250.0
11250.0
11250.0
11250.0
-9737.659512320992
-9504.401882849383
-9805.24592550427
-9635.001382163853
-9570.549512093563
11250.0
11250.0
11250.0
11250.0
11250.0
-7827.334318427002
-7585.768458723845
-6621.988386572688
-3079.592334467625
6299.536742395572
11250.0
6279.166730287405
11250.0
11250.0
-9812.634090108557
-9015.677576291724
-8806.844761520904
11250.0
6310.252831463884
11250.0
11250.0
11250.0
-11250.0
-11250.0
11250.0
11250.0
-11250.0
-10570.763710510291
-9097.970206021757
-8161.715345178363
-7332.1161401413265
11250.0
11250.0
11250.0
11250.0
11250.0
11250.0
11250.0
-11250.0
11250.0
11250.0
-11250.0
-11250.0
-11250.0
-11250.0
-11250.0
11250.0
11250.0
11250.0
11250.0
11250.0
-11250.0
-10156.960227272728
-9947.236687119563
-9099.158105241768
-6919.910485121694
1172.7511294816068
11250.0
11250.0
11250.0
11250.0
11250.0
-11250.0
-11250.0
-11250.0
11250.0
11250.0
11250.0
-10416.138739309474
-10309.96638356434
-10513.331038615484
-11250.0
-11250.0
-11250.0
11250.0
11250.0
11250.0
11250.0
11250.0
11250.0
11250.0
11250.0
-10782.289557629701
-11250.0
-11250.0
-11250.0
11250.0
11250.0
11250.0
11250.0
11250.0
-11250.0
-11250.0
-11250.0
-11250.0
-11250.0
-11250.0
11250.0
11250.0
11250.0
11250.0
11250.0
11250.0
11250.0
-11010.669221825072
-11250.0
-11250.0
-11250.0
-11250.0
-11250.0
-11250.0
11250.0
11250.0
11250.0
11250.0
11250.0
11250.0
11250.0
-11250.0
-11250.0
-11250.0
11250.0
11250.0
11250.0
-10996.190685326612
-10329.714008119536
-9998.168109563252
-10426.077626899358
11250.0
11250.0
11250.0
11250.0
11250.0
-11250.0
-11250.0
-11250.0
-11250.0
11250.0
11250.0
11250.0
11250.0
-7416.874221668743
-3206.4810943364264
11250.0
11250.0
11250.0
-10792.122362517704
-11003.948983230584
-11250.0
-10031.571340460829
-9479.891599944738
-9072.664988396537
-8852.466645113815
-9013.218294524322
11250.0
11250.0
11250.0
11250.0
11250.0
11250.0
11250.0
11250.0
-11250.0
-11250.0
-10946.377840909092
-10136.800954187831
-10746.532589430619
-11250.0
11250.0
11250.0
11250.0
11250.0
11250.0
11250.0
11250.0
-6088.2099278093665
-5231.794049952045
-4226.125992634086
-4242.554544111394
-2391.660464101471
323.24898569987
1726.0406445543267
3532.9952689269803
8950.356153671923
8495.805900687821
4666.22626994522
5048.0971555142605
-5909.09090909091
10354.83870967742
5632.897754069851
6297.463325566219
1553.0541087451566
-5227.272727272728
2222.0674836861317
2803.1493328262777
1311.5171438626685
736.9599387975522
1191.114755216755
2255.1426697734278
1819.9783619517002
-5113.636363636364
1874.9999999999927
962.3893805309663
3850.8572869389545
-4431.818181818182
4910.565128156173
807.0579394840161
294.51115806110647
-1580.0872241387005
-3042.794607332793
-3627.92129824038
-4071.849908561872
-767.2024394946366
1068.8275116298737
651.3176284718475
5229.104766347027
11250.0
-7386.363636363636
-1234.8460026212306
-2291.3450238792375
-2981.9827851559367
-2095.2183966941357
-687.684949790997
-1134.452665730616
-1134.7240215834972
3656.017573025585
7237.326907998203
4888.511156384643
11250.0
-8636.363636363638
-5681.781178769128
-6501.510565796662
-7294.690293593903
-6197.228683840651
11250.0
11250.0
11250.0
9799.881501367
-8750.0
-3305.133963140792
11250.0
11250.0
-6413.194040274706
-6134.315171113893
-3820.394420625795
-2611.6292455509356
556.2762033911968
5542.466340662675
11250.0
2372.936406363171
11250.0
11250.0
-10759.090909090912
-11250.0
-11250.0
-11250.0
-11250.0
-11250.0
11250.0
11250.0
11250.0
11250.0
11250.0
11250.0
11250.0
-11250.0
-11250.0
-11250.0
-10902.77359966308
-9859.138487353794
-9694.35345710106
-3823.377370104081
11250.0
11250.0
11250.0
11250.0
11250.0
11250.0
-11250.0
-11250.0
-11250.0
-11250.0
-11250.0
-11250.0
11250.0
11250.0
11250.0
11250.0
11250.0
11250.0
-11250.0
-11250.0
-10936.954480280157
-10872.086694471363
-11250.0
-11250.0
-11250.0
11250.0
11250.0
11250.0
11250.0
11250.0
11250.0
11250.0
-11250.0
-11250.0
-11250.0
-11250.0
-11250.0
11250.0
11250.0
11250.0
11250.0
11250.0
11250.0
-11250.0
-10747.248348656878
-10421.801032349547
-10628.464596593083
-11250.0
-11250.0
-11250.0
-11250.0
11250.0
11250.0
11250.0
11250.0
11250.0
11250.0
11250.0
11250.0
-11250.0
11250.0
11250.0
11250.0
-11250.0
-11250.0
-11250.0
11250.0
11250.0
11250.0
-10089.891451831754
-10522.249304000325
-11250.0
-11250.0
11250.0
11250.0
11250.0
11250.0
11250.0
-11250.0
-11250.0
11250.0
11250.0
11250.0
11250.0
-11250.0
-11250.0
-11250.0
-11250.0
-11250.0
11250.0
11250.0
11250.0
11250.0
11250.0
11250.0
-11250.0
-11250.0
-11250.0
-11250.0
-11250.0
-11250.0
11250.0
11250.0
11250.0
11250.0
11250.0
11250.0
11250.0
-11250.0
11250.0
-11250.0
-11250.0
-11250.0
-11250.0
-11250.0
11250.0
11250.0
11250.0
11250.0
11250.0
11250.0
-11250.0
-11250.0
-11250.0
11250.0
11250.0
11250.0
11250.0
-11250.0
11250.0
11250.0
-11250.0
-11250.0
-11250.0
-11250.0
-11250.0
-11250.0
-11250.0
-7305.194805194813
11250.0
11250.0
11250.0
11250.0
11250.0
11250.0
11250.0
11250.0
11250.0
-11250.0
-11250.0
-11250.0
-11250.0
-11250.0
-11250.0
-11250.0
11250.0
11250.0
11250.0
11250.0
11250.0
11250.0
11250.0
11250.0
-11250.0
-11250.0
-11250.0
-11250.0
-10758.884123458683
-11250.0
-11250.0
11250.0
11250.0
11250.0
11250.0
11250.0
11250.0
11250.0
11250.0
-11250.0
11250.0
11250.0
-11250.0
-11250.0
-11250.0
-11250.0
-11250.0
-11250.0
-11250.0
11250.0
11250.0
11250.0
11250.0
11250.0
11250.0
11250.0
11250.0
-11250.0
-11250.0
-11250.0
-11250.0
11250.0
11250.0
11250.0
11250.0
11250.0
-11250.0
-11250.0
-11250.0
-11250.0
-11250.0
11250.0
11250.0
11250.0
11250.0
11250.0
11250.0
11250.0
-11250.0
-11250.0
-11250.0
-11250.0
-11250.0
-11250.0
11250.0
11250.0
11250.0
11250.0
11250.0
11250.0
-10999.26686217009
-11250.0
-11250.0
-11250.0
-11250.0
11250.0
11250.0
11250.0
11250.0
11250.0
11250.0
-11250.0
-11250.0
-11250.0
-11250.0
-11250.0
-11250.0
-11250.0
-11250.0
11250.0
11250.0
11250.0
11250.0
11250.0
11250.0
11250.0
11250.0
-11250.0
-11250.0
-11250.0
-11250.0
-10837.532161234998
-11250.0
-11250.0
-11250.0
11250.0
11250.0
11250.0
11250.0
11250.0
11250.0
11250.0
11250.0
11250.0
-11014.727908041361
-11250.0
-11250.0
-11250.0
-11250.0
-11250.0
-11250.0
11250.0
11250.0
11250.0
11250.0
11250.0
11250.0
11250.0
11250.0
-10724.105055972446
-11250.0
-11250.0
-11250.0
-11250.0
11250.0
11250.0
11250.0
11250.0
11250.0
11250.0
-11250.0
-11250.0
-11250.0
-11250.0
-11250.0
-11250.0
-11250.0
11250.0
11250.0
11250.0
11250.0
11250.0
11250.0
11250.0
11250.0
-9965.48307086965
-10677.270598398485
-11250.0
-11250.0
-11250.0
-11250.0
11250.0
11250.0
11250.0
11250.0
11250.0
11250.0
11250.0
-11250.0
11250.0
11250.0
-11250.0
-11250.0
-11250.0
-9777.721595684045
11250.0
4315.467859677085
11250.0
11250.0
11250.0
11250.0
11250.0
-11250.0
-11250.0
-11250.0
11250.0
11250.0
11250.0
11250.0
-11250.0
-11250.0
-11250.0
11250.0
11250.0
11250.0
11250.0
-9479.639124433052
-9167.054262841328
-8161.006053843925
-5587.613880594632
11250.0
6373.709703551012
11250.0
11250.0
11250.0
-11250.0
11250.0
11250.0
-11250.0
11250.0
-11250.0
11250.0
11250.0
11250.0
11250.0
-11250.0
-11250.0
-11250.0
-11250.0
-11250.0
11250.0
11250.0
11250.0
11250.0
11250.0
-11250.0
-11250.0
-11250.0
-11250.0
-11250.0
-11250.0
11250.0
11250.0
11250.0
11250.0
11250.0
11250.0
11250.0
11250.0
-11250.0
-11250.0
-10872.275672491654