Demand
11250.0
11250.0
11250.0
11250.0
11250.0
11250.0
11250.0
11250.0
11250.0
-11250.0
-11250.0
-11250.0
11250.0
11250.0
11250.0
11250.0
11250.0
11250.0
11250.0
11250.0
-11250.0
-11250.0
-11250.0
11250.0
11250.0
11250.0
11250.0
11250.0
-11001.828631138978
-10979.41196034525
-11250.0
-11250.0
-11250.0
-11250.0
-11250.0
11250.0
11250.0
11250.0
11250.0
11250.0
11250.0
11250.0
11250.0
11250.0
-11250.0
-11250.0
-11250.0
-11250.0
-11250.0
-11250.0
-11250.0
-11250.0
11250.0
11250.0
11250.0
11250.0
11250.0
11250.0
11250.0
11250.0
11250.0
-11250.0
-11250.0
-10626.134258826172
-8713.74011534802
-7773.332319999664
-7892.672430764319
-6049.914804414265
-2405.9610676928623
11250.0
11250.0
11250.0
11250.0
11250.0
11250.0
11250.0
11250.0
-8347.321765371558
-7943.977325485007
-6557.576200576448
-5306.575266497923
-490.06847510065927
11250.0
11250.0
11250.0
11250.0
-8687.562437562436
11250.0
-10519.59021194639
-10687.633997127392
-11250.0
-11250.0
-11250.0
11250.0
11250.0
11250.0
11250.0
11250.0
-10696.57779043977
-9645.847203195899
-9293.180708990614
-9645.918833751803
-8156.8567876341585
11250.0
11250.0
11250.0
11250.0
11250.0
11250.0
11250.0
-11250.0
-11250.0
-11250.0
-11250.0
-11250.0
-11250.0
11250.0
11250.0
11250.0
11250.0
11250.0
11250.0
11250.0
-10227.521869117485
-10056.347822401993
-9355.581894946594
-7793.864460431934
-6196.0766022695825
11250.0
11250.0
11250.0
11250.0
11250.0
11250.0
11250.0
-11250.0
-11250.0
-11250.0
-9904.52124440141
-10064.783010319836
-9752.568533385573
-9803.177790359881
-11250.0
11250.0
11250.0
11250.0
11250.0
11250.0
11250.0
11250.0
11250.0
11250.0
-9928.107606679037
-10497.362535199882
-11250.0
11250.0
11250.0
11250.0
-11250.0
-11250.0
-10965.182984838684
-10925.27842348061
-11250.0
-11250.0
-11250.0
-11250.0
11250.0
11250.0
11250.0
11250.0
11250.0
11250.0
11250.0
11250.0
-10408.470617665658
-10918.856026542358
-11250.0
-11250.0
-11250.0
11250.0
11250.0
11250.0
11250.0
11250.0
11250.0
-11250.0
-11250.0
11250.0
11250.0
11250.0
-11250.0
-11250.0
-11250.0
11250.0
11250.0
11250.0
11250.0
-10502.893388997767
-10969.594232683277
-11250.0
-11250.0
-11250.0
-11250.0
11250.0
11250.0
11250.0
11250.0
11250.0
11250.0
-10479.430880539607
-9566.625621756946
-7825.519595485395
-7051.444740815926
-5575.637742411796
-4926.710609419537
-4293.85884808037
-5362.345804079174
-2792.725792854095
11250.0
11250.0
11250.0
11250.0
11250.0
11250.0
11250.0
-11250.0
-11250.0
11250.0
11250.0
11250.0
11250.0
-11250.0
-11250.0
11250.0
11250.0
11250.0
-9543.791574279381
11250.0
11250.0
11250.0
11250.0
-11250.0
-11250.0
-8535.577504535384
-260.3429607447324
9784.90327773838
11250.0
6045.140424075301
11250.0
-8636.363636363638
-3276.269941584392
-750.4339671292146
798.1321653950154
3100.2545809326743
9620.512964117144
6821.806504680656
3363.948478280812
11250.0
602.428393524282
677.2291855771673
761.95623251504
2663.111148281798
2298.1235476045094
1654.9689201110177
1531.0071252010202
-4772.727272727273
9276.315789473749
-5568.181818181818
1161.8502977801854
2276.5324596932387
2029.9099712550315
1084.504815855379
-5681.818181818182
165.44117647058647
2105.1829770413997
3504.8444659367415
-3750.0000000000005
2659.090909090908
1082.2147651007017
11250.0
-3244.2237349414604
-3983.3333478407676
-4687.862308517437
-2414.6310839785856
-1689.1416258476984
-2936.7238156884105
-3398.1630842394643
-144.0006104022632
3913.830645055228
7451.3804795909355
3627.592662412116
4234.911212643405
11250.0
-7500.000000000001
-3614.1906873614207
-4254.905290903
-2668.0376708525673
-1762.0387962038603
-2000.6160089838431
-658.9635700627186
4810.293853108402
7442.912912992051
6183.968996292743
11250.0
11250.0
-8471.448467966577
-6890.4442823839845
-5636.49767994103
-3811.4177548291464
-3426.7123524727413
-3207.443970085844
-2640.895068118454
-713.0532213833503
5077.243765875739
8985.794545289002
11250.0
6849.975552346147
11250.0
42.18227226561612
11250.0
-7739.736070381231
-8589.754278474047
-9522.5369288703
-10608.054020903088
-11250.0
-11250.0
-11250.0
-11250.0
11250.0
11250.0
11250.0
11250.0
11250.0
11250.0
11250.0
11250.0
11250.0
-11250.0
-11250.0
-10830.60824068018
-8604.71267506151
11250.0
11250.0
11250.0
11250.0
11250.0
-11250.0
11250.0
-11250.0
-11250.0
11250.0
11250.0
-11250.0
11250.0
11250.0
11250.0
-11250.0
11250.0
11250.0
-11250.0
-11250.0
-11250.0
-11250.0
11250.0
11250.0
11250.0
11250.0
-11250.0
-11250.0
-11250.0
-11250.0
-11250.0
-11250.0
-11250.0
11250.0
11250.0
11250.0
11250.0
11250.0
11250.0
11250.0
11250.0
11250.0
-11250.0
-11250.0
-11250.0
-11250.0
-10366.065890137164
-9344.813014697
-8634.328939467287
11250.0
11250.0
11250.0
11250.0
11250.0
11250.0
11250.0
11250.0
-11250.0
11250.0
11250.0
-11250.0
-11250.0
11250.0
11250.0
11250.0
11250.0
-11250.0
-11250.0
11250.0
11250.0
11250.0
11250.0
-10779.812169279841
-11250.0
-11250.0
-11250.0
-11250.0
-11250.0
-11250.0
-11250.0
11250.0
11250.0
11250.0
11250.0
11250.0
11250.0
11250.0
11250.0
-11250.0
-11250.0
11250.0
11250.0
11250.0
-11250.0
-10346.075713692735
-10537.267463841199
-11250.0
-11250.0
-11250.0
11250.0
11250.0
11250.0
11250.0
11250.0
11250.0
11250.0
-11250.0
-10867.784887264079
-7943.849679337324
11250.0
11250.0
11250.0
-11250.0
-11250.0
-11250.0
11250.0
11250.0
11250.0
11250.0
11250.0
-10326.507650765077
-11250.0
-11250.0
-11250.0
11250.0
11250.0
11250.0
11250.0
11250.0
-11250.0
-11250.0
-11250.0
-11250.0
-11250.0
-11250.0
-11250.0
11250.0
11250.0
11250.0
11250.0
11250.0
11250.0
11250.0
11250.0
-11006.76444556834
-11250.0
-11250.0
-11250.0
-11250.0
11250.0
11250.0
11250.0
11250.0
11250.0
-11250.0
-11250.0
-11250.0
11250.0
11250.0
11250.0
11250.0
-11250.0
-11250.0
-11250.0
-11250.0
11250.0
11250.0
11250.0
11250.0
11250.0
-11250.0
-11250.0
11250.0
11250.0
11250.0
11250.0
-11250.0
-11250.0
-11250.0
-11250.0
11250.0
11250.0
11250.0
11250.0
-11250.0
-11250.0
-11250.0
11250.0
11250.0
11250.0
11250.0
11250.0
11250.0
-11019.856081541831
-11250.0
-11250.0
-11250.0
-11250.0
-11250.0
-11250.0
-11250.0
11250.0
11250.0
11250.0
11250.0
11250.0
11250.0
11250.0
11250.0
-11250.0
-11250.0
11250.0
11250.0
11250.0
-11250.0
-11250.0
-10532.929677342254
-11250.0
-11250.0
11250.0
11250.0
11250.0
11250.0
11250.0
11250.0
-11250.0
-11250.0
-11250.0
11250.0
11250.0
11250.0
-11010.790092140112
-11250.0
-11250.0
-11250.0
-11250.0
-11250.0
-11250.0
-11250.0
11250.0
11250.0
11250.0
11250.0
11250.0
11250.0
11250.0
11250.0
-11250.0
-11250.0
-11250.0
-11250.0
-11250.0
11250.0
11250.0
11250.0
11250.0
11250.0
-11250.0
-11250.0
-11250.0
-11250.0
-11250.0
11250.0
11250.0
11250.0
11250.0
11250.0
11250.0
11250.0
-11250.0
-11250.0
11250.0
11250.0
11250.0
-11250.0
-10972.308144390485
-11250.0
-11250.0
-11250.0
-11250.0
-11250.0
11250.0
11250.0
11250.0
11250.0
11250.0
11250.0
11250.0
11250.0
11250.0
-10789.065151847935
-11250.0
-11250.0
-11250.0
-11250.0
11250.0
11250.0
11250.0
11250.0
11250.0
-10992.862319637276
-11250.0
-11250.0
-11250.0
-11250.0
-11250.0
11250.0
11250.0
11250.0
11250.0
11250.0
11250.0
11250.0
-8994.247839920044
-8998.610461676093
-8922.562196395811
-9085.642410247387
-9789.716858525917
11250.0
11250.0
11250.0
11250.0
11250.0
11250.0
-11250.0
-11250.0
-11250.0
-10594.381017295735
-3027.354288921084
11250.0
11250.0
11250.0
11250.0
11250.0
-11250.0
-10689.325741053493
-9619.09131997628
-9649.688634802005
-10132.800292849392
-10075.201979364581
11250.0
11250.0
11250.0
11250.0
11250.0
11250.0
11250.0
-11250.0
-11250.0
-11250.0
-11250.0
11250.0
11250.0
11250.0
11250.0
11250.0
-11250.0
-9329.331512079523
-9114.25467215147
-8444.400536462716
-7446.617445090086
-6846.516661651475
-4348.200013541311
1989.5470312494363
11250.0
11250.0
11250.0
11250.0
11250.0
11250.0
11250.0
-11250.0
-11250.0
-11250.0
-11250.0
-10281.866709802656
11250.0
11250.0
11250.0
11250.0
11250.0
11250.0
11250.0
-11250.0
-11250.0
-11250.0
-11250.0
-11250.0
-11250.0
-11250.0
11250.0
11250.0
11250.0
11250.0
11250.0
11250.0
11250.0
-11250.0
-11250.0
-11250.0
-11250.0
11250.0
11250.0